player_id,player,nickname,team_id,team,age,gp,w,l,w_pct,min,fgm,fga,fg_pct,fg3m,fg3a,fg3_pct,ftm,fta,ft_pct,oreb,dreb,reb,ast,tov,stl,blk,blka,pf,pfd,pts,plus_minus,nba_fantasy_pts,dd2,td3,wnba_fantasy_pts,gp_rank,w_rank,l_rank,w_pct_rank,min_rank,fgm_rank,fga_rank,fg_pct_rank,fg3m_rank,fg3a_rank,fg3_pct_rank,ftm_rank,fta_rank,ft_pct_rank,oreb_rank,dreb_rank,reb_rank,ast_rank,tov_rank,stl_rank,blk_rank,blka_rank,pf_rank,pfd_rank,pts_rank,plus_minus_rank,nba_fantasy_pts_rank,dd2_rank,td3_rank,wnba_fantasy_pts_rank
1630639,A.J. Lawson,A.J.,1610612742,DAL,22.0,15,5,10,0.333,45.1,9.2,18.3,0.5,4.2,10.4,0.4,0.8,3.3,0.25,2.5,6.3,8.8,0.8,1.3,0.8,0.0,1.3,4.6,2.5,23.3,-19.2,36.3,0,0,38.8,451,459,430,442,513,119,151,140,53,70,85,476,281,509,173,230,205,522,471,448,491,102,187,355,144,522,361,253,39,271
1631260,AJ Green,AJ,1610612749,MIL,23.0,35,27,8,0.771,46.4,7.1,16.8,0.424,5.9,14.1,0.419,0.5,0.5,1.0,0.8,5.2,6.0,3.0,1.2,0.8,0.0,0.1,4.2,0.5,20.7,-3.5,33.6,0,0,37.2,379,238,442,14,419,263,214,378,6,12,52,500,509,1,427,311,372,345,475,454,491,495,251,522,218,344,421,253,39,315
1631100,AJ Griffin,AJ,1610612737,ATL,19.0,72,34,38,0.472,46.6,8.3,17.7,0.465,3.4,8.6,0.39,1.4,1.6,0.894,1.2,3.9,5.1,2.4,1.4,1.4,0.4,0.7,2.9,1.3,21.3,2.1,35.0,0,0,35.7,102,149,69,326,379,185,167,240,116,157,117,422,450,61,341,465,452,408,451,258,387,307,451,481,195,174,394,253,39,350
203932,Aaron Gordon,Aaron,1610612743,DEN,27.0,68,45,23,0.662,47.9,10.0,17.7,0.564,1.4,4.0,0.347,4.5,7.3,0.608,3.8,6.6,10.4,4.7,2.3,1.3,1.2,1.5,3.0,5.6,25.9,12.1,50.5,11,0,47.3,133,35,303,64,170,85,166,68,373,398,259,100,64,455,97,207,143,198,280,304,142,64,438,79,100,22,103,56,39,120
1628988,Aaron Holiday,Aaron,1610612737,ATL,26.0,63,32,31,0.508,46.5,5.1,12.1,0.418,2.0,4.8,0.409,1.5,1.8,0.844,1.4,2.7,4.1,4.9,2.0,2.0,0.7,0.9,4.3,2.7,13.6,0.9,31.9,0,0,29.9,189,178,164,255,402,448,421,399,297,356,66,407,431,129,312,519,503,187,357,87,278,245,233,326,450,210,458,253,39,477
1630174,Aaron Nesmith,Aaron,1610612754,IND,23.0,73,30,43,0.411,47.0,6.5,15.3,0.427,3.0,8.1,0.366,3.1,3.7,0.838,1.6,5.6,7.2,2.5,1.9,1.4,0.9,1.2,6.1,3.7,19.1,-5.5,36.5,1,0,36.4,92,207,37,402,307,330,273,372,164,186,196,205,248,140,273,283,300,394,364,248,202,117,74,210,272,388,359,192,39,333
1630598,Aaron Wiggins,Aaron,1610612760,OKC,24.0,70,37,33,0.529,47.1,6.8,13.2,0.512,1.7,4.4,0.393,2.1,2.6,0.831,2.5,5.2,7.7,2.9,2.0,1.4,0.5,1.2,4.0,2.2,17.4,0.3,34.8,1,0,33.6,116,110,138,220,297,303,371,126,331,378,105,316,352,156,175,321,260,356,346,251,333,114,280,384,338,223,398,192,39,404
1629678,Admiral Schofield,Admiral,1610612753,ORL,26.0,37,14,23,0.378,48.0,5.8,13.0,0.451,2.6,7.9,0.324,2.2,2.4,0.913,2.4,4.1,6.6,3.3,1.7,0.9,0.5,0.6,6.5,3.0,16.5,-8.4,31.8,0,0,31.7,365,386,303,419,168,394,380,283,216,199,335,302,364,45,177,444,335,310,402,444,341,350,56,295,372,450,463,253,39,445
201143,Al Horford,Al,1610612738,BOS,37.0,63,44,19,0.698,48.1,5.7,12.0,0.476,3.6,8.1,0.446,0.4,0.5,0.714,1.8,7.9,9.8,4.7,0.9,0.8,1.5,0.2,3.0,0.9,15.4,7.7,40.2,7,0,38.1,189,40,346,33,141,412,427,214,94,184,28,505,510,354,240,133,162,197,506,466,95,489,434,507,411,45,280,86,39,284
202692,Alec Burks,Alec,1610612765,DET,31.0,51,12,39,0.235,46.3,8.3,19.0,0.436,4.1,9.9,0.414,6.3,7.8,0.814,0.8,5.7,6.5,4.7,2.4,1.6,0.3,0.6,4.0,5.7,26.9,-0.3,45.1,0,0,46.0,292,404,60,495,423,184,134,340,58,91,57,43,45,182,437,268,340,201,259,184,426,370,271,77,91,247,182,253,39,137
1630197,Aleksej Pokusevski,Aleksej,1610612760,OKC,21.0,34,16,18,0.471,46.3,7.1,16.4,0.434,2.5,6.9,0.365,1.5,2.3,0.629,3.0,7.5,10.5,4.2,2.8,1.3,2.8,0.5,3.8,1.9,18.2,-12.9,46.8,3,0,43.8,385,357,365,330,430,262,227,347,221,250,201,414,384,442,139,153,142,235,175,284,23,400,303,421,307,498,153,130,39,173
1627936,Alex Caruso,Alex,1610612741,CHI,29.0,67,33,34,0.493,48.1,4.0,8.7,0.455,1.7,4.6,0.364,1.8,2.2,0.808,1.3,4.7,6.0,5.9,2.4,3.0,1.4,0.5,4.9,3.2,11.4,6.1,38.3,1,0,33.8,145,162,121,292,146,504,524,269,336,369,207,371,395,193,330,382,381,137,266,25,115,428,154,254,492,71,325,192,39,401
203458,Alex Len,Alex,1610612758,SAC,30.0,26,15,11,0.577,44.5,4.4,8.3,0.533,0.0,0.6,0.0,3.0,4.4,0.688,6.6,9.9,16.6,3.3,4.4,1.1,3.0,0.3,7.7,2.8,11.9,5.2,44.8,0,0,40.1,418,369,425,146,522,478,527,100,492,492,492,213,190,389,14,58,29,304,39,371,18,477,18,325,483,85,188,253,39,245
1628993,Alize Johnson,Alize,1610612759,SAS,27.0,4,1,3,0.25,46.9,4.8,9.5,0.5,0.0,3.2,0.0,1.6,3.2,0.5,3.2,12.7,15.9,1.6,6.3,1.6,0.0,0.0,4.8,6.3,11.1,19.0,31.0,0,0,31.7,509,507,496,484,343,466,508,140,492,432,492,398,298,482,124,12,38,495,7,173,491,499,168,56,497,12,480,253,39,444
1631214,Alondes Williams,Alondes,1610612751,BKN,24.0,1,1,0,1.0,43.9,0.0,0.0,0.0,0.0,0.0,0.0,0.0,0.0,0.0,0.0,8.3,8.3,0.0,16.7,0.0,0.0,0.0,8.3,0.0,0.0,-41.7,-6.7,0,0,8.3,531,507,532,1,528,534,538,534,492,524,492,511,516,511,517,114,229,525,1,513,491,499,12,526,535,534,539,253,39,537
1630578,Alperen Sengun,Alperen,1610612745,HOU,20.0,75,18,57,0.24,47.7,9.7,17.6,0.553,0.4,1.3,0.333,4.5,6.3,0.715,5.3,9.6,14.9,6.4,4.2,1.5,1.5,1.4,5.7,7.3,24.4,-6.2,56.8,29,2,52.2,70,339,6,492,207,100,176,79,454,472,292,94,91,353,38,68,45,118,44,195,94,84,91,28,127,405,46,20,11,58
1629599,Amir Coffey,Amir,1610612746,LAC,26.0,50,26,24,0.52,47.4,4.2,11.0,0.386,0.8,3.0,0.275,3.7,4.8,0.778,1.3,2.7,4.0,4.0,1.6,0.5,0.4,1.2,3.8,3.5,13.0,-8.6,25.0,0,0,23.7,294,253,285,234,254,489,460,467,431,436,412,152,161,236,328,517,505,251,420,499,396,111,309,231,465,456,523,253,39,526
203083,Andre Drummond,Andre,1610612741,CHI,29.0,67,32,35,0.478,47.5,9.3,15.3,0.606,0.0,0.2,0.0,3.7,7.0,0.536,7.7,17.1,24.8,1.8,4.2,2.5,1.5,1.5,6.5,6.1,22.3,1.4,62.7,8,0,57.0,145,178,100,319,240,117,269,48,492,509,492,146,75,479,7,2,1,474,51,39,101,65,51,65,167,197,20,80,39,36
2738,Andre Iguodala,Andre,1610612744,GSW,39.0,8,3,5,0.375,43.8,2.7,5.8,0.467,0.4,3.5,0.111,0.8,1.2,0.667,1.2,5.4,6.6,7.4,3.5,1.6,1.2,0.0,4.3,3.5,6.6,13.6,30.3,0,0,26.5,479,481,464,421,529,525,535,237,456,417,483,486,480,403,353,293,329,84,94,187,143,499,240,228,531,17,487,253,39,509
1629614,Andrew Nembhard,Andrew,1610612754,IND,23.0,75,32,43,0.427,46.7,6.4,14.5,0.441,2.1,5.9,0.35,1.1,1.4,0.79,0.8,3.7,4.5,7.7,2.8,1.6,0.3,0.6,4.0,2.6,16.0,-5.9,35.6,5,0,33.9,70,178,37,382,366,343,312,317,284,299,248,452,469,216,434,475,483,78,174,179,440,384,275,344,392,399,379,105,39,395
203952,Andrew Wiggins,Andrew,1610612744,GSW,28.0,37,19,18,0.514,46.4,9.7,20.6,0.473,3.5,8.8,0.396,1.7,2.8,0.611,2.4,4.9,7.3,3.3,1.9,1.8,1.1,0.8,4.2,3.2,24.7,4.6,45.0,3,0,44.4,365,324,365,247,412,97,101,222,106,146,98,383,331,453,185,363,292,306,375,122,160,268,249,261,119,97,184,130,39,161
1629014,Anfernee Simons,Anfernee,1610612757,POR,24.0,62,27,35,0.435,48.4,10.4,23.3,0.447,4.7,12.5,0.377,3.6,4.0,0.894,0.4,3.2,3.6,5.6,2.9,0.9,0.3,0.9,3.2,2.9,29.1,-1.7,42.8,0,0,45.6,203,238,100,374,100,69,51,298,32,30,154,165,217,60,506,502,521,153,171,426,432,223,413,312,59,303,224,253,39,144
203076,Anthony Davis,Anthony,1610612747,LAL,30.0,56,31,25,0.554,46.8,13.3,23.7,0.563,0.5,1.8,0.257,8.6,10.9,0.784,4.8,12.5,17.3,3.6,3.0,1.5,2.8,1.4,3.6,8.1,35.7,5.0,71.6,40,0,65.6,253,191,268,178,351,15,46,69,451,463,427,15,16,226,61,15,16,282,146,232,25,77,349,19,17,90,6,6,39,8
1630162,Anthony Edwards,Anthony,1610612750,MIN,21.0,79,40,39,0.506,47.2,11.8,25.6,0.459,3.5,9.6,0.369,5.3,7.0,0.756,0.8,6.8,7.6,5.8,4.3,2.1,1.0,1.0,3.1,4.6,32.3,1.6,55.0,9,0,55.4,27,74,60,261,273,32,23,255,99,101,187,69,73,286,438,197,267,141,43,81,186,210,424,131,36,191,59,70,39,40
1630264,Anthony Gill,Anthony,1610612764,WAS,30.0,59,21,38,0.356,47.3,5.4,10.0,0.538,0.3,2.2,0.138,3.7,5.1,0.731,2.8,4.7,7.5,2.6,1.1,0.5,0.9,0.8,5.3,4.3,14.8,-0.9,30.8,0,0,28.0,230,303,69,434,265,430,489,94,465,460,477,154,141,332,151,383,273,390,487,500,194,298,114,152,422,281,483,253,39,494
1630237,Anthony Lamb,Anthony,1610612744,GSW,25.0,62,36,26,0.581,46.9,5.8,12.3,0.471,2.9,7.8,0.367,1.8,2.4,0.767,2.2,6.2,8.4,3.8,2.1,1.1,0.8,0.4,5.3,2.7,16.3,1.3,35.6,0,0,35.1,203,126,250,140,333,399,409,225,178,202,192,369,381,262,202,231,222,268,321,373,225,443,117,341,381,202,381,253,39,371
1630559,Austin Reaves,Austin,1610612747,LAL,25.0,64,35,29,0.547,46.3,6.5,12.3,0.529,2.2,5.4,0.398,5.8,6.7,0.864,0.8,4.0,4.9,5.4,2.5,0.8,0.5,0.5,2.7,5.9,20.9,5.4,36.3,1,0,36.0,181,137,199,193,425,333,410,105,265,329,91,56,82,95,419,454,467,160,236,449,359,420,475,72,208,82,362,192,39,345
203085,Austin Rivers,Austin,1610612750,MIN,30.0,52,25,27,0.481,47.2,4.2,9.7,0.435,2.0,5.7,0.35,1.4,1.8,0.769,0.2,3.6,3.9,3.5,1.1,1.3,0.2,0.6,3.7,2.1,11.8,-6.6,25.1,0,0,24.1,283,262,229,315,286,491,501,342,294,316,250,423,429,254,513,478,515,287,495,293,475,361,323,389,484,413,522,253,39,522
1630245,Ayo Dosunmu,Ayo,1610612741,CHI,23.0,80,40,40,0.5,47.7,6.4,13.0,0.493,1.3,4.3,0.312,1.5,1.9,0.805,1.0,4.0,5.0,4.7,2.3,1.4,0.6,1.1,4.1,1.5,15.6,-1.8,32.4,0,0,30.7,15,74,54,264,203,345,379,169,381,384,359,406,424,198,384,459,457,204,293,254,303,148,254,461,404,306,448,253,39,464
1628389,Bam Adebayo,Bam,1610612748,MIA,25.0,75,40,35,0.533,49.4,11.4,21.2,0.54,0.0,0.2,0.083,6.2,7.6,0.806,3.5,9.6,13.1,4.6,3.6,1.7,1.2,0.9,4.0,6.8,29.1,2.2,56.5,31,0,52.4,70,74,100,217,27,40,87,91,491,506,487,49,50,196,110,70,79,214,90,153,147,225,289,39,60,170,48,18,39,56
1627732,Ben Simmons,Ben,1610612751,BKN,26.0,42,24,18,0.571,48.0,5.8,10.2,0.566,0.0,0.1,0.0,1.1,2.5,0.439,1.7,9.7,11.4,11.1,4.2,2.3,1.0,0.4,6.0,3.1,12.7,1.7,49.0,4,1,42.0,335,271,365,149,158,404,483,66,492,510,492,456,359,501,251,64,121,13,48,57,166,442,75,268,470,188,124,118,17,197
1631097,Bennedict Mathurin,Bennedict,1610612754,IND,21.0,78,33,45,0.423,46.4,8.6,19.8,0.434,2.1,6.5,0.323,7.8,9.5,0.828,1.8,4.8,6.6,2.4,3.2,1.0,0.3,1.8,3.4,6.4,27.2,-3.7,39.4,0,0,40.9,38,162,27,386,416,150,114,346,279,274,339,20,24,161,242,367,328,411,123,406,450,41,387,55,87,352,296,253,39,225
202687,Bismack Biyombo,Bismack,1610612756,PHX,30.0,61,33,28,0.541,48.4,6.6,11.4,0.578,0.0,0.0,0.0,1.4,3.9,0.357,4.9,9.5,14.4,3.1,2.8,1.0,4.9,0.6,6.3,4.5,14.6,2.7,51.3,3,0,43.8,214,162,214,203,96,320,449,60,492,524,492,425,226,507,58,74,55,332,178,408,3,360,66,137,432,153,92,130,39,172
201933,Blake Griffin,Blake,1610612738,BOS,34.0,41,27,14,0.659,48.3,5.3,11.0,0.485,2.0,5.6,0.348,1.8,2.7,0.656,4.0,9.2,13.2,5.2,1.9,1.2,0.8,0.4,6.4,4.1,14.4,8.9,42.0,0,0,38.6,346,238,393,67,123,432,459,192,305,320,255,374,341,428,85,83,78,169,376,337,232,445,64,172,436,39,241,253,39,275
1631104,Blake Wesley,Blake,1610612759,SAS,20.0,37,9,28,0.243,45.9,4.7,14.7,0.321,1.4,3.6,0.385,1.8,3.0,0.591,0.8,4.8,5.6,6.7,4.5,1.7,0.3,1.8,4.6,2.3,12.6,-13.6,31.1,0,0,30.4,365,426,214,491,477,469,297,514,377,416,135,375,307,462,426,372,410,104,37,134,415,38,185,370,471,503,476,253,39,467
1626246,Boban Marjanović,Boban,1610612745,HOU,34.0,31,7,24,0.226,47.9,11.5,16.8,0.683,0.0,0.3,0.0,5.6,7.6,0.741,5.6,11.2,16.8,2.5,3.9,1.4,0.6,0.8,2.8,8.1,28.6,18.5,54.5,0,0,51.8,396,442,285,498,173,39,213,13,492,504,492,62,54,315,33,30,25,397,68,257,321,261,463,18,66,14,63,253,39,62
1626171,Bobby Portis,Bobby,1610612749,MIL,28.0,70,47,23,0.671,46.8,10.2,20.7,0.496,2.4,6.6,0.37,2.5,3.2,0.768,4.0,13.3,17.3,2.7,2.1,0.7,0.4,0.9,3.0,2.5,25.4,0.4,51.6,38,0,50.1,116,22,303,54,361,78,100,161,228,266,183,274,294,260,89,6,15,377,331,468,378,247,444,349,105,221,89,10,39,75
203992,Bogdan Bogdanović,Bogdan,1610612737,ATL,30.0,54,27,27,0.5,47.2,8.5,19.1,0.447,4.6,11.3,0.406,2.0,2.4,0.831,0.7,4.4,5.2,4.7,2.0,1.3,0.6,0.4,2.7,2.0,23.7,2.0,40.6,0,0,41.9,270,238,229,264,271,157,128,299,34,52,74,343,370,154,458,406,446,203,345,274,318,454,478,412,139,177,272,253,39,199
202711,Bojan Bogdanović,Bojan,1610612765,DET,34.0,59,15,44,0.254,47.5,10.8,22.1,0.488,3.6,8.9,0.411,6.7,7.6,0.884,0.9,4.7,5.6,3.8,3.4,0.9,0.2,2.0,2.8,5.3,31.9,-8.3,44.1,0,0,47.1,230,369,30,483,241,53,67,181,93,139,63,35,52,66,407,384,413,262,102,441,472,18,459,92,38,446,199,253,39,123
1629626,Bol Bol,Bol,1610612753,ORL,23.0,70,26,44,0.371,47.6,8.3,15.1,0.546,0.9,3.6,0.265,2.6,3.4,0.759,2.2,10.6,12.8,2.2,3.5,0.9,2.7,0.6,2.9,2.7,20.0,-4.6,46.0,6,0,43.3,116,253,30,424,221,186,281,86,420,415,418,261,273,277,204,43,90,441,91,424,33,362,447,333,235,369,165,92,39,179
1630538,Bones Hyland,Bones,1610612746,LAC,22.0,56,36,20,0.643,48.5,10.2,25.5,0.399,5.2,14.1,0.371,3.8,4.6,0.843,0.9,5.1,6.0,7.7,3.7,1.7,0.7,1.6,4.3,4.2,29.4,-5.8,51.7,1,0,53.2,253,126,341,84,92,80,24,443,18,14,175,133,177,130,409,330,374,79,84,125,272,54,238,165,54,395,86,192,39,50
203078,Bradley Beal,Bradley,1610612764,WAS,30.0,50,24,26,0.48,48.9,13.0,25.7,0.506,2.3,6.4,0.365,5.6,6.7,0.842,1.2,4.5,5.7,7.9,4.2,1.3,1.0,1.0,3.1,4.9,33.9,1.2,55.3,2,0,54.5,294,271,250,317,61,19,21,137,244,275,202,59,81,132,347,400,404,69,45,290,184,213,419,113,29,203,57,155,39,44
1630527,Brandon Boston,Brandon,1610612746,LAC,21.0,22,9,13,0.409,47.0,9.7,23.1,0.418,2.3,5.5,0.414,5.5,7.2,0.763,1.3,4.4,5.7,3.8,2.3,1.7,0.0,2.1,4.0,5.5,27.1,-8.3,42.4,0,0,42.2,430,426,407,404,305,101,54,400,253,327,59,66,66,270,319,419,406,265,286,137,491,12,285,83,89,448,229,253,39,193
1629634,Brandon Clarke,Brandon,1610612763,MEM,26.0,56,32,24,0.571,46.4,9.8,14.9,0.656,0.0,0.3,0.167,4.3,5.9,0.719,3.9,9.3,13.2,3.1,2.3,1.4,1.6,0.8,5.6,5.2,23.8,-0.6,51.0,6,0,46.2,253,178,285,149,409,96,292,21,487,505,469,112,99,350,92,78,76,338,267,234,86,294,96,97,136,266,96,92,39,133
1627742,Brandon Ingram,Brandon,1610612740,NOP,25.0,45,23,22,0.511,48.5,12.7,26.3,0.484,2.0,5.2,0.39,7.6,8.6,0.882,0.7,7.0,7.8,8.3,4.7,1.0,0.6,1.2,3.7,7.0,35.1,3.0,57.0,6,2,56.4,321,281,315,253,86,23,18,194,291,344,115,23,31,68,454,187,254,59,27,404,299,127,338,35,21,143,45,92,11,38
1630296,Braxton Key,Braxton,1610612765,DET,26.0,3,0,3,0.0,45.5,5.0,5.0,1.0,0.0,0.0,0.0,10.0,10.0,1.0,0.0,5.0,5.0,0.0,0.0,0.0,0.0,0.0,0.0,10.0,20.0,-15.0,26.0,0,0,25.0,520,528,496,528,497,452,536,1,492,524,492,9,19,1,517,344,459,525,519,513,491,499,528,4,237,511,517,253,39,516
201572,Brook Lopez,Brook,1610612749,MIL,35.0,78,57,21,0.731,46.5,9.4,17.6,0.531,2.7,7.1,0.374,2.9,3.7,0.784,3.1,7.1,10.2,1.9,2.1,0.7,3.8,0.5,4.0,3.2,24.3,7.8,50.9,11,0,48.1,38,1,327,23,394,109,171,102,206,234,167,225,245,224,133,179,150,466,325,473,8,409,282,258,128,43,98,56,39,102
1628971,Bruce Brown,Bruce,1610612743,DEN,26.0,80,53,27,0.663,48.4,7.6,15.7,0.483,1.9,5.4,0.358,2.5,3.2,0.758,1.3,5.6,7.0,5.7,2.6,1.8,1.1,0.8,4.0,2.5,19.6,0.7,42.7,3,1,40.1,15,6,229,63,98,222,252,197,306,331,223,276,292,280,317,275,313,148,217,111,163,275,273,354,257,217,226,130,17,244
1628981,Bruno Fernando,Bruno,1610612737,ATL,24.0,39,13,26,0.333,48.0,7.0,13.3,0.527,0.0,0.5,0.0,4.1,5.9,0.7,6.4,9.8,16.2,3.7,3.0,0.7,4.0,1.7,8.8,5.0,18.1,-8.9,54.4,1,0,47.5,356,391,250,442,161,283,367,110,492,495,492,117,98,374,19,61,32,279,152,478,7,49,9,111,309,461,65,192,39,115
1631121,Bryce McGowens,Bryce,1610612766,CHA,20.0,46,16,30,0.348,46.4,4.7,11.9,0.396,1.5,4.7,0.325,3.5,4.7,0.75,1.2,4.3,5.5,3.2,2.5,0.9,0.4,1.1,2.8,4.1,14.5,-8.8,27.0,0,0,27.2,315,357,184,440,413,470,431,447,355,360,332,167,164,290,348,427,424,320,232,435,408,143,460,173,433,458,511,253,39,502
1627854,Bryn Forbes,Bryn,1610612750,MIN,29.0,25,9,16,0.36,46.2,5.2,14.3,0.361,2.4,7.9,0.304,2.6,2.6,1.0,0.7,1.9,2.6,2.9,2.1,1.2,0.3,0.9,3.8,2.2,15.3,-8.3,25.4,0,0,26.4,419,426,379,432,447,442,321,492,231,195,374,263,351,1,465,527,530,348,337,328,413,251,308,381,413,447,521,253,39,511
1631205,Buddy Boeheim,Buddy,1610612765,DET,23.0,10,2,8,0.2,48.5,2.7,14.5,0.185,2.2,13.4,0.16,1.1,1.1,1.0,1.1,2.2,3.2,2.2,0.0,1.1,0.0,0.0,3.2,0.5,8.6,1.6,18.9,0,0,18.3,468,491,442,505,91,526,310,529,268,19,472,457,485,1,379,523,525,444,519,383,491,499,406,522,521,190,533,253,39,535
1627741,Buddy Hield,Buddy,1610612754,IND,30.0,80,35,45,0.438,47.0,9.0,19.6,0.458,5.5,12.8,0.425,2.0,2.4,0.822,1.3,6.3,7.6,4.3,2.6,1.7,0.5,0.8,3.0,1.3,25.4,-1.6,45.0,3,0,47.2,15,137,27,372,316,134,119,260,12,26,44,342,365,168,336,228,271,233,215,124,353,298,445,484,104,302,185,130,39,122
203468,CJ McCollum,CJ,1610612740,NOP,31.0,75,38,37,0.507,48.2,10.7,24.4,0.437,3.8,9.9,0.389,3.3,4.3,0.769,1.0,5.0,6.0,7.8,3.3,1.3,0.7,1.1,2.8,3.3,28.5,1.1,50.0,6,0,50.1,70,95,82,260,132,60,38,334,74,89,126,182,196,258,390,350,383,73,106,299,259,157,464,251,67,207,111,92,39,76
1630595,Cade Cunningham,Cade,1610612765,DET,21.0,12,3,9,0.25,47.1,10.9,26.4,0.415,2.0,7.2,0.279,4.2,5.1,0.837,1.4,7.3,8.7,8.5,4.6,1.2,0.8,2.7,4.0,4.4,28.1,-7.1,52.7,3,0,51.3,460,481,436,484,300,49,17,409,293,231,408,113,144,141,306,169,206,52,30,347,216,7,277,148,74,420,75,130,39,68
1631216,Caleb Houstan,Caleb,1610612753,ORL,20.0,51,20,31,0.392,47.6,3.9,10.7,0.363,2.7,8.0,0.338,0.9,1.1,0.833,2.0,3.8,5.8,1.8,1.1,0.7,0.4,0.4,3.7,0.8,11.3,-4.9,23.2,0,0,23.8,292,310,164,413,219,506,471,489,204,193,275,471,487,144,222,467,395,480,497,479,380,452,330,510,495,375,525,253,39,525
1628997,Caleb Martin,Caleb,1610612748,MIA,27.0,71,38,33,0.535,49.1,6.0,12.9,0.464,2.0,5.6,0.356,2.2,2.7,0.805,2.1,6.0,8.1,2.8,1.9,1.7,0.7,0.6,3.4,2.9,16.1,-0.2,35.4,2,0,33.8,109,95,138,214,45,381,382,244,296,323,229,313,342,197,214,245,241,369,377,149,243,358,376,307,385,244,388,155,39,396
1629629,Cam Reddish,Cam,1610612757,POR,23.0,40,14,26,0.35,47.4,6.7,14.9,0.446,2.2,6.9,0.313,3.1,3.6,0.853,0.9,3.4,4.2,2.7,2.3,1.9,0.7,1.0,3.4,2.7,18.5,-9.2,33.1,0,0,32.7,350,386,250,439,246,312,288,302,267,246,357,207,256,116,412,491,496,374,295,110,271,216,370,338,293,466,437,253,39,429
1630560,Cam Thomas,Cam,1610612751,BKN,21.0,57,30,27,0.526,47.4,10.1,22.8,0.441,2.6,6.7,0.383,7.6,8.7,0.868,0.4,4.4,4.8,3.9,3.2,1.0,0.4,0.7,2.8,6.3,30.2,-0.2,42.7,0,0,44.1,246,207,229,222,249,83,60,319,217,264,139,25,30,89,507,420,474,259,126,407,411,325,472,60,50,242,227,253,39,168
1629661,Cameron Johnson,Cameron,1610612751,BKN,27.0,42,25,17,0.595,48.6,9.0,19.2,0.47,4.2,10.3,0.404,4.1,4.9,0.842,1.4,6.1,7.5,3.2,1.5,2.0,0.6,1.1,3.4,3.7,26.3,6.3,46.3,1,0,46.3,335,262,376,121,82,132,127,227,52,74,77,121,155,133,310,241,274,324,436,90,315,179,388,207,97,67,158,192,39,128
1626166,Cameron Payne,Cameron,1610612756,PHX,28.0,48,27,21,0.563,47.6,9.2,22.3,0.415,3.3,9.1,0.368,2.4,3.1,0.766,0.6,4.6,5.2,10.5,4.0,1.6,0.4,1.0,4.3,3.1,24.2,3.8,48.4,3,0,47.4,302,238,327,164,216,118,64,412,119,123,190,284,300,264,482,389,443,22,65,167,390,188,234,274,130,114,128,130,39,118
1627747,Caris LeVert,Caris,1610612739,CLE,28.0,74,45,29,0.608,49.2,7.0,16.3,0.431,2.8,7.1,0.392,2.9,4.0,0.722,1.2,5.0,6.2,6.3,2.6,1.6,0.5,0.7,3.7,3.6,19.7,4.3,40.5,1,0,39.3,79,35,199,112,34,273,233,354,186,235,108,235,218,346,354,338,364,120,229,176,342,308,318,212,251,107,276,192,39,260
1630637,Carlik Jones,Carlik,1610612741,CHI,25.0,7,4,3,0.571,46.3,5.0,12.4,0.4,2.5,5.0,0.5,4.1,6.6,0.625,0.8,3.3,4.1,5.0,1.7,1.7,0.0,1.7,1.7,4.1,16.5,21.5,32.2,0,0,31.4,482,468,496,149,433,455,403,436,225,353,10,118,85,445,421,493,500,183,412,162,491,51,525,167,369,8,450,253,39,448
1626224,Cedi Osman,Cedi,1610612739,CLE,28.0,77,48,29,0.623,49.2,7.6,16.9,0.451,3.7,9.9,0.372,2.4,3.4,0.694,0.8,4.8,5.6,3.7,1.7,1.1,0.3,0.7,3.9,3.6,21.3,7.3,36.2,1,0,37.2,46,16,199,104,35,223,210,282,86,88,174,287,271,381,429,371,412,281,411,368,412,326,297,219,194,53,363,192,39,317
1628435,Chance Comanche,Chance,1610612757,POR,27.0,1,0,1,0.0,46.2,6.7,11.1,0.6,0.0,0.0,0.0,2.2,8.9,0.25,4.4,2.2,6.7,0.0,0.0,0.0,2.2,0.0,0.0,8.9,15.6,-64.4,30.2,0,0,26.7,531,528,516,528,443,310,456,49,492,524,492,305,27,509,68,522,327,525,519,513,47,499,528,12,406,537,489,253,39,508
1629646,Charles Bassey,Charles,1610612759,SAS,22.0,35,9,26,0.257,46.6,8.0,12.4,0.644,0.3,0.7,0.375,2.0,3.4,0.595,6.9,10.8,17.7,4.4,3.8,1.5,3.0,0.4,6.8,2.7,18.3,-2.9,55.8,0,0,49.6,379,426,250,482,387,200,405,24,468,483,159,338,275,459,13,39,11,220,79,221,19,465,43,342,305,334,52,253,39,80
1631320,Chima Moneke,Chima,1610612758,SAC,27.0,2,1,1,0.5,44.1,5.6,11.1,0.5,0.0,0.0,0.0,0.0,11.1,0.0,11.1,0.0,11.1,5.6,11.1,0.0,0.0,0.0,11.1,5.6,11.1,-50.0,21.7,0,0,27.8,525,507,516,264,527,422,456,140,492,524,492,511,14,511,1,531,126,156,5,513,491,499,2,82,497,536,529,253,39,496
1629002,Chimezie Metu,Chimezie,1610612758,SAC,26.0,66,41,25,0.621,45.4,8.5,14.4,0.589,0.6,2.5,0.237,3.6,4.8,0.74,3.1,10.0,13.1,2.6,2.1,1.5,1.4,0.7,5.3,4.1,21.2,5.8,47.2,0,0,43.1,162,65,268,106,500,159,317,58,444,452,450,166,157,317,131,56,80,381,322,229,118,309,110,171,197,77,146,253,39,180
1628449,Chris Boucher,Chris,1610612761,TOR,30.0,76,39,37,0.513,48.6,8.3,16.9,0.493,2.0,6.0,0.328,4.1,5.4,0.762,5.0,8.4,13.4,0.9,1.3,1.5,2.0,1.1,4.6,4.4,22.7,-0.6,49.5,9,0,46.1,55,89,82,249,81,178,209,167,299,296,327,122,122,272,53,112,73,521,461,206,60,146,191,142,156,265,119,70,39,134
1630537,Chris Duarte,Chris,1610612754,IND,26.0,46,19,27,0.413,46.7,6.4,17.3,0.369,2.9,9.1,0.316,3.2,3.8,0.847,1.0,5.0,6.0,3.3,2.1,1.3,0.5,1.0,3.4,3.4,18.9,-5.9,34.2,0,0,34.6,315,324,229,398,364,341,190,484,179,124,349,196,243,125,393,344,379,301,315,291,366,206,385,234,280,400,408,253,39,382
101108,Chris Paul,Chris,1610612756,PHX,38.0,59,33,26,0.559,49.1,7.6,17.4,0.44,2.5,6.8,0.375,3.5,4.2,0.831,0.7,5.8,6.5,13.6,3.0,2.4,0.6,0.2,3.3,3.6,21.3,2.2,55.4,17,0,49.9,230,162,250,168,43,218,188,322,218,255,158,172,202,153,463,262,339,4,151,49,313,492,399,213,193,172,56,39,39,78
1629735,Chris Silva,Chris,1610612742,DAL,26.0,1,1,0,1.0,37.7,12.5,12.5,1.0,0.0,0.0,0.0,0.0,0.0,0.0,0.0,0.0,0.0,0.0,12.5,0.0,0.0,0.0,25.0,0.0,25.0,12.5,12.5,0,0,25.0,531,507,532,1,539,25,398,1,492,524,492,511,516,511,517,531,533,525,2,513,491,499,1,526,112,20,536,253,39,516
1631128,Christian Braun,Christian,1610612743,DEN,22.0,76,49,27,0.645,48.1,5.8,11.8,0.495,1.4,3.9,0.354,1.6,2.6,0.625,2.0,5.4,7.4,2.4,1.4,1.7,0.7,1.0,4.1,1.9,14.7,-4.6,32.8,0,0,30.6,55,15,229,83,145,396,438,163,375,403,236,395,349,445,226,295,283,412,449,155,257,195,260,426,425,371,440,253,39,466
1631132,Christian Koloko,Christian,1610612761,TOR,23.0,58,29,29,0.5,47.7,4.3,8.9,0.48,0.1,0.7,0.083,2.2,3.5,0.627,5.0,5.2,10.2,1.8,1.2,1.2,3.4,1.2,7.6,2.9,10.8,9.3,38.5,0,0,32.2,240,220,199,264,210,487,521,203,486,484,487,306,266,444,54,324,152,475,479,310,12,118,21,306,503,35,319,253,39,439
1626174,Christian Wood,Christian,1610612742,DAL,27.0,67,33,34,0.493,49.4,11.3,21.9,0.515,3.0,7.9,0.376,6.2,8.0,0.772,2.5,11.5,14.0,3.4,3.4,0.9,2.0,1.1,4.8,7.8,31.7,-1.3,58.8,12,0,57.8,145,162,121,292,26,43,71,124,161,196,156,48,40,250,174,26,63,291,99,442,59,134,162,23,41,294,31,53,39,30
1629643,Chuma Okeke,Chuma,1610612753,ORL,24.0,27,8,19,0.296,47.9,4.0,11.3,0.352,2.4,7.9,0.302,1.5,1.9,0.762,2.4,6.5,8.9,3.4,1.6,1.8,1.0,0.4,3.7,1.4,11.8,-10.9,34.4,0,0,32.1,414,436,346,461,178,503,453,498,233,194,379,410,418,272,184,215,202,294,425,121,176,463,329,474,485,485,406,253,39,440
203991,Clint Capela,Clint,1610612737,ATL,29.0,65,35,30,0.538,46.6,9.4,14.4,0.653,0.0,0.0,0.0,2.1,3.5,0.603,6.9,12.4,19.3,1.6,1.5,1.2,2.1,0.7,3.7,3.4,21.0,-0.8,55.0,35,0,48.5,171,137,184,207,389,106,318,22,492,521,492,317,261,457,12,17,7,498,443,325,54,327,320,240,207,276,60,14,39,95
1629632,Coby White,Coby,1610612741,CHI,23.0,74,37,37,0.5,47.5,7.2,16.3,0.443,3.5,9.5,0.372,1.7,1.9,0.871,0.4,5.4,5.8,5.6,2.0,1.5,0.2,0.7,3.4,2.6,19.6,3.9,38.0,1,0,37.9,79,110,82,264,229,260,235,311,100,105,171,389,419,83,503,297,391,155,347,217,481,343,391,346,254,112,331,192,39,295
1628998,Cody Martin,Cody,1610612766,CHA,27.0,7,2,5,0.286,45.9,4.8,12.4,0.389,1.0,4.8,0.214,1.4,2.4,0.571,2.7,5.5,8.2,3.8,0.7,1.4,0.3,1.4,4.5,2.1,12.0,-8.9,32.1,0,0,28.5,482,491,464,465,469,463,407,463,414,357,459,426,371,465,154,289,235,266,513,266,414,83,209,399,479,462,455,253,39,489
203469,Cody Zeller,Cody,1610612748,MIA,30.0,15,6,9,0.4,48.7,8.3,13.3,0.627,0.0,0.4,0.0,5.4,7.9,0.686,5.6,8.8,14.4,2.2,3.1,0.7,0.9,0.7,7.4,7.4,22.0,-10.8,44.2,0,0,41.8,451,452,436,407,74,180,368,38,492,498,492,67,42,390,32,95,56,439,127,483,196,339,26,25,176,481,195,253,39,203
1630175,Cole Anthony,Cole,1610612753,ORL,23.0,60,28,32,0.467,48.2,8.6,18.9,0.454,2.3,6.4,0.364,4.7,5.3,0.894,1.5,7.5,8.9,7.3,2.8,1.1,1.0,0.7,4.9,3.8,24.3,-0.8,49.4,1,0,47.0,222,230,156,338,133,153,135,273,247,276,208,91,128,59,299,155,197,85,177,353,187,333,145,198,129,277,120,192,39,124
1631306,Cole Swider,Cole,1610612747,LAL,24.0,7,2,5,0.286,45.2,3.3,9.9,0.333,3.3,8.8,0.375,0.0,0.0,0.0,1.1,6.6,7.7,4.4,0.0,0.0,0.0,0.0,3.3,1.1,9.9,3.3,25.7,0,0,25.3,482,491,464,465,509,515,492,507,124,142,159,511,516,511,372,206,257,221,519,513,491,499,396,494,512,132,519,253,39,515
1629012,Collin Sexton,Collin,1610612762,UTA,24.0,48,24,24,0.5,47.2,9.8,19.3,0.506,2.0,5.0,0.393,6.7,8.2,0.819,1.5,2.8,4.3,5.7,3.5,1.1,0.2,2.1,4.6,7.1,28.2,-1.2,42.5,1,0,42.9,302,271,285,264,285,93,125,135,298,350,105,36,38,175,292,516,488,150,93,369,456,11,181,33,71,288,228,192,39,183
1630557,Corey Kispert,Corey,1610612764,WAS,24.0,74,31,43,0.419,47.8,6.6,13.4,0.497,3.7,8.8,0.424,1.7,2.0,0.852,0.8,4.0,4.7,2.0,1.3,0.7,0.2,0.8,2.2,1.6,18.7,-2.8,28.9,0,0,31.0,79,191,37,389,183,315,365,159,83,145,45,384,412,118,445,460,475,460,469,471,470,265,509,455,286,333,501,253,39,454
202709,Cory Joseph,Cory,1610612765,DET,31.0,62,12,50,0.194,48.3,5.9,13.8,0.427,2.8,7.1,0.389,2.2,2.8,0.792,0.8,3.3,4.2,8.5,2.2,1.3,0.4,0.7,3.5,3.0,16.8,-4.3,37.5,0,0,35.7,203,404,14,511,118,387,349,371,196,237,120,301,327,212,421,492,498,50,306,277,407,301,366,292,358,365,341,253,39,356
1626156,D'Angelo Russell,D'Angelo,1610612747,LAL,27.0,71,39,32,0.549,47.4,9.1,19.5,0.469,4.0,10.1,0.396,3.7,4.4,0.829,0.7,3.7,4.4,9.0,3.8,1.4,0.6,0.5,2.9,3.8,26.0,1.7,47.0,9,0,47.4,109,89,156,187,252,122,121,229,64,83,97,157,186,159,460,474,486,43,77,238,300,422,454,196,98,187,149,70,39,117
1630227,Daishen Nix,Daishen,1610612745,HOU,21.0,57,15,42,0.263,47.4,4.2,12.3,0.342,2.1,7.3,0.286,1.2,1.9,0.667,0.9,4.1,5.1,6.8,4.5,1.6,0.4,0.6,3.1,2.1,11.7,-7.8,29.5,0,0,29.7,246,369,42,480,242,493,411,503,283,225,396,440,423,403,401,443,453,97,35,171,402,355,429,392,487,433,492,253,39,480
1630625,Dalano Banton,Dalano,1610612761,TOR,23.0,31,17,14,0.548,47.3,9.3,22.1,0.423,2.5,8.7,0.294,2.9,4.1,0.708,1.9,5.8,7.6,6.1,3.1,2.2,2.2,1.2,5.8,3.4,24.1,-5.8,52.6,0,0,49.2,396,347,393,188,263,112,68,379,219,154,389,231,206,364,235,267,264,127,137,68,48,119,86,238,131,396,76,253,39,85
1631207,Dalen Terry,Dalen,1610612741,CHI,20.0,38,19,19,0.5,46.9,7.0,15.8,0.444,1.5,5.9,0.259,3.1,4.6,0.667,2.6,5.5,8.1,4.8,1.8,2.4,1.1,1.5,5.3,4.2,18.6,2.6,44.4,0,0,40.1,359,324,346,264,327,279,247,305,354,300,424,206,174,403,163,290,242,190,390,45,159,61,116,166,288,154,193,253,39,241
1627745,Damian Jones,Damian,1610612762,UTA,28.0,41,12,29,0.293,45.6,5.2,8.2,0.64,1.0,1.6,0.588,2.1,2.8,0.759,4.0,7.6,11.6,1.4,2.2,0.8,2.0,1.0,5.2,3.0,13.5,-7.9,35.8,1,0,33.1,346,404,199,464,493,437,528,29,419,468,7,321,336,279,82,146,113,509,308,462,62,180,119,298,453,435,377,192,39,422
203081,Damian Lillard,Damian,1610612757,POR,32.0,58,27,31,0.466,48.0,12.7,27.4,0.463,5.6,15.0,0.371,11.6,12.7,0.914,1.0,5.3,6.3,9.7,4.4,1.1,0.4,1.0,2.5,9.4,42.6,2.4,65.0,16,2,67.2,240,238,164,343,159,24,14,246,9,8,179,4,9,44,389,305,353,32,40,357,379,182,492,7,6,162,13,41,11,7
1627814,Damion Lee,Damion,1610612756,PHX,30.0,74,40,34,0.541,47.5,6.3,14.3,0.442,3.5,7.8,0.445,3.0,3.3,0.904,1.2,5.9,7.1,3.1,2.5,0.9,0.2,0.4,3.7,3.3,19.1,2.5,33.3,0,0,35.1,79,74,121,204,232,353,325,312,105,203,29,222,288,54,342,259,306,329,242,425,463,437,322,247,273,160,428,253,39,372
1629655,Daniel Gafford,Daniel,1610612764,WAS,24.0,78,32,46,0.41,48.1,8.7,11.8,0.732,0.0,0.0,0.0,3.8,5.6,0.679,4.9,8.1,13.0,2.5,2.5,1.0,3.0,0.8,5.6,5.1,21.1,-2.7,49.8,10,0,44.5,38,178,24,403,150,147,432,9,492,524,492,137,109,397,59,124,85,398,231,411,20,262,94,105,199,326,112,64,39,156
1628464,Daniel Theis,Daniel,1610612754,IND,31.0,7,1,6,0.143,46.9,9.1,19.0,0.477,0.9,4.7,0.182,2.2,5.2,0.417,3.0,6.5,9.5,3.9,1.3,0.9,2.6,1.3,3.0,4.3,21.1,-8.2,47.4,0,0,42.2,482,507,457,523,329,129,132,212,429,358,467,311,137,503,137,216,170,260,463,438,36,97,436,154,200,444,141,253,39,192
201980,Danny Green,Danny,1610612739,CLE,36.0,11,6,5,0.545,48.0,7.6,17.0,0.449,5.5,12.8,0.432,0.3,0.3,1.0,1.0,3.8,4.8,2.1,3.5,2.1,1.0,0.3,5.5,0.7,21.1,-5.9,35.9,0,0,39.8,465,452,464,195,162,220,206,286,11,27,38,506,515,1,383,468,468,451,97,83,170,469,101,517,202,398,372,253,39,249
1627863,Danuel House Jr.,Danuel,1610612755,PHI,30.0,56,38,18,0.679,47.8,5.5,11.7,0.472,2.2,6.5,0.336,2.7,3.6,0.75,0.5,5.0,5.6,2.6,1.5,0.8,0.5,0.2,4.1,2.8,15.9,-0.9,29.0,0,0,29.0,253,95,365,49,191,423,441,224,262,271,281,251,258,290,494,340,418,384,431,450,337,484,267,318,395,282,500,253,39,487
203967,Dario Šarić,Dario,1610612760,OKC,29.0,57,26,31,0.456,47.5,7.5,16.3,0.458,2.7,6.8,0.391,3.7,4.5,0.829,3.1,9.1,12.2,4.4,3.2,1.2,0.4,1.1,5.8,4.4,21.3,2.2,44.0,2,0,43.7,246,253,164,352,237,235,234,256,207,257,110,151,183,158,130,86,101,223,115,344,377,174,83,143,191,173,201,155,39,174
1629647,Darius Bazley,Darius,1610612756,PHX,23.0,43,19,24,0.442,47.5,6.4,14.1,0.454,1.5,4.1,0.377,2.9,5.4,0.543,2.6,8.0,10.6,2.9,2.1,1.7,2.6,2.0,3.4,3.9,17.3,-5.4,45.3,0,0,41.0,327,324,285,368,239,344,329,277,351,394,153,224,120,477,165,128,135,351,335,141,34,15,384,188,343,386,179,253,39,222
1630620,Darius Days,Darius,1610612745,HOU,23.0,4,0,4,0.0,47.1,9.4,22.6,0.417,5.7,18.9,0.3,3.8,3.8,1.0,1.9,9.4,11.3,1.9,0.0,0.0,1.9,1.9,3.8,1.9,28.3,1.9,50.4,0,0,50.9,509,528,480,528,293,105,62,401,8,4,382,143,239,1,232,75,122,471,519,513,70,26,314,423,70,181,106,253,39,69
1629636,Darius Garland,Darius,1610612739,CLE,23.0,69,40,29,0.58,49.3,10.5,22.7,0.462,3.4,8.3,0.41,5.6,6.5,0.863,0.6,3.2,3.7,10.8,4.0,1.7,0.2,1.1,3.0,6.0,30.0,8.8,52.4,18,0,51.7,123,74,199,144,33,64,61,247,113,174,64,64,87,97,489,504,518,18,63,135,478,161,442,68,51,40,81,35,39,63
1630561,David Duke Jr.,David,1610612751,BKN,23.0,23,10,13,0.435,47.2,7.5,16.1,0.462,0.2,2.5,0.083,2.5,3.5,0.706,2.3,3.7,6.0,4.3,3.7,2.1,0.2,2.1,6.4,3.5,17.6,-7.2,34.4,0,0,32.7,425,418,407,375,281,236,240,250,478,454,487,272,265,366,199,471,376,225,81,84,469,13,59,225,326,422,404,253,39,431
1631223,David Roddy,David,1610612763,MEM,22.0,70,44,26,0.629,46.9,6.7,15.6,0.429,2.4,7.9,0.307,1.5,2.4,0.631,1.9,5.3,7.2,2.2,2.1,1.1,0.7,0.9,4.0,2.2,17.3,-2.3,32.5,0,0,32.7,116,40,250,97,342,305,256,364,229,197,372,404,369,441,236,304,298,440,320,380,254,239,281,386,340,317,447,253,39,430
1630558,Davion Mitchell,Davion,1610612758,SAC,24.0,80,47,33,0.588,47.6,6.0,13.1,0.454,2.1,6.5,0.32,0.8,1.0,0.806,0.5,2.9,3.5,6.1,2.0,1.4,0.5,0.4,3.7,3.1,14.8,0.0,31.9,0,0,30.3,15,22,138,130,220,385,374,276,285,272,345,479,490,194,495,512,524,129,344,235,351,444,334,277,420,233,459,253,39,470
1628432,Davon Reed,Davon,1610612747,LAL,28.0,43,29,14,0.674,46.8,3.8,11.5,0.333,2.3,6.3,0.37,2.2,3.3,0.667,1.4,6.7,8.1,3.1,2.7,2.0,0.5,0.8,5.3,2.0,12.2,-13.5,31.6,0,0,30.9,327,220,393,52,357,507,447,507,249,283,184,308,289,403,313,202,245,325,191,85,330,267,111,405,478,501,466,253,39,457
1630549,Day'Ron Sharpe,Day'Ron,1610612751,BKN,21.0,48,22,26,0.458,46.9,7.9,14.5,0.544,0.5,0.9,0.545,3.0,4.7,0.636,8.4,8.6,17.0,3.1,3.6,1.3,2.7,1.4,7.6,3.8,19.3,-8.6,52.8,2,0,47.9,302,290,250,350,332,205,310,88,448,481,9,221,167,439,5,103,23,326,88,300,30,74,22,197,268,455,74,155,39,104
1628368,De'Aaron Fox,De'Aaron,1610612758,SAC,25.0,73,44,29,0.603,46.5,13.0,25.4,0.512,2.3,7.0,0.324,6.6,8.4,0.78,0.8,5.1,5.8,8.5,3.5,1.6,0.4,1.0,3.3,6.6,34.9,3.4,57.3,11,0,55.6,92,40,199,118,396,18,26,126,252,239,336,39,35,233,444,335,390,51,98,175,373,197,397,45,22,130,43,56,39,39
1629631,De'Andre Hunter,De'Andre,1610612737,ATL,25.0,67,35,32,0.522,46.7,8.3,18.0,0.461,2.2,6.3,0.35,3.8,4.5,0.826,1.0,5.2,6.2,2.1,1.8,0.8,0.4,1.0,4.4,4.8,22.6,-0.4,34.8,1,0,35.4,145,137,156,229,376,179,159,251,261,285,249,145,179,162,387,315,362,454,385,460,398,191,230,119,158,255,399,192,39,361
1629001,De'Anthony Melton,De'Anthony,1610612755,PHI,25.0,77,50,27,0.649,49.2,6.3,14.9,0.425,3.6,9.2,0.39,1.6,2.0,0.793,1.6,5.6,7.1,4.5,2.3,2.9,0.9,0.6,4.4,1.7,17.8,2.3,42.3,0,0,40.7,46,13,229,78,42,352,290,376,96,116,118,399,414,211,279,285,304,217,270,28,190,375,229,444,315,164,234,253,39,229
201599,DeAndre Jordan,DeAndre,1610612743,DEN,34.0,39,23,16,0.59,48.2,7.2,9.5,0.765,0.1,0.1,1.0,1.8,4.0,0.458,4.3,12.3,16.6,2.8,4.0,1.0,1.9,0.5,5.8,4.4,16.4,-9.8,45.2,2,0,41.6,356,281,379,127,128,257,510,6,484,512,1,368,219,499,77,18,28,366,66,412,69,413,82,147,375,471,180,155,39,208
201942,DeMar DeRozan,DeMar,1610612741,CHI,33.0,74,37,37,0.5,48.2,11.8,23.4,0.504,0.8,2.5,0.324,8.2,9.4,0.872,0.6,5.5,6.2,6.8,2.7,1.5,0.6,1.1,3.3,7.1,32.6,1.2,53.8,6,0,50.6,79,110,82,264,140,30,48,138,433,450,338,16,26,80,477,286,366,101,190,213,281,150,392,31,35,204,68,92,39,72
1629731,Dean Wade,Dean,1610612739,CLE,26.0,44,30,14,0.682,49.1,4.0,9.7,0.412,2.5,7.0,0.354,0.8,1.3,0.652,1.1,7.2,8.3,2.0,0.9,1.5,1.2,0.4,4.9,1.5,11.3,5.9,31.5,0,0,29.5,325,207,393,46,46,499,497,414,226,240,234,478,473,430,371,177,234,457,505,192,148,461,147,457,494,73,471,253,39,483
1629028,Deandre Ayton,Deandre,1610612756,PHX,24.0,67,36,31,0.537,48.7,12.5,21.2,0.589,0.2,0.6,0.292,3.6,4.8,0.76,4.1,11.8,16.0,2.8,2.9,0.9,1.3,0.9,4.5,4.0,28.8,-0.2,55.7,36,0,52.0,145,126,164,209,73,26,86,59,480,491,390,161,160,275,79,23,35,372,166,434,129,224,196,185,63,240,53,11,39,60
1627749,Dejounte Murray,Dejounte,1610612737,ATL,26.0,74,38,36,0.514,47.2,10.7,23.1,0.464,2.3,6.8,0.344,2.8,3.3,0.832,0.9,5.9,6.8,7.9,2.8,2.0,0.3,1.0,1.9,2.7,26.6,-1.1,50.6,8,1,48.2,79,95,91,247,280,57,53,242,246,256,266,242,283,152,402,256,318,72,182,103,423,203,520,330,94,286,99,80,17,99
1626153,Delon Wright,Delon,1610612764,WAS,31.0,50,26,24,0.52,48.4,5.5,11.5,0.474,1.6,4.7,0.345,2.1,2.4,0.867,2.3,4.8,7.1,7.7,1.7,3.6,0.7,0.6,2.3,3.2,14.6,2.7,45.9,0,0,39.7,294,253,285,234,107,424,446,220,345,361,264,329,377,92,195,366,305,77,393,11,269,388,501,260,427,151,168,253,39,252
1630166,Deni Avdija,Deni,1610612764,WAS,22.0,76,33,43,0.434,48.2,6.0,13.8,0.437,1.6,5.5,0.297,2.9,3.9,0.739,1.8,9.9,11.6,5.0,2.9,1.6,0.7,0.9,5.0,3.2,16.6,-1.2,41.9,11,0,39.4,55,162,37,376,130,380,350,333,340,325,387,227,220,319,249,59,114,179,156,188,258,253,140,253,367,292,242,56,39,258
203471,Dennis Schröder,Dennis,1610612747,LAL,29.0,66,37,29,0.561,47.1,6.4,15.4,0.415,1.8,5.3,0.329,5.1,6.0,0.857,0.5,3.4,3.9,7.1,2.7,1.2,0.2,1.1,3.4,4.5,19.7,3.0,36.6,2,0,35.3,162,110,199,167,296,342,266,407,329,333,324,77,95,104,498,489,512,92,208,340,461,170,373,141,252,145,356,155,39,367
1628372,Dennis Smith Jr.,Dennis,1610612766,CHA,25.0,54,19,35,0.352,47.0,6.3,15.3,0.412,0.8,3.8,0.216,2.6,3.6,0.736,0.9,4.7,5.6,8.8,2.8,2.5,0.8,1.3,4.1,2.7,16.0,-2.4,43.4,1,0,38.0,270,324,100,438,317,357,274,416,434,409,456,254,257,327,404,376,408,45,189,37,208,102,258,328,389,319,214,192,39,288
1629126,Deonte Burton,Deonte,1610612758,SAC,29.0,2,1,1,0.5,46.4,0.0,14.3,0.0,0.0,7.1,0.0,0.0,0.0,0.0,0.0,0.0,0.0,0.0,0.0,0.0,0.0,7.1,0.0,7.1,0.0,35.7,0.0,0,0,0.0,525,507,516,264,410,534,323,534,492,233,492,511,516,511,517,531,533,525,519,513,491,1,528,29,535,6,537,253,39,538
1631220,Dereon Seabron,Dereon,1610612740,NOP,23.0,5,2,3,0.4,46.4,8.0,20.0,0.4,0.0,0.0,0.0,0.0,0.0,0.0,4.0,0.0,4.0,0.0,0.0,0.0,0.0,4.0,4.0,0.0,16.0,40.0,20.8,0,0,20.0,499,491,496,407,414,198,111,436,492,524,492,511,516,511,83,531,506,525,519,513,491,2,277,526,390,4,531,253,39,532
1627884,Derrick Jones Jr.,Derrick,1610612741,CHI,26.0,64,29,35,0.453,47.4,6.1,12.2,0.5,1.4,4.2,0.338,3.3,4.5,0.738,3.2,4.9,8.1,1.8,1.3,1.5,2.0,1.0,4.6,3.5,16.9,6.5,38.5,0,0,35.3,181,220,100,356,251,373,414,140,368,386,279,186,185,322,123,355,243,476,458,196,63,199,192,229,354,64,318,253,39,368
201565,Derrick Rose,Derrick,1610612752,NYK,34.0,27,12,15,0.444,46.3,8.4,21.8,0.384,2.6,8.6,0.302,1.5,1.6,0.917,1.1,4.4,5.5,6.3,3.0,1.0,0.7,1.8,2.5,1.8,20.9,-4.0,38.8,0,0,38.5,414,404,388,365,422,174,72,472,209,156,381,405,441,41,373,417,423,121,143,422,261,37,493,439,210,356,307,253,39,277
1628401,Derrick White,Derrick,1610612738,BOS,28.0,82,57,25,0.695,48.2,7.3,15.8,0.462,3.1,8.1,0.381,3.5,4.0,0.875,1.1,5.0,6.1,6.7,2.0,1.1,1.6,0.7,3.7,4.2,21.2,10.2,44.6,7,0,42.4,2,1,268,38,127,253,251,249,149,185,144,168,213,74,377,342,368,106,358,364,85,322,335,160,198,29,192,86,39,190
1630217,Desmond Bane,Desmond,1610612763,MEM,25.0,58,38,20,0.655,46.5,11.4,23.7,0.479,4.2,10.3,0.408,4.6,5.2,0.883,1.1,6.3,7.3,6.4,3.2,1.4,0.6,1.8,3.8,3.8,31.5,9.0,52.6,1,0,53.4,240,95,341,70,399,42,45,207,50,77,69,92,136,67,376,229,286,117,119,253,323,30,310,202,42,38,77,192,39,48
1626164,Devin Booker,Devin,1610612756,PHX,26.0,53,34,19,0.642,48.3,13.9,28.1,0.494,2.9,8.3,0.351,8.1,9.4,0.855,1.2,5.1,6.3,7.7,3.8,1.3,0.5,1.1,4.2,7.5,38.7,6.5,59.5,5,0,59.3,277,149,346,85,114,9,11,165,168,170,243,19,25,111,345,333,351,76,78,275,361,138,248,24,13,62,28,105,39,21
1630170,Devin Vassell,Devin,1610612759,SAS,22.0,38,12,26,0.316,46.3,10.3,23.4,0.439,4.0,10.4,0.387,3.1,3.9,0.78,0.3,5.5,5.8,5.3,2.2,1.7,0.7,0.7,2.2,2.7,27.6,-11.6,47.4,0,0,47.5,359,404,250,456,432,76,49,327,60,68,127,208,221,231,511,288,394,162,299,145,273,323,508,339,81,491,138,253,39,113
1629653,Devon Dotson,Devon,1610612764,WAS,23.0,6,1,5,0.167,48.3,0.9,9.1,0.1,0.9,3.6,0.25,0.0,0.0,0.0,5.5,3.6,9.1,7.3,2.7,4.5,0.0,1.8,8.2,0.9,2.7,-2.7,35.5,0,0,29.1,493,507,464,517,124,533,516,533,423,413,432,511,516,511,37,476,186,86,193,7,491,32,14,502,534,329,387,253,39,486
1628984,Devonte' Graham,Devonte',1610612759,SAS,28.0,73,31,42,0.425,46.8,5.6,15.1,0.374,4.2,11.8,0.352,3.4,4.6,0.748,0.7,3.6,4.3,6.9,1.9,1.6,0.6,0.4,2.8,3.8,18.9,-5.6,38.8,0,0,38.4,92,191,42,385,344,417,284,480,55,42,242,176,175,307,469,480,494,95,379,181,322,446,470,199,278,391,306,253,39,280
203473,Dewayne Dedmon,Dewayne,1610612755,PHI,33.0,38,23,15,0.605,47.5,8.6,16.8,0.51,1.3,4.3,0.308,3.7,5.5,0.673,3.8,11.1,14.9,2.9,2.8,1.0,2.1,1.8,8.4,5.4,22.2,-13.8,51.0,0,0,47.6,359,281,388,115,234,155,211,130,382,380,366,158,114,402,99,33,43,360,185,405,56,36,11,91,171,507,95,253,39,112
1628415,Dillon Brooks,Dillon,1610612763,MEM,27.0,73,46,27,0.63,47.2,8.4,21.1,0.396,3.0,9.4,0.326,2.6,3.3,0.779,1.0,4.2,5.2,4.0,2.2,1.4,0.3,0.8,5.1,2.8,22.3,4.4,37.6,0,0,38.1,92,32,229,95,279,175,88,448,153,111,331,265,286,234,399,434,444,249,304,262,418,274,131,322,166,101,337,253,39,287
1627734,Domantas Sabonis,Domantas,1610612758,SAC,27.0,79,47,32,0.595,47.8,10.1,16.4,0.615,0.5,1.5,0.373,5.7,7.7,0.742,4.4,12.6,17.0,10.0,4.0,1.1,0.7,1.1,4.9,6.5,26.4,3.7,63.3,65,14,57.6,27,22,156,122,184,81,229,43,446,470,168,58,49,314,71,14,22,27,61,358,263,144,149,48,95,122,17,1,2,33
1631230,Dominick Barlow,Dominick,1610612759,SAS,20.0,28,5,23,0.179,45.9,5.2,9.7,0.535,0.0,0.5,0.0,2.0,2.8,0.72,5.2,6.3,11.5,2.7,1.7,1.1,2.1,0.9,6.3,2.6,12.4,-12.2,38.4,2,0,33.1,411,459,303,516,470,441,502,99,492,497,492,336,328,348,44,227,118,376,404,362,53,236,67,345,472,492,322,155,39,420
1628378,Donovan Mitchell,Donovan,1610612739,CLE,26.0,68,44,24,0.647,49.3,13.8,28.4,0.484,5.0,12.9,0.386,6.5,7.5,0.867,1.3,4.6,5.9,6.1,3.6,2.0,0.5,1.1,3.4,5.7,39.0,6.9,59.2,5,0,61.0,133,40,285,80,31,10,10,193,23,25,130,41,57,91,333,393,389,128,86,93,329,136,382,78,11,56,30,105,39,16
1631495,Donovan Williams,Donovan,1610612737,ATL,21.0,2,1,1,0.5,42.5,20.0,50.0,0.4,0.0,20.0,0.0,0.0,0.0,0.0,0.0,20.0,20.0,0.0,0.0,0.0,0.0,0.0,0.0,0.0,40.0,60.0,64.0,0,0,60.0,525,507,516,264,531,2,1,436,492,3,492,511,516,511,517,1,5,525,519,513,491,499,528,526,8,2,15,253,39,18
1628978,Donte DiVincenzo,Donte,1610612744,GSW,26.0,72,42,30,0.583,46.0,5.7,13.1,0.435,3.6,9.2,0.397,1.4,1.7,0.817,1.9,6.0,7.9,6.1,2.7,2.4,0.2,0.4,3.2,2.7,16.5,3.0,40.2,4,0,39.3,102,60,184,137,460,413,375,343,91,118,96,418,436,178,228,253,250,126,196,52,459,460,405,327,370,144,279,118,39,259
1627827,Dorian Finney-Smith,Dorian,1610612751,BKN,30.0,66,31,35,0.47,49.5,4.8,12.3,0.391,2.8,8.3,0.337,1.1,1.5,0.763,2.8,5.0,7.8,2.5,1.5,1.4,0.9,0.5,3.5,1.4,13.6,-0.2,31.8,2,0,31.1,162,191,100,332,23,462,408,460,184,169,280,451,461,271,150,348,251,404,433,272,200,414,356,475,449,241,460,155,39,451
203926,Doug McDermott,Doug,1610612759,SAS,31.0,64,19,45,0.297,45.7,8.3,18.2,0.457,4.3,10.4,0.413,1.8,2.4,0.757,0.8,4.0,4.8,3.2,2.0,0.5,0.2,0.8,4.1,1.8,22.7,-8.2,33.2,0,0,36.3,181,324,27,460,488,182,153,262,44,72,60,363,368,283,428,458,472,321,351,507,467,280,263,432,155,445,433,253,39,336
203110,Draymond Green,Draymond,1610612744,GSW,33.0,73,41,32,0.562,46.1,5.0,9.5,0.527,0.8,2.6,0.305,1.5,2.2,0.713,1.3,9.2,10.5,10.0,4.1,1.5,1.2,0.4,4.6,3.0,12.4,6.9,44.1,11,0,39.2,92,65,156,166,450,451,509,108,435,446,373,402,403,360,320,80,138,26,57,216,135,456,182,296,473,55,198,56,39,263
1629234,Drew Eubanks,Drew,1610612757,POR,26.0,78,31,47,0.397,47.8,6.5,10.1,0.641,0.2,0.5,0.389,2.5,3.8,0.664,4.0,8.6,12.6,3.1,2.0,1.2,3.1,0.3,5.1,3.9,15.6,-4.0,46.3,3,0,40.2,38,191,21,412,186,336,486,26,477,493,120,270,238,423,86,102,93,330,349,327,17,480,134,189,403,355,159,130,39,240
1630696,Dru Smith,Dru,1610612751,BKN,25.0,15,7,8,0.467,47.7,5.4,13.6,0.4,1.5,5.7,0.263,0.9,0.9,1.0,0.6,6.6,7.2,6.6,0.9,3.0,1.2,0.9,6.9,0.9,13.3,-8.4,43.6,0,0,37.0,451,442,442,338,204,426,362,436,359,315,420,467,496,1,478,204,294,109,508,24,139,234,38,504,459,451,210,253,39,320
1630613,Duane Washington Jr.,Duane,1610612752,NYK,23.0,31,17,14,0.548,47.1,11.2,30.6,0.367,4.8,13.3,0.36,1.9,2.9,0.667,0.2,4.1,4.3,7.5,4.1,0.7,0.5,1.9,2.7,3.2,29.2,-0.7,45.1,0,0,48.1,396,347,393,188,304,44,3,486,30,21,219,352,323,403,512,453,491,82,58,477,358,25,473,255,57,268,181,253,39,100
1629130,Duncan Robinson,Duncan,1610612748,MIA,29.0,42,19,23,0.452,48.4,6.2,16.6,0.371,4.4,13.4,0.328,2.0,2.2,0.906,0.6,4.3,4.8,3.2,2.0,1.0,0.0,0.4,5.4,2.3,18.8,-3.9,30.4,0,0,33.2,335,324,303,358,108,370,222,481,38,18,326,335,394,48,491,430,469,318,360,416,491,468,105,373,281,354,486,253,39,418
203939,Dwight Powell,Dwight,1610612742,DAL,31.0,76,37,39,0.487,49.2,6.7,9.1,0.732,0.0,0.2,0.0,3.8,5.7,0.667,5.0,5.6,10.6,2.3,2.2,1.6,0.9,0.6,7.1,6.4,17.1,5.6,38.6,1,0,35.0,55,110,60,304,36,314,517,8,492,508,492,141,107,403,52,282,136,425,307,168,203,373,35,53,350,79,313,192,39,374
1629685,Dylan Windler,Dylan,1610612739,CLE,26.0,3,3,0,1.0,57.7,11.1,16.7,0.667,5.6,11.1,0.5,0.0,0.0,0.0,0.0,0.0,0.0,5.6,5.6,5.6,0.0,0.0,0.0,0.0,27.8,-5.6,47.2,0,0,50.0,520,481,532,1,1,45,218,16,10,54,10,511,516,511,517,531,533,156,9,3,491,499,528,526,80,390,145,253,39,77
1630700,Dyson Daniels,Dyson,1610612740,NOP,20.0,59,33,26,0.559,46.7,3.9,9.3,0.418,1.2,3.9,0.314,1.2,1.8,0.65,1.6,6.8,8.4,6.0,2.6,1.9,0.5,0.4,4.4,1.8,10.2,-0.3,34.0,0,0,30.6,230,162,250,168,373,505,513,398,395,407,355,447,430,434,271,198,225,133,230,107,352,435,216,433,509,249,415,253,39,465
202722,Dāvis Bertāns,Dāvis,1610612742,DAL,30.0,45,20,25,0.444,47.7,6.7,15.5,0.431,5.3,13.7,0.39,1.3,1.5,0.867,1.0,4.2,5.1,2.0,1.0,1.1,0.8,0.3,5.1,2.7,20.0,-3.6,33.8,0,0,36.2,321,310,268,365,205,306,263,355,13,17,116,437,460,92,398,438,448,456,501,387,228,475,128,334,239,346,420,253,39,339
1628410,Edmond Sumner,Edmond,1610612751,BKN,27.0,53,33,20,0.623,46.6,7.9,17.0,0.461,2.0,5.5,0.356,6.3,6.8,0.917,0.8,4.2,5.0,4.3,3.2,2.0,0.6,1.6,5.3,5.6,23.9,1.6,41.0,0,0,40.4,277,162,341,105,383,207,204,252,302,326,227,46,77,41,424,436,458,230,124,102,285,57,118,80,134,193,264,253,39,239
201569,Eric Gordon,Eric,1610612746,LAC,34.0,69,25,44,0.362,46.8,6.9,15.6,0.446,3.1,8.5,0.371,3.4,4.1,0.821,0.4,2.8,3.2,4.4,2.5,1.0,0.6,0.7,1.9,3.1,20.4,-5.0,33.1,0,0,34.3,123,262,30,428,352,288,259,301,141,161,180,178,204,171,509,515,526,224,239,397,302,304,519,267,225,378,435,253,39,386
1630647,Eugene Omoruyi,Eugene,1610612765,DET,26.0,40,10,30,0.25,48.6,7.6,17.2,0.443,1.9,6.7,0.281,3.8,5.6,0.68,3.2,5.1,8.4,2.1,2.6,2.1,0.2,1.7,6.9,5.4,20.9,-3.1,38.6,0,0,38.0,350,418,184,484,79,221,198,310,314,261,405,132,108,396,120,332,228,449,225,75,462,50,39,87,209,336,317,253,39,292
203095,Evan Fournier,Evan,1610612752,NYK,30.0,27,15,12,0.556,48.0,5.9,17.4,0.337,3.7,11.9,0.307,1.9,2.2,0.857,0.4,4.7,5.1,3.8,2.3,1.7,0.3,0.4,4.8,1.9,17.3,-5.6,32.7,0,0,33.8,414,369,418,172,167,391,189,505,88,40,369,357,399,104,504,380,450,269,276,151,430,447,161,425,342,394,443,253,39,400
1630596,Evan Mobley,Evan,1610612739,CLE,22.0,79,48,31,0.608,49.5,9.6,17.3,0.554,0.4,1.9,0.216,3.7,5.5,0.674,3.4,9.6,13.0,4.1,2.7,1.1,2.2,1.1,4.0,4.5,23.3,6.2,52.1,24,0,47.3,27,16,164,113,22,104,195,77,455,462,458,147,111,401,112,71,86,245,206,375,51,132,284,136,146,69,84,25,39,121
1630267,Facundo Campazzo,Facundo,1610612742,DAL,32.0,8,2,6,0.25,48.3,2.8,12.0,0.231,2.8,10.2,0.273,0.9,1.9,0.5,0.0,1.9,1.9,8.3,2.8,5.6,0.0,0.9,2.8,1.9,9.3,10.2,37.9,0,0,33.3,479,491,457,484,122,522,424,526,189,78,414,466,426,482,517,529,532,53,188,3,491,229,465,431,516,28,333,253,39,411
1628402,Frank Jackson,Frank,1610612762,UTA,25.0,1,0,1,0.0,56.1,0.0,33.3,0.0,0.0,11.1,0.0,0.0,0.0,0.0,11.1,11.1,22.2,11.1,0.0,0.0,0.0,0.0,0.0,0.0,0.0,-22.2,43.3,0,0,33.3,531,528,516,528,2,534,2,534,492,54,492,511,516,511,1,34,2,14,519,513,491,499,528,526,535,526,215,253,39,411
1626163,Frank Kaminsky,Frank,1610612745,HOU,30.0,36,13,23,0.361,46.8,6.2,12.5,0.492,2.6,6.6,0.394,2.8,3.2,0.875,1.4,9.0,10.4,6.4,1.8,1.2,0.8,0.6,4.4,2.2,17.7,-0.8,43.9,0,0,41.0,373,391,303,429,359,366,395,171,212,268,104,239,295,74,307,91,144,119,387,332,222,363,227,385,320,275,203,253,39,219
1628373,Frank Ntilikina,Frank,1610612742,DAL,24.0,47,20,27,0.426,47.7,3.8,10.4,0.364,1.3,5.3,0.254,1.7,2.6,0.667,0.5,4.3,4.9,4.6,2.3,1.3,0.5,0.5,5.1,2.5,10.6,2.7,26.4,0,0,25.0,311,310,229,384,202,510,478,487,384,339,430,380,350,403,492,424,466,215,284,306,325,392,133,351,506,149,513,253,39,518
1630532,Franz Wagner,Franz,1610612753,ORL,21.0,80,33,47,0.413,47.5,9.9,20.4,0.485,2.4,6.6,0.361,4.9,5.9,0.842,1.3,4.7,6.0,5.2,3.0,1.4,0.3,1.5,3.3,5.2,27.0,0.9,44.1,2,0,44.0,15,162,21,399,236,89,105,191,238,269,217,79,102,134,334,378,378,172,140,255,434,63,394,96,90,211,200,155,39,169
1627832,Fred VanVleet,Fred,1610612761,TOR,29.0,69,34,35,0.493,48.8,8.4,21.4,0.393,4.0,11.7,0.342,4.9,5.4,0.898,0.6,4.8,5.4,9.5,2.7,2.4,0.7,1.1,3.7,4.3,25.7,3.8,53.0,10,1,50.8,123,149,100,291,70,170,81,455,65,46,271,85,117,57,485,369,431,35,200,50,244,147,324,157,102,119,73,64,17,70
1627788,Furkan Korkmaz,Furkan,1610612755,PHI,25.0,37,24,13,0.649,46.8,6.4,14.7,0.432,2.4,6.1,0.391,3.4,4.8,0.722,0.8,4.8,5.6,2.9,3.2,1.3,0.4,1.1,2.4,3.6,18.5,0.3,31.6,0,0,32.8,365,271,407,79,353,346,298,351,234,293,110,175,162,346,431,373,419,353,120,279,388,176,499,218,294,228,468,253,39,427
1629216,Gabe Vincent,Gabe,1610612748,MIA,27.0,68,37,31,0.544,48.9,6.3,15.8,0.402,3.3,9.7,0.334,1.9,2.2,0.872,0.8,3.3,4.0,4.6,2.6,1.7,0.1,0.5,4.3,2.7,17.8,-0.8,32.7,0,0,33.5,133,110,164,199,57,351,250,433,129,97,291,355,402,81,447,496,504,207,227,132,487,399,239,340,316,274,445,253,39,408
1628221,Gabe York,Gabe,1610612754,IND,29.0,3,1,2,0.333,46.9,6.7,17.6,0.381,5.0,15.1,0.333,1.7,1.7,1.0,0.0,5.0,5.0,4.2,0.0,1.7,0.0,1.7,4.2,3.4,20.2,20.2,37.6,0,0,37.8,520,507,512,442,328,304,170,473,21,6,292,387,439,1,517,337,456,236,519,148,491,47,245,242,230,9,338,253,39,298
202066,Garrett Temple,Garrett,1610612740,NOP,37.0,25,16,9,0.64,44.6,5.0,12.4,0.4,3.0,7.2,0.423,0.8,1.1,0.75,1.4,3.3,4.7,3.6,1.1,2.5,0.6,0.6,4.1,0.6,13.8,-4.7,32.8,0,0,31.1,419,357,436,87,521,455,403,436,156,232,48,477,483,290,309,493,477,285,491,42,324,390,255,521,443,372,441,253,39,452
1629726,Garrison Mathews,Garrison,1610612737,ATL,26.0,54,16,38,0.296,47.0,5.0,13.8,0.363,4.3,12.3,0.35,3.3,3.6,0.906,0.8,4.2,5.0,1.8,1.3,1.6,0.3,0.1,4.2,3.5,17.6,-6.0,30.9,0,0,32.6,270,357,69,461,314,453,354,488,42,32,244,187,252,49,446,433,460,478,462,165,416,494,243,230,328,401,481,253,39,432
203914,Gary Harris,Gary,1610612753,ORL,28.0,48,22,26,0.458,47.9,5.6,12.4,0.45,3.8,8.8,0.431,1.1,1.2,0.9,0.8,3.1,4.0,2.4,1.1,1.8,0.5,0.6,3.8,1.5,16.1,-3.4,30.2,0,0,30.8,302,290,250,350,174,421,401,285,76,140,39,455,477,56,416,507,507,418,488,113,356,381,316,464,388,341,490,253,39,458
1627780,Gary Payton II,Gary,1610612744,GSW,30.0,22,13,9,0.591,48.2,5.4,9.0,0.594,1.7,3.4,0.5,0.8,0.9,0.857,3.1,5.9,9.0,3.9,2.1,2.9,0.7,0.1,5.6,1.0,13.2,5.1,38.5,0,0,35.0,430,391,436,126,135,431,518,54,334,421,10,485,495,104,127,255,192,256,326,27,280,496,92,496,461,87,320,253,39,376
1629018,Gary Trent Jr.,Gary,1610612761,TOR,24.0,66,31,35,0.47,47.9,9.2,21.1,0.433,3.8,10.2,0.369,3.9,4.6,0.839,0.7,3.2,3.9,2.4,1.2,2.4,0.3,0.7,2.3,3.0,25.9,-1.2,41.0,0,0,41.3,162,191,100,332,179,120,89,349,80,79,186,129,170,137,466,500,513,414,472,56,429,312,504,285,99,290,265,253,39,214
201588,George Hill,George,1610612754,IND,37.0,46,27,19,0.587,46.8,4.4,9.3,0.47,1.9,5.3,0.358,2.4,3.1,0.764,0.8,3.9,4.8,6.2,1.9,1.5,0.3,0.4,3.1,3.1,13.0,2.3,31.5,0,0,29.5,315,238,346,133,347,481,512,228,310,332,225,289,302,268,417,463,473,123,368,224,420,431,425,266,464,165,469,253,39,482
1627777,Georges Niang,Georges,1610612755,PHI,30.0,78,51,27,0.654,47.5,7.0,15.8,0.442,4.8,12.1,0.401,1.2,1.4,0.867,0.6,5.2,5.8,2.4,1.7,1.0,0.4,0.4,4.6,1.6,20.0,2.4,33.2,0,0,35.9,38,10,229,71,228,284,249,315,28,37,83,444,466,92,480,316,393,410,403,420,372,453,193,452,236,163,434,253,39,346
203507,Giannis Antetokounmpo,Giannis,1610612749,MIL,28.0,63,47,16,0.746,46.2,16.1,29.2,0.553,1.1,3.9,0.275,11.4,17.6,0.645,3.1,13.8,16.9,8.2,5.6,1.2,1.2,1.9,4.5,13.0,44.7,7.8,78.8,46,6,75.6,189,22,379,20,442,3,7,78,410,404,413,5,2,436,128,4,24,61,8,339,144,27,206,2,4,44,4,4,5,3
1629048,Goga Bitadze,Goga,1610612753,ORL,23.0,38,13,25,0.342,48.1,7.3,13.2,0.552,0.6,2.7,0.231,2.4,4.4,0.548,6.4,8.0,14.4,4.1,2.3,1.7,2.7,1.2,6.7,4.7,17.6,2.7,52.0,2,0,45.6,359,391,268,441,152,254,373,80,443,442,452,281,188,475,18,130,54,244,272,146,27,129,46,122,329,150,85,155,39,143
201609,Goran Dragic,Goran,1610612749,MIL,37.0,58,27,31,0.466,46.3,7.5,17.8,0.421,2.8,7.7,0.359,1.7,2.4,0.689,0.9,3.5,4.3,8.0,3.4,0.7,0.2,0.8,3.5,2.3,19.4,0.3,36.0,0,0,36.4,240,238,164,343,428,231,164,390,192,206,222,391,373,388,415,487,490,65,104,481,465,281,368,376,262,227,369,253,39,335
202330,Gordon Hayward,Gordon,1610612766,CHA,33.0,50,20,30,0.4,46.6,8.2,17.2,0.475,1.5,4.7,0.325,3.8,4.7,0.811,1.0,5.4,6.3,6.1,2.9,1.2,0.4,0.6,2.1,4.2,21.6,-3.2,40.3,2,0,38.8,294,310,184,407,388,192,199,219,353,359,332,136,165,189,397,300,348,130,157,314,406,385,514,162,184,338,278,155,39,270
203476,Gorgui Dieng,Gorgui,1610612759,SAS,33.0,31,3,28,0.097,46.8,5.9,15.3,0.385,2.7,9.8,0.28,1.3,1.7,0.769,3.5,10.5,14.0,6.9,4.2,0.5,1.8,0.7,7.5,3.0,15.8,-19.9,45.9,2,0,44.2,396,481,214,527,354,389,272,471,197,92,406,432,438,254,109,49,62,93,52,501,75,346,25,289,398,524,169,155,39,167
1629684,Grant Williams,Grant,1610612738,BOS,24.0,79,55,24,0.696,48.4,5.1,11.3,0.454,2.7,6.9,0.395,2.2,2.9,0.77,2.1,6.5,8.6,3.1,1.9,1.0,0.7,0.5,4.5,3.0,15.2,4.9,33.3,3,0,33.0,27,4,285,35,104,445,454,275,201,249,100,304,320,252,216,212,216,333,366,421,242,403,199,290,415,92,429,130,39,425
1628960,Grayson Allen,Grayson,1610612749,MIL,27.0,72,53,19,0.736,46.7,5.8,13.2,0.44,3.5,8.7,0.399,2.7,3.0,0.905,1.4,4.2,5.6,3.9,1.7,1.5,0.3,0.5,2.8,2.9,17.8,5.4,34.0,0,0,34.3,102,6,346,22,370,400,370,323,107,153,90,249,312,52,301,439,411,261,400,222,424,402,468,315,318,83,416,253,39,388
1630535,Greg Brown III,Greg,1610612757,POR,21.0,16,10,6,0.625,45.6,5.4,13.7,0.393,0.5,3.4,0.143,2.5,5.9,0.417,1.0,8.3,9.3,1.5,2.9,2.0,2.5,2.0,6.4,3.4,13.7,-2.5,37.4,0,0,33.8,445,418,457,100,490,428,356,456,449,420,473,277,100,503,395,114,175,503,154,104,41,20,63,235,444,321,344,253,39,398
1628977,Hamidou Diallo,Hamidou,1610612765,DET,24.0,56,12,44,0.214,46.6,10.1,17.5,0.573,0.2,1.0,0.238,4.1,6.9,0.588,2.7,6.4,9.1,2.6,3.3,2.5,0.7,0.9,5.8,5.5,24.4,-0.7,45.5,0,0,42.8,253,404,30,501,385,82,178,61,474,479,446,124,76,463,161,221,187,391,107,40,238,241,85,84,125,271,173,253,39,185
203084,Harrison Barnes,Harrison,1610612758,SAC,31.0,82,48,34,0.585,47.2,6.6,14.0,0.473,2.3,6.3,0.374,6.2,7.3,0.847,1.5,5.0,6.5,2.3,1.5,1.0,0.2,0.6,1.8,5.1,21.8,4.5,35.1,0,0,35.3,2,16,121,136,270,316,334,221,242,286,165,47,63,124,289,353,342,432,434,403,479,391,522,102,179,99,393,253,39,364
1629312,Haywood Highsmith,Haywood,1610612748,MIA,26.0,54,28,26,0.519,48.8,4.7,10.9,0.431,1.9,5.5,0.339,0.7,1.4,0.464,2.9,6.6,9.5,2.2,2.3,1.8,0.9,0.5,4.1,1.5,11.9,-5.2,32.2,2,0,30.7,270,230,250,239,64,471,466,358,318,328,272,494,467,497,144,205,171,443,290,114,205,410,256,462,482,381,449,155,39,460
1630529,Herbert Jones,Herbert,1610612740,NOP,24.0,66,31,35,0.47,48.4,5.8,12.4,0.469,1.4,4.1,0.335,3.1,4.0,0.764,2.4,4.3,6.7,4.0,2.2,2.6,1.0,0.8,5.2,3.5,16.1,3.7,38.7,0,0,35.4,162,191,100,332,102,395,399,231,374,391,285,209,214,267,183,431,326,250,311,34,168,260,126,224,386,120,310,253,39,360
1630193,Immanuel Quickley,Immanuel,1610612752,NYK,24.0,81,47,34,0.58,48.8,8.7,19.5,0.448,3.5,9.5,0.37,4.2,5.2,0.819,1.2,5.8,7.0,5.8,2.1,1.7,0.3,0.6,3.5,3.6,25.2,6.6,46.1,4,0,45.4,11,22,121,143,63,142,120,295,102,104,181,114,138,176,346,264,310,142,332,158,441,347,369,211,107,60,162,118,39,146
1630171,Isaac Okoro,Isaac,1610612739,CLE,22.0,76,48,28,0.632,49.2,5.2,10.5,0.494,1.8,5.1,0.363,2.3,3.1,0.757,1.5,4.0,5.6,2.6,1.3,1.7,0.9,0.5,4.7,2.4,14.6,3.8,31.6,0,0,29.7,55,16,214,94,40,440,477,164,319,348,213,294,305,282,286,455,417,387,470,157,199,421,174,369,431,118,467,253,39,478
1628392,Isaiah Hartenstein,Isaiah,1610612752,NYK,25.0,82,47,35,0.573,47.9,5.1,9.6,0.535,0.2,1.1,0.216,1.4,2.1,0.676,6.1,9.6,15.8,3.0,1.9,1.6,1.9,0.5,6.3,2.1,11.9,4.4,43.7,2,0,37.8,2,22,100,148,177,443,505,98,472,476,456,417,408,400,20,66,39,342,365,186,72,411,68,402,481,100,206,155,39,299
1630543,Isaiah Jackson,Isaiah,1610612754,IND,21.0,63,24,39,0.381,46.0,7.9,14.0,0.563,0.1,0.6,0.143,4.2,6.4,0.651,5.0,7.5,12.4,2.2,2.2,1.4,4.1,1.3,6.8,5.2,20.1,-5.5,52.5,5,0,45.8,189,271,60,418,465,203,335,70,483,488,473,116,88,433,55,158,96,438,296,268,5,94,42,100,234,389,78,105,39,140
1630198,Isaiah Joe,Isaiah,1610612760,OKC,23.0,73,36,37,0.493,46.0,7.4,16.7,0.441,5.3,13.0,0.409,2.7,3.3,0.82,0.9,4.9,5.8,2.9,1.3,1.6,0.3,0.4,3.5,3.4,22.8,7.0,38.3,0,0,40.5,92,126,82,288,462,243,215,318,14,23,68,248,284,174,410,361,397,358,465,178,453,467,367,241,154,54,324,253,39,236
1630587,Isaiah Livers,Isaiah,1610612765,DET,24.0,52,10,42,0.192,48.3,4.8,11.6,0.417,3.0,8.2,0.365,1.3,1.6,0.821,1.1,4.6,5.8,1.7,1.2,1.1,1.1,0.3,4.2,1.4,13.9,-8.1,28.9,1,0,28.9,283,418,42,513,116,461,442,401,163,181,206,433,448,172,365,387,398,490,476,360,153,476,253,471,439,441,502,192,39,488
1630600,Isaiah Mobley,Isaiah,1610612739,CLE,23.0,12,8,4,0.667,49.6,7.1,16.5,0.429,1.8,4.7,0.375,2.4,2.4,1.0,2.4,9.4,11.8,1.8,0.6,2.4,1.8,1.2,4.7,1.8,18.2,18.2,46.8,0,0,41.8,460,436,480,56,21,270,225,364,326,363,159,291,382,1,188,76,108,479,516,53,78,124,173,441,306,15,154,253,39,204
1629676,Isaiah Roby,Isaiah,1610612752,NYK,25.0,42,9,33,0.214,46.2,6.5,15.1,0.432,1.8,5.9,0.3,2.0,4.0,0.488,2.0,8.5,10.5,3.7,3.0,1.8,0.7,0.7,5.2,3.6,16.8,-10.7,39.3,0,0,37.7,335,426,138,501,441,326,280,352,328,304,382,348,212,495,217,106,139,275,142,120,262,335,125,214,360,480,298,253,39,306
1630191,Isaiah Stewart,Isaiah,1610612765,DET,22.0,50,12,38,0.24,47.3,6.5,14.8,0.442,2.2,6.9,0.327,3.7,5.0,0.738,3.8,9.6,13.5,2.3,2.3,0.7,1.1,0.7,4.5,4.0,19.0,-7.6,41.8,13,0,40.7,294,404,69,492,258,329,296,316,256,251,328,156,148,321,96,65,70,423,285,484,152,341,211,181,275,428,246,50,39,231
1630225,Isaiah Todd,Isaiah,1610612764,WAS,21.0,6,2,4,0.333,45.1,2.2,14.0,0.158,0.7,7.4,0.1,1.5,1.5,1.0,1.5,7.4,8.8,2.9,1.5,0.7,0.0,0.7,2.9,0.7,6.6,-5.1,22.4,0,0,20.6,493,491,480,442,510,529,339,531,439,220,485,411,456,1,297,163,203,347,442,470,491,305,446,513,530,379,527,253,39,530
202397,Ish Smith,Ish,1610612743,DEN,34.0,43,25,18,0.581,47.2,6.2,15.5,0.397,0.2,1.4,0.167,0.2,0.5,0.5,0.6,5.8,6.4,11.9,5.2,0.9,0.8,0.7,3.9,1.3,12.8,-4.3,38.4,0,0,34.9,327,262,365,138,284,368,262,446,471,471,469,510,514,482,481,265,346,10,14,423,213,320,292,482,468,363,321,253,39,378
1630688,Ish Wainright,Ish,1610612756,PHX,28.0,60,33,27,0.55,47.6,4.4,11.8,0.37,3.0,9.0,0.329,1.4,1.6,0.839,2.3,4.9,7.2,2.8,1.1,2.0,1.1,0.4,6.1,1.7,13.1,4.8,34.1,0,0,32.3,222,162,229,186,218,482,433,483,165,128,322,427,443,138,191,360,293,371,485,101,150,449,73,447,463,95,410,253,39,438
1627826,Ivica Zubac,Ivica,1610612746,LAC,26.0,76,43,33,0.566,48.8,7.3,11.6,0.634,0.0,0.0,0.0,3.7,5.4,0.697,5.3,11.7,17.0,1.7,2.6,0.7,2.2,1.0,4.9,4.8,18.4,-0.7,47.4,27,0,42.9,55,53,138,160,66,247,443,33,492,517,492,148,123,378,39,24,21,484,214,487,49,187,143,117,302,270,140,24,39,184
1631120,JD Davison,JD,1610612738,BOS,20.0,12,11,1,0.917,46.9,5.7,13.6,0.421,1.4,5.0,0.286,0.7,1.4,0.5,1.4,5.0,6.4,7.9,2.9,1.4,1.4,0.7,3.6,1.4,13.6,-4.3,38.8,0,0,35.0,460,413,516,9,323,411,361,385,369,351,396,491,464,482,303,344,345,71,170,246,113,318,353,469,451,364,309,253,39,375
1630550,JT Thor,JT,1610612766,CHA,20.0,69,22,47,0.319,46.9,4.6,11.5,0.399,1.9,6.0,0.317,1.6,2.3,0.702,1.7,5.6,7.4,1.7,2.1,1.1,1.1,0.6,3.2,1.8,12.7,-7.9,28.6,0,0,28.1,123,290,21,453,321,474,445,444,312,298,348,397,389,370,250,276,284,482,318,388,154,351,410,438,469,434,504,253,39,493
1629630,Ja Morant,Ja,1610612763,MEM,23.0,61,40,21,0.656,46.8,13.6,29.2,0.466,2.2,7.2,0.307,8.9,11.9,0.748,1.5,7.1,8.6,11.9,5.0,1.6,0.4,2.0,2.4,9.1,38.4,7.3,67.4,20,7,65.0,214,74,327,68,350,11,6,239,260,227,371,12,11,306,298,182,217,11,17,174,395,14,496,9,14,52,7,30,4,11
203210,JaMychal Green,JaMychal,1610612744,GSW,33.0,57,30,27,0.526,45.8,7.8,14.5,0.54,2.4,6.4,0.378,3.0,3.8,0.776,4.1,7.6,11.8,2.9,3.0,1.4,1.3,0.8,6.0,3.2,21.0,-9.0,44.8,0,0,43.7,246,207,229,222,483,208,315,92,232,279,150,218,231,243,78,145,106,349,148,241,121,278,76,264,205,463,186,253,39,175
201580,JaVale McGee,JaVale,1610612742,DAL,35.0,42,20,22,0.476,47.0,10.6,16.6,0.64,0.3,0.7,0.4,3.2,5.4,0.585,4.0,10.2,14.2,1.5,4.8,0.5,3.4,1.1,7.2,5.2,24.7,-7.6,51.0,0,0,48.5,335,310,315,320,306,61,223,27,469,486,85,195,118,464,87,53,59,506,23,498,10,173,32,99,120,427,94,253,39,94
1631095,Jabari Smith Jr.,Jabari,1610612745,HOU,20.0,79,21,58,0.266,47.7,7.1,17.4,0.408,2.3,7.6,0.307,3.2,4.0,0.786,2.4,8.7,11.1,2.0,2.0,0.8,1.4,0.7,4.4,3.0,19.7,-10.8,40.7,16,0,39.6,27,303,4,478,199,266,187,426,245,211,370,200,211,222,186,98,129,461,348,447,112,336,218,284,253,483,270,41,39,254
1631133,Jabari Walker,Jabari,1610612757,POR,20.0,56,21,35,0.375,46.5,6.2,14.9,0.419,1.2,4.2,0.286,2.6,3.4,0.756,3.6,6.2,9.8,2.6,2.2,0.8,1.0,1.0,5.2,2.9,16.2,-8.6,34.9,0,0,33.3,253,303,100,421,395,363,291,395,397,388,396,266,278,287,106,232,161,392,313,467,182,211,124,302,382,457,397,253,39,414
1631298,Jack White,Jack,1610612743,DEN,25.0,17,13,4,0.765,48.9,5.9,14.1,0.421,2.2,6.7,0.333,1.5,2.2,0.667,4.4,8.1,12.6,3.0,1.5,2.2,1.5,1.5,6.7,1.5,15.6,-12.6,44.7,0,0,40.7,442,391,480,15,58,386,332,385,258,262,292,408,396,403,68,121,94,344,438,67,104,66,49,465,406,497,189,253,39,228
1631367,Jacob Gilyard,Jacob,1610612763,MEM,24.0,1,0,1,0.0,46.9,1.1,3.4,0.333,1.1,3.4,0.333,0.0,0.0,0.0,0.0,4.6,4.6,8.0,2.3,3.4,0.0,0.0,3.4,0.0,3.4,-14.9,29.1,0,0,24.1,531,528,516,528,339,532,537,507,402,418,292,511,516,511,517,391,480,64,277,15,491,499,371,526,533,510,499,253,39,523
1630702,Jaden Hardy,Jaden,1610612742,DAL,20.0,48,20,28,0.417,47.2,9.7,22.2,0.438,4.2,10.4,0.404,4.3,5.3,0.823,0.7,5.2,5.9,4.3,3.1,1.1,0.5,2.0,4.3,4.1,28.0,-2.1,43.3,0,0,45.6,302,310,214,391,290,99,66,329,49,71,78,109,130,167,450,320,386,228,136,359,368,17,242,175,77,315,217,253,39,142
1631093,Jaden Ivey,Jaden,1610612765,DET,21.0,74,16,58,0.216,47.8,8.5,20.4,0.416,2.5,7.3,0.343,5.5,7.4,0.747,1.5,4.5,6.0,8.0,4.9,1.3,0.4,1.8,5.0,6.6,25.0,-13.3,44.1,8,0,44.7,79,357,4,500,182,161,103,406,223,224,268,65,60,308,294,405,382,66,18,302,409,34,136,43,114,500,197,80,39,154
1630183,Jaden McDaniels,Jaden,1610612750,MIN,22.0,79,41,38,0.519,47.6,7.3,14.1,0.517,2.1,5.3,0.398,2.1,2.8,0.736,1.8,4.2,6.0,2.9,2.2,1.5,1.5,0.6,5.4,2.5,18.8,1.4,37.0,0,0,35.7,27,65,69,237,227,252,330,123,275,335,93,325,326,326,243,435,373,354,305,226,102,378,109,359,282,198,350,253,39,353
1630531,Jaden Springer,Jaden,1610612755,PHI,20.0,16,13,3,0.813,46.0,8.8,18.0,0.486,1.0,2.6,0.4,3.1,4.1,0.75,3.1,4.1,7.2,4.1,1.5,3.6,1.5,1.5,7.7,2.1,21.6,-1.5,50.4,0,0,44.3,445,391,496,10,461,139,160,186,414,448,85,204,203,290,132,446,295,242,429,13,90,59,19,399,183,299,104,253,39,164
203109,Jae Crowder,Jae,1610612749,MIL,32.0,18,13,5,0.722,45.7,6.1,12.7,0.479,3.2,7.4,0.436,1.3,1.6,0.833,2.3,7.0,9.3,3.6,0.9,1.6,0.8,0.3,3.6,1.2,16.7,0.0,39.6,0,0,37.7,438,391,464,27,486,379,390,211,133,218,36,429,442,144,196,189,180,283,504,169,220,481,345,487,364,234,294,253,39,303
1630256,Jae'Sean Tate,Jae'Sean,1610612745,HOU,27.0,31,7,24,0.226,47.3,7.7,16.0,0.48,0.9,3.2,0.283,3.5,4.8,0.725,2.9,5.4,8.2,5.9,3.3,1.5,0.5,1.7,7.4,4.7,19.8,-6.6,41.0,0,0,38.7,396,442,285,498,260,217,246,202,424,430,403,169,156,339,145,299,236,140,110,223,354,42,27,126,250,411,263,253,39,272
1631222,Jake LaRavia,Jake,1610612763,MEM,21.0,35,22,13,0.629,47.1,4.2,10.8,0.389,2.7,8.1,0.338,0.8,1.0,0.778,2.2,5.0,7.2,2.4,2.0,1.4,0.5,0.5,5.6,1.0,11.9,-8.9,27.5,0,0,27.9,379,290,407,97,295,492,468,461,199,189,276,482,489,236,206,343,301,416,341,269,371,430,97,500,480,460,508,253,39,495
1627751,Jakob Poeltl,Jakob,1610612761,TOR,27.0,72,26,46,0.361,47.9,9.8,15.5,0.629,0.0,0.0,0.0,3.0,5.0,0.592,5.9,10.5,16.4,4.9,3.1,1.7,2.2,0.9,4.9,4.8,22.5,-3.7,57.9,19,0,51.5,102,253,24,429,180,92,264,36,492,522,492,217,146,461,24,48,30,185,128,161,52,255,148,118,159,349,40,33,39,66
1628973,Jalen Brunson,Jalen,1610612752,NYK,26.0,68,40,28,0.588,48.9,12.1,24.6,0.491,2.8,6.6,0.416,6.7,8.1,0.829,0.8,4.1,5.0,8.7,2.9,1.3,0.3,1.0,3.1,8.0,33.6,3.1,54.3,5,0,53.1,133,74,214,129,55,28,37,174,195,265,54,37,39,157,425,445,462,49,159,308,435,181,420,21,30,140,66,105,39,51
1631105,Jalen Duren,Jalen,1610612765,DET,19.0,67,16,51,0.239,47.8,7.4,11.4,0.648,0.0,0.1,0.0,2.7,4.5,0.611,6.6,10.5,17.0,2.1,2.6,1.3,1.7,1.0,5.2,3.6,17.5,-8.0,47.4,19,0,42.6,145,357,10,494,187,242,451,23,492,516,492,244,182,452,16,47,20,445,213,303,82,202,123,217,332,437,139,33,39,188
1630224,Jalen Green,Jalen,1610612745,HOU,21.0,76,20,56,0.263,47.6,10.3,24.8,0.416,3.4,10.1,0.338,6.7,8.5,0.786,0.8,4.4,5.2,5.1,3.7,1.1,0.3,1.9,2.4,5.7,30.8,-8.2,45.3,0,0,47.3,55,310,7,480,225,71,35,405,110,80,278,38,33,223,435,415,445,174,85,381,428,24,498,76,44,443,178,253,39,119
1630552,Jalen Johnson,Jalen,1610612737,ATL,21.0,70,35,35,0.5,46.6,7.1,14.4,0.491,1.3,4.7,0.288,2.2,3.5,0.628,2.3,10.3,12.6,3.7,1.8,1.7,1.5,1.1,5.1,2.5,17.7,-0.4,46.2,1,0,41.8,116,137,100,264,380,269,320,176,380,365,393,307,269,443,198,52,92,274,381,139,97,168,135,353,321,260,160,192,39,201
1629667,Jalen McDaniels,Jalen,1610612755,PHI,25.0,80,31,49,0.388,46.9,6.9,15.1,0.455,1.9,5.7,0.332,2.8,3.4,0.841,1.5,6.9,8.5,3.2,2.3,2.0,0.8,1.0,5.1,3.1,18.5,-3.7,39.8,3,0,37.8,15,191,15,417,336,290,279,268,313,317,316,236,277,136,288,192,220,319,283,86,211,218,130,278,296,348,288,130,39,300
1630188,Jalen Smith,Jalen,1610612754,IND,23.0,68,31,37,0.456,46.3,8.8,18.4,0.476,2.0,6.9,0.283,3.8,5.0,0.759,4.7,9.6,14.3,2.4,2.6,0.8,2.2,1.4,5.5,5.2,23.2,-3.4,50.1,7,0,47.7,133,191,82,354,431,140,150,213,304,245,402,144,149,278,66,67,57,417,218,464,50,79,100,95,148,342,108,86,39,110
1630591,Jalen Suggs,Jalen,1610612753,ORL,22.0,53,20,33,0.377,47.2,7.1,16.8,0.419,2.5,7.7,0.327,3.3,4.5,0.723,2.1,4.0,6.1,5.9,3.6,2.5,1.0,1.1,4.5,4.9,19.9,-1.5,43.1,0,0,41.5,277,310,138,420,274,271,212,396,222,208,329,190,180,345,212,456,367,139,89,36,175,154,194,114,244,298,219,253,39,212
1631114,Jalen Williams,Jalen,1610612760,OKC,22.0,75,36,39,0.48,46.4,8.4,16.2,0.521,1.5,4.2,0.356,3.2,3.9,0.812,1.7,5.2,6.9,5.1,2.5,2.1,0.7,1.1,3.9,3.3,21.5,-1.1,43.3,3,0,40.6,70,126,60,317,411,164,239,114,363,389,228,199,225,188,257,326,316,178,234,78,252,175,295,244,186,284,216,130,39,232
1631288,Jamal Cain,Jamal,1610612748,MIA,24.0,18,10,8,0.556,47.0,7.2,12.9,0.561,1.4,3.9,0.35,3.3,4.3,0.773,2.9,7.2,10.2,2.3,1.2,2.2,0.2,0.4,4.1,2.9,19.2,4.3,40.8,0,0,37.8,438,418,442,172,313,258,383,72,378,402,244,183,197,246,140,174,151,421,483,69,473,459,261,301,271,104,269,253,39,301
1627750,Jamal Murray,Jamal,1610612743,DEN,26.0,65,43,22,0.662,48.3,10.7,23.6,0.454,3.9,9.8,0.398,4.1,4.9,0.833,1.1,4.7,5.8,9.1,3.3,1.5,0.4,0.8,2.3,4.1,29.4,6.8,52.3,5,1,51.9,171,53,315,65,112,58,47,272,71,93,91,123,151,144,374,375,392,42,109,209,403,283,502,176,55,58,82,105,17,61
1631123,Jamaree Bouyea,Jamaree,1610612764,WAS,24.0,5,2,3,0.4,51.1,4.3,10.1,0.429,1.4,4.3,0.333,0.7,1.4,0.5,0.7,3.6,4.3,2.9,2.9,2.9,1.4,0.7,4.3,0.7,10.9,-12.3,30.6,0,0,28.3,499,491,496,407,6,483,485,364,365,380,292,489,462,482,455,477,487,360,163,26,110,311,231,515,501,496,485,253,39,491
1630547,James Bouknight,James,1610612766,CHA,22.0,34,9,25,0.265,47.1,6.3,17.6,0.358,3.0,10.0,0.303,1.8,2.7,0.667,0.7,5.8,6.6,3.7,2.9,1.3,0.5,1.2,4.5,2.6,17.4,-8.9,33.2,0,0,34.2,385,426,268,479,302,355,172,496,157,87,376,365,337,403,451,260,336,272,158,298,370,120,207,348,336,459,431,253,39,389
201935,James Harden,James,1610612755,PHI,33.0,58,39,19,0.672,49.9,8.7,19.7,0.441,3.8,9.8,0.385,7.3,8.4,0.867,0.9,7.3,8.3,14.4,4.6,1.7,0.7,1.2,2.6,6.2,28.4,6.5,62.6,36,5,59.6,240,89,346,53,12,146,117,320,79,95,133,26,34,90,400,167,233,2,31,160,247,109,483,62,68,63,21,11,6,19
201949,James Johnson,James,1610612754,IND,36.0,18,7,11,0.389,46.1,6.3,13.9,0.449,0.9,4.3,0.2,1.1,2.3,0.5,1.1,7.4,8.5,4.3,2.3,2.0,1.7,0.9,9.1,1.7,14.5,-2.0,39.9,0,0,35.5,438,442,425,416,454,360,342,286,430,385,461,449,390,482,361,160,219,232,286,99,80,257,7,445,434,311,285,253,39,359
1630164,James Wiseman,James,1610612765,DET,22.0,45,11,34,0.244,47.5,10.4,18.6,0.558,0.2,1.1,0.2,3.7,5.3,0.701,4.0,10.6,14.6,1.6,2.8,0.4,1.5,1.3,5.9,4.2,24.7,-17.9,47.5,8,0,44.9,321,413,121,490,233,70,143,76,476,475,461,150,126,373,83,42,51,492,184,511,105,101,80,163,121,521,136,80,39,152
1630215,Jared Butler,Jared,1610612760,OKC,22.0,6,3,3,0.5,47.5,9.3,19.9,0.469,4.3,8.7,0.5,0.0,0.0,0.0,0.6,1.9,2.5,5.0,3.1,3.1,0.0,2.5,3.1,1.9,23.0,-0.6,39.6,0,0,41.0,493,481,496,264,230,113,113,232,39,151,10,511,516,511,475,528,531,181,132,21,491,8,422,428,151,267,293,253,39,221
1631197,Jared Rhoden,Jared,1610612765,DET,23.0,14,2,12,0.143,48.4,4.2,10.8,0.386,1.2,4.9,0.25,1.5,1.5,1.0,2.7,6.4,9.0,1.0,0.7,1.0,0.2,1.2,5.6,1.5,11.0,5.1,26.3,0,0,24.7,457,491,418,523,103,494,470,466,394,354,432,412,457,1,158,223,191,519,512,418,458,106,93,466,499,86,515,253,39,520
1628991,Jaren Jackson Jr.,Jaren,1610612763,MEM,23.0,63,41,22,0.651,46.5,10.8,21.4,0.506,2.6,7.3,0.355,6.3,8.0,0.788,2.8,8.3,11.1,1.6,2.8,1.7,4.9,1.7,5.9,6.3,30.5,9.5,63.2,7,0,59.0,189,65,315,76,393,52,80,136,211,221,233,45,41,220,149,118,128,497,186,144,2,43,81,58,46,34,18,86,39,22
1629020,Jarred Vanderbilt,Jarred,1610612747,LAL,24.0,78,43,35,0.551,47.6,6.3,11.4,0.548,0.7,2.3,0.322,2.4,3.5,0.691,4.3,10.4,14.7,4.7,2.5,2.1,0.5,0.8,4.8,3.5,15.7,-2.6,45.8,10,0,41.1,38,53,100,184,214,359,448,84,440,458,340,279,262,387,75,50,47,205,243,77,338,296,160,220,402,323,171,64,39,216
1629714,Jarrell Brantley,Jarrell,1610612762,UTA,27.0,4,0,4,0.0,48.1,9.9,17.3,0.571,4.9,11.1,0.444,2.5,2.5,1.0,1.2,6.2,7.4,3.7,2.5,0.0,2.5,0.0,3.7,1.2,27.2,18.5,46.5,0,0,48.1,509,528,480,528,151,88,194,62,24,54,30,275,361,1,339,236,280,276,240,513,40,499,327,486,88,13,156,253,39,100
1628386,Jarrett Allen,Jarrett,1610612739,CLE,25.0,68,44,24,0.647,49.7,9.0,14.0,0.644,0.0,0.2,0.1,3.6,4.9,0.733,4.9,10.0,14.9,2.5,2.1,1.2,1.9,1.0,3.4,5.0,21.7,7.7,50.5,32,0,45.3,133,40,285,80,19,133,337,25,490,507,485,162,150,331,56,57,44,396,334,326,73,208,377,109,182,46,101,16,39,148
1629633,Jarrett Culver,Jarrett,1610612737,ATL,24.0,10,5,5,0.5,46.4,5.8,14.6,0.395,0.3,4.1,0.083,3.1,4.4,0.692,3.4,9.5,12.9,2.0,2.4,2.0,0.7,1.4,4.7,5.1,14.9,-6.4,39.2,0,0,35.6,468,459,464,264,415,406,307,449,460,396,487,210,191,383,115,73,88,458,262,88,266,88,170,104,419,407,300,253,39,358
1630554,Jason Preston,Jason,1610612746,LAC,23.0,14,4,10,0.286,47.4,6.9,15.7,0.439,1.9,6.9,0.278,0.0,0.8,0.0,0.8,7.7,8.4,10.3,3.8,0.8,0.0,0.0,2.7,0.8,15.7,-4.2,39.8,0,0,37.9,457,468,430,465,244,289,254,326,309,247,409,511,503,511,442,143,223,24,76,461,491,499,479,511,401,361,287,253,39,293
1629750,Javonte Green,Javonte,1610612741,CHI,29.0,32,13,19,0.406,47.2,6.0,10.6,0.565,1.3,3.4,0.371,2.9,4.4,0.667,2.7,6.0,8.6,2.3,2.0,2.4,2.1,0.8,5.1,3.7,16.2,4.7,41.3,0,0,37.2,392,391,346,406,288,382,473,67,391,419,175,223,189,403,162,249,211,434,359,51,58,288,132,205,383,96,259,253,39,316
1629637,Jaxson Hayes,Jaxson,1610612740,NOP,23.0,47,22,25,0.468,46.9,6.6,12.0,0.551,0.2,2.2,0.103,4.5,6.4,0.699,3.0,7.2,10.2,2.6,2.4,1.5,1.5,0.6,5.2,4.5,17.9,-5.4,40.6,0,0,36.9,311,290,268,336,324,319,428,81,475,459,484,98,89,375,138,178,154,383,260,194,107,357,127,138,314,384,271,253,39,326
1630643,Jay Huff,Jay,1610612764,WAS,25.0,7,2,5,0.286,44.8,7.1,11.8,0.6,2.8,5.7,0.5,7.1,7.5,0.938,2.8,7.1,9.9,4.7,2.4,1.4,1.9,0.0,7.1,5.2,24.1,-3.3,50.6,0,0,48.1,482,491,464,465,518,268,434,49,182,318,10,29,55,34,147,185,158,199,265,252,70,499,34,98,132,340,100,253,39,103
1630206,Jay Scrubb,Jay,1610612753,ORL,22.0,2,1,1,0.5,46.3,7.7,10.8,0.714,3.1,3.1,1.0,1.5,3.1,0.5,0.0,9.2,9.2,1.5,4.6,3.1,0.0,3.1,3.1,1.5,20.0,-24.6,38.0,0,0,40.0,525,507,516,264,426,215,469,11,150,433,1,403,304,482,517,79,182,500,28,22,491,3,427,458,237,527,330,253,39,247
1627759,Jaylen Brown,Jaylen,1610612738,BOS,26.0,67,46,21,0.687,47.8,13.5,27.5,0.491,3.2,9.7,0.335,5.2,6.8,0.765,1.6,7.6,9.1,4.6,3.9,1.5,0.5,1.5,3.4,5.4,35.5,5.1,55.4,13,0,56.5,145,32,327,42,189,13,12,175,130,98,289,73,78,266,285,148,185,208,71,211,345,62,380,88,18,88,55,50,39,37
1629669,Jaylen Nowell,Jaylen,1610612750,MIN,23.0,65,34,31,0.523,45.7,10.2,22.8,0.448,2.4,8.5,0.289,2.8,3.6,0.778,1.3,4.9,6.2,4.8,2.4,1.5,0.2,1.4,3.7,3.0,25.7,-0.3,43.2,0,0,42.7,171,149,164,227,484,79,59,292,227,162,392,237,254,236,322,359,363,190,261,197,476,82,331,297,101,248,218,253,39,187
1631119,Jaylin Williams,Jaylin,1610612760,OKC,21.0,49,23,26,0.469,47.0,5.2,12.0,0.436,2.4,5.8,0.407,2.0,2.8,0.704,2.3,10.1,12.4,3.9,1.9,1.4,0.6,0.9,5.7,4.8,14.8,-4.6,39.8,0,0,37.6,299,281,250,335,312,439,425,339,239,308,71,347,335,368,201,54,97,257,369,239,293,248,89,120,421,370,289,253,39,308
1628369,Jayson Tatum,Jayson,1610612738,BOS,25.0,74,52,22,0.703,48.2,12.8,27.5,0.466,4.2,12.1,0.35,9.4,11.0,0.854,1.4,10.1,11.4,6.0,3.8,1.4,0.9,1.0,2.8,7.1,39.2,8.3,65.0,31,1,65.5,79,8,315,32,139,22,13,238,46,36,247,11,15,112,311,55,120,132,80,265,197,193,461,34,10,41,12,18,17,9
1630288,Jeff Dowtin Jr.,Jeff,1610612761,TOR,26.0,25,17,8,0.68,49.8,4.8,11.0,0.439,1.0,3.1,0.313,1.2,1.7,0.667,1.2,3.3,4.4,6.0,1.0,1.7,0.6,0.6,2.5,1.5,11.7,-1.7,31.9,0,0,27.7,419,347,442,48,14,464,462,328,418,433,357,448,435,403,358,498,485,134,502,130,310,371,489,458,486,305,457,253,39,498
201145,Jeff Green,Jeff,1610612743,DEN,36.0,56,33,23,0.589,48.4,7.1,14.6,0.488,1.3,4.6,0.288,3.9,5.2,0.744,1.7,4.7,6.4,3.1,2.0,0.8,0.8,0.8,4.4,4.2,19.4,-8.6,34.3,0,0,33.3,253,162,303,128,95,265,308,179,386,368,393,130,134,312,262,381,347,339,342,455,236,300,223,164,266,454,407,253,39,413
203924,Jerami Grant,Jerami,1610612757,POR,29.0,63,28,35,0.444,48.4,9.3,19.7,0.475,3.1,7.7,0.401,6.0,7.4,0.813,1.1,5.0,6.1,3.2,2.5,1.1,1.1,1.2,3.3,6.0,27.8,-0.8,44.2,2,0,44.7,189,230,100,365,106,110,116,218,147,205,82,52,61,183,360,352,369,316,235,374,151,128,401,70,79,273,196,155,39,155
1630526,Jeremiah Robinson-Earl,Jeremiah,1610612760,OKC,22.0,43,16,27,0.372,46.2,6.3,14.1,0.444,2.1,6.3,0.333,2.0,2.4,0.833,4.0,6.2,10.2,2.4,1.1,1.4,0.6,0.7,4.0,2.0,16.6,-0.6,37.4,1,0,35.3,327,357,229,423,438,360,331,309,277,282,292,344,376,144,81,234,149,405,493,270,289,303,274,407,368,264,343,192,39,362
1631110,Jeremy Sochan,Jeremy,1610612759,SAS,20.0,56,15,41,0.268,47.0,8.1,17.8,0.453,1.1,4.3,0.246,2.6,3.7,0.698,3.1,6.4,9.5,4.6,3.1,1.4,0.7,1.5,4.5,3.2,19.8,-7.6,41.3,2,0,39.2,253,369,48,477,308,195,165,278,411,382,444,259,244,376,134,217,169,210,129,261,240,58,212,257,248,430,255,155,39,262
1630579,Jericho Sims,Jericho,1610612752,NYK,24.0,52,31,21,0.596,49.4,5.0,6.5,0.776,0.0,0.1,0.0,0.7,1.0,0.75,6.0,8.7,14.7,1.5,1.6,0.9,1.7,0.4,5.8,1.9,10.8,-6.9,36.9,2,0,32.3,283,191,327,120,29,450,533,5,492,514,492,488,493,290,23,101,49,501,414,431,81,466,84,417,504,416,351,155,39,437
1628975,Jevon Carter,Jevon,1610612749,MIL,27.0,81,57,24,0.704,46.8,6.2,14.6,0.423,3.7,8.7,0.421,0.8,1.0,0.816,0.9,4.3,5.2,5.1,2.0,1.7,0.7,0.4,4.1,1.3,16.8,1.6,36.1,1,0,35.7,11,1,285,31,358,367,305,381,87,150,50,481,492,180,406,426,442,177,352,137,237,450,268,485,357,189,368,192,39,355
202710,Jimmy Butler III,Jimmy,1610612748,MIA,33.0,64,35,29,0.547,49.5,11.1,20.6,0.539,0.8,2.4,0.35,10.9,12.8,0.85,3.3,5.4,8.7,7.9,2.3,2.7,0.5,1.2,1.9,8.4,33.9,1.1,63.4,11,0,57.7,181,137,199,193,24,46,102,93,431,456,251,6,8,122,117,296,208,70,269,31,355,105,521,13,28,205,16,56,39,31
1629111,Jock Landale,Jock,1610612756,PHX,27.0,69,35,34,0.507,47.3,8.6,16.3,0.528,1.0,4.1,0.25,3.8,5.1,0.752,5.8,7.8,13.5,3.3,2.9,0.8,1.4,1.1,6.1,5.0,22.0,6.8,47.0,3,0,44.3,123,137,121,259,262,152,237,106,416,397,432,134,140,288,29,138,69,311,172,458,109,172,72,107,175,57,151,130,39,165
203925,Joe Harris,Joe,1610612751,BKN,31.0,74,40,34,0.541,47.8,6.3,13.8,0.457,4.4,10.4,0.426,0.6,0.9,0.643,0.7,4.4,5.1,3.2,1.3,1.1,0.4,0.7,4.4,0.7,17.6,-0.8,31.6,0,0,33.3,79,74,121,204,188,356,353,263,35,69,43,497,499,438,459,413,449,323,466,389,381,332,226,518,327,272,465,253,39,416
204060,Joe Ingles,Joe,1610612749,MIL,35.0,46,32,14,0.696,45.9,4.7,10.9,0.435,3.6,8.9,0.409,0.8,0.9,0.857,0.6,5.1,5.6,6.6,2.4,1.5,0.3,0.2,3.3,1.4,13.9,3.5,33.3,1,0,33.2,315,178,393,36,473,468,463,341,90,134,67,484,494,104,487,336,409,110,254,229,452,486,404,472,440,126,427,192,39,417
1630580,Joe Wieskamp,Joe,1610612761,TOR,23.0,9,6,3,0.667,46.0,2.8,13.0,0.214,2.8,11.1,0.25,0.0,0.0,0.0,0.0,3.7,3.7,2.8,0.9,0.0,0.0,0.9,2.8,0.0,8.3,1.9,16.0,0,0,17.6,471,452,496,56,464,522,381,528,189,54,432,511,516,511,517,473,519,368,507,513,491,229,465,526,523,182,535,253,39,536
203954,Joel Embiid,Joel,1610612755,PHI,29.0,66,43,23,0.652,49.2,15.7,28.6,0.548,1.4,4.3,0.33,14.2,16.6,0.857,2.4,12.0,14.4,5.9,4.9,1.4,2.4,2.0,4.4,11.0,47.1,9.1,79.9,39,1,76.5,162,53,303,75,37,4,9,83,371,383,320,2,3,103,180,21,53,135,20,249,42,19,220,3,3,37,2,9,17,2
1631219,John Butler Jr.,John,1610612757,POR,20.0,19,4,15,0.211,45.4,3.5,10.9,0.321,1.6,7.2,0.229,0.6,0.8,0.75,0.6,2.9,3.5,2.3,0.2,1.4,1.8,0.4,4.5,1.0,9.2,-14.4,26.5,0,0,23.2,437,468,388,503,502,514,465,515,341,228,454,495,500,290,476,514,523,435,518,240,74,451,202,499,517,509,512,253,39,528
1628381,John Collins,John,1610612737,ATL,25.0,71,37,34,0.521,46.8,7.9,15.5,0.508,1.5,5.3,0.292,3.1,3.9,0.803,1.7,8.5,10.2,1.9,1.7,0.9,1.6,1.0,4.8,4.2,20.5,-0.5,41.3,11,0,39.1,109,110,121,231,349,204,261,133,352,337,390,201,224,199,260,110,153,472,395,429,83,198,158,159,221,262,257,56,39,266
1629723,John Konchar,John,1610612763,MEM,27.0,72,45,27,0.625,46.8,4.3,10.0,0.431,1.9,5.5,0.339,0.9,1.1,0.778,2.0,7.7,9.7,3.1,1.2,2.4,0.8,0.4,3.5,1.7,11.4,6.5,36.2,2,0,32.5,102,35,229,100,356,485,488,355,316,324,273,472,481,236,220,141,165,327,484,45,226,439,361,448,493,61,364,155,39,436
202322,John Wall,John,1610612746,LAC,32.0,34,15,19,0.441,46.8,8.6,21.0,0.407,2.0,6.8,0.303,4.8,7.0,0.681,0.9,4.8,5.7,11.0,5.0,1.7,0.7,1.9,3.7,5.0,23.9,-6.6,49.6,1,0,47.5,385,369,346,369,363,156,93,428,287,258,376,90,74,394,411,365,405,16,16,152,239,23,339,112,135,412,116,192,39,114
1631098,Johnny Davis,Johnny,1610612764,WAS,21.0,28,10,18,0.357,46.7,7.3,18.9,0.386,1.9,7.7,0.243,1.5,3.0,0.519,1.1,6.1,7.2,3.1,1.9,1.1,0.9,1.0,5.3,2.1,18.0,-6.0,35.4,0,0,34.1,411,418,365,433,368,250,136,469,317,204,445,401,311,480,369,244,299,334,373,371,201,204,113,395,311,402,390,253,39,392
1630548,Johnny Juzang,Johnny,1610612762,UTA,22.0,18,6,12,0.333,45.5,6.9,20.4,0.337,2.9,12.4,0.238,0.4,0.8,0.5,1.6,6.1,7.6,1.6,0.6,0.8,0.6,0.4,2.5,0.6,17.1,-17.1,32.1,0,0,32.0,438,452,418,442,495,291,104,506,166,31,446,504,501,482,281,243,263,496,516,457,304,458,486,520,351,517,453,253,39,442
202685,Jonas Valančiūnas,Jonas,1610612740,NOP,31.0,79,40,39,0.506,48.0,10.9,19.9,0.547,0.9,2.7,0.349,4.5,5.5,0.826,5.5,14.1,19.6,3.4,3.9,0.5,1.3,1.1,6.0,6.0,27.2,-0.2,57.2,43,0,54.6,27,74,60,261,164,51,112,85,421,445,254,96,115,164,36,3,6,295,72,506,130,133,78,67,85,245,44,5,39,43
1628371,Jonathan Isaac,Jonathan,1610612753,ORL,25.0,11,8,3,0.727,48.6,8.6,20.8,0.415,2.4,5.9,0.4,2.0,3.5,0.556,5.9,11.4,17.3,2.4,1.6,5.5,1.6,0.8,2.0,4.3,21.6,-7.5,65.4,0,0,57.6,465,436,496,24,77,148,99,410,240,301,85,346,260,470,25,27,17,420,426,5,88,289,516,153,185,426,11,253,39,32
1630228,Jonathan Kuminga,Jonathan,1610612744,GSW,20.0,67,38,29,0.567,46.6,8.7,16.6,0.525,1.8,4.9,0.37,3.0,4.6,0.652,2.3,5.4,7.7,4.2,3.2,1.4,1.0,1.1,5.2,4.1,22.3,-1.8,41.8,1,0,40.8,145,95,199,159,384,143,221,113,321,355,182,214,173,430,192,298,255,238,121,267,171,153,120,169,169,307,245,192,39,226
203903,Jordan Clarkson,Jordan,1610612762,UTA,31.0,61,30,31,0.492,47.7,11.0,24.8,0.444,3.7,11.0,0.338,4.8,5.9,0.816,1.7,4.2,5.9,6.5,4.5,0.8,0.3,1.2,2.9,4.5,30.5,0.8,46.2,3,0,48.8,214,207,164,295,200,48,36,306,84,60,277,89,100,179,253,437,388,114,33,456,433,104,452,139,47,213,161,130,39,91
1630692,Jordan Goodwin,Jordan,1610612764,WAS,24.0,62,22,40,0.355,47.3,6.8,15.1,0.448,1.6,5.0,0.322,2.3,2.9,0.768,2.4,6.3,8.8,7.2,2.4,2.5,1.1,1.2,4.1,3.2,17.4,-5.0,47.0,0,0,42.2,203,290,54,435,268,302,283,296,344,349,341,299,315,259,179,226,204,90,249,41,156,131,270,252,337,377,150,253,39,195
1631160,Jordan Hall,Jordan,1610612759,SAS,21.0,9,1,8,0.111,47.2,5.1,16.0,0.321,1.7,8.6,0.2,4.0,5.1,0.778,1.7,5.1,6.9,6.3,4.0,0.6,0.0,0.6,3.4,2.9,16.0,-13.7,31.4,0,0,32.0,471,507,442,526,272,444,244,513,333,158,461,126,139,236,256,329,317,122,64,495,491,377,375,316,390,506,473,253,39,441
1629162,Jordan McLaughlin,Jordan,1610612750,MIN,27.0,43,22,21,0.512,45.1,4.1,9.6,0.421,1.6,5.2,0.308,1.0,1.2,0.833,1.0,3.1,4.1,9.8,2.2,2.1,0.3,0.5,1.9,1.4,10.7,5.6,35.4,0,0,31.1,327,290,327,252,512,498,503,391,347,342,366,462,479,144,392,506,501,30,309,72,451,398,518,473,505,80,389,253,39,453
1629670,Jordan Nwora,Jordan,1610612754,IND,24.0,62,36,26,0.581,46.2,7.6,17.3,0.436,3.3,8.2,0.408,2.6,3.3,0.791,2.0,6.9,8.9,3.4,2.6,0.9,0.5,1.2,2.9,2.7,21.1,-9.8,38.8,1,0,39.7,203,126,250,140,434,228,193,337,118,178,70,253,279,214,223,193,198,292,222,428,331,126,453,331,203,472,308,192,39,250
1629673,Jordan Poole,Jordan,1610612744,GSW,24.0,82,44,38,0.537,46.0,10.3,23.9,0.43,4.0,11.9,0.336,6.8,7.8,0.87,0.6,3.6,4.2,6.9,4.7,1.2,0.4,1.4,4.0,6.4,31.3,-0.2,46.7,1,0,49.6,2,40,69,210,466,74,44,360,63,41,284,34,46,87,479,479,497,94,24,345,392,81,276,52,43,243,155,192,39,81
1630648,Jordan Schakel,Jordan,1610612764,WAS,25.0,2,0,2,0.0,51.9,8.3,16.7,0.5,8.3,8.3,1.0,0.0,0.0,0.0,0.0,0.0,0.0,8.3,0.0,8.3,0.0,0.0,8.3,8.3,25.0,50.0,62.5,0,0,58.3,525,528,512,528,4,176,218,140,1,168,1,511,516,511,517,531,533,53,519,2,491,499,12,16,112,3,23,253,39,26
1630631,Jose Alvarado,Jose,1610612740,NOP,25.0,61,30,31,0.492,47.2,7.2,17.6,0.411,3.0,8.9,0.336,2.3,2.9,0.813,1.0,4.1,5.1,6.7,2.9,2.4,0.4,1.1,4.5,2.7,19.8,3.7,41.3,0,0,40.1,214,207,164,295,291,259,173,418,160,136,283,293,322,184,388,452,455,105,161,47,404,165,205,329,249,121,256,253,39,243
1630528,Josh Christopher,Josh,1610612745,HOU,21.0,64,16,48,0.25,47.8,9.3,20.0,0.465,1.3,5.4,0.236,2.7,3.6,0.75,1.2,3.1,4.3,4.4,3.6,2.0,0.9,1.2,3.6,2.5,22.6,-13.7,39.6,0,0,38.5,181,357,18,484,185,114,110,241,390,330,451,246,251,290,344,508,489,219,86,93,193,107,350,356,157,505,295,253,39,279
1630581,Josh Giddey,Josh,1610612760,OKC,20.0,76,34,42,0.447,46.5,10.6,22.0,0.482,1.5,4.6,0.325,2.1,2.8,0.731,2.9,8.9,11.8,9.2,4.1,1.1,0.6,1.6,2.8,2.2,24.8,-2.1,53.7,28,4,50.7,55,149,42,364,397,62,70,199,361,370,334,326,324,333,143,94,107,40,53,366,295,52,462,383,116,313,69,21,7,71
1630182,Josh Green,Josh,1610612742,DAL,22.0,60,27,33,0.45,48.5,6.5,12.0,0.537,2.1,5.3,0.402,2.1,3.0,0.723,1.7,4.0,5.7,3.2,2.3,1.3,0.2,0.7,4.9,3.8,17.2,2.4,31.1,1,0,31.3,222,238,138,360,89,337,423,97,269,334,80,315,313,342,252,457,403,314,289,281,483,310,144,201,347,161,477,192,39,449
1628404,Josh Hart,Josh,1610612752,NYK,28.0,76,42,34,0.553,48.4,5.4,10.2,0.529,1.2,3.2,0.372,2.6,3.5,0.75,2.8,8.9,11.7,5.7,2.3,1.7,0.4,0.8,3.8,3.2,14.6,6.2,41.4,10,0,37.5,55,60,121,179,105,427,480,103,396,428,173,260,270,290,152,93,110,147,275,127,376,285,301,259,426,68,254,64,39,310
1631169,Josh Minott,Josh,1610612750,MIN,20.0,15,7,8,0.467,43.5,8.1,16.3,0.5,0.9,2.7,0.333,3.6,3.6,1.0,2.3,9.0,11.3,2.3,1.4,1.8,2.7,2.7,4.5,2.3,20.8,10.9,50.0,1,0,44.3,451,442,442,338,530,193,236,140,425,443,292,163,253,1,200,87,123,433,457,115,32,6,200,377,213,26,109,192,39,163
1629006,Josh Okogie,Josh,1610612756,PHX,24.0,72,38,34,0.528,47.9,5.7,14.7,0.391,2.3,7.0,0.335,4.9,6.8,0.724,3.9,5.0,8.9,3.7,2.2,2.0,1.2,0.9,4.0,6.3,18.8,3.8,42.4,2,0,40.1,102,95,121,221,175,407,300,458,243,241,286,80,79,341,95,339,199,273,300,100,138,232,272,59,283,117,232,155,39,242
1626196,Josh Richardson,Josh,1610612740,NOP,29.0,65,24,41,0.369,46.6,7.3,16.9,0.431,3.3,8.9,0.365,2.1,2.5,0.852,1.3,4.1,5.3,5.3,2.6,2.1,0.6,0.3,3.6,3.0,19.9,-4.9,39.8,1,0,39.3,171,271,48,425,378,251,208,353,128,133,203,319,360,119,337,450,435,164,216,76,294,479,355,280,241,374,286,192,39,261
1630563,Joshua Primo,Joshua,1610612759,SAS,20.0,4,3,1,0.75,45.5,4.4,12.7,0.346,1.5,5.9,0.25,3.4,4.4,0.778,1.0,5.4,6.3,8.8,5.4,0.5,1.0,2.0,3.9,5.4,13.7,-1.0,33.5,0,0,33.2,509,481,516,17,494,480,388,500,364,304,432,177,194,236,396,302,350,46,13,505,183,21,294,90,446,283,425,253,39,419
201950,Jrue Holiday,Jrue,1610612749,MIL,33.0,67,50,17,0.746,46.5,10.4,21.8,0.479,3.4,8.7,0.384,3.2,3.8,0.859,1.7,5.6,7.3,10.5,4.2,1.7,0.5,1.0,2.5,3.4,27.5,10.2,54.4,16,0,53.0,145,13,376,19,403,68,73,209,114,149,137,193,242,101,264,280,291,20,50,147,339,217,493,236,84,27,64,41,39,52
1629308,Juan Toscano-Anderson,Juan,1610612762,UTA,30.0,52,19,33,0.365,46.2,4.2,9.4,0.448,0.5,2.8,0.186,1.3,1.6,0.792,1.8,6.3,8.2,4.3,2.2,1.1,0.7,0.8,5.3,2.3,10.2,-9.7,29.4,0,0,26.7,283,324,138,426,436,490,511,297,447,440,466,438,446,212,237,224,239,231,297,391,277,284,115,372,508,470,494,253,39,507
1627823,Juancho Hernangomez,Juancho,1610612761,TOR,27.0,42,20,22,0.476,48.3,3.8,9.0,0.421,1.3,5.3,0.254,0.7,1.3,0.563,2.1,7.6,9.7,2.0,1.2,1.3,0.5,0.4,3.4,1.4,9.6,1.0,28.2,1,0,26.0,335,310,315,320,125,509,519,385,383,338,430,492,474,469,210,152,166,462,481,305,364,457,386,470,513,208,507,192,39,512
1630577,Julian Champagnie,Julian,1610612759,SAS,22.0,17,7,10,0.412,45.9,8.5,18.7,0.454,4.7,11.8,0.402,2.0,2.4,0.824,1.4,7.2,8.6,1.4,1.6,0.9,0.7,0.7,3.7,2.0,23.7,-10.6,39.3,1,0,41.6,442,442,430,400,471,163,141,274,31,43,79,340,366,166,302,176,214,508,423,439,249,315,321,410,140,479,297,192,39,209
203944,Julius Randle,Julius,1610612752,NYK,28.0,77,44,33,0.571,49.0,11.8,25.6,0.459,3.9,11.4,0.343,7.2,9.5,0.757,2.5,11.2,13.7,5.7,3.9,0.9,0.4,1.0,4.2,6.8,34.7,3.0,59.5,40,0,60.4,46,40,138,149,51,31,22,253,69,49,269,28,22,284,170,29,67,152,73,437,397,194,250,40,24,142,29,6,39,17
1630551,Justin Champagnie,Justin,1610612738,BOS,22.0,5,4,1,0.8,49.7,7.2,21.7,0.333,1.4,7.2,0.2,0.0,0.0,0.0,4.3,7.2,11.6,5.8,0.0,1.4,0.0,2.9,2.9,1.4,15.9,-5.8,42.9,0,0,37.7,499,468,516,11,17,256,74,507,365,226,461,511,516,511,73,173,116,143,519,233,491,5,450,467,393,397,222,253,39,304
203200,Justin Holiday,Justin,1610612742,DAL,34.0,46,18,28,0.391,45.8,5.0,13.2,0.377,3.0,9.3,0.322,0.3,0.5,0.625,0.3,3.2,3.6,2.7,1.4,1.2,1.2,0.6,4.4,1.1,13.3,-8.4,27.5,0,0,27.4,315,339,214,414,480,454,369,476,162,114,342,508,511,445,510,499,522,380,448,316,134,366,221,493,458,449,509,253,39,501
1628382,Justin Jackson,Justin,1610612738,BOS,28.0,23,15,8,0.652,48.2,3.1,12.1,0.259,2.2,9.0,0.25,0.4,0.9,0.5,0.9,6.7,7.6,4.0,0.9,1.8,1.8,0.4,3.1,0.9,9.0,-31.8,34.0,0,0,30.0,425,369,442,73,137,518,418,521,257,130,432,502,497,482,408,200,265,248,509,116,77,433,418,505,518,532,414,253,39,475
1631303,Justin Minaya,Justin,1610612757,POR,24.0,4,0,4,0.0,45.3,3.6,11.7,0.304,1.5,6.1,0.25,0.0,0.5,0.0,1.5,6.1,7.7,2.0,2.0,1.0,2.6,0.0,4.6,0.5,8.7,-10.2,29.6,0,0,27.0,509,528,480,528,506,512,440,516,357,290,432,511,513,511,290,239,262,455,343,398,38,499,186,524,520,475,491,253,39,504
1626159,Justise Winslow,Justise,1610612757,POR,27.0,29,15,14,0.517,48.5,5.1,12.4,0.409,0.9,2.8,0.311,1.3,1.8,0.714,3.1,6.0,9.1,6.1,2.7,1.9,0.7,0.8,5.6,1.6,12.3,-2.4,37.3,1,0,33.4,406,369,393,242,90,447,406,422,427,441,361,439,432,354,135,248,189,125,201,109,260,273,98,450,476,320,347,192,39,409
203994,Jusuf Nurkić,Jusuf,1610612757,POR,28.0,52,24,28,0.462,48.2,9.1,17.5,0.519,1.5,4.1,0.361,4.4,6.7,0.661,3.9,12.4,16.3,5.2,4.1,1.5,1.5,1.2,6.4,6.4,24.0,0.3,56.3,18,0,53.0,283,271,214,347,131,127,181,119,362,393,215,103,83,424,90,16,31,171,55,215,96,123,61,54,133,225,50,35,39,53
1630231,KJ Martin,KJ,1610612745,HOU,22.0,82,22,60,0.268,47.2,8.4,14.8,0.569,1.4,4.4,0.315,3.1,4.6,0.68,2.6,6.7,9.3,2.5,1.9,0.8,0.6,1.1,3.0,3.1,21.4,-7.6,38.9,5,0,37.5,2,290,1,475,287,165,295,64,372,377,352,203,176,395,168,201,177,395,374,445,292,158,435,269,190,429,305,105,39,309
1629644,KZ Okpala,KZ,1610612758,SAC,24.0,35,19,16,0.543,45.7,2.9,7.0,0.421,1.3,3.9,0.333,1.3,1.5,0.875,1.3,5.0,6.3,2.4,1.3,1.3,1.3,0.4,7.2,2.6,8.5,-2.0,26.0,0,0,23.6,379,324,379,202,489,521,530,385,389,406,292,434,455,74,327,349,359,415,464,296,126,464,31,347,522,312,516,253,39,527
1630539,Kai Jones,Kai,1610612766,CHA,22.0,46,13,33,0.283,46.9,5.7,10.2,0.558,0.3,1.6,0.211,1.6,2.2,0.731,3.2,7.3,10.5,1.3,2.6,1.5,2.6,0.7,5.6,2.0,13.4,-2.7,37.3,1,0,33.6,315,391,138,471,322,410,481,75,459,467,460,396,397,334,125,164,141,512,212,228,37,334,99,404,456,331,346,192,39,407
1626157,Karl-Anthony Towns,Karl-Anthony,1610612750,MIN,27.0,29,15,14,0.517,46.7,10.3,20.9,0.495,2.9,8.0,0.366,5.8,6.6,0.874,2.3,9.2,11.5,6.8,4.2,1.0,0.8,0.9,5.4,6.5,29.4,1.9,54.7,9,0,54.3,406,369,393,242,367,73,97,162,167,191,198,55,86,79,190,82,117,99,49,419,214,228,104,49,56,180,62,70,39,45
202695,Kawhi Leonard,Kawhi,1610612746,LAC,32.0,52,33,19,0.635,48.6,12.4,24.2,0.512,2.9,7.0,0.416,6.8,7.8,0.871,1.6,7.8,9.4,5.7,2.4,2.0,0.8,0.7,2.3,6.0,34.5,6.1,60.2,4,0,58.0,283,162,346,92,76,27,40,128,172,243,55,33,44,84,276,137,174,151,245,95,227,329,500,71,26,70,26,118,39,27
1631099,Keegan Murray,Keegan,1610612758,SAC,22.0,80,47,33,0.588,47.4,7.0,15.6,0.453,4.1,10.0,0.411,1.2,1.6,0.765,1.8,5.6,7.4,1.9,1.2,1.2,0.8,0.8,3.2,1.6,19.4,2.0,36.1,4,0,36.9,15,22,138,130,255,274,260,279,56,85,62,442,445,265,248,278,282,464,478,324,210,282,407,453,264,178,366,118,39,325
1628966,Keita Bates-Diop,Keita,1610612759,SAS,27.0,67,18,49,0.269,46.5,7.6,14.9,0.508,1.8,4.5,0.394,3.8,4.8,0.793,2.1,5.8,7.9,3.3,1.8,1.5,0.6,1.2,2.0,3.1,20.7,-8.5,39.7,0,0,38.0,145,339,15,474,392,226,289,134,322,373,101,135,159,210,213,261,249,308,386,218,283,122,515,272,216,453,292,253,39,291
1629640,Keldon Johnson,Keldon,1610612759,SAS,23.0,63,17,46,0.27,47.2,11.5,25.4,0.452,3.1,9.3,0.329,5.6,7.5,0.749,1.3,6.0,7.3,4.2,3.1,1.1,0.3,1.5,2.9,5.2,31.7,-11.2,47.5,5,0,48.8,189,347,24,473,289,38,25,281,152,112,323,63,56,304,332,250,290,237,135,394,455,71,458,94,40,490,135,105,39,93
203482,Kelly Olynyk,Kelly,1610612762,UTA,32.0,68,28,40,0.412,47.6,6.8,13.7,0.499,2.3,5.8,0.394,4.9,5.7,0.853,2.0,8.3,10.3,6.2,4.1,1.5,0.9,0.7,5.7,6.3,20.8,0.3,45.4,9,0,44.3,133,230,54,400,224,297,358,156,251,310,103,87,106,114,219,117,145,124,56,219,195,305,90,60,215,222,176,70,39,166
1626162,Kelly Oubre Jr.,Kelly,1610612766,CHA,27.0,48,16,32,0.333,47.3,10.8,25.0,0.431,3.3,10.4,0.319,4.8,6.4,0.76,2.0,5.6,7.6,1.6,2.0,2.1,0.5,1.7,4.3,5.8,29.7,-8.5,47.2,3,0,47.5,302,357,156,442,269,55,32,357,123,73,347,88,90,276,224,277,268,491,361,82,328,48,236,75,52,452,147,130,39,116
202689,Kemba Walker,Kemba,1610612742,DAL,33.0,9,5,4,0.556,48.9,8.2,19.4,0.421,2.4,9.5,0.25,5.8,7.1,0.81,1.0,4.4,5.4,6.5,1.4,0.7,0.7,1.7,3.7,5.4,24.5,-0.3,43.4,0,0,41.5,471,459,480,172,54,191,123,385,235,102,432,54,69,190,385,411,427,116,456,482,264,45,319,86,123,250,213,253,39,210
1631112,Kendall Brown,Kendall,1610612754,IND,20.0,6,1,5,0.167,41.5,4.1,7.2,0.571,0.0,1.0,0.0,1.0,2.1,0.5,2.1,4.1,6.2,3.1,2.1,4.1,0.0,1.0,9.3,2.1,9.3,4.1,31.6,0,0,26.8,493,507,464,517,534,496,529,62,492,478,492,460,410,482,215,446,365,335,340,9,491,192,6,399,515,109,464,253,39,506
1629134,Kendrick Nunn,Kendrick,1610612764,WAS,27.0,70,30,40,0.429,46.2,9.2,21.6,0.424,3.8,10.7,0.354,1.7,2.0,0.854,0.7,4.5,5.2,4.3,3.2,1.3,0.3,1.4,3.2,1.7,23.8,-2.6,38.4,0,0,40.4,116,207,54,378,445,121,78,377,78,67,235,388,417,113,461,403,441,229,125,276,422,75,414,443,137,324,323,253,39,237
1631113,Kennedy Chandler,Kennedy,1610612763,MEM,20.0,36,22,14,0.611,46.8,5.8,13.8,0.422,0.3,2.5,0.133,1.0,2.2,0.462,1.5,4.8,6.3,9.6,3.0,2.0,0.8,1.8,2.5,2.8,13.0,-6.8,40.5,0,0,34.9,373,290,393,109,362,397,352,384,461,453,478,463,405,498,296,368,357,33,147,98,212,31,491,321,466,415,275,253,39,377
1631254,Kenneth Lofton Jr.,Kenneth,1610612763,MEM,20.0,24,15,9,0.625,47.9,13.4,25.3,0.527,1.6,4.6,0.353,4.4,7.4,0.593,5.2,8.7,13.9,5.4,3.3,1.4,0.5,1.1,7.6,6.0,32.7,-13.1,60.0,1,0,57.5,424,369,436,100,169,14,27,109,343,367,240,106,62,460,46,96,64,159,112,271,331,159,20,69,34,499,27,192,39,34
1629026,Kenrich Williams,Kenrich,1610612760,OKC,28.0,53,26,27,0.491,47.4,7.0,13.6,0.517,2.0,5.3,0.373,0.7,1.5,0.436,3.8,6.4,10.3,4.1,1.3,1.8,0.5,0.5,4.4,2.8,16.7,2.9,40.9,2,0,37.7,277,253,229,299,256,275,359,122,301,339,170,493,451,502,98,218,148,241,468,119,325,408,222,324,363,147,266,155,39,305
203484,Kentavious Caldwell-Pope,Kentavious,1610612743,DEN,30.0,76,51,25,0.671,47.7,5.8,12.7,0.462,2.7,6.4,0.423,2.1,2.5,0.824,0.7,3.5,4.2,3.7,1.7,2.2,0.7,0.2,2.9,2.9,16.5,9.9,34.1,0,0,32.9,55,10,268,55,206,392,389,248,202,278,47,328,357,165,464,486,499,280,397,65,255,491,448,308,373,33,411,253,39,426
1631165,Keon Ellis,Keon,1610612758,SAC,23.0,16,7,9,0.438,48.2,4.8,10.9,0.438,4.1,8.2,0.5,2.7,4.8,0.571,2.7,2.7,5.4,4.1,0.7,3.4,0.7,0.0,6.8,2.7,16.3,-14.3,40.5,0,0,38.1,445,442,436,372,129,466,464,332,59,182,10,247,163,465,156,518,427,246,514,16,264,499,41,332,379,508,273,253,39,285
1630553,Keon Johnson,Keon,1610612757,POR,21.0,40,13,27,0.325,46.9,7.6,20.1,0.376,3.2,9.1,0.346,3.0,4.6,0.659,1.2,3.7,5.0,6.7,4.8,2.1,0.7,1.0,4.8,3.7,21.3,-17.2,40.8,0,0,41.7,350,391,229,451,319,227,108,479,138,122,260,212,172,426,338,472,461,108,21,71,268,196,156,206,192,518,267,253,39,206
1630556,Kessler Edwards,Kessler,1610612758,SAC,22.0,36,17,19,0.472,47.3,4.4,11.4,0.387,2.1,6.7,0.309,1.3,1.8,0.733,2.8,4.7,7.5,2.8,1.6,1.7,0.7,0.6,4.9,2.0,12.3,0.6,31.2,0,0,29.5,373,347,346,326,266,479,450,465,280,259,365,428,428,329,148,386,275,365,419,133,241,359,146,415,475,218,474,253,39,481
201142,Kevin Durant,Kevin,1610612756,PHX,34.0,47,34,13,0.723,48.3,14.0,24.9,0.56,2.7,6.7,0.404,8.9,9.7,0.919,0.5,8.6,9.1,6.8,4.5,1.0,1.9,0.7,2.9,7.9,39.5,7.5,64.8,5,1,63.9,311,149,407,26,110,8,34,74,205,263,76,13,20,40,500,105,190,100,32,414,65,313,457,22,9,50,14,105,17,13
1628989,Kevin Huerter,Kevin,1610612758,SAC,24.0,75,44,31,0.587,47.7,9.1,18.8,0.485,4.4,11.1,0.402,2.1,2.8,0.725,0.9,4.5,5.4,4.8,2.1,1.7,0.5,0.5,3.9,2.1,24.7,4.8,43.1,0,0,43.9,70,40,164,134,197,124,139,189,36,59,81,330,325,338,405,401,429,194,324,128,344,404,291,387,117,94,220,253,39,170
1628995,Kevin Knox II,Kevin,1610612757,POR,23.0,63,12,51,0.19,46.1,7.4,16.1,0.458,3.1,9.0,0.349,2.2,2.9,0.767,1.6,6.9,8.6,1.6,2.4,1.2,0.6,0.6,4.6,2.1,20.1,-10.9,35.6,2,0,36.9,189,404,10,515,458,245,243,259,140,126,252,303,318,262,268,194,218,494,253,350,307,368,183,397,233,486,382,155,39,327
201567,Kevin Love,Kevin,1610612748,MIA,34.0,62,35,27,0.565,48.3,6.4,16.5,0.389,3.9,11.5,0.334,3.1,3.5,0.879,2.3,13.3,15.6,4.5,2.7,0.6,0.5,0.3,3.8,4.4,19.9,4.3,45.9,6,0,46.0,203,137,229,162,113,339,224,462,72,48,290,202,259,70,194,7,40,216,192,491,367,473,312,144,245,108,170,92,39,138
1629645,Kevin Porter Jr.,Kevin,1610612745,HOU,23.0,59,18,41,0.305,48.1,9.3,21.0,0.442,3.3,9.1,0.366,4.9,6.3,0.784,1.8,5.7,7.5,8.0,4.5,1.9,0.4,1.5,3.7,4.7,26.8,-8.1,50.4,9,1,50.4,230,339,48,458,156,116,94,313,117,121,197,81,93,225,244,271,277,67,34,105,383,69,326,127,92,442,105,70,17,73
1630284,Kevon Harris,Kevon,1610612753,ORL,26.0,34,12,22,0.353,47.7,4.9,11.2,0.439,1.7,4.5,0.372,3.2,4.3,0.756,2.9,4.4,7.3,1.7,2.2,1.8,0.5,1.0,5.5,3.9,14.7,0.0,30.7,0,0,29.9,385,404,315,437,211,458,455,324,337,375,171,194,198,285,141,418,288,488,310,118,343,185,102,194,424,234,484,253,39,476
1626172,Kevon Looney,Kevon,1610612744,GSW,27.0,82,44,38,0.537,46.9,5.8,9.2,0.63,0.0,0.0,0.0,2.3,3.7,0.606,6.6,11.6,18.2,5.0,1.1,1.2,1.2,0.8,5.4,2.9,13.8,3.8,49.4,14,0,41.9,2,40,69,210,334,401,514,35,492,523,492,300,246,456,15,25,8,182,494,312,141,271,107,300,441,116,121,46,39,200
203920,Khem Birch,Khem,1610612759,SAS,30.0,20,9,11,0.45,49.2,5.8,9.7,0.594,0.3,0.6,0.5,1.2,1.5,0.8,2.4,5.2,7.6,2.1,2.4,1.5,1.5,0.3,7.3,1.8,13.1,1.8,32.1,0,0,29.2,435,426,425,360,41,405,499,55,464,489,10,445,452,200,181,325,269,447,252,199,99,474,28,436,462,184,454,253,39,485
203114,Khris Middleton,Khris,1610612749,MIL,31.0,33,25,8,0.758,45.3,10.0,23.0,0.436,2.9,9.2,0.315,5.2,5.8,0.902,1.6,6.3,7.9,9.2,4.0,1.3,0.3,1.1,3.8,4.9,28.1,7.5,52.2,4,0,51.3,390,262,442,16,507,84,58,336,174,119,352,74,104,55,277,225,248,39,62,292,445,167,300,116,75,49,83,118,39,67
1630165,Killian Hayes,Killian,1610612765,DET,21.0,76,16,60,0.211,47.9,6.8,18.1,0.377,1.8,6.4,0.28,2.0,2.5,0.821,0.6,4.3,4.9,10.5,3.8,2.3,0.6,0.6,4.9,2.9,17.5,-11.1,44.0,6,0,40.5,55,357,1,503,172,295,155,477,325,280,407,332,358,170,474,428,465,23,75,61,290,349,150,314,334,489,202,92,39,234
1630184,Kira Lewis Jr.,Kira,1610612740,NOP,22.0,25,11,14,0.44,47.0,8.0,17.6,0.455,3.0,6.8,0.441,3.8,4.4,0.864,1.0,5.6,6.6,4.6,2.0,2.0,0.4,2.0,4.8,3.0,22.8,12.4,42.8,0,0,41.8,419,413,393,371,318,198,174,269,159,254,33,138,193,96,391,279,334,209,355,97,386,16,164,291,153,21,223,253,39,202
202691,Klay Thompson,Klay,1610612744,GSW,33.0,69,38,31,0.551,46.1,11.0,25.3,0.436,6.1,14.8,0.412,2.3,2.7,0.879,0.8,5.0,5.8,3.3,2.5,1.0,0.6,0.7,2.6,1.9,30.5,3.3,44.6,2,0,48.8,123,95,164,185,456,47,28,335,5,10,61,292,343,71,433,347,396,309,237,409,306,342,482,429,48,133,191,155,39,90
1628424,Kobi Simmons,Kobi,1610612766,CHA,25.0,5,1,4,0.2,45.5,1.6,9.8,0.167,1.6,8.2,0.2,3.3,3.3,1.0,1.6,4.9,6.6,8.2,1.6,0.0,3.3,0.0,0.0,3.3,8.2,-31.1,36.6,0,0,31.1,499,507,480,505,496,531,495,530,342,179,461,188,289,1,269,356,337,60,415,513,14,499,528,248,526,531,357,253,39,450
1627739,Kris Dunn,Kris,1610612762,UTA,29.0,22,8,14,0.364,45.8,9.4,17.4,0.537,1.4,2.9,0.472,3.3,4.3,0.774,0.7,7.3,8.1,10.0,2.8,2.0,0.8,1.3,4.7,3.5,23.4,-5.0,53.7,3,0,48.5,430,436,393,427,482,108,183,96,376,437,25,184,199,245,453,166,244,28,180,91,221,98,177,232,143,376,70,130,39,96
204001,Kristaps Porziņģis,Kristaps,1610612764,WAS,27.0,65,27,38,0.415,48.3,11.6,23.2,0.498,3.1,8.1,0.385,8.1,9.5,0.851,2.6,9.8,12.4,4.0,3.1,1.3,2.3,1.3,4.5,9.0,34.3,1.8,62.9,20,0,61.0,171,238,69,395,119,36,52,158,144,188,134,18,23,121,167,60,95,252,130,282,44,96,210,11,27,185,19,30,39,15
203937,Kyle Anderson,Kyle,1610612750,MIN,29.0,69,36,33,0.522,47.2,6.1,11.9,0.509,1.0,2.5,0.41,2.4,3.3,0.735,1.6,7.3,8.9,8.1,2.5,1.9,1.5,0.5,3.5,3.1,15.6,2.2,46.1,10,3,40.4,123,126,138,230,275,376,430,132,413,451,65,283,287,328,275,170,201,62,238,108,98,427,358,271,405,171,163,64,9,238
1628398,Kyle Kuzma,Kyle,1610612764,WAS,27.0,64,29,35,0.453,47.8,10.9,24.4,0.448,3.4,10.3,0.333,3.7,5.1,0.73,1.2,8.7,9.9,5.1,4.1,0.8,0.6,1.3,3.1,3.8,29.0,0.2,48.6,14,1,50.2,181,220,100,356,181,50,39,291,111,76,315,155,143,335,351,97,159,176,59,459,291,100,423,203,61,229,126,46,17,74
200768,Kyle Lowry,Kyle,1610612748,MIA,37.0,55,30,25,0.545,49.3,5.6,13.9,0.404,3.1,8.9,0.345,3.3,3.9,0.859,1.2,5.2,6.5,8.1,3.0,1.6,0.6,0.7,4.1,4.0,17.7,1.6,41.3,2,1,39.7,267,207,268,195,32,418,341,432,151,135,263,181,227,100,339,314,343,63,153,166,297,330,262,180,323,195,258,155,17,251
202681,Kyrie Irving,Kyrie,1610612742,DAL,31.0,60,32,28,0.533,48.7,12.9,26.2,0.494,4.1,10.8,0.379,5.4,5.9,0.905,1.3,5.3,6.6,7.2,2.8,1.4,1.0,1.2,3.6,4.7,35.3,4.8,58.5,5,0,58.0,222,178,214,217,72,20,20,166,57,62,149,68,97,52,329,303,331,89,187,242,181,115,351,123,20,93,35,105,39,28
1630163,LaMelo Ball,LaMelo,1610612766,CHA,21.0,36,13,23,0.361,46.1,10.8,26.2,0.411,5.2,13.9,0.376,3.7,4.4,0.843,1.5,6.9,8.4,11.1,4.7,1.7,0.4,1.0,4.3,4.0,30.5,-5.5,58.7,17,3,59.4,373,391,303,429,453,56,19,420,17,16,157,153,192,131,291,195,226,15,26,150,385,209,237,182,49,387,33,39,9,20
1630205,Lamar Stevens,Lamar,1610612739,CLE,25.0,62,39,23,0.629,49.9,5.7,12.8,0.448,1.3,4.2,0.316,1.8,2.5,0.702,2.1,7.1,9.2,1.5,1.2,1.2,0.8,1.3,3.5,2.0,14.6,0.3,32.8,1,0,30.7,203,89,303,96,11,408,385,293,385,387,350,376,355,371,208,184,183,505,477,329,207,90,359,416,429,226,439,192,39,463
1629013,Landry Shamet,Landry,1610612756,PHX,26.0,40,19,21,0.475,47.6,6.7,17.7,0.377,4.4,11.7,0.377,2.7,3.0,0.882,0.6,3.3,4.0,5.5,2.1,1.5,0.3,0.9,3.6,2.8,20.4,2.2,36.8,0,0,38.0,350,324,327,322,215,309,168,478,37,45,155,252,308,68,472,493,508,158,319,198,438,243,348,319,222,168,353,253,39,290
1626204,Larry Nance Jr.,Larry,1610612740,NOP,30.0,65,34,31,0.523,47.7,6.4,10.5,0.61,0.5,1.5,0.333,1.9,2.7,0.696,3.7,8.6,12.2,4.1,1.5,1.9,1.3,0.5,4.6,3.0,15.2,6.4,44.3,3,0,38.5,171,149,164,227,201,340,476,45,450,469,292,354,339,380,104,104,100,243,444,106,128,418,184,283,414,65,194,130,39,278
1628374,Lauri Markkanen,Lauri,1610612762,UTA,26.0,66,32,34,0.485,47.6,12.0,24.0,0.499,4.2,10.7,0.391,7.3,8.4,0.875,2.7,9.2,11.9,2.6,2.7,0.9,0.8,1.4,2.9,6.2,35.4,3.4,55.9,28,0,57.4,162,178,121,310,226,29,43,157,51,65,109,27,36,78,155,81,105,389,207,436,223,85,456,63,19,128,51,21,39,35
2544,LeBron James,LeBron,1610612747,LAL,38.0,55,30,25,0.545,46.4,14.5,29.0,0.5,2.9,9.0,0.321,6.0,7.8,0.768,1.5,9.3,10.9,8.9,4.2,1.2,0.8,1.1,2.1,6.5,37.8,5.1,65.8,18,2,64.3,267,207,268,195,406,6,8,155,176,132,344,53,43,261,287,77,132,44,46,336,234,145,513,50,15,89,9,35,11,12
1630195,Leandro Bolmaro,Leandro,1610612762,UTA,22.0,14,8,6,0.571,46.0,2.0,13.4,0.15,0.0,2.7,0.0,0.0,0.0,0.0,2.7,2.0,4.7,4.7,4.7,2.0,0.7,0.7,6.7,5.4,4.0,1.3,20.1,0,0,18.8,457,436,457,149,467,530,364,532,492,444,492,511,516,511,159,525,476,202,25,92,270,340,48,89,532,199,532,253,39,533
1631311,Lester Quinones,Lester,1610612744,GSW,22.0,4,4,0,1.0,44.2,4.9,12.2,0.4,4.9,9.8,0.5,9.8,14.6,0.667,2.4,4.9,7.3,4.9,12.2,2.4,0.0,0.0,0.0,7.3,24.4,14.6,35.6,0,0,46.3,509,468,532,1,525,460,414,436,26,96,10,10,4,403,178,362,287,188,3,44,491,499,528,27,126,16,380,253,39,126
1629623,Lindell Wigginton,Lindell,1610612749,MIL,25.0,7,4,3,0.571,46.3,9.6,19.8,0.486,3.2,9.6,0.333,4.3,4.8,0.889,0.0,3.7,3.7,7.5,6.4,0.0,1.1,1.1,3.7,7.0,26.7,-20.9,39.3,1,0,43.3,482,468,496,149,424,102,115,183,134,100,292,110,158,62,517,469,517,83,6,513,165,169,317,36,93,525,299,192,39,178
1630322,Lindy Waters III,Lindy,1610612760,OKC,25.0,41,20,21,0.488,46.2,6.1,15.5,0.393,5.0,14.1,0.358,1.4,1.7,0.8,1.4,5.1,6.5,2.4,0.9,1.2,1.0,0.3,3.7,1.0,18.6,11.8,35.7,0,0,37.0,346,310,327,301,446,374,265,453,20,13,224,424,433,200,308,331,341,407,510,323,189,482,341,497,290,23,378,253,39,323
1629022,Lonnie Walker IV,Lonnie,1610612747,LAL,24.0,56,27,29,0.482,46.2,8.4,18.8,0.448,3.2,8.9,0.365,3.2,3.8,0.858,0.5,3.4,3.9,2.3,1.6,1.1,0.6,0.7,2.5,2.5,23.3,-7.4,34.7,0,0,36.0,253,238,199,313,449,172,140,294,131,137,200,192,241,102,498,490,514,431,416,386,296,302,487,360,147,425,402,253,39,343
1629663,Louis King,Louis,1610612755,PHI,24.0,1,1,0,1.0,46.5,12.9,21.0,0.615,6.5,12.9,0.5,0.0,1.6,0.0,3.2,3.2,6.5,3.2,3.2,1.6,0.0,0.0,6.5,3.2,32.3,3.2,46.5,0,0,51.6,531,507,532,1,404,21,96,41,3,24,10,511,443,511,121,501,344,317,117,170,491,499,57,255,37,135,157,253,39,64
1629652,Luguentz Dort,Luguentz,1610612760,OKC,24.0,74,36,38,0.486,46.7,7.0,17.9,0.388,2.8,8.4,0.33,4.1,5.3,0.772,2.6,4.4,7.1,3.2,1.9,1.5,0.5,1.1,5.0,5.6,20.8,0.7,38.2,5,0,37.8,79,126,69,305,374,285,162,464,191,165,319,119,125,251,164,408,307,322,371,193,363,160,139,81,214,216,327,105,39,297
1629029,Luka Dončić,Luka,1610612742,DAL,24.0,66,33,33,0.5,49.0,14.8,29.7,0.496,3.8,11.1,0.342,10.6,14.2,0.742,1.1,10.6,11.7,10.9,4.8,1.8,0.7,0.9,3.4,9.9,43.9,2.6,76.9,36,10,75.2,162,162,138,264,48,5,4,160,77,58,270,7,5,313,368,44,111,17,22,112,267,235,383,5,5,155,5,11,3,4
1630568,Luka Garza,Luka,1610612750,MIN,24.0,28,15,13,0.536,44.8,11.6,21.4,0.543,2.6,7.2,0.359,7.6,9.6,0.788,6.1,5.5,11.6,3.3,2.6,0.6,0.4,1.5,7.9,6.4,33.3,3.3,52.4,0,0,52.7,411,369,407,212,517,35,84,90,213,230,221,24,21,219,22,287,115,304,221,497,401,68,16,51,32,131,79,253,39,55
1629677,Luka Samanic,Luka,1610612762,UTA,23.0,7,2,5,0.286,45.4,7.3,16.1,0.456,2.3,8.8,0.258,2.5,3.7,0.692,0.0,8.5,8.5,4.2,2.8,1.7,0.6,0.8,4.8,2.8,19.5,-1.7,40.0,0,0,39.0,482,491,464,465,501,246,241,264,255,148,425,269,249,383,517,108,221,234,179,141,316,258,163,320,261,304,283,253,39,268
1628379,Luke Kennard,Luke,1610612763,MEM,27.0,59,37,22,0.627,47.8,6.8,13.9,0.492,4.8,9.8,0.494,1.3,1.4,0.949,0.5,5.2,5.7,3.3,1.7,1.2,0.2,0.4,3.0,1.3,19.8,7.7,34.0,0,0,36.4,230,110,315,99,193,296,346,170,29,94,24,430,465,32,493,318,402,307,408,349,477,441,443,480,247,48,412,253,39,332
1628436,Luke Kornet,Luke,1610612738,BOS,27.0,69,45,24,0.652,47.5,6.7,10.0,0.665,0.2,0.8,0.231,1.9,2.3,0.821,5.1,6.6,11.6,3.1,1.5,0.7,2.7,0.5,4.8,2.2,15.4,3.6,42.7,0,0,37.1,123,35,285,73,231,307,487,19,479,482,452,356,386,172,49,209,112,328,440,488,29,423,165,380,412,124,225,253,39,318
1630644,Mac McClung,Mac,1610612755,PHI,24.0,2,2,0,1.0,44.6,9.8,21.7,0.45,4.3,12.0,0.364,3.3,5.4,0.6,3.3,7.6,10.9,9.8,3.3,0.0,0.0,1.1,3.3,4.3,27.2,19.6,51.6,0,0,52.2,525,491,532,1,519,91,74,284,39,39,209,189,119,458,118,147,131,31,113,513,491,161,403,149,86,11,88,253,39,59
1630201,Malachi Flynn,Malachi,1610612761,TOR,25.0,53,29,24,0.547,48.3,6.1,16.9,0.36,3.3,9.3,0.353,1.7,2.3,0.758,1.0,4.3,5.3,4.9,1.7,1.5,0.3,0.6,4.5,2.4,17.2,-2.8,34.4,0,0,34.2,277,220,285,192,117,375,207,494,126,113,238,379,385,281,382,432,437,186,392,220,446,352,197,367,348,332,405,253,39,391
1631103,Malaki Branham,Malaki,1610612759,SAS,20.0,66,15,51,0.227,45.9,8.0,18.1,0.44,2.3,7.6,0.302,1.7,2.1,0.829,0.8,4.5,5.4,3.8,2.3,1.0,0.2,1.2,3.4,1.8,19.9,-10.8,33.3,0,0,33.7,162,369,10,497,472,201,157,321,250,213,380,382,409,160,418,399,433,270,294,417,468,121,381,440,240,482,426,253,39,403
1627763,Malcolm Brogdon,Malcolm,1610612738,BOS,30.0,67,46,21,0.687,48.1,9.8,20.2,0.484,3.6,8.2,0.444,4.4,5.1,0.87,1.2,6.6,7.7,6.8,2.7,1.2,0.5,1.4,3.0,4.7,27.6,5.0,49.6,0,0,49.2,145,32,327,42,155,94,107,196,92,180,30,102,142,88,356,210,256,98,198,315,350,80,439,128,82,91,117,253,39,86
1630792,Malcolm Hill,Malcolm,1610612741,CHI,27.0,5,4,1,0.8,39.8,8.7,17.4,0.5,4.3,13.0,0.333,0.0,0.0,0.0,0.0,13.0,13.0,0.0,0.0,0.0,0.0,0.0,4.3,0.0,21.7,39.1,37.4,0,0,39.1,499,468,516,11,538,144,186,140,39,22,292,511,516,511,517,10,82,525,519,513,491,499,231,526,181,5,345,253,39,265
1627736,Malik Beasley,Malik,1610612747,LAL,26.0,81,45,36,0.556,46.9,8.3,21.0,0.395,5.3,14.8,0.357,1.1,1.5,0.769,0.8,5.6,6.3,2.8,2.0,1.5,0.2,0.6,2.4,1.1,23.0,-2.0,37.7,1,0,40.7,11,35,91,172,326,183,92,451,15,11,226,450,459,254,436,284,349,367,350,225,471,367,497,495,152,310,335,192,39,230
1628370,Malik Monk,Malik,1610612758,SAC,25.0,77,47,30,0.61,46.2,9.6,21.4,0.448,3.8,10.7,0.359,4.9,5.6,0.889,0.9,4.6,5.5,8.0,3.9,1.3,0.5,1.4,3.4,3.9,28.0,1.8,48.1,0,0,49.0,46,22,184,110,444,103,83,289,73,66,220,78,110,62,413,392,426,68,69,287,336,78,389,186,78,183,130,253,39,89
1629603,Mamadi Diakite,Mamadi,1610612739,CLE,26.0,22,15,7,0.682,50.8,6.9,14.5,0.48,2.0,6.1,0.333,0.6,0.6,1.0,2.3,6.4,8.7,2.3,3.5,1.2,2.6,0.9,7.5,0.9,16.5,-2.6,38.2,0,0,37.0,430,369,454,46,7,287,316,203,290,294,292,496,506,1,193,222,209,429,96,351,35,250,23,506,371,325,329,253,39,322
1630699,MarJon Beauchamp,MarJon,1610612749,MIL,22.0,52,34,18,0.654,46.4,6.4,16.1,0.395,3.1,9.4,0.331,1.8,2.5,0.73,2.5,5.1,7.6,2.3,3.0,1.4,0.5,1.1,4.7,1.9,17.6,-6.6,32.8,0,0,34.4,283,149,365,71,405,346,242,450,146,107,317,372,363,337,172,334,266,427,149,260,369,140,175,430,325,410,438,253,39,383
202694,Marcus Morris Sr.,Marcus,1610612746,LAC,33.0,65,35,30,0.538,49.0,7.4,17.3,0.426,3.0,8.2,0.365,1.8,2.3,0.782,0.8,6.1,6.9,3.1,1.5,1.1,0.6,0.4,3.7,1.9,19.5,-0.4,36.0,2,0,35.9,171,137,184,207,49,244,196,375,158,177,205,366,383,229,440,237,315,340,435,361,317,455,342,418,259,259,370,155,39,347
203935,Marcus Smart,Marcus,1610612738,BOS,29.0,61,43,18,0.705,47.8,6.1,14.7,0.415,2.8,8.3,0.336,2.1,2.9,0.746,1.1,3.5,4.7,9.3,3.5,2.3,0.6,0.4,4.2,4.3,17.2,5.9,41.7,6,0,39.6,214,53,365,29,194,371,299,408,185,167,282,314,321,310,366,482,478,37,95,64,320,438,247,151,349,76,250,92,39,255
1631109,Mark Williams,Mark,1610612766,CHA,21.0,43,18,25,0.419,46.9,9.1,14.2,0.637,0.0,0.0,0.0,3.8,5.5,0.691,5.3,11.9,17.2,1.0,2.3,1.6,2.5,1.1,5.3,4.3,21.9,-4.5,54.2,11,0,48.4,327,339,268,390,341,128,326,31,492,524,492,139,113,386,40,22,18,518,291,177,39,139,112,155,178,368,67,56,39,97
1628365,Markelle Fultz,Markelle,1610612753,ORL,25.0,60,29,31,0.483,47.4,9.3,18.1,0.514,0.7,2.3,0.31,3.0,3.8,0.783,1.8,4.4,6.2,9.1,3.7,2.3,0.7,1.1,3.5,3.0,22.3,-3.5,48.7,3,0,44.4,222,220,164,312,250,115,158,125,441,457,362,219,235,227,239,416,361,41,82,59,256,171,363,294,168,343,125,130,39,162
202693,Markieff Morris,Markieff,1610612742,DAL,33.0,35,17,18,0.486,45.1,6.0,14.6,0.409,3.6,9.0,0.394,1.3,1.3,1.0,1.7,7.4,9.0,3.9,2.3,1.1,0.6,0.0,6.1,1.1,16.8,1.3,36.6,1,0,36.8,379,347,365,307,511,384,303,424,97,125,101,435,472,1,266,161,194,255,279,355,284,499,71,489,361,201,358,192,39,328
1630250,Marko Simonovic,Marko,1610612741,CHI,23.0,7,3,4,0.429,40.0,4.1,14.3,0.286,2.0,8.2,0.25,2.0,4.1,0.5,2.0,2.0,4.1,0.0,0.0,0.0,0.0,0.0,10.2,2.0,12.2,30.6,17.1,0,0,18.4,482,481,480,378,537,497,323,519,288,182,432,334,205,482,218,524,502,525,519,513,491,499,3,409,477,7,534,253,39,534
1628963,Marvin Bagley III,Marvin,1610612765,DET,24.0,42,7,35,0.167,48.0,9.8,18.5,0.529,0.9,3.2,0.288,3.9,5.2,0.75,4.6,8.5,13.0,1.7,2.2,0.9,1.5,0.8,3.9,4.7,24.4,-11.1,47.6,8,0,44.9,335,442,100,517,160,90,145,104,422,431,395,127,132,290,67,107,81,481,301,430,108,264,290,125,124,488,134,80,39,151
203486,Mason Plumlee,Mason,1610612746,LAC,33.0,79,28,51,0.354,47.0,7.5,11.1,0.68,0.0,0.0,0.0,4.6,7.2,0.636,5.2,10.8,16.0,5.6,2.7,1.1,1.1,0.9,5.0,5.8,19.6,-6.2,51.0,23,0,45.5,27,230,10,436,309,230,458,14,492,524,492,93,68,440,43,40,34,154,203,393,164,249,141,73,255,404,97,28,39,145
1629680,Matisse Thybulle,Matisse,1610612757,POR,26.0,71,38,33,0.535,47.2,4.3,10.0,0.435,2.1,5.8,0.365,0.7,1.1,0.679,1.6,3.9,5.5,2.1,0.9,3.3,1.3,0.3,4.4,1.3,11.5,-0.6,33.9,0,0,30.3,109,95,138,214,276,484,490,344,272,307,204,487,484,398,280,464,421,450,503,19,131,478,214,483,490,263,418,253,39,471
1630346,Matt Ryan,Matt,1610612750,MIN,26.0,34,15,19,0.441,45.0,5.8,15.7,0.37,4.6,12.2,0.381,1.4,1.7,0.833,0.6,3.2,3.8,2.3,1.0,0.7,0.1,0.6,3.9,1.4,17.7,3.0,27.3,0,0,30.1,385,369,346,369,516,402,255,482,33,34,145,415,433,144,484,502,516,426,498,475,484,369,293,467,322,141,510,253,39,473
203521,Matthew Dellavedova,Matthew,1610612758,SAC,32.0,32,19,13,0.594,45.4,3.6,10.7,0.34,1.9,5.8,0.333,0.9,1.5,0.571,0.2,2.6,2.8,8.7,2.1,1.5,0.0,0.2,4.3,3.0,10.0,-10.9,28.8,0,0,26.4,392,324,407,123,503,511,472,504,308,313,292,475,453,465,515,520,528,47,317,210,491,488,241,293,510,484,503,253,39,510
1631108,Max Christie,Max,1610612747,LAL,20.0,41,19,22,0.463,46.3,4.0,9.6,0.415,2.4,5.6,0.419,1.3,1.4,0.875,0.6,6.1,6.8,1.9,1.2,0.8,0.6,0.5,3.0,0.9,11.6,-7.0,25.7,0,0,25.5,346,324,315,345,427,502,506,410,241,319,51,436,463,74,473,238,320,470,482,452,286,395,441,503,489,419,518,253,39,514
1629622,Max Strus,Max,1610612748,MIA,27.0,80,42,38,0.525,49.1,7.0,17.1,0.41,4.3,12.2,0.35,1.7,1.9,0.876,1.1,4.5,5.6,3.7,1.5,0.9,0.3,0.5,3.6,2.0,19.9,-3.1,34.2,2,0,35.8,15,60,69,225,47,282,202,421,45,35,246,386,420,72,381,402,415,278,437,432,454,412,352,414,242,337,409,155,39,349
1628467,Maxi Kleber,Maxi,1610612742,DAL,31.0,37,18,19,0.486,48.4,4.0,8.8,0.456,2.0,5.8,0.348,1.4,2.0,0.711,1.6,5.5,7.0,2.7,1.4,0.6,1.6,0.3,4.4,2.1,11.5,-2.2,29.1,0,0,27.6,365,339,346,305,97,500,522,267,289,306,256,420,415,362,283,291,309,375,450,490,89,483,217,390,491,316,498,253,39,499
1630593,McKinley Wright IV,McKinley,1610612742,DAL,24.0,27,14,13,0.519,48.0,6.6,14.0,0.469,1.3,4.0,0.321,1.9,2.7,0.684,1.3,5.4,6.7,8.3,2.7,1.1,0.7,1.0,3.4,3.0,16.3,-15.8,39.7,0,0,36.4,414,386,407,239,163,321,333,230,388,399,343,361,340,391,326,294,322,56,195,354,251,201,374,288,378,514,291,253,39,334
203086,Meyers Leonard,Meyers,1610612749,MIL,31.0,9,6,3,0.667,46.2,5.7,11.8,0.483,2.8,7.3,0.389,3.3,3.7,0.889,4.9,8.9,13.8,0.4,2.4,0.8,0.0,0.8,6.5,4.9,17.5,-11.0,34.7,1,0,36.2,471,452,496,56,437,414,436,198,181,222,120,191,250,62,60,92,66,524,248,453,491,272,54,115,335,487,403,192,39,338
1629662,Mfiondu Kabengele,Mfiondu,1610612738,BOS,25.0,4,3,1,0.75,50.6,2.8,9.7,0.286,0.0,4.2,0.0,2.8,2.8,1.0,6.9,6.9,13.9,0.0,1.4,2.8,0.0,0.0,4.2,6.9,8.3,-6.9,31.9,0,0,27.8,509,481,516,17,8,522,500,519,492,390,492,240,334,1,11,191,65,525,452,30,491,499,251,37,523,418,456,253,39,496
1630695,Micah Potter,Micah,1610612762,UTA,25.0,7,4,3,0.571,44.1,8.4,12.6,0.667,3.4,5.9,0.571,0.0,0.0,0.0,2.5,10.9,13.4,3.4,1.7,0.8,0.0,0.0,4.2,1.7,20.2,-2.5,42.2,1,0,42.0,482,468,496,149,526,171,392,16,115,301,8,511,516,511,171,37,71,299,406,446,491,499,245,446,230,322,238,192,39,196
203487,Michael Carter-Williams,Michael,1610612753,ORL,31.0,4,1,3,0.25,48.4,6.5,15.2,0.429,1.1,3.3,0.333,4.3,7.6,0.571,1.1,4.3,5.4,7.6,4.3,1.1,1.1,2.2,5.4,6.5,18.5,-28.3,38.6,0,0,37.0,509,507,496,484,109,331,277,364,408,427,292,107,51,465,375,421,430,81,41,377,161,9,103,47,298,530,315,253,39,323
1630701,Michael Foster Jr.,Michael,1610612755,PHI,20.0,1,1,0,1.0,51.7,0.0,0.0,0.0,0.0,0.0,0.0,0.0,0.0,0.0,0.0,0.0,0.0,0.0,0.0,0.0,0.0,0.0,0.0,0.0,0.0,-100.0,0.0,0,0,0.0,531,507,532,1,5,534,538,534,492,524,492,511,516,511,517,531,533,525,519,513,491,499,528,526,535,539,537,253,39,538
1629008,Michael Porter Jr.,Michael,1610612743,DEN,25.0,62,41,21,0.661,47.7,10.5,21.7,0.487,5.0,12.0,0.414,2.5,3.2,0.8,1.7,7.3,9.0,1.7,1.8,1.0,0.8,0.8,3.2,2.3,28.6,11.1,45.5,3,0,47.9,203,65,327,66,212,63,77,182,22,38,58,268,296,200,259,165,193,485,384,415,230,293,415,378,65,25,175,130,39,105
1628969,Mikal Bridges,Mikal,1610612751,BKN,26.0,83,42,41,0.506,48.7,9.8,20.8,0.468,2.8,7.3,0.382,5.2,5.8,0.895,1.3,4.7,6.0,4.5,2.1,1.5,1.0,0.9,2.6,4.6,27.5,0.6,46.8,2,0,45.7,1,60,48,263,71,95,98,234,188,223,141,75,103,58,324,385,380,218,328,207,177,242,484,133,83,219,152,155,39,141
201144,Mike Conley,Mike,1610612750,MIN,35.0,67,34,33,0.507,47.9,6.2,14.4,0.428,3.2,8.3,0.385,3.3,4.0,0.834,0.8,3.5,4.3,10.6,2.4,1.7,0.3,0.3,3.3,4.1,18.9,1.4,43.7,6,0,41.1,145,149,138,257,171,369,319,369,135,172,135,180,215,143,439,483,492,19,250,131,425,471,398,174,279,196,207,92,39,217
203488,Mike Muscala,Mike,1610612738,BOS,31.0,63,32,31,0.508,45.8,6.4,14.2,0.449,3.9,10.0,0.391,1.9,2.5,0.769,1.8,8.1,9.8,2.4,1.1,0.7,1.2,0.5,4.8,2.4,18.6,9.9,38.6,0,0,38.6,189,178,164,255,478,348,327,288,68,84,110,349,356,254,245,125,160,409,490,472,145,417,169,365,291,32,316,253,39,276
1630540,Miles McBride,Miles,1610612752,NYK,22.0,64,36,28,0.563,48.3,4.9,13.7,0.358,2.5,8.5,0.299,1.8,2.7,0.667,0.8,2.4,3.2,4.6,1.6,2.4,0.5,0.7,3.8,2.5,14.1,3.4,31.8,0,0,30.1,181,126,214,164,121,459,357,495,220,159,385,377,344,403,423,521,527,212,422,55,347,328,305,358,438,129,462,253,39,474
1629011,Mitchell Robinson,Mitchell,1610612752,NYK,25.0,59,35,24,0.593,49.7,5.9,8.8,0.671,0.0,0.0,0.0,1.8,3.8,0.484,8.4,9.0,17.4,1.7,1.3,1.8,3.4,0.8,5.0,3.5,13.6,5.8,51.2,13,0,43.0,230,137,285,125,15,388,523,15,492,524,492,362,234,496,6,90,13,489,466,123,11,259,138,222,447,78,93,50,39,182
1628964,Mo Bamba,Mo,1610612747,LAL,25.0,49,25,24,0.51,48.5,7.4,15.2,0.485,3.0,7.8,0.387,2.6,3.9,0.661,3.7,10.5,14.2,2.9,1.9,0.8,2.7,0.9,6.6,3.1,20.4,0.5,50.5,2,0,47.6,299,262,285,254,84,241,276,187,155,200,128,262,223,425,105,45,58,355,370,451,31,244,50,276,223,220,102,155,39,111
1626149,Montrezl Harrell,Montrezl,1610612755,PHI,29.0,57,35,22,0.614,47.6,8.7,14.6,0.598,0.0,0.4,0.0,4.9,7.1,0.693,4.7,6.4,11.1,2.3,2.4,1.2,1.7,1.3,5.2,6.6,22.4,1.3,45.5,1,0,41.6,246,137,315,108,223,141,304,51,492,499,492,83,71,382,65,219,126,430,246,338,79,93,122,42,163,200,174,192,39,207
1628420,Monté Morris,Monté,1610612764,WAS,28.0,62,28,34,0.452,48.2,7.0,14.6,0.48,2.2,5.8,0.382,1.8,2.2,0.831,0.7,5.2,6.0,9.3,1.7,1.2,0.4,0.5,2.1,2.0,18.1,0.2,42.2,2,0,38.7,203,230,121,359,138,280,302,206,259,309,141,367,400,154,448,313,384,38,401,321,400,396,511,408,310,230,239,155,39,273
1629021,Moritz Wagner,Moritz,1610612753,ORL,26.0,57,27,30,0.474,46.9,8.4,16.7,0.5,2.2,6.9,0.313,6.5,7.7,0.841,2.9,8.0,11.0,3.6,2.9,1.6,0.5,1.3,5.8,6.3,25.4,-1.1,47.3,3,0,46.3,246,238,184,325,330,173,216,140,266,248,356,40,47,135,142,126,130,286,165,185,327,95,87,57,106,287,142,130,39,129
1629650,Moses Brown,Moses,1610612751,BKN,23.0,36,17,19,0.472,47.0,9.7,15.3,0.635,0.0,0.0,0.0,5.3,11.5,0.458,9.1,13.1,22.2,0.6,2.4,0.6,2.2,1.8,6.2,8.1,24.8,4.3,58.6,3,0,53.4,373,347,346,326,311,98,268,32,492,524,492,71,13,499,3,8,3,523,258,489,46,40,69,17,115,103,34,130,39,49
1630541,Moses Moody,Moses,1610612744,GSW,21.0,63,37,26,0.587,46.1,6.1,12.8,0.476,2.8,7.6,0.363,2.1,3.0,0.698,1.6,4.3,5.9,2.9,1.9,1.0,0.4,0.6,3.0,3.0,17.1,-0.4,30.8,0,0,31.5,189,110,250,132,451,372,384,215,193,210,212,323,310,377,278,421,385,362,367,400,389,383,430,281,352,256,482,253,39,447
1631217,Moussa Diabaté,Moussa,1610612746,LAC,21.0,22,10,12,0.455,47.3,5.8,11.4,0.511,0.2,0.5,0.5,2.4,3.9,0.625,7.5,4.6,12.1,1.0,2.2,1.7,1.9,1.5,3.6,3.9,14.3,-5.3,39.0,0,0,34.9,430,418,418,355,257,398,452,129,470,494,10,280,228,445,8,390,104,520,312,141,66,72,346,191,437,383,303,253,39,379
1626167,Myles Turner,Myles,1610612754,IND,27.0,62,29,33,0.468,47.4,10.4,19.0,0.548,2.4,6.5,0.373,5.6,7.2,0.783,2.3,9.8,12.1,2.3,2.7,0.9,3.6,0.8,5.6,6.6,28.9,-1.2,58.0,18,0,54.9,203,220,138,337,245,67,131,82,230,273,168,60,67,228,197,62,103,428,204,427,9,277,95,44,62,293,39,35,39,42
1630230,Naji Marshall,Naji,1610612740,NOP,25.0,77,40,37,0.519,47.4,6.5,15.1,0.433,1.7,5.8,0.303,3.7,4.6,0.789,1.3,6.1,7.4,5.0,2.6,1.4,0.4,1.0,3.0,3.4,18.5,0.2,37.7,0,0,36.2,46,74,82,236,243,327,282,350,330,312,376,160,171,218,335,240,281,180,223,245,399,189,440,237,300,231,336,253,39,337
1629642,Nassir Little,Nassir,1610612757,POR,23.0,54,22,32,0.407,48.3,6.6,15.0,0.442,2.9,7.8,0.367,1.6,2.3,0.717,1.3,5.6,7.0,2.5,1.8,1.0,1.0,0.9,3.3,1.8,17.8,-9.4,34.0,0,0,34.1,270,290,156,405,111,317,285,314,177,201,191,394,388,351,318,272,312,401,389,410,180,222,402,435,317,468,413,253,39,393
1631466,Nate Williams,Nate,1610612757,POR,24.0,5,1,4,0.2,45.4,8.6,14.0,0.615,1.1,2.9,0.375,0.7,1.1,0.667,3.6,1.8,5.4,3.6,1.4,1.1,0.7,0.7,4.7,0.7,19.0,-13.6,34.8,0,0,32.6,499,507,480,505,504,154,338,41,409,438,159,490,485,403,108,530,432,284,446,383,250,316,180,516,274,504,400,253,39,433
1630233,Nathan Knight,Nathan,1610612750,MIN,25.0,38,19,19,0.5,45.0,7.1,12.5,0.568,1.2,3.4,0.364,6.0,8.8,0.684,3.4,5.3,8.7,2.0,3.3,1.5,0.9,1.1,6.3,5.1,21.5,-1.4,39.1,0,0,38.4,359,324,346,264,514,264,396,65,393,422,209,51,28,391,114,308,210,459,114,189,192,163,65,103,187,295,302,253,39,281
1629675,Naz Reid,Naz,1610612750,MIN,23.0,68,32,36,0.471,46.1,11.4,21.3,0.537,2.8,8.0,0.346,3.2,4.7,0.677,2.7,9.6,12.3,2.8,3.4,1.5,2.0,1.2,6.5,4.1,28.8,-4.7,54.9,4,0,53.6,133,178,91,330,455,41,85,95,194,192,261,198,166,399,157,69,99,364,100,190,64,108,55,177,64,373,61,118,39,47
1629674,Neemias Queta,Neemias,1610612758,SAC,23.0,5,1,4,0.2,41.6,8.7,13.0,0.667,0.0,0.0,0.0,0.0,2.9,0.0,7.2,8.7,15.9,1.4,1.4,0.0,2.9,0.0,10.1,2.9,17.4,-43.5,45.9,0,0,40.6,499,507,480,505,533,144,377,16,492,524,492,511,319,511,9,100,36,507,445,513,21,499,4,309,339,535,167,253,39,233
203457,Nerlens Noel,Nerlens,1610612751,BKN,29.0,17,4,13,0.235,45.7,3.1,8.5,0.361,0.2,0.5,0.5,1.9,2.8,0.667,2.3,8.5,10.8,2.3,3.1,3.8,2.3,0.5,7.5,3.8,8.2,-17.6,40.0,0,0,33.8,442,468,407,495,487,520,526,493,473,496,10,358,329,403,189,111,133,422,138,10,43,425,24,204,525,519,284,253,39,399
1629651,Nic Claxton,Nic,1610612751,BKN,24.0,76,41,35,0.539,48.9,8.9,12.7,0.705,0.0,0.0,0.0,2.9,5.3,0.541,4.0,11.2,15.1,3.1,2.1,1.4,4.1,0.6,4.6,4.7,20.7,2.6,57.9,28,0,49.9,55,65,100,206,56,136,391,12,492,518,492,234,127,478,88,32,41,331,337,256,6,354,190,121,217,158,41,21,39,79
1630208,Nick Richards,Nick,1610612766,CHA,25.0,65,21,44,0.323,47.1,7.6,12.1,0.629,0.0,0.0,1.0,5.3,7.1,0.749,5.7,10.4,16.1,1.5,2.3,0.4,2.7,1.5,6.0,6.1,20.6,-4.4,49.3,14,0,44.5,171,303,30,452,299,219,420,37,488,520,1,70,70,305,30,51,33,504,282,508,26,70,79,64,220,366,122,46,39,158
1629638,Nickeil Alexander-Walker,Nickeil,1610612750,MIN,24.0,59,29,30,0.492,46.8,6.9,15.6,0.444,3.2,8.4,0.384,2.1,3.2,0.667,0.8,4.6,5.4,5.7,2.9,1.7,1.1,0.7,4.7,3.7,19.2,-2.7,39.8,0,0,39.2,230,220,184,297,348,286,257,307,132,164,138,318,297,403,430,396,434,146,162,140,155,331,179,209,269,327,290,253,39,264
201587,Nicolas Batum,Nicolas,1610612746,LAC,34.0,78,44,34,0.564,47.4,4.4,10.6,0.42,3.4,8.8,0.391,0.9,1.3,0.708,1.7,6.6,8.3,3.4,1.4,1.5,1.2,0.1,4.1,1.1,13.2,4.6,35.0,0,0,33.7,38,40,121,163,253,475,475,392,108,143,113,465,470,364,255,208,230,300,453,208,137,493,257,490,460,98,395,253,39,402
203999,Nikola Jokić,Nikola,1610612743,DEN,28.0,69,48,21,0.696,47.7,13.3,21.0,0.632,1.2,3.1,0.383,7.0,8.5,0.822,3.4,13.3,16.8,13.9,5.1,1.8,1.0,1.0,3.6,8.0,34.7,13.1,78.9,58,29,72.0,123,16,327,36,209,16,95,34,400,435,140,30,32,169,111,5,26,3,15,117,185,200,354,20,23,19,3,2,1,5
1631107,Nikola Jović,Nikola,1610612748,MIA,20.0,15,7,8,0.467,48.4,6.6,16.4,0.406,1.9,8.3,0.229,4.3,4.5,0.947,2.1,5.2,7.3,2.4,2.4,1.7,0.5,0.0,4.5,4.5,19.4,-3.8,35.8,0,0,35.3,451,442,442,338,94,318,232,429,311,173,454,111,181,33,209,317,285,419,263,159,362,499,204,140,263,353,374,253,39,365
202696,Nikola Vučević,Nikola,1610612741,CHI,32.0,82,40,42,0.488,48.3,10.5,20.2,0.52,2.1,6.1,0.349,2.3,2.8,0.835,2.8,13.1,15.9,4.7,2.4,1.1,1.0,0.8,3.1,3.1,25.4,-0.4,55.2,51,1,52.2,2,74,42,301,120,65,106,115,271,291,253,295,333,142,153,9,37,206,247,392,178,291,416,279,103,251,58,3,17,57
203943,Noah Vonleh,Noah,1610612738,BOS,27.0,23,17,6,0.739,48.1,3.1,6.7,0.458,0.3,1.1,0.25,0.6,0.6,1.0,5.0,8.4,13.4,2.0,3.1,0.6,2.2,1.1,9.8,1.1,7.0,-3.6,31.4,0,0,28.3,425,347,457,21,154,519,532,257,467,473,432,498,508,1,50,113,71,463,134,496,45,142,5,491,527,347,472,253,39,490
1626181,Norman Powell,Norman,1610612746,LAC,30.0,60,31,29,0.517,47.2,10.2,21.4,0.479,3.4,8.6,0.397,6.8,8.3,0.812,0.7,4.5,5.3,3.3,3.0,1.5,0.5,1.2,3.8,6.7,30.7,-3.7,45.0,0,0,46.8,222,191,199,246,283,77,82,210,109,155,94,31,37,185,457,397,439,312,139,202,334,125,315,41,45,351,183,253,39,125
1628384,OG Anunoby,OG,1610612761,TOR,25.0,67,33,34,0.493,48.9,8.6,18.1,0.476,2.9,7.5,0.387,2.9,3.4,0.838,1.9,4.9,6.8,2.7,2.7,2.6,1.0,1.3,4.1,3.2,23.0,2.7,43.5,2,0,42.7,145,162,121,292,62,149,156,217,171,214,129,233,272,139,227,364,319,379,197,33,174,91,264,262,150,152,212,155,39,186
1630167,Obi Toppin,Obi,1610612752,NYK,25.0,67,37,30,0.552,47.3,8.4,18.9,0.446,3.8,11.1,0.344,1.7,2.1,0.809,1.3,7.1,8.4,3.0,1.7,1.0,0.5,0.7,3.1,1.5,22.4,2.6,40.0,0,0,40.8,145,110,184,181,259,166,137,300,75,53,265,385,407,192,323,180,224,343,399,396,335,337,428,460,161,157,282,253,39,227
1630534,Ochai Agbaji,Ochai,1610612762,UTA,23.0,59,29,30,0.492,46.5,6.4,14.9,0.427,3.1,8.8,0.355,2.2,2.7,0.812,1.7,3.0,4.7,2.6,1.6,0.6,0.6,0.8,3.8,1.9,18.0,-0.7,29.4,0,0,30.7,230,220,184,297,390,350,294,370,145,144,231,310,345,187,265,510,479,388,424,492,309,292,306,424,312,269,493,253,39,462
1630846,Olivier Sarr,Olivier,1610612760,OKC,24.0,9,5,4,0.556,47.7,6.3,12.6,0.5,0.4,3.4,0.125,2.1,2.9,0.714,5.0,8.0,13.0,1.7,1.7,0.4,2.1,0.0,7.1,5.0,15.1,5.9,39.2,1,0,35.3,471,459,480,172,196,354,392,140,453,425,480,320,316,354,50,132,84,487,406,509,57,499,33,106,416,74,301,192,39,366
1630209,Omer Yurtseven,Omer,1610612748,MIA,25.0,9,5,4,0.556,46.2,8.9,15.0,0.593,1.7,3.9,0.429,2.8,3.3,0.833,4.4,8.3,12.8,1.1,2.2,1.1,1.1,0.6,8.9,5.0,22.2,5.6,43.7,0,0,42.2,471,459,480,172,435,137,286,57,339,405,40,240,281,144,68,114,91,516,302,370,157,386,8,110,170,81,208,253,39,194
1630168,Onyeka Okongwu,Onyeka,1610612737,ATL,22.0,80,41,39,0.513,47.2,8.1,12.7,0.638,0.1,0.3,0.308,3.9,5.0,0.781,5.5,9.2,14.7,2.1,2.1,1.4,2.7,1.1,6.4,4.2,20.2,1.6,51.4,12,0,45.4,15,65,60,251,282,194,387,30,482,503,366,128,147,230,35,84,48,453,339,244,28,155,60,161,228,192,91,53,39,147
1631115,Orlando Robinson,Orlando,1610612748,MIA,22.0,31,18,13,0.581,49.3,5.5,10.3,0.528,0.0,0.7,0.0,2.6,3.6,0.71,5.6,9.0,14.6,2.9,1.9,1.4,1.4,0.9,6.1,3.8,13.5,3.1,41.8,0,0,36.5,396,339,407,140,30,425,479,107,492,485,492,267,255,363,34,88,52,359,378,259,117,227,70,195,454,138,244,253,39,330
1629052,Oshae Brissett,Oshae,1610612754,IND,25.0,65,27,38,0.415,46.9,5.3,13.8,0.386,2.1,6.7,0.31,4.5,6.3,0.717,2.7,6.8,9.4,1.9,1.5,1.4,0.6,1.0,3.4,4.0,17.2,1.0,35.9,1,0,34.6,171,238,69,395,337,433,351,470,282,260,364,97,92,352,160,199,172,468,441,246,319,219,379,184,346,209,373,192,39,381
203490,Otto Porter Jr.,Otto,1610612761,TOR,30.0,8,4,4,0.5,48.1,4.9,9.9,0.5,2.0,5.6,0.353,2.6,2.6,1.0,2.0,4.3,6.3,2.6,1.3,3.6,0.0,0.0,2.3,4.3,14.5,-6.9,35.5,0,0,32.6,479,468,480,264,142,457,493,140,300,322,240,255,346,1,225,429,360,382,460,12,491,499,506,156,435,417,386,253,39,434
1631172,Ousmane Dieng,Ousmane,1610612760,OKC,20.0,39,20,19,0.513,46.7,6.2,14.9,0.42,2.1,8.0,0.265,1.2,1.9,0.652,1.6,7.1,8.6,3.8,2.1,1.1,0.6,0.7,3.4,1.6,15.8,3.2,34.9,0,0,33.8,356,310,346,250,369,362,293,393,270,190,419,443,422,430,284,186,213,267,316,352,312,345,371,454,397,136,396,253,39,397
200782,P.J. Tucker,P.J.,1610612755,PHI,38.0,75,48,27,0.64,49.9,2.5,5.8,0.427,1.4,3.6,0.393,0.5,0.6,0.826,2.5,5.2,7.7,1.6,1.1,1.0,0.4,0.2,4.7,1.5,6.9,3.5,21.5,0,0,20.4,70,16,229,87,13,527,534,374,370,414,107,501,505,162,176,319,261,499,486,402,394,485,178,463,528,127,530,253,39,531
1629023,P.J. Washington,P.J.,1610612766,CHA,24.0,73,24,49,0.329,46.5,8.5,19.1,0.444,2.9,8.4,0.348,2.5,3.4,0.73,1.4,5.6,7.0,3.4,2.2,1.3,1.5,1.2,3.8,3.0,22.4,-7.3,42.3,3,0,41.4,92,271,15,449,391,162,129,308,170,166,257,273,274,336,305,281,311,293,314,295,92,110,313,299,162,424,236,130,39,213
1628408,PJ Dozier,PJ,1610612758,SAC,26.0,16,11,5,0.688,46.7,5.9,19.4,0.303,1.2,9.4,0.125,0.0,0.0,0.0,0.6,7.6,8.2,5.9,2.9,3.5,0.6,0.6,4.1,3.5,12.9,-13.5,41.1,0,0,36.5,445,413,464,39,372,389,122,517,399,106,480,511,516,511,483,144,237,138,154,14,304,364,259,223,467,502,262,253,39,331
1631094,Paolo Banchero,Paolo,1610612753,ORL,20.0,72,31,41,0.431,47.7,9.4,22.0,0.427,1.7,5.6,0.298,7.7,10.5,0.738,1.6,8.1,9.8,5.3,3.9,1.2,0.8,1.8,3.1,7.1,28.2,-4.2,49.7,14,0,48.8,102,191,48,377,208,107,69,373,338,321,386,21,17,324,267,122,163,165,67,346,231,35,417,32,72,362,113,46,39,92
1627783,Pascal Siakam,Pascal,1610612761,TOR,29.0,71,35,36,0.493,48.9,11.6,24.2,0.48,1.7,5.3,0.324,6.8,8.7,0.774,2.4,7.8,10.3,7.7,3.1,1.2,0.7,0.6,4.2,7.4,31.7,2.3,58.0,24,2,55.1,109,137,91,290,59,34,41,205,332,336,337,32,29,244,182,136,147,80,131,331,274,348,244,26,39,167,38,25,11,41
1626192,Pat Connaughton,Pat,1610612749,MIL,30.0,61,43,18,0.705,46.2,5.3,13.5,0.392,3.5,10.3,0.339,0.9,1.3,0.659,1.6,7.5,9.1,2.5,1.1,1.2,0.4,0.4,2.2,1.6,14.9,4.3,33.1,2,0,33.0,214,53,365,29,440,434,363,457,104,75,274,473,471,426,274,157,188,403,496,341,410,432,510,449,418,106,436,155,39,424
1631116,Patrick Baldwin Jr.,Patrick,1610612744,GSW,20.0,31,15,16,0.484,46.4,8.8,22.4,0.394,6.6,17.2,0.381,0.8,1.2,0.667,0.2,8.0,8.2,2.3,2.3,1.2,0.8,0.6,2.9,0.8,25.1,-10.5,42.2,0,0,46.2,396,369,379,311,417,138,63,452,2,5,145,480,475,403,516,129,238,435,292,317,217,356,455,509,110,476,237,253,39,132
201976,Patrick Beverley,Patrick,1610612741,CHI,34.0,67,34,33,0.507,48.1,3.8,9.5,0.4,2.1,6.3,0.335,1.2,1.7,0.723,1.2,5.4,6.5,5.1,1.6,1.7,1.1,0.3,5.0,2.4,11.0,-2.1,33.2,2,0,30.3,145,149,138,257,148,508,507,436,273,281,288,441,437,344,355,301,338,175,421,156,162,472,142,363,500,314,432,155,39,472
1630172,Patrick Williams,Patrick,1610612741,CHI,21.0,82,40,42,0.488,48.1,6.5,14.0,0.464,2.4,5.7,0.415,1.9,2.2,0.857,1.6,5.2,6.8,2.1,2.1,1.5,1.4,0.8,3.0,2.1,17.2,-2.9,35.2,1,0,34.3,2,74,42,301,153,335,336,243,236,314,56,360,401,104,270,328,321,452,327,214,111,287,431,396,344,335,392,192,39,384
201988,Patty Mills,Patty,1610612751,BKN,34.0,40,18,22,0.45,46.3,7.0,17.1,0.411,4.0,10.9,0.366,2.0,2.5,0.833,0.7,2.9,3.6,4.6,2.5,1.2,0.2,0.6,2.6,2.1,20.1,-5.4,33.2,0,0,35.2,350,339,315,360,429,278,201,417,62,61,199,333,362,144,471,511,520,211,244,319,457,374,485,393,232,385,430,253,39,369
202331,Paul George,Paul,1610612746,LAC,33.0,56,32,24,0.571,48.8,11.5,25.3,0.457,4.0,10.7,0.371,6.4,7.4,0.871,1.1,7.5,8.6,7.2,4.4,2.1,0.5,0.9,4.0,5.8,33.5,3.9,58.0,8,1,58.5,253,178,285,149,68,37,29,261,66,63,178,42,59,85,364,156,215,87,38,80,348,226,279,74,31,110,37,80,17,25
1630194,Paul Reed,Paul,1610612755,PHI,24.0,69,44,25,0.638,48.1,7.9,13.3,0.593,0.1,0.4,0.167,2.4,3.2,0.745,7.1,9.6,16.7,1.7,2.9,2.9,3.2,1.1,7.8,2.9,18.3,-1.1,56.4,5,0,49.0,123,40,268,89,147,202,366,56,485,500,469,282,293,311,10,72,27,486,169,29,15,164,17,303,303,285,49,105,39,87
1630202,Payton Pritchard,Payton,1610612738,BOS,25.0,48,32,16,0.667,48.3,7.6,18.4,0.412,4.2,11.6,0.364,0.9,1.2,0.75,1.9,4.7,6.6,4.8,3.0,1.1,0.1,0.7,2.8,1.0,20.3,0.9,35.8,1,1,38.1,302,178,379,56,126,224,149,415,48,47,209,468,478,290,234,376,332,193,145,395,490,337,465,501,227,212,376,192,17,283
1631212,Peyton Watson,Peyton,1610612743,DEN,20.0,23,13,10,0.565,48.6,7.6,15.4,0.492,1.6,3.7,0.429,2.9,5.2,0.55,2.1,7.6,9.7,2.9,2.1,0.5,2.9,1.0,3.7,3.4,19.6,-12.3,43.6,0,0,40.5,425,391,430,161,80,225,267,172,349,412,40,232,133,474,211,149,167,363,329,502,22,183,340,239,258,495,211,253,39,235
1630173,Precious Achiuwa,Precious,1610612761,TOR,23.0,55,30,25,0.545,48.9,8.4,17.3,0.485,1.2,4.6,0.269,3.7,5.3,0.702,4.3,9.8,14.1,2.1,2.5,1.3,1.3,1.3,4.4,3.9,21.8,-1.6,47.2,10,0,44.5,267,207,268,195,53,168,192,188,392,366,416,149,124,372,76,63,61,446,233,278,127,92,228,190,180,301,144,64,39,159
1629656,Quentin Grimes,Quentin,1610612752,NYK,23.0,71,41,30,0.577,49.0,6.5,13.9,0.468,3.6,9.4,0.386,1.8,2.3,0.796,1.1,4.2,5.3,3.5,1.6,1.1,0.6,0.5,4.1,1.9,18.5,4.3,33.5,0,0,34.2,109,65,184,145,50,332,343,233,95,108,131,370,393,207,363,441,438,290,418,378,298,426,266,427,301,105,424,253,39,390
1631245,Quenton Jackson,Quenton,1610612764,WAS,24.0,9,3,6,0.333,44.4,6.3,13.9,0.452,0.3,4.0,0.083,5.6,7.3,0.773,0.7,2.0,2.6,5.0,1.3,1.3,0.3,1.0,3.3,6.9,18.5,-5.6,32.7,0,0,29.7,471,481,457,442,523,358,347,280,462,401,487,61,65,246,470,526,529,184,459,284,427,205,395,38,297,393,444,253,39,479
1630181,R.J. Hampton,R.J.,1610612765,DET,22.0,47,9,38,0.191,48.2,6.6,15.2,0.43,2.6,7.5,0.353,3.7,4.9,0.75,1.2,4.4,5.6,3.5,2.7,1.7,0.6,0.9,3.3,4.0,19.4,-9.0,35.6,0,0,35.7,311,426,69,514,136,324,275,359,208,216,237,159,152,290,357,409,414,289,199,126,308,237,400,183,265,464,383,253,39,352
1629628,RJ Barrett,RJ,1610612752,NYK,23.0,73,40,33,0.548,48.5,10.0,23.1,0.434,2.4,7.6,0.31,5.7,7.7,0.74,1.2,6.0,7.2,3.9,3.2,0.6,0.3,1.8,3.5,5.3,28.1,-1.2,42.1,3,0,43.4,92,74,138,190,85,86,57,348,237,209,363,57,48,316,349,247,296,254,118,493,439,29,360,93,76,291,240,130,39,176
1630564,RaiQuan Gray,RaiQuan,1610612751,BKN,23.0,1,0,1,0.0,48.1,8.2,16.4,0.5,2.7,6.8,0.4,2.7,2.7,1.0,4.1,8.2,12.3,9.6,5.5,0.0,1.4,0.0,6.8,1.4,21.9,-19.2,49.7,0,0,49.3,531,528,516,528,157,187,226,140,198,253,85,245,337,1,80,120,98,34,11,513,119,499,40,476,177,523,114,253,39,83
203526,Raul Neto,Raul,1610612739,CLE,31.0,48,31,17,0.646,49.7,5.6,10.8,0.518,1.2,4.1,0.286,3.0,3.3,0.912,1.0,3.5,4.5,7.8,2.4,1.7,0.4,0.5,4.8,4.6,15.4,1.1,36.4,0,0,33.0,302,191,376,82,18,419,467,121,398,392,396,211,280,46,394,481,482,74,264,154,391,415,159,130,410,206,360,253,39,423
203493,Reggie Bullock Jr.,Reggie,1610612742,DAL,32.0,78,37,41,0.474,49.4,4.0,9.8,0.409,3.2,8.3,0.38,0.5,0.8,0.703,0.7,5.2,5.9,2.3,0.8,1.1,0.3,0.2,3.5,0.6,11.7,-1.8,25.6,1,0,25.8,38,110,48,324,28,501,496,425,139,176,148,499,502,369,468,312,387,437,511,363,449,490,365,519,488,308,520,192,39,513
202704,Reggie Jackson,Reggie,1610612743,DEN,33.0,68,36,32,0.529,48.8,7.7,18.8,0.411,2.8,8.5,0.333,2.1,2.3,0.91,0.7,3.5,4.2,6.9,3.4,1.4,0.2,0.5,3.4,2.3,20.4,-2.3,37.1,1,0,37.4,133,126,156,219,67,213,138,419,183,163,292,322,387,47,449,484,495,96,101,264,480,424,390,375,224,318,349,192,39,313
1626158,Richaun Holmes,Richaun,1610612758,SAC,29.0,42,22,20,0.524,46.8,7.4,12.0,0.618,0.7,1.1,0.625,2.0,2.6,0.789,3.9,6.9,10.8,1.2,1.9,0.4,1.5,1.1,6.7,2.7,17.5,-9.3,36.1,1,0,34.0,335,290,341,226,346,239,429,40,442,477,5,337,353,217,94,196,134,514,372,510,103,166,45,337,333,467,367,192,39,394
201937,Ricky Rubio,Ricky,1610612739,CLE,32.0,33,23,10,0.697,48.7,5.2,15.3,0.343,1.8,7.1,0.256,2.4,3.0,0.8,0.8,5.2,6.0,9.9,2.7,2.2,0.5,1.0,4.4,4.0,14.7,3.9,42.3,0,0,37.9,390,281,430,34,75,438,270,502,320,238,428,285,309,200,441,310,375,29,205,66,346,190,224,179,423,113,233,253,39,294
203496,Robert Covington,Robert,1610612746,LAC,32.0,48,20,28,0.417,47.5,6.2,14.0,0.445,3.3,8.3,0.397,1.8,2.4,0.75,1.9,8.2,10.1,3.5,2.0,2.3,2.0,0.5,5.2,2.1,17.6,-0.4,46.0,0,0,43.1,302,310,214,391,238,364,340,303,125,175,95,364,366,290,231,119,155,288,362,60,61,393,121,391,331,258,166,253,39,181
1629057,Robert Williams III,Robert,1610612738,BOS,25.0,35,24,11,0.686,48.2,7.4,9.9,0.747,0.0,0.1,0.0,1.5,2.4,0.61,6.1,11.0,17.1,2.9,2.0,1.3,2.8,0.7,4.0,2.5,16.3,10.1,51.5,6,0,44.5,379,271,425,44,134,238,491,7,492,515,492,413,372,454,21,35,19,352,356,297,24,324,283,350,380,31,90,92,39,157
201577,Robin Lopez,Robin,1610612739,CLE,35.0,37,25,12,0.676,48.5,7.8,12.2,0.64,0.3,0.6,0.5,2.3,2.9,0.778,3.7,4.5,8.3,3.1,4.1,0.3,1.3,1.1,7.0,4.4,18.2,-9.4,33.6,0,0,33.1,365,262,418,50,93,209,416,27,463,487,10,298,317,236,100,398,231,337,60,512,125,135,37,146,308,469,423,253,39,421
203585,Rodney McGruder,Rodney,1610612765,DET,31.0,32,4,28,0.125,47.6,5.6,13.8,0.408,3.7,8.8,0.423,1.6,2.0,0.818,1.8,4.9,6.7,2.5,1.0,1.5,0.1,0.8,3.5,2.5,16.6,-4.0,32.2,0,0,32.7,392,468,214,525,217,416,348,427,82,141,49,393,413,177,241,357,324,393,500,227,489,269,357,361,366,357,452,253,39,428
1629641,Romeo Langford,Romeo,1610612759,SAS,23.0,43,14,29,0.326,46.6,6.7,14.3,0.467,0.9,3.4,0.262,2.2,3.1,0.696,3.1,3.1,6.3,2.8,1.7,1.3,0.7,0.7,3.7,3.6,16.4,-9.9,32.5,0,0,30.4,327,386,199,450,386,308,322,235,426,424,422,312,303,379,126,505,358,370,410,279,248,314,328,216,374,474,446,253,39,468
1631199,Ron Harper Jr.,Ron,1610612761,TOR,23.0,9,6,3,0.667,49.5,8.3,16.7,0.5,3.1,9.4,0.333,1.0,1.0,1.0,3.1,4.2,7.3,4.2,0.0,0.0,1.0,1.0,3.1,1.0,20.8,19.8,39.0,0,0,37.5,471,452,496,56,25,176,218,140,143,110,292,459,488,1,129,439,289,239,519,513,169,186,421,498,211,10,304,253,39,311
1626220,Royce O'Neale,Royce,1610612751,BKN,30.0,76,42,34,0.553,48.8,4.6,12.0,0.386,3.3,8.5,0.389,1.0,1.4,0.725,1.1,6.7,7.8,5.7,2.3,1.3,1.0,0.6,4.8,1.8,13.6,1.6,36.2,4,1,35.0,55,60,121,179,65,472,426,468,122,160,119,461,468,339,367,203,252,145,274,286,179,380,157,437,448,194,365,118,17,373
200752,Rudy Gay,Rudy,1610612762,UTA,36.0,56,29,27,0.518,46.5,6.2,16.4,0.38,1.9,7.4,0.254,2.4,2.8,0.857,1.9,7.4,9.3,3.2,2.1,1.1,1.0,0.1,3.9,2.1,16.7,3.2,36.9,0,0,35.3,253,220,229,241,400,365,231,474,315,217,429,286,332,104,233,159,179,313,323,379,173,497,298,403,362,134,352,253,39,363
203497,Rudy Gobert,Rudy,1610612750,MIN,31.0,70,34,36,0.486,48.0,8.0,12.2,0.659,0.0,0.1,0.0,4.9,7.6,0.644,5.2,13.0,18.2,1.9,2.7,1.3,2.1,0.9,4.7,7.1,21.0,-0.2,53.1,35,0,47.8,116,149,91,307,165,196,413,20,492,513,492,84,53,437,47,11,9,465,194,309,55,240,176,30,206,239,72,14,39,106
1629060,Rui Hachimura,Rui,1610612747,LAL,25.0,63,38,25,0.603,46.7,9.0,18.6,0.486,1.6,5.1,0.319,2.8,3.8,0.739,1.7,7.3,9.0,1.8,1.7,0.6,0.8,1.3,2.3,2.7,22.5,-0.9,38.7,2,0,37.8,189,95,268,117,375,130,142,184,346,347,346,238,237,318,261,168,195,473,405,494,215,99,507,335,160,280,312,155,39,296
201566,Russell Westbrook,Russell,1610612746,LAC,34.0,73,36,37,0.493,46.0,9.3,21.4,0.436,1.9,6.2,0.311,4.5,6.8,0.656,1.9,7.2,9.1,11.9,5.5,1.6,0.7,1.7,3.5,4.6,25.1,-0.5,55.4,24,4,52.7,92,126,82,288,468,111,79,338,307,289,360,101,80,429,229,175,184,9,10,164,253,44,362,134,109,261,54,25,7,54
1627853,Ryan Arcidiacono,Ryan,1610612757,POR,29.0,20,9,11,0.45,45.4,2.4,9.7,0.243,2.1,6.1,0.348,0.0,0.0,0.0,0.0,3.9,3.9,6.1,1.8,1.3,0.0,0.5,4.5,3.2,6.8,-10.5,22.8,0,0,21.6,435,426,425,360,505,528,498,524,276,295,258,511,516,511,517,462,509,131,380,287,491,401,208,265,529,477,526,253,39,529
1631157,Ryan Rollins,Ryan,1610612744,GSW,20.0,12,5,7,0.417,45.0,5.1,14.5,0.35,2.2,6.5,0.333,4.3,4.3,1.0,2.2,6.5,8.7,4.3,11.6,0.7,0.7,1.4,7.2,2.9,16.7,-34.1,26.4,0,0,34.8,460,459,454,391,515,446,314,499,264,270,292,107,195,1,205,213,207,225,4,475,246,73,29,309,365,533,514,253,39,380
1630240,Saben Lee,Saben,1610612756,PHX,24.0,25,15,10,0.6,46.2,6.1,15.0,0.405,1.4,3.7,0.367,5.2,7.1,0.737,1.6,4.0,5.6,8.3,3.0,2.4,0.1,1.6,4.0,6.1,18.7,-3.7,42.3,1,0,38.9,419,369,430,119,439,377,287,431,379,411,193,76,72,325,272,461,416,58,150,54,488,53,288,66,287,350,235,192,39,269
1630180,Saddiq Bey,Saddiq,1610612737,ATL,24.0,77,24,53,0.312,46.9,7.8,18.4,0.422,3.3,9.2,0.361,4.5,5.2,0.861,2.2,5.8,8.0,2.6,1.6,1.5,0.3,1.2,2.7,3.3,23.4,-3.2,40.8,4,0,41.0,46,271,9,457,335,210,148,382,120,117,216,95,131,98,207,263,247,385,428,191,444,112,476,243,142,339,268,118,39,223
1630573,Sam Hauser,Sam,1610612738,BOS,25.0,80,55,25,0.688,47.2,6.6,14.5,0.455,5.1,12.3,0.418,0.4,0.6,0.706,1.3,6.2,7.5,2.6,1.1,1.1,0.8,0.2,3.6,0.7,18.7,8.0,36.0,0,0,37.6,15,4,268,39,278,322,313,269,19,33,53,503,504,366,331,235,276,386,492,390,229,487,347,514,285,42,371,253,39,307
1630241,Sam Merrill,Sam,1610612739,CLE,27.0,5,4,1,0.8,48.8,7.5,18.3,0.409,4.2,15.0,0.278,1.7,1.7,1.0,0.0,7.5,7.5,4.2,0.0,3.3,0.0,0.0,2.5,0.8,20.8,-4.2,46.1,0,0,43.3,499,468,516,11,69,233,151,422,53,9,409,390,440,1,517,154,272,239,519,17,491,499,489,508,211,359,164,253,39,177
1630572,Sandro Mamukelashvili,Sandro,1610612759,SAS,24.0,43,23,20,0.535,46.5,6.8,16.2,0.422,2.1,7.0,0.303,2.7,4.0,0.684,4.9,8.1,13.0,4.4,2.5,1.0,0.8,1.0,3.7,3.3,18.5,-8.0,43.8,2,0,41.7,327,281,341,216,398,294,238,383,274,242,375,243,210,391,57,123,83,222,241,413,206,207,337,245,295,438,205,155,39,205
1630583,Santi Aldama,Santi,1610612763,MEM,22.0,77,47,30,0.61,46.6,6.8,14.6,0.47,2.6,7.4,0.353,3.0,4.0,0.75,2.4,7.9,10.3,2.7,1.7,1.2,1.3,0.6,4.0,3.5,19.3,2.5,41.7,4,0,40.0,46,22,184,110,381,292,309,226,210,219,238,216,216,290,187,134,146,378,409,311,120,387,287,233,267,159,249,118,39,246
1630567,Scottie Barnes,Scottie,1610612761,TOR,21.0,77,38,39,0.494,48.6,8.4,18.5,0.456,1.1,4.1,0.281,3.5,4.5,0.772,3.3,6.0,9.3,6.7,2.8,1.5,1.1,0.9,3.1,3.8,21.4,3.2,47.7,15,1,43.8,46,95,60,286,78,169,147,266,404,395,404,173,184,249,119,246,178,103,183,201,158,256,426,200,189,137,132,44,17,171
1630590,Scotty Pippen Jr.,Scotty,1610612747,LAL,22.0,6,1,5,0.167,47.8,6.1,18.2,0.333,1.5,4.5,0.333,7.6,13.6,0.556,3.0,3.0,6.1,3.0,3.0,3.0,1.5,3.0,4.5,9.1,21.2,-1.5,43.6,0,0,40.9,493,507,464,517,195,378,154,507,358,374,292,22,7,470,136,509,371,341,141,23,100,4,197,10,196,297,209,253,39,224
201586,Serge Ibaka,Serge,1610612749,MIL,33.0,16,11,5,0.688,48.4,6.8,14.1,0.481,1.6,4.7,0.333,2.1,3.4,0.615,3.9,7.6,11.5,1.0,2.9,0.5,1.8,0.8,6.0,2.9,17.2,-6.5,36.8,0,0,36.0,445,413,464,39,101,299,328,200,349,364,292,324,276,451,93,149,119,517,168,502,76,290,77,313,345,409,354,253,39,342
203552,Seth Curry,Seth,1610612751,BKN,32.0,61,37,24,0.607,47.7,8.2,17.7,0.463,3.7,9.1,0.405,2.0,2.2,0.927,0.5,3.4,3.9,3.9,2.0,1.4,0.3,0.6,3.8,2.2,22.1,-2.7,35.8,0,0,37.1,214,110,285,114,198,188,169,245,85,120,75,339,404,36,496,488,510,258,353,250,447,389,311,379,173,328,375,253,39,319
1631101,Shaedon Sharpe,Shaedon,1610612757,POR,20.0,80,32,48,0.4,47.6,8.2,17.3,0.472,2.7,7.6,0.36,2.0,2.8,0.714,1.7,4.6,6.3,2.5,2.2,1.0,0.6,0.8,3.6,2.4,21.1,-7.9,35.2,0,0,36.0,15,178,18,407,222,190,191,223,200,212,218,341,330,354,263,388,354,399,303,399,282,263,343,364,201,436,391,253,39,344
1628983,Shai Gilgeous-Alexander,Shai,1610612760,OKC,24.0,68,33,35,0.485,46.4,13.5,26.5,0.51,1.1,3.2,0.345,12.8,14.2,0.905,1.1,5.2,6.3,7.1,3.7,2.1,1.2,1.9,3.7,9.4,41.0,2.9,65.7,3,0,62.3,133,162,100,309,420,12,16,131,407,429,262,3,6,50,362,323,356,91,83,70,133,28,333,6,7,148,10,130,39,14
1629003,Shake Milton,Shake,1610612755,PHI,26.0,76,52,24,0.684,47.2,7.3,15.2,0.479,1.7,4.5,0.378,3.0,3.5,0.853,1.2,4.6,5.8,7.2,2.8,0.8,0.4,1.1,3.7,3.1,19.2,4.3,37.5,3,0,36.2,55,8,285,45,277,255,278,208,335,376,150,220,268,114,350,394,400,88,176,465,393,149,325,273,270,102,339,130,39,340
1627885,Shaquille Harrison,Shaquille,1610612747,LAL,29.0,5,1,4,0.2,45.8,5.7,13.7,0.417,1.1,3.8,0.3,4.2,5.7,0.733,0.4,8.0,8.4,11.5,2.3,4.2,0.8,0.8,4.6,4.6,16.8,-0.4,56.6,1,0,47.7,499,507,480,505,481,409,355,401,403,408,382,115,105,329,508,127,227,12,278,8,233,295,188,135,359,254,47,192,39,109
1631323,Simone Fontecchio,Simone,1610612762,UTA,27.0,52,25,27,0.481,45.6,6.8,18.6,0.369,3.7,11.4,0.33,2.1,2.6,0.795,1.8,3.3,5.1,2.5,2.3,0.9,0.5,1.0,3.7,2.1,19.5,-12.2,31.2,0,0,33.6,283,262,229,315,492,293,144,485,81,50,321,327,348,208,238,497,451,400,271,433,360,220,332,388,260,493,475,253,39,405
1630219,Skylar Mays,Skylar,1610612757,POR,25.0,6,1,5,0.167,45.5,8.2,16.4,0.5,2.9,6.3,0.462,2.9,3.1,0.923,0.5,4.1,4.6,12.0,2.4,1.4,0.2,1.9,2.7,2.7,22.2,-17.8,48.4,1,0,45.1,493,507,464,517,499,189,230,140,173,287,26,230,301,39,501,448,481,7,256,236,460,22,480,343,172,520,127,192,39,149
203915,Spencer Dinwiddie,Spencer,1610612751,BKN,30.0,79,41,38,0.519,49.9,8.4,19.2,0.438,3.3,9.0,0.369,4.9,6.0,0.812,0.5,4.4,4.9,9.4,2.7,1.2,0.4,1.1,3.4,4.6,25.1,-0.1,47.5,9,0,46.1,27,65,69,237,10,167,126,330,121,131,185,82,94,186,497,410,463,36,211,318,374,137,378,132,111,238,137,70,39,136
1626169,Stanley Johnson,Stanley,1610612759,SAS,27.0,30,5,25,0.167,46.6,6.5,12.1,0.533,1.8,4.0,0.45,2.6,3.9,0.667,2.2,7.2,9.4,6.7,3.3,1.6,0.6,0.9,4.8,3.3,17.3,-9.1,41.9,0,0,39.5,405,459,268,517,382,338,417,101,324,400,27,264,229,403,203,172,173,107,111,172,301,238,167,249,341,465,243,253,39,256
1630649,Stanley Umude,Stanley,1610612765,DET,24.0,1,0,1,0.0,52.9,0.0,25.0,0.0,0.0,25.0,0.0,50.0,50.0,1.0,0.0,0.0,0.0,0.0,0.0,25.0,25.0,0.0,0.0,25.0,50.0,75.0,200.0,0,0,150.0,531,528,516,528,3,534,33,534,492,1,492,1,1,1,517,531,533,525,519,1,1,499,528,1,2,1,1,253,39,1
201939,Stephen Curry,Stephen,1610612744,GSW,35.0,56,30,26,0.536,45.7,13.2,26.7,0.493,6.4,15.1,0.427,6.1,6.6,0.915,0.9,7.1,8.0,8.3,4.2,1.2,0.5,1.0,2.8,5.2,38.8,6.3,61.8,12,1,65.0,253,207,250,212,485,17,15,168,4,7,42,50,84,43,403,181,246,57,47,320,365,212,471,101,12,66,24,53,17,10
1628425,Sterling Brown,Sterling,1610612747,LAL,28.0,4,2,2,0.5,41.3,0.0,6.8,0.0,0.0,3.4,0.0,0.0,0.0,0.0,5.1,8.5,13.6,3.4,0.0,5.1,0.0,1.7,6.8,0.0,0.0,-6.8,36.6,0,0,27.1,509,491,512,264,535,534,531,534,492,423,492,511,516,511,48,108,68,298,519,6,491,46,44,526,535,414,355,253,39,503
203500,Steven Adams,Steven,1610612763,MEM,29.0,42,28,14,0.667,47.3,6.6,11.0,0.597,0.0,0.0,0.0,2.0,5.4,0.364,8.9,11.3,20.2,4.0,3.3,1.5,1.9,0.6,4.1,5.5,15.1,10.1,52.4,15,0,46.2,335,230,393,56,261,325,461,52,492,519,492,345,121,506,4,28,4,247,108,204,67,365,265,85,417,30,80,44,39,131
1629004,Svi Mykhailiuk,Svi,1610612766,CHA,26.0,32,16,16,0.5,47.1,7.7,17.4,0.445,4.2,10.0,0.424,2.6,3.9,0.667,1.5,3.8,5.3,5.3,2.4,1.5,0.4,1.1,2.3,3.0,22.3,2.0,40.1,0,0,41.0,392,357,379,264,303,212,185,304,47,86,46,256,222,403,295,466,436,163,255,200,384,151,503,286,165,175,281,253,39,218
204456,T.J. McConnell,T.J.,1610612754,IND,31.0,75,31,44,0.413,46.1,8.5,15.7,0.543,0.8,1.8,0.441,1.8,2.1,0.853,1.4,5.7,7.1,12.0,4.3,2.4,0.3,0.5,3.2,3.0,19.6,-1.9,50.0,6,1,44.9,70,191,30,397,457,158,253,89,437,464,34,378,411,117,315,270,308,8,42,43,437,406,412,282,256,309,110,92,17,150
203933,T.J. Warren,T.J.,1610612756,PHX,29.0,42,26,16,0.619,47.0,9.0,18.5,0.489,1.5,4.6,0.328,1.9,2.4,0.8,1.8,6.5,8.3,2.7,1.4,1.5,0.8,0.5,4.4,2.1,21.5,3.8,41.1,0,0,38.6,335,253,379,107,315,131,146,178,360,371,325,351,374,200,247,214,232,373,455,203,218,419,213,394,188,115,260,253,39,274
201959,Taj Gibson,Taj,1610612764,WAS,38.0,49,21,28,0.429,48.1,6.5,12.5,0.52,0.8,2.4,0.333,3.0,4.2,0.714,3.2,6.1,9.3,3.4,2.6,1.5,1.2,0.8,8.4,3.6,16.8,-0.4,38.6,0,0,35.7,299,303,214,378,149,334,397,116,436,455,292,215,200,354,122,242,176,297,219,205,140,279,10,215,356,257,314,253,39,351
1629659,Talen Horton-Tucker,Talen,1610612762,UTA,22.0,65,30,35,0.462,46.5,9.1,21.7,0.419,2.1,7.2,0.286,4.5,5.9,0.75,1.5,6.0,7.4,8.7,4.5,1.5,1.0,1.6,3.8,4.4,24.7,-0.3,49.6,2,0,47.8,171,207,100,347,401,126,76,394,286,229,396,99,96,290,300,251,279,48,36,231,172,55,304,145,118,246,115,155,39,107
1631106,Tari Eason,Tari,1610612745,HOU,22.0,82,22,60,0.268,46.9,7.9,17.5,0.448,1.6,4.6,0.343,2.9,3.9,0.752,5.2,8.0,13.2,2.3,2.7,2.5,1.2,1.8,5.0,2.9,20.2,-4.2,48.2,7,0,44.9,2,290,1,475,320,206,179,290,348,372,267,229,230,289,45,131,77,424,202,35,132,39,137,305,229,360,129,86,39,153
1627752,Taurean Prince,Taurean,1610612750,MIN,29.0,54,31,23,0.574,45.9,6.8,14.6,0.467,2.8,7.5,0.381,2.5,3.0,0.844,0.6,4.5,5.1,3.2,2.7,1.1,0.6,0.5,4.7,3.3,19.0,0.0,32.2,0,0,33.4,270,191,303,147,476,298,306,236,180,215,143,271,314,128,486,404,454,315,210,382,310,397,171,250,276,234,451,253,39,410
1629611,Terance Mann,Terance,1610612746,LAC,26.0,81,44,37,0.543,48.5,7.0,13.6,0.519,2.0,5.1,0.389,2.4,3.1,0.78,2.0,5.2,7.2,4.8,2.1,1.1,0.6,0.9,3.9,2.9,18.5,0.1,37.1,1,0,35.7,11,40,82,201,88,272,360,118,295,346,120,288,306,232,221,327,303,195,336,376,314,254,299,317,299,232,348,192,39,354
1629056,Terence Davis,Terence,1610612758,SAC,26.0,64,38,26,0.594,46.4,8.5,20.1,0.423,4.9,13.4,0.366,1.9,2.4,0.791,1.1,6.6,7.7,3.7,2.9,2.4,0.7,0.7,5.7,1.9,23.8,2.6,44.7,0,0,46.1,181,95,250,123,421,160,109,379,25,20,195,359,378,214,370,210,259,277,160,48,276,317,88,420,138,156,190,253,39,135
203082,Terrence Ross,Terrence,1610612756,PHX,32.0,63,27,36,0.429,47.8,7.2,16.7,0.43,3.4,9.3,0.368,1.0,1.2,0.794,0.8,4.7,5.5,3.4,1.5,1.3,0.4,0.6,3.5,1.2,18.7,-2.7,33.8,0,0,34.3,189,238,91,378,192,261,217,361,112,115,189,464,476,209,432,374,420,296,430,307,405,372,364,488,284,330,419,253,39,385
1626179,Terry Rozier,Terry,1610612766,CHA,29.0,63,19,44,0.302,47.1,10.5,25.2,0.415,3.5,10.7,0.327,3.8,4.7,0.809,1.1,4.4,5.5,6.8,2.8,1.6,0.3,1.4,2.5,4.1,28.2,-6.1,47.8,1,0,47.8,189,324,30,459,298,66,30,413,103,64,329,142,168,191,378,414,422,102,173,183,419,86,488,178,73,403,131,192,39,108
1630678,Terry Taylor,Terry,1610612741,CHI,23.0,31,13,18,0.419,45.8,6.8,13.0,0.52,0.9,3.3,0.263,1.0,1.9,0.545,4.7,3.5,8.2,1.7,1.6,0.5,1.0,1.0,4.5,1.9,15.5,3.1,31.0,0,0,29.4,396,391,365,387,479,300,377,116,428,426,420,458,421,476,64,485,240,483,427,504,166,184,201,422,409,139,479,253,39,484
201152,Thaddeus Young,Thaddeus,1610612761,TOR,35.0,54,23,31,0.426,48.4,6.6,12.1,0.545,0.4,2.1,0.176,1.1,1.6,0.692,4.3,5.8,10.1,4.6,2.6,3.3,0.3,0.5,5.4,2.4,14.6,-5.6,41.8,0,0,36.8,270,281,164,383,99,323,422,87,457,461,468,453,447,383,74,266,156,213,228,18,436,394,108,368,428,392,247,253,39,329
203648,Thanasis Antetokounmpo,Thanasis,1610612749,MIL,30.0,37,25,12,0.676,45.6,4.4,10.2,0.435,0.0,1.8,0.0,2.4,4.9,0.5,3.3,6.4,9.7,3.3,2.7,0.7,0.7,1.1,4.9,3.1,11.3,-25.2,29.3,0,0,27.0,365,262,418,50,491,477,484,344,492,465,492,278,154,482,116,220,164,302,209,485,275,152,152,275,496,528,496,253,39,505
1630177,Theo Maledon,Theo,1610612766,CHA,22.0,44,14,30,0.318,46.7,5.6,13.9,0.402,1.5,5.2,0.295,3.4,4.1,0.851,0.8,6.0,6.7,8.3,3.2,2.0,0.7,0.8,3.3,3.1,16.1,-8.0,41.5,1,0,38.1,325,386,184,454,365,420,344,434,356,341,388,174,207,120,442,252,323,55,116,89,279,266,393,270,384,439,253,192,39,285
1629033,Theo Pinson,Theo,1610612742,DAL,27.0,40,19,21,0.475,46.1,4.4,12.4,0.356,3.1,8.9,0.355,1.6,1.9,0.846,1.4,7.6,9.0,6.6,1.7,0.9,0.1,0.7,4.9,2.0,13.6,-7.1,35.5,1,1,34.3,350,324,327,322,452,476,400,497,142,138,232,400,425,126,303,151,196,111,398,440,486,318,153,411,451,421,385,192,17,387
1628418,Thomas Bryant,Thomas,1610612743,DEN,25.0,59,33,26,0.559,46.9,10.0,16.0,0.623,1.1,2.6,0.441,4.0,5.5,0.738,3.7,11.0,14.7,1.3,1.6,0.7,1.3,1.4,4.4,4.2,25.1,-4.0,49.1,9,0,46.3,230,162,250,168,338,87,245,39,406,449,34,125,116,322,101,36,50,511,413,480,124,76,219,158,108,358,123,70,39,130
203501,Tim Hardaway Jr.,Tim,1610612742,DAL,31.0,71,37,34,0.521,49.2,7.8,19.4,0.401,4.8,12.6,0.385,2.9,3.8,0.77,0.5,5.3,5.7,2.9,1.4,1.1,0.3,0.6,2.7,3.5,23.3,3.7,37.4,0,0,39.6,109,110,121,231,38,211,124,435,27,28,132,228,240,253,502,309,401,346,454,365,448,376,474,221,145,123,342,253,39,253
202699,Tobias Harris,Tobias,1610612755,PHI,30.0,74,47,27,0.635,49.6,8.6,17.2,0.501,2.6,6.6,0.389,2.3,2.6,0.876,1.4,7.3,8.6,3.8,1.8,1.4,0.8,1.1,3.0,2.2,22.1,6.0,42.9,7,0,41.5,79,22,229,91,20,151,197,139,214,267,120,296,347,73,314,171,212,264,382,263,219,177,432,382,174,72,221,86,39,211
1628396,Tony Bradley,Tony,1610612741,CHI,25.0,12,5,7,0.417,40.7,7.3,14.6,0.5,3.7,6.1,0.6,4.9,4.9,1.0,1.2,12.2,13.4,1.2,1.2,1.2,1.2,0.0,2.4,2.4,23.2,13.4,47.2,0,0,46.3,460,459,454,391,536,249,301,140,89,292,6,86,153,1,343,20,74,513,474,322,136,499,495,362,149,18,148,253,39,126
1628470,Torrey Craig,Torrey,1610612756,PHX,32.0,79,44,35,0.557,48.3,5.7,12.4,0.456,2.5,6.3,0.395,0.8,1.1,0.711,3.6,7.0,10.6,2.9,1.8,1.2,1.5,0.6,4.4,1.4,14.6,-4.4,38.2,4,0,36.1,27,40,100,171,115,415,402,265,224,284,99,483,482,361,107,190,137,357,383,313,93,379,215,478,430,367,328,118,39,341
1629027,Trae Young,Trae,1610612737,ATL,24.0,73,38,35,0.521,45.9,10.8,25.1,0.429,2.8,8.3,0.335,10.2,11.5,0.886,1.0,2.9,3.9,13.4,5.4,1.4,0.2,1.5,1.9,8.4,34.6,1.8,58.7,40,0,57.9,92,95,100,233,474,54,31,363,187,171,287,8,12,65,386,513,511,5,12,237,482,60,517,14,25,186,32,6,39,29
1630200,Tre Jones,Tre,1610612759,SAS,23.0,68,20,48,0.294,46.7,8.0,17.5,0.459,1.1,3.7,0.285,3.5,4.0,0.86,1.3,4.4,5.8,10.5,2.6,2.1,0.2,1.0,2.3,4.3,20.6,-7.6,47.6,6,2,42.5,133,310,18,463,377,197,182,254,412,410,401,170,209,99,321,407,399,21,220,79,466,214,505,150,219,431,133,92,11,189
1630544,Tre Mann,Tre,1610612760,OKC,22.0,67,31,36,0.463,46.4,7.7,19.7,0.393,3.2,10.1,0.315,1.6,2.2,0.764,1.1,5.0,6.1,4.7,2.4,1.6,0.4,0.6,3.9,2.1,20.3,2.2,38.2,1,1,38.3,145,191,91,346,407,214,118,454,137,82,351,392,406,268,380,341,370,200,251,182,375,353,296,398,226,169,326,192,17,282
1630570,Trendon Watford,Trendon,1610612757,POR,22.0,62,26,36,0.419,47.8,7.3,13.1,0.56,1.0,2.6,0.391,2.9,4.0,0.72,1.7,7.9,9.6,5.3,2.9,1.3,0.5,0.6,4.8,3.7,18.6,-7.3,40.5,3,0,38.0,203,253,91,387,190,248,376,73,417,447,114,226,208,348,258,135,168,168,167,294,356,381,166,208,292,423,274,130,39,289
1630235,Trent Forrest,Trent,1610612737,ATL,25.0,23,9,14,0.391,47.3,4.3,10.2,0.417,0.0,0.3,0.0,0.3,0.5,0.667,0.9,5.5,6.3,6.5,2.6,1.2,0.3,1.2,2.9,1.4,8.9,-9.9,28.2,0,0,24.7,425,426,393,414,267,488,482,401,492,502,492,507,512,403,414,292,355,113,226,333,417,116,449,477,519,473,506,253,39,519
1630243,Trevelin Queen,Trevelin,1610612754,IND,26.0,7,2,5,0.286,46.1,4.6,19.1,0.241,1.3,9.9,0.133,3.3,3.3,1.0,5.3,5.9,11.2,3.9,4.6,1.3,3.3,0.7,2.6,3.3,13.8,9.2,42.4,0,0,39.5,482,491,464,465,459,473,130,525,387,90,478,185,285,1,40,254,125,253,29,287,13,344,481,246,442,36,231,253,39,257
1631309,Trevor Hudgins,Trevor,1610612745,HOU,24.0,5,0,5,0.0,49.7,3.5,15.8,0.222,3.5,14.0,0.25,5.3,5.3,1.0,0.0,0.0,0.0,5.3,1.8,0.0,0.0,0.0,1.8,3.5,15.8,5.3,21.9,0,0,24.6,499,528,464,528,16,513,247,527,101,15,432,72,129,1,517,531,533,166,390,513,491,499,523,227,399,84,528,253,39,521
1631211,Trevor Keels,Trevor,1610612752,NYK,19.0,3,3,0,1.0,42.3,5.3,21.1,0.25,5.3,21.1,0.25,0.0,0.0,0.0,0.0,10.5,10.5,0.0,0.0,0.0,0.0,0.0,0.0,0.0,15.8,-94.7,28.4,0,0,31.6,520,481,532,1,532,435,91,522,16,2,432,511,516,511,517,46,140,525,519,513,491,499,528,526,399,538,505,253,39,446
1626168,Trey Lyles,Trey,1610612758,SAC,27.0,74,43,31,0.581,46.8,7.0,15.3,0.458,3.3,9.0,0.363,3.8,4.7,0.815,2.6,8.7,11.3,2.5,2.4,1.0,1.2,0.8,3.6,3.9,21.1,3.9,42.4,1,0,42.4,79,53,164,139,360,281,271,257,127,127,214,140,169,181,169,99,124,402,257,401,146,286,344,193,204,111,230,192,39,191
1630530,Trey Murphy III,Trey,1610612740,NOP,23.0,79,39,40,0.494,47.6,7.5,15.6,0.484,3.9,9.7,0.406,3.3,3.7,0.905,1.1,4.3,5.5,2.2,1.2,1.7,0.8,0.4,3.0,2.5,22.3,0.7,38.7,1,0,39.1,27,89,54,285,213,229,258,195,67,99,73,179,247,51,359,423,425,442,480,129,209,436,437,352,164,215,311,192,39,267
1628972,Troy Brown Jr.,Troy,1610612747,LAL,23.0,76,40,36,0.526,47.0,5.1,11.7,0.43,2.7,7.1,0.381,0.9,1.0,0.872,1.6,6.2,7.8,2.4,1.2,1.5,0.4,0.8,3.0,1.1,13.7,-0.4,31.1,2,0,30.3,55,74,91,222,310,449,439,361,203,236,147,474,491,81,282,233,253,413,473,212,382,297,433,492,445,253,478,155,39,469
1629660,Ty Jerome,Ty,1610612744,GSW,25.0,45,22,23,0.489,46.8,6.8,13.9,0.488,2.0,5.2,0.389,2.2,2.4,0.927,0.4,4.1,4.5,7.8,1.7,1.3,0.3,0.5,3.7,2.3,17.7,-5.3,37.9,0,0,35.2,321,290,303,300,345,301,345,180,292,345,120,309,380,37,505,451,484,75,396,283,442,405,336,374,319,382,334,253,39,370
1631102,TyTy Washington Jr.,TyTy,1610612745,HOU,21.0,31,6,25,0.194,47.4,6.4,17.5,0.363,2.1,8.8,0.238,1.1,2.0,0.556,0.2,4.7,4.9,5.1,1.5,1.6,0.2,0.4,3.2,2.0,15.9,-5.1,33.6,0,0,31.8,396,452,268,511,248,349,180,490,281,147,449,454,416,470,514,379,464,173,432,163,464,440,411,413,394,380,422,253,39,443
1628416,Tyler Dorsey,Tyler,1610612742,DAL,27.0,3,2,1,0.667,48.5,23.5,29.4,0.8,5.9,11.8,0.5,0.0,0.0,0.0,5.9,5.9,11.8,0.0,0.0,0.0,0.0,0.0,0.0,0.0,52.9,11.8,67.1,0,0,70.6,520,491,516,56,87,1,5,4,7,43,10,511,516,511,25,257,108,525,519,513,491,499,528,526,1,24,8,253,39,6
1629639,Tyler Herro,Tyler,1610612748,MIA,23.0,67,37,30,0.552,49.2,10.3,23.4,0.439,4.3,11.3,0.378,3.6,3.8,0.934,0.6,7.0,7.6,5.9,3.3,1.1,0.3,1.1,2.1,2.7,28.4,3.6,47.2,6,1,49.0,145,110,184,181,39,75,50,325,43,51,152,164,233,35,488,188,270,136,105,385,421,156,512,336,69,125,143,92,17,88
1630169,Tyrese Haliburton,Tyrese,1610612754,IND,23.0,56,28,28,0.5,47.3,10.3,21.1,0.49,4.0,10.1,0.4,4.4,5.0,0.871,0.8,4.3,5.1,14.7,3.5,2.3,0.6,1.2,1.7,3.9,29.1,-0.9,62.5,32,0,58.8,253,230,214,264,264,72,90,177,61,81,84,104,145,86,420,425,447,1,92,63,287,130,524,187,58,279,22,16,39,23
1631213,Tyrese Martin,Tyrese,1610612737,ATL,24.0,16,10,6,0.625,48.5,6.7,17.0,0.391,0.7,5.2,0.143,1.5,1.5,1.0,3.7,5.2,8.9,1.5,1.5,0.7,0.0,1.5,1.5,0.7,15.6,0.7,29.2,0,0,28.1,445,418,457,100,83,310,203,458,438,343,473,408,454,1,103,322,200,502,438,469,491,66,526,512,406,214,497,253,39,492
1630178,Tyrese Maxey,Tyrese,1610612755,PHI,22.0,60,39,21,0.65,49.1,10.7,22.2,0.481,3.9,9.0,0.434,4.4,5.2,0.845,0.6,3.7,4.3,5.2,1.9,1.2,0.2,0.9,3.2,3.9,29.7,5.9,44.8,0,0,45.8,222,89,327,77,44,59,65,201,70,129,37,105,135,127,490,470,493,170,363,334,474,231,408,192,53,75,187,253,39,139
1626145,Tyus Jones,Tyus,1610612763,MEM,27.0,80,51,29,0.638,46.8,7.5,17.1,0.438,2.9,7.9,0.371,1.9,2.4,0.806,0.7,4.2,4.8,10.1,1.8,2.0,0.1,0.3,0.8,1.8,19.8,2.3,45.4,9,1,41.9,15,10,199,90,355,232,200,331,169,198,177,353,379,195,467,442,470,25,388,96,485,470,527,434,246,166,177,70,17,198
1628962,Udoka Azubuike,Udoka,1610612762,UTA,23.0,36,17,19,0.472,45.5,7.5,9.1,0.819,0.0,0.0,0.0,0.9,2.5,0.35,3.9,11.2,15.1,1.4,2.3,0.8,1.9,0.4,4.3,2.4,15.9,-10.5,41.8,0,0,37.7,373,347,346,326,498,234,515,3,492,524,492,470,354,508,91,31,42,510,281,463,68,462,235,366,396,478,248,253,39,302
2617,Udonis Haslem,Udonis,1610612748,MIA,43.0,7,4,3,0.571,47.1,6.5,19.0,0.345,2.0,5.9,0.333,2.6,3.3,0.8,2.6,4.6,7.2,0.0,0.7,0.7,1.3,0.0,7.2,6.5,17.6,-16.3,31.5,0,0,30.7,482,468,496,149,294,328,133,501,303,301,292,257,291,200,166,395,297,525,515,486,122,499,30,46,324,516,470,253,39,461
1630586,Usman Garuba,Usman,1610612745,HOU,21.0,75,21,54,0.28,46.9,4.2,8.6,0.486,1.2,2.9,0.407,1.4,2.3,0.617,5.8,9.0,14.8,3.1,2.3,2.1,1.4,0.9,6.5,2.3,10.9,-12.2,41.6,0,0,37.0,70,303,8,472,340,495,525,185,401,439,72,421,391,450,28,89,46,336,288,73,116,233,53,371,501,494,252,253,39,321
1630176,Vernon Carey Jr.,Vernon,1610612762,UTA,22.0,11,8,3,0.727,45.2,3.2,12.7,0.25,0.0,0.0,0.0,3.2,3.2,1.0,4.8,12.7,17.5,4.8,3.2,3.2,3.2,1.6,7.9,1.6,9.5,-15.9,53.5,0,0,44.4,465,436,496,24,508,517,386,522,492,524,492,197,298,1,63,12,12,196,122,20,16,56,15,451,514,515,71,253,39,160
203506,Victor Oladipo,Victor,1610612748,MIA,31.0,42,23,19,0.548,49.0,7.1,17.8,0.397,3.1,9.4,0.33,2.6,3.5,0.747,0.7,5.0,5.7,6.5,3.9,2.5,0.5,0.7,4.4,3.0,19.9,-1.6,41.7,0,0,41.2,335,281,346,191,52,267,163,445,148,109,318,258,267,309,462,351,407,115,74,38,340,321,225,287,243,300,251,253,39,215
1631246,Vince Williams Jr.,Vince,1610612763,MEM,22.0,15,7,8,0.467,46.9,5.4,17.9,0.3,1.8,12.6,0.143,0.9,0.9,1.0,1.8,4.9,6.7,1.8,2.2,2.7,0.9,0.4,5.4,1.3,13.5,-15.2,32.7,0,0,30.9,451,442,442,338,331,429,161,518,322,29,473,469,497,1,246,354,325,477,298,32,198,433,106,479,455,512,442,253,39,456
1628427,Vlatko Čančar,Vlatko,1610612743,DEN,26.0,60,38,22,0.633,48.1,5.8,12.3,0.476,2.3,6.2,0.374,2.1,2.2,0.927,1.3,5.6,6.9,4.3,2.0,1.2,0.8,0.5,4.5,2.5,16.1,-3.6,34.7,1,0,33.6,222,95,315,93,144,393,412,215,248,288,166,331,398,37,325,274,314,227,354,335,235,416,195,357,387,345,401,192,39,406
1630249,Vít Krejčí,Vít,1610612737,ATL,23.0,29,15,14,0.517,47.4,4.3,10.6,0.405,1.4,6.0,0.238,0.3,0.6,0.5,1.7,5.7,7.4,4.9,1.4,1.4,0.3,0.9,4.9,0.3,10.3,-0.9,30.3,0,0,27.5,406,369,393,242,247,486,474,430,367,297,446,509,507,482,254,269,278,189,447,243,443,252,151,525,507,278,488,253,39,500
1631117,Walker Kessler,Walker,1610612762,UTA,21.0,74,34,40,0.459,47.5,8.3,11.5,0.72,0.0,0.1,0.333,2.3,4.4,0.516,6.4,10.9,17.3,1.9,1.6,0.7,4.8,0.9,4.7,3.5,18.9,2.0,57.6,20,0,49.3,79,149,54,349,235,181,444,10,489,511,292,297,187,481,17,38,14,467,417,474,4,221,172,226,277,176,42,30,39,84
1628976,Wendell Carter Jr.,Wendell,1610612753,ORL,24.0,57,26,31,0.456,48.0,9.1,17.4,0.525,2.3,6.4,0.356,4.1,5.5,0.738,3.4,10.7,14.1,3.7,3.0,0.9,0.9,0.5,4.5,4.6,24.7,-1.2,49.6,21,0,48.4,246,253,164,352,166,123,184,112,254,277,230,120,112,320,113,41,60,271,144,443,191,407,203,129,122,289,118,29,39,98
1631111,Wendell Moore Jr.,Wendell,1610612750,MIN,21.0,29,16,13,0.552,44.6,5.3,12.6,0.419,0.6,5.0,0.118,1.2,1.5,0.8,1.2,4.1,5.3,5.3,2.3,2.3,1.5,0.9,3.8,2.0,12.3,-15.5,35.6,0,0,31.0,406,357,407,183,520,435,394,397,445,352,482,446,458,200,352,449,440,166,268,58,106,246,307,406,474,513,384,253,39,455
1629117,Wenyen Gabriel,Wenyen,1610612747,LAL,26.0,68,37,31,0.544,46.4,7.0,11.8,0.596,0.5,1.6,0.278,2.4,3.8,0.619,5.3,7.7,13.0,1.6,2.1,1.2,1.6,0.8,6.5,4.1,16.9,-1.5,41.1,0,0,37.5,133,110,164,199,408,276,435,53,452,466,409,290,236,449,42,140,87,493,330,343,84,270,52,168,355,296,261,253,39,312
202083,Wesley Matthews,Wesley,1610612749,MIL,36.0,52,37,15,0.712,45.9,3.2,8.9,0.363,2.2,6.9,0.315,1.3,1.6,0.857,1.9,4.4,6.3,1.9,1.0,1.1,0.7,0.1,4.0,1.7,10.0,3.0,25.0,0,0,24.1,283,110,388,28,475,516,520,490,263,244,354,431,449,104,230,412,352,469,499,367,245,498,286,442,511,146,524,253,39,524
203115,Will Barton,Will,1610612761,TOR,32.0,56,27,29,0.482,47.9,6.7,17.6,0.379,3.2,8.7,0.367,1.8,2.3,0.787,0.7,5.9,6.6,5.4,2.3,1.4,0.6,1.2,2.7,1.5,18.3,-8.1,37.9,0,0,37.4,253,238,199,313,176,313,177,475,136,152,193,373,392,221,456,257,333,161,273,273,288,113,477,456,304,440,332,253,39,314
1626195,Willy Hernangomez,Willy,1610612740,NOP,29.0,38,23,15,0.605,46.0,8.9,17.0,0.527,0.3,1.1,0.273,8.1,10.5,0.779,5.8,12.3,18.1,3.3,3.9,1.7,1.3,1.8,6.4,8.3,26.3,1.9,58.1,2,0,54.1,359,281,388,115,463,135,205,111,466,474,414,17,18,235,27,19,10,303,70,136,123,33,58,15,96,179,36,155,39,46
1641645,Xavier Cooks,Xavier,1610612764,WAS,27.0,10,2,8,0.2,44.3,6.0,9.9,0.607,0.0,0.4,0.0,1.4,3.5,0.4,5.6,7.7,13.4,2.1,2.8,2.1,1.4,1.1,4.6,3.2,13.4,6.7,40.4,1,0,35.9,468,491,442,505,524,383,494,47,492,501,492,419,263,505,31,139,75,448,181,74,114,178,189,263,457,59,277,192,39,348
1629875,Xavier Moon,Xavier,1610612746,LAC,28.0,4,2,2,0.5,50.2,7.7,23.1,0.333,2.6,7.7,0.333,0.0,0.0,0.0,0.0,7.7,7.7,12.8,2.6,0.0,0.0,0.0,5.1,0.0,17.9,7.7,43.8,0,0,41.0,509,491,512,264,9,215,56,507,215,207,292,511,516,511,517,142,257,6,224,513,491,499,129,526,313,47,204,253,39,220
1630270,Xavier Sneed,Xavier,1610612766,CHA,25.0,4,0,4,0.0,46.4,4.8,9.6,0.5,2.9,5.8,0.5,3.8,3.8,1.0,0.0,4.8,4.8,4.8,2.9,0.0,1.0,1.0,6.7,2.9,16.3,-26.9,29.3,0,0,30.8,509,528,480,528,418,464,504,140,174,311,10,131,232,1,517,370,471,192,164,513,188,215,47,311,377,529,495,253,39,459
1630214,Xavier Tillman,Xavier,1610612763,MEM,24.0,61,40,21,0.656,46.7,7.4,12.1,0.614,0.2,0.6,0.267,1.9,3.5,0.551,4.8,7.4,12.1,3.8,1.7,2.3,1.1,1.3,3.8,2.8,17.0,0.0,45.8,4,0,40.0,214,74,327,68,371,237,419,44,481,490,417,350,264,473,62,162,102,263,394,62,149,89,302,323,353,237,172,118,39,248
1629139,Yuta Watanabe,Yuta,1610612751,BKN,28.0,58,30,28,0.517,47.1,5.8,11.8,0.491,3.0,6.9,0.444,1.7,2.4,0.723,1.5,5.6,7.2,2.4,1.1,1.3,0.9,0.5,4.1,1.9,16.4,-0.4,33.9,0,0,33.3,240,207,214,242,292,403,436,173,154,252,30,381,375,342,293,273,302,406,489,301,204,429,269,419,376,252,417,253,39,415
1628380,Zach Collins,Zach,1610612759,SAS,25.0,63,20,43,0.317,46.2,9.1,17.6,0.518,1.8,4.7,0.374,3.5,4.5,0.761,3.7,9.2,12.9,5.8,4.1,1.2,1.6,1.1,6.4,4.7,23.4,-7.7,51.7,9,0,49.3,189,310,37,455,448,125,175,120,327,362,164,171,178,274,102,85,89,144,54,341,87,141,62,124,141,432,87,70,39,82
203897,Zach LaVine,Zach,1610612741,CHI,28.0,77,38,39,0.494,48.1,11.7,24.1,0.485,3.5,9.5,0.375,6.3,7.4,0.848,0.7,5.3,6.0,5.7,3.4,1.2,0.3,1.4,2.8,5.0,33.3,0.3,50.2,2,0,51.5,46,95,60,286,143,33,42,190,98,103,159,44,58,123,452,307,377,149,103,330,431,87,469,108,33,224,107,155,39,65
1630192,Zeke Nnaji,Zeke,1610612743,DEN,22.0,53,34,19,0.642,48.9,7.4,13.2,0.561,1.1,4.4,0.262,2.7,4.2,0.645,4.4,4.9,9.3,1.2,2.1,1.1,1.5,0.8,7.1,4.1,18.6,-6.5,37.5,1,0,35.6,277,149,346,85,60,240,372,71,405,379,423,250,201,435,72,358,181,515,333,356,91,276,36,170,289,408,340,192,39,357
1630533,Ziaire Williams,Ziaire,1610612763,MEM,21.0,37,21,16,0.568,46.9,7.0,16.4,0.429,2.1,8.1,0.258,1.4,1.8,0.773,1.3,5.3,6.6,2.9,3.1,1.2,0.5,0.4,4.9,2.9,17.6,-6.4,31.8,0,0,32.6,365,303,379,158,325,277,228,364,278,187,426,416,427,246,316,306,330,350,133,348,349,447,155,304,330,406,461,253,39,435
1629627,Zion Williamson,Zion,1610612740,NOP,22.0,29,17,12,0.586,47.1,14.0,23.1,0.608,0.3,0.9,0.368,8.7,12.2,0.714,2.9,7.1,9.9,6.5,4.9,1.6,0.8,2.2,3.2,9.2,37.1,7.3,61.1,5,0,58.7,406,347,418,135,301,7,55,46,458,480,188,14,10,359,146,183,157,112,19,180,224,10,409,8,16,51,25,105,39,24
