player_id,player,team_id,team,age,gp,g,fga_frequency,fgm,fga,fg_pct,efg_pct,fg2a_frequency,fg2m,fg2a,fg2_pct,fg3a_frequency,fg3m,fg3a,fg3_pct
1629029,Luka Dončić,1610612742,DAL,25.0,69,69,1.0,11.46,23.58,0.486,0.572,0.551,7.41,12.99,0.57,0.449,4.06,10.59,0.383
203954,Joel Embiid,1610612755,PHI,30.0,39,39,1.0,11.54,21.82,0.529,0.561,0.837,10.15,18.26,0.556,0.163,1.38,3.56,0.388
1628973,Jalen Brunson,1610612752,NYK,27.0,77,77,1.0,10.22,21.31,0.48,0.544,0.681,7.49,14.51,0.517,0.319,2.73,6.81,0.401
1628368,De'Aaron Fox,1610612758,SAC,26.0,74,74,1.0,9.7,20.88,0.465,0.534,0.626,6.82,13.07,0.522,0.374,2.88,7.81,0.369
1630178,Tyrese Maxey,1610612755,PHI,23.0,69,69,1.0,9.1,20.26,0.449,0.524,0.599,6.07,12.13,0.501,0.401,3.03,8.13,0.373
1628983,Shai Gilgeous-Alexander,1610612760,OKC,25.0,75,75,1.0,10.61,19.83,0.535,0.567,0.819,9.35,16.24,0.576,0.181,1.27,3.59,0.353
1628378,Donovan Mitchell,1610612739,CLE,27.0,55,55,1.0,9.15,19.8,0.462,0.545,0.546,5.84,10.82,0.539,0.454,3.31,8.98,0.368
1630162,Anthony Edwards,1610612750,MIN,22.0,79,79,1.0,9.09,19.72,0.461,0.522,0.659,6.68,12.99,0.515,0.341,2.41,6.73,0.357
202681,Kyrie Irving,1610612742,DAL,32.0,57,57,1.0,9.7,19.53,0.497,0.573,0.627,6.72,12.25,0.549,0.373,2.98,7.28,0.41
1630163,LaMelo Ball,1610612766,CHA,22.0,22,22,1.0,8.32,19.23,0.433,0.515,0.534,5.14,10.27,0.5,0.466,3.18,8.95,0.355
1628369,Jayson Tatum,1610612738,BOS,26.0,73,73,1.0,9.05,19.15,0.473,0.553,0.571,5.99,10.93,0.548,0.429,3.07,8.22,0.373
1626164,Devin Booker,1610612756,PHX,27.0,67,67,1.0,9.4,19.12,0.492,0.55,0.679,7.16,12.99,0.552,0.321,2.24,6.13,0.365
201939,Stephen Curry,1610612744,GSW,36.0,74,74,1.0,8.58,19.11,0.449,0.573,0.394,3.85,7.53,0.512,0.606,4.73,11.58,0.408
201142,Kevin Durant,1610612756,PHX,35.0,74,74,1.0,9.91,19.04,0.52,0.578,0.716,7.69,13.64,0.564,0.284,2.22,5.41,0.41
1629630,Ja Morant,1610612763,MEM,24.0,9,9,1.0,8.89,18.89,0.471,0.512,0.7,7.33,13.22,0.555,0.3,1.56,5.67,0.275
203507,Giannis Antetokounmpo,1610612749,MIL,29.0,73,73,1.0,11.47,18.77,0.611,0.623,0.909,11.0,17.07,0.644,0.091,0.47,1.7,0.274
1630595,Cade Cunningham,1610612765,DET,22.0,61,61,1.0,8.38,18.75,0.447,0.497,0.713,6.48,13.38,0.484,0.287,1.9,5.38,0.354
1628398,Kyle Kuzma,1610612764,WAS,28.0,70,70,1.0,8.66,18.7,0.463,0.521,0.656,6.5,12.27,0.53,0.344,2.16,6.43,0.336
1627749,Dejounte Murray,1610612737,ATL,27.0,78,78,1.0,8.58,18.67,0.459,0.528,0.621,6.01,11.59,0.519,0.379,2.56,7.08,0.362
1629027,Trae Young,1610612737,ATL,25.0,54,54,1.0,8.0,18.52,0.432,0.519,0.537,4.78,9.94,0.48,0.463,3.22,8.57,0.376
1630217,Desmond Bane,1610612763,MEM,26.0,42,42,1.0,8.57,18.48,0.464,0.552,0.536,5.31,9.9,0.536,0.464,3.26,8.57,0.381
1629014,Anfernee Simons,1610612757,POR,25.0,45,45,1.0,7.82,18.2,0.43,0.523,0.516,4.44,9.4,0.473,0.484,3.38,8.8,0.384
203944,Julius Randle,1610612752,NYK,29.0,46,46,1.0,8.5,17.98,0.473,0.519,0.706,6.85,12.7,0.539,0.294,1.65,5.28,0.313
1630560,Cam Thomas,1610612751,BKN,22.0,63,63,1.0,7.95,17.98,0.442,0.502,0.671,5.81,12.06,0.482,0.329,2.14,5.92,0.362
203999,Nikola Jokić,1610612743,DEN,29.0,77,77,1.0,10.34,17.9,0.578,0.607,0.834,9.29,14.92,0.622,0.166,1.05,2.97,0.354
1627759,Jaylen Brown,1610612738,BOS,27.0,69,69,1.0,8.94,17.9,0.5,0.557,0.674,6.88,12.06,0.571,0.326,2.06,5.84,0.352
2544,LeBron James,1610612747,LAL,39.0,70,70,1.0,9.49,17.63,0.538,0.596,0.712,7.44,12.56,0.593,0.288,2.04,5.07,0.403
1631094,Paolo Banchero,1610612753,ORL,21.0,80,80,1.0,8.0,17.59,0.455,0.497,0.751,6.51,13.2,0.493,0.249,1.49,4.39,0.339
1628991,Jaren Jackson Jr.,1610612763,MEM,24.0,66,66,1.0,7.82,17.59,0.444,0.495,0.685,6.05,12.05,0.502,0.315,1.77,5.55,0.32
1628970,Miles Bridges,1610612766,CHA,26.0,68,68,1.0,8.07,17.57,0.459,0.524,0.628,5.79,11.03,0.525,0.372,2.28,6.54,0.348
1629639,Tyler Herro,1610612748,MIA,24.0,41,42,1.0,7.83,17.56,0.446,0.537,0.547,4.63,9.61,0.482,0.453,3.2,7.95,0.402
203081,Damian Lillard,1610612749,MIL,33.0,73,73,1.0,7.4,17.47,0.424,0.51,0.513,4.38,8.96,0.489,0.487,3.01,8.51,0.354
201942,DeMar DeRozan,1610612741,CHI,34.0,78,78,1.0,8.18,17.08,0.479,0.507,0.833,7.22,14.23,0.507,0.167,0.96,2.85,0.338
202695,Kawhi Leonard,1610612746,LAC,33.0,67,67,1.0,8.88,16.99,0.523,0.583,0.709,6.84,12.04,0.568,0.291,2.04,4.94,0.414
203076,Anthony Davis,1610612747,LAL,31.0,75,75,1.0,9.31,16.67,0.558,0.57,0.919,8.92,15.32,0.582,0.081,0.39,1.35,0.287
1641705,Victor Wembanyama,1610612759,SAS,20.0,71,71,1.0,7.73,16.65,0.464,0.519,0.668,5.93,11.11,0.534,0.332,1.8,5.54,0.326
1627750,Jamal Murray,1610612743,DEN,27.0,57,57,1.0,7.89,16.58,0.476,0.548,0.655,5.53,10.86,0.509,0.345,2.37,5.72,0.414
202331,Paul George,1610612746,LAC,34.0,73,73,1.0,7.75,16.58,0.468,0.566,0.523,4.49,8.67,0.518,0.477,3.26,7.9,0.412
1626179,Terry Rozier,1610612748,MIA,30.0,61,61,1.0,7.25,16.36,0.443,0.518,0.589,4.8,9.64,0.498,0.411,2.44,6.72,0.363
1628374,Lauri Markkanen,1610612762,UTA,27.0,55,55,1.0,7.76,16.18,0.48,0.578,0.507,4.58,8.2,0.559,0.493,3.18,7.98,0.399
1630224,Jalen Green,1610612745,HOU,22.0,82,82,1.0,6.84,16.17,0.423,0.498,0.546,4.4,8.83,0.499,0.454,2.44,7.34,0.332
203468,CJ McCollum,1610612740,NOP,32.0,65,65,1.0,7.38,16.02,0.461,0.575,0.469,3.72,7.51,0.496,0.531,3.66,8.51,0.43
1627742,Brandon Ingram,1610612740,NOP,26.0,63,63,1.0,7.87,15.94,0.494,0.537,0.762,6.51,12.14,0.536,0.238,1.37,3.79,0.36
1627783,Pascal Siakam,1610612754,IND,30.0,80,80,1.0,8.51,15.89,0.536,0.569,0.806,7.45,12.81,0.581,0.194,1.06,3.08,0.346
1628969,Mikal Bridges,1610612751,BKN,27.0,79,79,1.0,6.94,15.86,0.437,0.523,0.543,4.23,8.61,0.491,0.457,2.71,7.25,0.373
202696,Nikola Vučević,1610612741,CHI,33.0,75,75,1.0,7.63,15.75,0.484,0.522,0.741,6.44,11.67,0.552,0.259,1.19,4.08,0.291
1629627,Zion Williamson,1610612740,NOP,23.0,69,69,1.0,8.96,15.74,0.569,0.572,0.983,8.87,15.48,0.573,0.017,0.09,0.26,0.333
203924,Jerami Grant,1610612757,POR,30.0,54,54,1.0,7.09,15.74,0.451,0.516,0.675,5.04,10.63,0.474,0.325,2.06,5.11,0.402
1630567,Scottie Barnes,1610612761,TOR,22.0,60,60,1.0,7.42,15.65,0.474,0.528,0.685,5.73,10.72,0.535,0.315,1.68,4.93,0.341
1630578,Alperen Sengun,1610612745,HOU,21.0,63,63,1.0,8.33,15.56,0.536,0.553,0.887,7.81,13.79,0.566,0.113,0.52,1.76,0.297
1630170,Devin Vassell,1610612759,SAS,23.0,68,68,1.0,7.32,15.51,0.472,0.551,0.577,4.88,8.96,0.545,0.423,2.44,6.56,0.372
1626157,Karl-Anthony Towns,1610612750,MIN,28.0,62,62,1.0,7.73,15.34,0.504,0.575,0.656,5.53,10.06,0.55,0.344,2.19,5.27,0.416
1630532,Franz Wagner,1610612753,ORL,22.0,72,72,1.0,7.33,15.21,0.482,0.525,0.696,6.03,10.58,0.57,0.304,1.31,4.63,0.282
1629632,Coby White,1610612741,CHI,24.0,78,78,1.0,6.81,15.19,0.448,0.534,0.542,4.19,8.23,0.509,0.458,2.62,6.96,0.376
1629673,Jordan Poole,1610612764,WAS,25.0,78,78,1.0,6.28,15.19,0.414,0.491,0.524,3.92,7.96,0.493,0.476,2.36,7.23,0.326
1630169,Tyrese Haliburton,1610612754,IND,24.0,69,69,1.0,7.23,15.16,0.477,0.57,0.489,4.41,7.42,0.594,0.511,2.83,7.74,0.365
1629628,RJ Barrett,1610612761,TOR,24.0,58,58,1.0,7.45,15.02,0.496,0.547,0.719,5.91,10.79,0.548,0.281,1.53,4.22,0.363
203897,Zach LaVine,1610612741,CHI,29.0,25,25,1.0,6.8,15.0,0.453,0.532,0.549,4.44,8.24,0.539,0.451,2.36,6.76,0.349
203903,Jordan Clarkson,1610612762,UTA,32.0,54,54,1.0,6.06,14.78,0.41,0.466,0.618,4.39,9.13,0.481,0.382,1.67,5.65,0.295
1629636,Darius Garland,1610612739,CLE,24.0,57,57,1.0,6.58,14.74,0.446,0.525,0.577,4.26,8.51,0.501,0.423,2.32,6.23,0.372
1641706,Brandon Miller,1610612766,CHA,21.0,73,73,1.0,6.38,14.55,0.439,0.524,0.545,3.89,7.93,0.491,0.455,2.49,6.62,0.377
202691,Klay Thompson,1610612744,GSW,34.0,76,76,1.0,6.24,14.39,0.433,0.551,0.392,2.84,5.64,0.503,0.608,3.39,8.75,0.388
1628389,Bam Adebayo,1610612748,MIA,26.0,70,70,1.0,7.41,14.26,0.52,0.528,0.958,7.2,13.66,0.527,0.042,0.21,0.6,0.357
1626156,D'Angelo Russell,1610612747,LAL,28.0,75,75,1.0,6.4,14.07,0.455,0.56,0.494,3.45,6.95,0.497,0.506,2.95,7.12,0.414
1631114,Jalen Williams,1610612760,OKC,23.0,71,71,1.0,7.55,13.97,0.54,0.592,0.757,6.1,10.58,0.577,0.243,1.45,3.39,0.427
1627832,Fred VanVleet,1610612745,HOU,30.0,73,73,1.0,5.79,13.9,0.417,0.529,0.425,2.68,5.9,0.455,0.575,3.11,8.0,0.389
203992,Bogdan Bogdanović,1610612737,ATL,31.0,79,79,1.0,5.96,13.87,0.43,0.539,0.418,2.92,5.8,0.504,0.582,3.04,8.08,0.376
203078,Bradley Beal,1610612756,PHX,31.0,51,52,1.0,6.94,13.63,0.509,0.578,0.676,5.06,9.22,0.549,0.324,1.88,4.41,0.427
1631101,Shaedon Sharpe,1610612757,POR,21.0,32,32,1.0,5.5,13.56,0.406,0.475,0.585,3.63,7.94,0.457,0.415,1.88,5.63,0.333
202699,Tobias Harris,1610612755,PHI,31.0,69,69,1.0,6.58,13.55,0.486,0.532,0.732,5.32,9.91,0.537,0.268,1.26,3.64,0.347
1629028,Deandre Ayton,1610612757,POR,25.0,54,54,1.0,7.65,13.39,0.571,0.572,0.988,7.63,13.22,0.577,0.012,0.02,0.17,0.111
1629008,Michael Porter Jr.,1610612743,DEN,26.0,79,79,1.0,6.43,13.37,0.481,0.582,0.485,3.72,6.48,0.574,0.515,2.71,6.89,0.393
1629012,Collin Sexton,1610612762,UTA,25.0,77,77,1.0,6.49,13.25,0.49,0.552,0.684,4.84,9.06,0.534,0.316,1.65,4.18,0.394
204001,Kristaps Porziņģis,1610612738,BOS,28.0,57,57,1.0,6.81,13.19,0.516,0.589,0.61,4.88,8.05,0.606,0.39,1.93,5.14,0.375
202710,Jimmy Butler III,1610612748,MIA,34.0,60,60,1.0,6.58,13.18,0.499,0.537,0.818,5.58,10.78,0.518,0.182,1.0,2.4,0.417
1627734,Domantas Sabonis,1610612758,SAC,28.0,82,82,1.0,7.71,12.99,0.593,0.609,0.918,7.3,11.93,0.612,0.082,0.4,1.06,0.379
1626162,Kelly Oubre Jr.,1610612755,PHI,28.0,67,67,1.0,5.73,12.96,0.442,0.5,0.63,4.24,8.16,0.519,0.37,1.49,4.79,0.312
1630193,Immanuel Quickley,1610612761,TOR,25.0,67,67,1.0,5.61,12.93,0.434,0.531,0.516,3.12,6.67,0.468,0.484,2.49,6.25,0.399
1630703,Scoot Henderson,1610612757,POR,20.0,61,61,1.0,4.95,12.87,0.385,0.439,0.664,3.54,8.54,0.415,0.336,1.41,4.33,0.326
1627763,Malcolm Brogdon,1610612757,POR,31.0,39,39,1.0,5.59,12.72,0.44,0.522,0.599,3.49,7.62,0.458,0.401,2.1,5.1,0.412
1631099,Keegan Murray,1610612758,SAC,23.0,77,77,1.0,5.71,12.58,0.454,0.548,0.475,3.35,5.97,0.561,0.525,2.36,6.61,0.358
1631093,Jaden Ivey,1610612765,DET,22.0,76,76,1.0,5.39,12.51,0.431,0.495,0.621,3.79,7.78,0.487,0.379,1.61,4.74,0.339
1630552,Jalen Johnson,1610612737,ATL,22.0,56,56,1.0,6.38,12.45,0.512,0.562,0.716,5.13,8.91,0.575,0.284,1.25,3.54,0.354
1629640,Keldon Johnson,1610612759,SAS,24.0,68,67,1.0,5.62,12.41,0.453,0.525,0.576,3.81,7.15,0.533,0.424,1.81,5.26,0.344
1628370,Malik Monk,1610612758,SAC,26.0,72,72,1.0,5.49,12.39,0.443,0.526,0.526,3.43,6.51,0.527,0.474,2.06,5.88,0.35
1628978,Donte DiVincenzo,1610612752,NYK,27.0,81,81,1.0,5.46,12.32,0.443,0.584,0.299,1.99,3.68,0.54,0.701,3.47,8.64,0.401
203501,Tim Hardaway Jr.,1610612742,DAL,32.0,78,77,1.0,4.85,12.17,0.398,0.506,0.387,2.23,4.71,0.474,0.613,2.62,7.46,0.351
1627747,Caris LeVert,1610612739,CLE,29.0,68,68,1.0,5.07,12.06,0.421,0.487,0.595,3.49,7.18,0.486,0.405,1.59,4.88,0.325
202711,Bojan Bogdanović,1610612752,NYK,35.0,57,57,1.0,5.42,11.95,0.454,0.551,0.51,3.09,6.09,0.507,0.49,2.33,5.86,0.398
203935,Marcus Smart,1610612763,MEM,30.0,20,20,1.0,5.1,11.85,0.43,0.519,0.435,3.0,5.15,0.583,0.565,2.1,6.7,0.313
1626167,Myles Turner,1610612754,IND,28.0,77,77,1.0,6.16,11.77,0.523,0.587,0.642,4.65,7.56,0.615,0.358,1.51,4.21,0.358
1641713,GG Jackson,1610612763,MEM,19.0,48,47,1.0,5.02,11.73,0.428,0.519,0.492,2.9,5.77,0.502,0.508,2.13,5.96,0.357
1629018,Gary Trent Jr.,1610612761,TOR,25.0,70,70,1.0,5.0,11.7,0.427,0.534,0.462,2.5,5.4,0.463,0.538,2.5,6.3,0.397
203114,Khris Middleton,1610612749,MIL,32.0,55,55,1.0,5.76,11.69,0.493,0.566,0.616,4.05,7.2,0.563,0.384,1.71,4.49,0.381
1631096,Chet Holmgren,1610612760,OKC,22.0,82,82,1.0,6.16,11.62,0.53,0.598,0.634,4.59,7.37,0.623,0.366,1.57,4.26,0.37
203471,Dennis Schröder,1610612751,BKN,30.0,79,79,1.0,5.04,11.58,0.435,0.509,0.605,3.32,7.01,0.473,0.395,1.72,4.57,0.377
1629631,De'Andre Hunter,1610612737,ATL,26.0,57,57,1.0,5.28,11.56,0.457,0.544,0.542,3.26,6.26,0.521,0.458,2.02,5.3,0.381
1628384,OG Anunoby,1610612752,NYK,26.0,50,50,1.0,5.64,11.54,0.489,0.577,0.537,3.6,6.2,0.581,0.463,2.04,5.34,0.382
1628401,Derrick White,1610612738,BOS,29.0,72,72,1.0,5.31,11.54,0.46,0.578,0.408,2.58,4.71,0.549,0.592,2.72,6.83,0.398
201935,James Harden,1610612746,LAC,34.0,71,71,1.0,4.9,11.41,0.43,0.542,0.411,2.34,4.69,0.498,0.589,2.56,6.72,0.382
1630228,Jonathan Kuminga,1610612744,GSW,21.0,73,72,1.0,6.0,11.36,0.528,0.559,0.806,5.3,9.15,0.579,0.194,0.7,2.21,0.317
1630559,Austin Reaves,1610612747,LAL,26.0,81,80,1.0,5.53,11.32,0.489,0.57,0.556,3.68,6.3,0.584,0.444,1.85,5.02,0.369
1631097,Bennedict Mathurin,1610612754,IND,22.0,59,59,1.0,5.02,11.24,0.446,0.507,0.677,3.66,7.61,0.481,0.323,1.36,3.63,0.374
1629023,P.J. Washington,1610612742,DAL,25.0,72,71,1.0,4.89,11.21,0.436,0.517,0.492,3.07,5.51,0.557,0.508,1.82,5.69,0.32
1626171,Bobby Portis,1610612749,MIL,29.0,82,82,1.0,5.68,11.2,0.508,0.562,0.732,4.46,8.2,0.545,0.268,1.22,3.0,0.407
1630596,Evan Mobley,1610612739,CLE,23.0,50,50,1.0,6.38,11.0,0.58,0.6,0.893,5.94,9.82,0.605,0.107,0.44,1.18,0.373
1628381,John Collins,1610612762,UTA,26.0,67,67,1.0,5.82,11.0,0.529,0.588,0.685,4.54,7.54,0.602,0.315,1.28,3.46,0.371
1630180,Saddiq Bey,1610612737,ATL,25.0,63,63,1.0,4.56,10.92,0.417,0.499,0.488,2.78,5.33,0.521,0.512,1.78,5.59,0.318
1631095,Jabari Smith Jr.,1610612745,HOU,21.0,76,76,1.0,4.96,10.88,0.456,0.539,0.544,3.14,5.92,0.531,0.456,1.82,4.96,0.366
1630530,Trey Murphy III,1610612740,NOP,24.0,56,56,1.0,4.82,10.86,0.444,0.581,0.28,1.84,3.04,0.606,0.72,2.98,7.82,0.381
203952,Andrew Wiggins,1610612744,GSW,29.0,70,69,1.0,4.86,10.8,0.45,0.507,0.673,3.61,7.27,0.497,0.327,1.24,3.53,0.352
1641718,Keyonte George,1610612762,UTA,20.0,74,74,1.0,4.18,10.78,0.387,0.476,0.459,2.26,4.95,0.456,0.541,1.92,5.84,0.329
1629661,Cameron Johnson,1610612751,BKN,28.0,57,57,1.0,4.74,10.68,0.443,0.554,0.43,2.37,4.6,0.515,0.57,2.37,6.09,0.389
1628415,Dillon Brooks,1610612745,HOU,28.0,72,72,1.0,4.57,10.67,0.428,0.515,0.518,2.72,5.53,0.492,0.482,1.85,5.14,0.359
1630166,Deni Avdija,1610612764,WAS,23.0,75,75,1.0,5.39,10.65,0.506,0.561,0.706,4.21,7.52,0.56,0.294,1.17,3.13,0.374
1628386,Jarrett Allen,1610612739,CLE,26.0,77,77,1.0,6.73,10.61,0.634,0.634,0.993,6.73,10.53,0.639,0.007,0.0,0.08,0.0
1630581,Josh Giddey,1610612760,OKC,21.0,80,80,1.0,5.03,10.6,0.474,0.522,0.713,4.0,7.56,0.529,0.287,1.03,3.04,0.337
1629675,Naz Reid,1610612750,MIN,24.0,81,81,1.0,5.01,10.48,0.478,0.578,0.522,2.93,5.47,0.535,0.478,2.09,5.01,0.416
1631110,Jeremy Sochan,1610612759,SAS,21.0,73,73,1.0,4.55,10.41,0.437,0.482,0.708,3.62,7.37,0.491,0.292,0.93,3.04,0.306
1629622,Max Strus,1610612739,CLE,28.0,70,70,1.0,4.33,10.39,0.417,0.532,0.343,1.94,3.56,0.546,0.657,2.39,6.83,0.349
1626145,Tyus Jones,1610612764,WAS,28.0,66,66,1.0,4.92,10.08,0.489,0.568,0.615,3.32,6.2,0.535,0.385,1.61,3.88,0.414
1627741,Buddy Hield,1610612755,PHI,31.0,83,83,1.0,4.39,10.05,0.436,0.565,0.332,1.81,3.34,0.542,0.668,2.58,6.71,0.384
201950,Jrue Holiday,1610612738,BOS,34.0,68,68,1.0,4.79,10.03,0.478,0.577,0.535,2.81,5.37,0.523,0.465,1.99,4.66,0.426
1626181,Norman Powell,1610612746,LAC,31.0,75,75,1.0,4.85,9.99,0.486,0.595,0.502,2.67,5.01,0.532,0.498,2.19,4.97,0.44
1629130,Duncan Robinson,1610612748,MIA,30.0,67,67,1.0,4.52,9.96,0.454,0.594,0.3,1.75,2.99,0.585,0.7,2.78,6.97,0.398
1641715,Cam Whitmore,1610612745,HOU,19.0,47,46,1.0,4.51,9.94,0.454,0.539,0.529,2.83,5.26,0.538,0.471,1.68,4.68,0.359
203932,Aaron Gordon,1610612743,DEN,28.0,71,71,1.0,5.46,9.93,0.55,0.579,0.804,4.9,7.99,0.614,0.196,0.56,1.94,0.29
1629060,Rui Hachimura,1610612747,LAL,26.0,67,66,1.0,5.28,9.88,0.535,0.607,0.656,3.85,6.48,0.594,0.344,1.43,3.4,0.421
1629634,Brandon Clarke,1610612763,MEM,27.0,6,6,1.0,5.5,9.83,0.559,0.568,0.898,5.33,8.83,0.604,0.102,0.17,1.0,0.167
1630557,Corey Kispert,1610612764,WAS,25.0,80,79,1.0,4.75,9.81,0.484,0.599,0.395,2.49,3.88,0.642,0.605,2.26,5.94,0.381
201566,Russell Westbrook,1610612746,LAC,35.0,68,68,1.0,4.38,9.68,0.453,0.485,0.767,3.76,7.43,0.507,0.233,0.62,2.25,0.275
1630590,Scotty Pippen Jr.,1610612763,MEM,23.0,21,21,1.0,4.76,9.67,0.493,0.567,0.645,3.33,6.24,0.534,0.355,1.43,3.43,0.417
201572,Brook Lopez,1610612749,MIL,36.0,79,79,1.0,4.63,9.56,0.485,0.583,0.465,2.76,4.44,0.621,0.535,1.87,5.11,0.366
1630591,Jalen Suggs,1610612753,ORL,23.0,75,75,1.0,4.48,9.52,0.471,0.578,0.461,2.44,4.39,0.556,0.539,2.04,5.13,0.397
1629001,De'Anthony Melton,1610612755,PHI,26.0,38,38,1.0,3.66,9.45,0.387,0.494,0.407,1.63,3.84,0.425,0.593,2.03,5.61,0.362
1630175,Cole Anthony,1610612753,ORL,24.0,81,81,1.0,4.1,9.41,0.436,0.497,0.639,2.95,6.01,0.491,0.361,1.15,3.4,0.338
1631170,Jaime Jaquez Jr.,1610612748,MIA,23.0,74,75,1.0,4.54,9.34,0.486,0.533,0.709,3.66,6.62,0.553,0.291,0.88,2.72,0.323
1630245,Ayo Dosunmu,1610612741,CHI,24.0,75,75,1.0,4.65,9.32,0.499,0.582,0.591,3.12,5.51,0.567,0.409,1.53,3.81,0.402
1630583,Santi Aldama,1610612763,MEM,23.0,61,60,1.0,4.05,9.31,0.435,0.528,0.465,2.31,4.33,0.534,0.535,1.74,4.98,0.349
1631105,Jalen Duren,1610612765,DET,20.0,60,59,1.0,5.77,9.3,0.62,0.62,0.993,5.77,9.23,0.625,0.007,0.0,0.07,0.0
1629659,Talen Horton-Tucker,1610612762,UTA,23.0,50,50,1.0,3.66,9.22,0.397,0.461,0.612,2.48,5.64,0.44,0.388,1.18,3.58,0.33
202704,Reggie Jackson,1610612743,DEN,34.0,80,80,1.0,4.0,9.19,0.435,0.503,0.629,2.75,5.78,0.476,0.371,1.25,3.41,0.366
201569,Eric Gordon,1610612756,PHX,35.0,67,67,1.0,4.09,9.16,0.446,0.568,0.358,1.85,3.28,0.564,0.642,2.24,5.88,0.381
1627736,Malik Beasley,1610612749,MIL,27.0,79,79,1.0,4.05,9.14,0.443,0.598,0.249,1.22,2.28,0.533,0.751,2.84,6.86,0.413
1630625,Dalano Banton,1610612757,POR,24.0,53,49,1.0,3.64,9.13,0.399,0.455,0.605,2.62,5.53,0.474,0.395,1.02,3.6,0.283
1628380,Zach Collins,1610612759,SAS,26.0,68,68,1.0,4.32,8.94,0.484,0.53,0.704,3.49,6.29,0.554,0.296,0.84,2.65,0.317
1628960,Grayson Allen,1610612756,PHX,28.0,73,74,1.0,4.44,8.93,0.497,0.646,0.348,1.77,3.11,0.568,0.652,2.67,5.82,0.459
203084,Harrison Barnes,1610612758,SAC,32.0,82,82,1.0,4.17,8.8,0.474,0.575,0.476,2.39,4.2,0.57,0.524,1.78,4.61,0.386
202685,Jonas Valančiūnas,1610612740,NOP,32.0,81,81,1.0,4.93,8.77,0.562,0.587,0.837,4.48,7.33,0.611,0.163,0.44,1.43,0.31
1630174,Aaron Nesmith,1610612754,IND,24.0,72,72,1.0,4.33,8.76,0.494,0.605,0.472,2.39,4.14,0.577,0.528,1.94,4.63,0.42
1628997,Caleb Martin,1610612748,MIA,28.0,64,63,1.0,3.77,8.73,0.431,0.504,0.585,2.5,5.11,0.489,0.415,1.27,3.63,0.349
1630183,Jaden McDaniels,1610612750,MIN,23.0,72,72,1.0,4.26,8.72,0.489,0.557,0.594,3.07,5.18,0.592,0.406,1.19,3.54,0.337
1628989,Kevin Huerter,1610612758,SAC,25.0,64,62,1.0,3.86,8.7,0.443,0.554,0.39,1.94,3.39,0.571,0.61,1.92,5.31,0.362
1631222,Jake LaRavia,1610612763,MEM,22.0,35,34,1.0,3.37,8.66,0.389,0.477,0.485,1.86,4.2,0.442,0.515,1.51,4.46,0.34
202692,Alec Burks,1610612752,NYK,32.0,66,66,1.0,3.18,8.62,0.369,0.478,0.42,1.3,3.62,0.36,0.58,1.88,5.0,0.376
1628971,Bruce Brown,1610612761,TOR,27.0,67,67,1.0,4.09,8.61,0.475,0.519,0.719,3.33,6.19,0.537,0.281,0.76,2.42,0.315
1631106,Tari Eason,1610612745,HOU,23.0,22,22,1.0,4.0,8.59,0.466,0.513,0.735,3.18,6.32,0.504,0.265,0.82,2.27,0.36
201144,Mike Conley,1610612750,MIN,36.0,76,76,1.0,3.87,8.47,0.457,0.595,0.371,1.51,3.14,0.481,0.629,2.36,5.33,0.442
1628404,Josh Hart,1610612752,NYK,29.0,81,81,1.0,3.64,8.4,0.434,0.493,0.619,2.65,5.2,0.511,0.381,0.99,3.2,0.309
203991,Clint Capela,1610612737,ATL,30.0,73,73,1.0,4.82,8.38,0.575,0.575,0.998,4.82,8.37,0.576,0.002,0.0,0.01,0.0
1629022,Lonnie Walker IV,1610612751,BKN,25.0,57,57,1.0,3.54,8.37,0.423,0.532,0.444,1.72,3.72,0.462,0.556,1.82,4.65,0.392
203915,Spencer Dinwiddie,1610612747,LAL,31.0,75,75,1.0,3.27,8.36,0.391,0.486,0.427,1.67,3.57,0.466,0.573,1.6,4.79,0.334
204456,T.J. McConnell,1610612754,IND,32.0,71,71,1.0,4.65,8.35,0.556,0.572,0.926,4.39,7.73,0.568,0.074,0.25,0.62,0.409
1630172,Patrick Williams,1610612741,CHI,22.0,43,43,1.0,3.7,8.35,0.443,0.525,0.588,2.33,4.91,0.474,0.412,1.37,3.44,0.399
1629750,Javonte Green,1610612741,CHI,30.0,9,9,1.0,5.0,8.33,0.6,0.667,0.64,3.89,5.33,0.729,0.36,1.11,3.0,0.37
1629652,Luguentz Dort,1610612760,OKC,25.0,79,79,1.0,3.65,8.32,0.438,0.557,0.397,1.67,3.3,0.506,0.603,1.97,5.01,0.394
203994,Jusuf Nurkić,1610612756,PHX,29.0,74,74,1.0,4.2,8.3,0.507,0.524,0.855,3.91,7.09,0.55,0.145,0.3,1.2,0.247
1631103,Malaki Branham,1610612759,SAS,21.0,74,73,1.0,3.57,8.28,0.431,0.504,0.573,2.35,4.74,0.496,0.427,1.22,3.54,0.344
1630191,Isaiah Stewart,1610612765,DET,23.0,45,45,1.0,4.04,8.24,0.491,0.578,0.55,2.6,4.53,0.574,0.45,1.44,3.71,0.389
1631323,Simone Fontecchio,1610612765,DET,28.0,65,65,1.0,3.74,8.23,0.454,0.576,0.385,1.74,3.17,0.549,0.615,2.0,5.06,0.395
1629651,Nic Claxton,1610612751,BKN,25.0,68,68,1.0,5.19,8.21,0.633,0.634,0.991,5.18,8.13,0.637,0.009,0.01,0.07,0.2
1628963,Marvin Bagley III,1610612764,WAS,25.0,50,50,1.0,4.78,8.16,0.586,0.597,0.944,4.6,7.7,0.597,0.056,0.18,0.46,0.391
1628379,Luke Kennard,1610612763,MEM,28.0,39,39,1.0,3.62,8.08,0.448,0.617,0.244,0.87,1.97,0.442,0.756,2.74,6.1,0.45
203497,Rudy Gobert,1610612750,MIN,32.0,76,76,1.0,5.34,8.05,0.663,0.663,0.995,5.34,8.01,0.667,0.005,0.0,0.04,0.0
1626196,Josh Richardson,1610612748,MIA,30.0,42,42,1.0,3.62,8.05,0.45,0.546,0.456,2.07,3.67,0.565,0.544,1.55,4.38,0.353
101108,Chris Paul,1610612744,GSW,39.0,57,57,1.0,3.54,8.04,0.441,0.524,0.548,2.21,4.4,0.502,0.452,1.33,3.63,0.367
1629684,Grant Williams,1610612766,CHA,25.0,75,75,1.0,3.63,7.99,0.454,0.558,0.441,1.96,3.52,0.557,0.559,1.67,4.47,0.373
1631109,Mark Williams,1610612766,CHA,22.0,19,19,1.0,5.16,7.95,0.649,0.649,1.0,5.16,7.95,0.649,0.0,0.0,0.0,
1641764,Brandin Podziemski,1610612744,GSW,21.0,73,72,1.0,3.63,7.95,0.457,0.533,0.603,2.42,4.79,0.506,0.397,1.21,3.15,0.383
202330,Gordon Hayward,1610612760,OKC,34.0,51,51,1.0,3.67,7.9,0.464,0.51,0.777,2.94,6.14,0.479,0.223,0.73,1.76,0.411
1630200,Tre Jones,1610612759,SAS,24.0,76,76,1.0,3.97,7.84,0.507,0.56,0.683,3.13,5.36,0.585,0.317,0.84,2.49,0.339
1630202,Payton Pritchard,1610612738,BOS,26.0,81,81,1.0,3.62,7.77,0.466,0.581,0.399,1.83,3.1,0.59,0.601,1.79,4.67,0.384
1628976,Wendell Carter Jr.,1610612753,ORL,25.0,55,55,1.0,4.05,7.73,0.525,0.6,0.598,2.89,4.62,0.626,0.402,1.16,3.11,0.374
203484,Kentavious Caldwell-Pope,1610612743,DEN,31.0,74,74,1.0,3.57,7.72,0.462,0.568,0.476,1.93,3.68,0.526,0.524,1.64,4.04,0.405
1630529,Herbert Jones,1610612740,NOP,25.0,75,74,1.0,3.85,7.71,0.5,0.599,0.533,2.33,4.11,0.568,0.467,1.52,3.6,0.422
1630544,Tre Mann,1610612766,CHA,23.0,41,35,1.0,3.54,7.71,0.459,0.533,0.601,2.39,4.63,0.516,0.399,1.15,3.07,0.373
1627777,Georges Niang,1610612739,CLE,31.0,82,82,1.0,3.46,7.71,0.449,0.567,0.373,1.65,2.88,0.572,0.627,1.82,4.83,0.376
1630285,Zavier Simpson,1610612763,MEM,27.0,7,7,1.0,2.43,7.71,0.315,0.361,0.685,1.71,5.29,0.324,0.315,0.71,2.43,0.294
1629614,Andrew Nembhard,1610612754,IND,24.0,68,67,1.0,3.82,7.68,0.498,0.557,0.672,2.93,5.16,0.567,0.328,0.9,2.51,0.357
1628998,Cody Martin,1610612766,CHA,28.0,28,28,1.0,2.93,7.68,0.381,0.444,0.6,1.96,4.61,0.426,0.4,0.96,3.07,0.314
1641709,Ausar Thompson,1610612765,DET,21.0,62,62,1.0,3.73,7.63,0.488,0.511,0.765,3.39,5.84,0.58,0.235,0.34,1.79,0.189
1627826,Ivica Zubac,1610612746,LAC,27.0,67,67,1.0,4.91,7.58,0.648,0.648,1.0,4.91,7.58,0.648,0.0,0.0,0.0,
1628365,Markelle Fultz,1610612753,ORL,26.0,43,43,1.0,3.58,7.58,0.472,0.479,0.945,3.49,7.16,0.487,0.055,0.09,0.42,0.222
1627751,Jakob Poeltl,1610612761,TOR,28.0,50,50,1.0,4.96,7.56,0.656,0.656,1.0,4.96,7.56,0.656,0.0,0.0,0.0,
1627936,Alex Caruso,1610612741,CHI,30.0,70,70,1.0,3.56,7.56,0.471,0.598,0.382,1.63,2.89,0.564,0.618,1.93,4.67,0.413
1627827,Dorian Finney-Smith,1610612751,BKN,31.0,66,66,1.0,3.15,7.47,0.422,0.535,0.341,1.45,2.55,0.571,0.659,1.7,4.92,0.345
1641871,Duop Reath,1610612757,POR,28.0,67,67,1.0,3.42,7.4,0.462,0.55,0.508,2.1,3.76,0.56,0.492,1.31,3.64,0.361
1641711,Gradey Dick,1610612761,TOR,20.0,59,57,1.0,3.15,7.37,0.428,0.526,0.462,1.69,3.41,0.498,0.538,1.46,3.97,0.368
1630533,Ziaire Williams,1610612763,MEM,22.0,51,48,1.0,2.94,7.37,0.399,0.476,0.497,1.8,3.67,0.492,0.503,1.14,3.71,0.307
1631246,Vince Williams Jr.,1610612763,MEM,23.0,52,51,1.0,3.25,7.29,0.446,0.55,0.449,1.73,3.27,0.529,0.551,1.52,4.02,0.378
1627752,Taurean Prince,1610612747,LAL,30.0,77,76,1.0,3.21,7.27,0.441,0.562,0.382,1.45,2.78,0.523,0.618,1.75,4.49,0.39
1641708,Amen Thompson,1610612745,HOU,21.0,62,62,1.0,3.84,7.19,0.534,0.543,0.87,3.71,6.26,0.593,0.13,0.13,0.94,0.138
1631204,Marcus Sasser,1610612765,DET,23.0,70,69,1.0,3.07,7.17,0.428,0.516,0.534,1.81,3.83,0.474,0.466,1.26,3.34,0.376
1630573,Sam Hauser,1610612738,BOS,26.0,78,78,1.0,3.18,7.09,0.448,0.626,0.166,0.67,1.18,0.565,0.834,2.51,5.91,0.425
1631133,Jabari Walker,1610612757,POR,21.0,72,72,1.0,3.25,7.07,0.46,0.5,0.727,2.68,5.14,0.522,0.273,0.57,1.93,0.295
1630167,Obi Toppin,1610612754,IND,26.0,82,82,1.0,4.04,7.05,0.573,0.661,0.562,2.79,3.96,0.705,0.438,1.24,3.09,0.403
203095,Evan Fournier,1610612765,DET,31.0,31,30,1.0,2.55,7.03,0.362,0.438,0.413,1.48,2.9,0.511,0.587,1.06,4.13,0.258
1630171,Isaac Okoro,1610612739,CLE,23.0,69,69,1.0,3.41,6.96,0.49,0.577,0.552,2.19,3.84,0.57,0.448,1.22,3.12,0.391
1629021,Moritz Wagner,1610612753,ORL,27.0,80,80,1.0,4.15,6.89,0.603,0.637,0.791,3.68,5.45,0.674,0.209,0.48,1.44,0.33
1630538,Bones Hyland,1610612746,LAC,23.0,36,33,1.0,2.61,6.89,0.379,0.462,0.468,1.47,3.22,0.457,0.532,1.14,3.67,0.311
201565,Derrick Rose,1610612763,MEM,35.0,24,24,1.0,3.17,6.88,0.461,0.506,0.752,2.54,5.17,0.492,0.248,0.63,1.71,0.366
1641731,Bilal Coulibaly,1610612764,WAS,19.0,63,63,1.0,2.98,6.83,0.437,0.512,0.57,1.97,3.89,0.506,0.43,1.02,2.94,0.346
1630692,Jordan Goodwin,1610612763,MEM,25.0,56,53,1.0,2.52,6.82,0.369,0.424,0.631,1.77,4.3,0.411,0.369,0.75,2.52,0.298
1626220,Royce O'Neale,1610612756,PHX,31.0,77,77,1.0,2.71,6.79,0.4,0.546,0.214,0.73,1.45,0.5,0.786,1.99,5.34,0.372
1641722,Jordan Hawkins,1610612740,NOP,22.0,66,64,1.0,2.61,6.79,0.384,0.506,0.342,0.95,2.32,0.412,0.658,1.65,4.47,0.369
1630165,Killian Hayes,1610612765,DET,22.0,42,42,1.0,2.79,6.74,0.413,0.452,0.739,2.26,4.98,0.455,0.261,0.52,1.76,0.297
1641774,Tristan Vukcevic,1610612764,WAS,21.0,10,8,1.0,2.9,6.7,0.433,0.507,0.463,1.9,3.1,0.613,0.537,1.0,3.6,0.278
1641729,Brice Sensabaugh,1610612762,UTA,20.0,31,29,1.0,2.52,6.68,0.377,0.459,0.459,1.42,3.06,0.463,0.541,1.1,3.61,0.304
1630540,Miles McBride,1610612752,NYK,23.0,68,62,1.0,2.99,6.62,0.451,0.572,0.409,1.38,2.71,0.511,0.591,1.6,3.91,0.41
203110,Draymond Green,1610612744,GSW,34.0,54,51,1.0,3.3,6.61,0.499,0.569,0.658,2.37,4.35,0.545,0.342,0.93,2.26,0.41
1630168,Onyeka Okongwu,1610612737,ATL,23.0,55,55,1.0,4.02,6.6,0.609,0.64,0.81,3.6,5.35,0.673,0.19,0.42,1.25,0.333
1630182,Josh Green,1610612742,DAL,23.0,56,56,1.0,3.16,6.59,0.48,0.577,0.496,1.88,3.27,0.574,0.504,1.29,3.32,0.387
1630702,Jaden Hardy,1610612742,DAL,21.0,72,70,1.0,2.68,6.58,0.407,0.493,0.53,1.56,3.49,0.446,0.47,1.13,3.1,0.363
1629638,Nickeil Alexander-Walker,1610612750,MIN,25.0,82,82,1.0,2.88,6.56,0.439,0.56,0.377,1.28,2.48,0.517,0.623,1.6,4.09,0.391
1629611,Terance Mann,1610612746,LAC,27.0,74,74,1.0,3.38,6.53,0.518,0.59,0.586,2.43,3.82,0.636,0.414,0.95,2.7,0.35
1627884,Derrick Jones Jr.,1610612742,DAL,27.0,75,74,1.0,3.11,6.48,0.479,0.563,0.516,2.03,3.35,0.606,0.484,1.08,3.13,0.345
201567,Kevin Love,1610612748,MIA,35.0,54,54,1.0,2.81,6.48,0.434,0.55,0.32,1.31,2.07,0.634,0.68,1.5,4.41,0.34
1629655,Daniel Gafford,1610612742,DAL,25.0,73,72,1.0,4.66,6.47,0.72,0.72,1.0,4.66,6.47,0.72,0.0,0.0,0.0,
1630188,Jalen Smith,1610612754,IND,24.0,61,61,1.0,3.82,6.44,0.593,0.67,0.636,2.82,4.1,0.688,0.364,1.0,2.34,0.427
1630241,Sam Merrill,1610612739,CLE,28.0,61,58,1.0,2.59,6.44,0.402,0.584,0.099,0.25,0.64,0.385,0.901,2.34,5.8,0.404
201143,Al Horford,1610612738,BOS,38.0,64,64,1.0,3.28,6.36,0.516,0.647,0.383,1.61,2.44,0.66,0.617,1.67,3.92,0.426
203482,Kelly Olynyk,1610612761,TOR,33.0,77,77,1.0,3.51,6.32,0.554,0.613,0.69,2.77,4.36,0.634,0.31,0.74,1.96,0.377
1630205,Lamar Stevens,1610612763,MEM,26.0,38,33,1.0,2.84,6.32,0.45,0.479,0.808,2.47,5.11,0.485,0.192,0.37,1.21,0.304
1630173,Precious Achiuwa,1610612752,NYK,24.0,74,73,1.0,3.16,6.31,0.501,0.529,0.792,2.81,5.0,0.562,0.208,0.35,1.31,0.268
200768,Kyle Lowry,1610612755,PHI,38.0,58,58,1.0,2.76,6.31,0.437,0.568,0.342,1.1,2.16,0.512,0.658,1.66,4.16,0.398
1629656,Quentin Grimes,1610612765,DET,24.0,51,51,1.0,2.35,6.31,0.373,0.497,0.264,0.78,1.67,0.471,0.736,1.57,4.65,0.338
1630541,Moses Moody,1610612744,GSW,22.0,65,63,1.0,2.95,6.29,0.469,0.557,0.526,1.85,3.31,0.558,0.474,1.11,2.98,0.371
1630198,Isaiah Joe,1610612760,OKC,24.0,78,77,1.0,2.85,6.22,0.458,0.609,0.272,0.96,1.69,0.568,0.728,1.88,4.53,0.416
1641739,Toumani Camara,1610612757,POR,24.0,69,68,1.0,2.77,6.19,0.447,0.513,0.607,1.96,3.75,0.521,0.393,0.81,2.43,0.333
1631107,Nikola Jović,1610612748,MIA,21.0,45,43,1.0,2.8,6.18,0.453,0.568,0.424,1.38,2.62,0.525,0.576,1.42,3.56,0.4
1631223,David Roddy,1610612756,PHX,23.0,64,57,1.0,2.5,6.16,0.406,0.467,0.596,1.75,3.67,0.477,0.404,0.75,2.48,0.302
1630631,Jose Alvarado,1610612740,NOP,26.0,55,54,1.0,2.53,6.15,0.411,0.524,0.396,1.15,2.44,0.47,0.604,1.38,3.71,0.373
203083,Andre Drummond,1610612741,CHI,30.0,78,77,1.0,3.42,6.13,0.559,0.559,0.996,3.42,6.1,0.561,0.004,0.0,0.03,0.0
1626166,Cameron Payne,1610612755,PHI,29.0,77,76,1.0,2.65,6.13,0.432,0.54,0.449,1.32,2.75,0.481,0.551,1.32,3.38,0.392
1628372,Dennis Smith Jr.,1610612751,BKN,26.0,54,54,1.0,2.65,6.06,0.437,0.483,0.688,2.09,4.17,0.502,0.312,0.56,1.89,0.294
203995,Vasilije Micić,1610612766,CHA,30.0,59,58,1.0,2.61,6.05,0.431,0.49,0.583,1.9,3.53,0.538,0.417,0.71,2.53,0.282
203967,Dario Šarić,1610612744,GSW,30.0,63,60,1.0,2.83,6.0,0.471,0.567,0.489,1.67,2.94,0.568,0.511,1.16,3.06,0.378
1628995,Kevin Knox II,1610612765,DET,24.0,31,29,1.0,2.77,6.0,0.462,0.546,0.495,1.77,2.97,0.598,0.505,1.0,3.03,0.33
1641707,Taylor Hendricks,1610612762,UTA,20.0,40,39,1.0,2.7,6.0,0.45,0.56,0.417,1.38,2.5,0.55,0.583,1.33,3.5,0.379
1629669,Jaylen Nowell,1610612765,DET,24.0,13,12,1.0,2.62,6.0,0.436,0.474,0.628,2.15,3.77,0.571,0.372,0.46,2.23,0.207
1631128,Christian Braun,1610612743,DEN,23.0,80,80,1.0,2.71,5.94,0.457,0.52,0.663,1.96,3.94,0.498,0.337,0.75,2.0,0.375
1629013,Landry Shamet,1610612764,WAS,27.0,46,44,1.0,2.54,5.91,0.43,0.526,0.426,1.41,2.52,0.56,0.574,1.13,3.39,0.333
1631200,Kris Murray,1610612757,POR,23.0,61,53,1.0,2.34,5.89,0.398,0.465,0.504,1.56,2.97,0.525,0.496,0.79,2.92,0.27
1630186,Jahmi'us Ramsey,1610612761,TOR,23.0,7,7,1.0,2.57,5.86,0.439,0.512,0.463,1.71,2.71,0.632,0.537,0.86,3.14,0.273
1630194,Paul Reed,1610612755,PHI,25.0,81,81,1.0,3.12,5.78,0.541,0.563,0.88,2.86,5.09,0.563,0.12,0.26,0.69,0.375
1631241,Javon Freeman-Liberty,1610612761,TOR,24.0,21,19,1.0,2.52,5.76,0.438,0.479,0.661,2.05,3.81,0.538,0.339,0.48,1.95,0.244
1629670,Jordan Nwora,1610612761,TOR,25.0,51,46,1.0,2.63,5.75,0.457,0.531,0.56,1.78,3.22,0.555,0.44,0.84,2.53,0.333
1641733,Nick Smith Jr.,1610612766,CHA,20.0,50,48,1.0,2.22,5.7,0.389,0.5,0.491,0.96,2.8,0.343,0.509,1.26,2.9,0.434
1630564,RaiQuan Gray,1610612759,SAS,24.0,3,2,1.0,3.33,5.67,0.588,0.676,0.588,2.33,3.33,0.7,0.412,1.0,2.33,0.429
1630548,Johnny Juzang,1610612762,UTA,23.0,19,19,1.0,2.63,5.63,0.467,0.617,0.299,0.95,1.68,0.563,0.701,1.68,3.95,0.427
1630230,Naji Marshall,1610612740,NOP,26.0,65,64,1.0,2.6,5.62,0.463,0.541,0.592,1.72,3.32,0.519,0.408,0.88,2.29,0.383
1630610,DeJon Jarreau,1610612763,MEM,26.0,9,9,1.0,1.89,5.56,0.34,0.38,0.74,1.44,4.11,0.351,0.26,0.44,1.44,0.308
1630208,Nick Richards,1610612766,CHA,26.0,66,66,1.0,3.85,5.55,0.694,0.694,0.997,3.85,5.53,0.696,0.003,0.0,0.02,0.0
1631212,Peyton Watson,1610612743,DEN,21.0,78,78,1.0,2.55,5.55,0.46,0.51,0.658,1.99,3.65,0.544,0.342,0.56,1.9,0.297
203957,Danté Exum,1610612742,DAL,28.0,54,52,1.0,2.96,5.54,0.535,0.624,0.642,1.98,3.56,0.557,0.358,0.98,1.98,0.495
1626168,Trey Lyles,1610612758,SAC,28.0,58,57,1.0,2.47,5.53,0.445,0.576,0.318,1.02,1.76,0.578,0.682,1.45,3.78,0.384
1630534,Ochai Agbaji,1610612761,TOR,24.0,77,77,1.0,2.29,5.53,0.413,0.485,0.514,1.49,2.84,0.525,0.486,0.79,2.69,0.295
203914,Gary Harris,1610612753,ORL,29.0,54,54,1.0,2.43,5.5,0.441,0.569,0.31,1.02,1.7,0.598,0.69,1.41,3.8,0.371
203937,Kyle Anderson,1610612750,MIN,30.0,79,79,1.0,2.52,5.48,0.46,0.472,0.889,2.38,4.87,0.488,0.111,0.14,0.61,0.229
1641998,Trey Jemison III,1610612763,MEM,24.0,25,22,1.0,3.0,5.44,0.551,0.551,1.0,3.0,5.44,0.551,0.0,0.0,0.0,
1631117,Walker Kessler,1610612762,UTA,22.0,63,62,1.0,3.59,5.41,0.663,0.669,0.944,3.52,5.11,0.689,0.056,0.06,0.3,0.211
1641723,Kobe Bufkin,1610612737,ATL,20.0,17,17,1.0,2.0,5.41,0.37,0.418,0.565,1.47,3.06,0.481,0.435,0.53,2.35,0.225
203109,Jae Crowder,1610612749,MIL,33.0,50,49,1.0,2.28,5.4,0.422,0.53,0.385,1.12,2.08,0.538,0.615,1.16,3.32,0.349
1630577,Julian Champagnie,1610612759,SAS,23.0,73,72,1.0,2.18,5.4,0.404,0.525,0.317,0.86,1.71,0.504,0.683,1.32,3.68,0.357
1641717,Cason Wallace,1610612760,OKC,20.0,82,82,1.0,2.65,5.39,0.491,0.602,0.471,1.45,2.54,0.572,0.529,1.2,2.85,0.419
202694,Marcus Morris Sr.,1610612739,CLE,34.0,49,45,1.0,2.37,5.39,0.439,0.53,0.549,1.39,2.96,0.469,0.451,0.98,2.43,0.403
1641726,Dereck Lively II,1610612742,DAL,20.0,55,55,1.0,4.02,5.38,0.747,0.747,0.993,4.02,5.35,0.752,0.007,0.0,0.04,0.0
202722,Dāvis Bertāns,1610612766,CHA,31.0,42,39,1.0,2.12,5.38,0.394,0.555,0.142,0.38,0.76,0.5,0.858,1.74,4.62,0.376
1626224,Cedi Osman,1610612759,SAS,29.0,72,72,1.0,2.56,5.33,0.479,0.591,0.424,1.36,2.26,0.601,0.576,1.19,3.07,0.389
1628988,Aaron Holiday,1610612745,HOU,27.0,78,76,1.0,2.37,5.33,0.445,0.546,0.478,1.29,2.55,0.508,0.522,1.08,2.78,0.387
1628424,Kobi Simmons,1610612761,TOR,26.0,4,4,1.0,2.25,5.25,0.429,0.476,0.619,1.75,3.25,0.538,0.381,0.5,2.0,0.25
1626174,Christian Wood,1610612747,LAL,28.0,49,46,1.0,2.41,5.22,0.461,0.529,0.563,1.69,2.94,0.576,0.438,0.71,2.29,0.313
1630551,Justin Champagnie,1610612764,WAS,23.0,15,14,1.0,2.13,5.2,0.41,0.494,0.423,1.27,2.2,0.576,0.577,0.87,3.0,0.289
201976,Patrick Beverley,1610612749,MIL,35.0,73,73,1.0,2.16,5.19,0.417,0.497,0.522,1.33,2.71,0.49,0.478,0.84,2.48,0.337
1628975,Jevon Carter,1610612741,CHI,28.0,71,67,1.0,1.94,5.14,0.378,0.484,0.359,0.86,1.85,0.466,0.641,1.08,3.3,0.329
1630214,Xavier Tillman,1610612738,BOS,25.0,54,52,1.0,2.24,5.11,0.438,0.475,0.714,1.87,3.65,0.513,0.286,0.37,1.46,0.253
1630700,Dyson Daniels,1610612740,NOP,21.0,60,58,1.0,2.3,5.1,0.451,0.52,0.565,1.6,2.88,0.555,0.435,0.7,2.22,0.316
1629599,Amir Coffey,1610612746,LAC,27.0,69,64,1.0,2.39,5.06,0.473,0.572,0.481,1.39,2.43,0.571,0.519,1.0,2.62,0.381
1641970,Maozinha Pereira,1610612763,MEM,23.0,7,7,1.0,2.57,5.0,0.514,0.586,0.629,1.86,3.14,0.591,0.371,0.71,1.86,0.385
1630215,Jared Butler,1610612764,WAS,23.0,40,36,1.0,2.45,5.0,0.49,0.55,0.615,1.85,3.08,0.602,0.385,0.6,1.93,0.312
1631167,Izaiah Brockington,1610612740,NOP,24.0,1,1,1.0,2.0,5.0,0.4,0.4,0.8,2.0,4.0,0.5,0.2,0.0,1.0,0.0
1629312,Haywood Highsmith,1610612748,MIA,27.0,66,61,1.0,2.32,4.97,0.466,0.582,0.418,1.17,2.08,0.562,0.582,1.15,2.89,0.398
1630587,Isaiah Livers,1610612765,DET,25.0,23,23,1.0,1.74,4.96,0.351,0.447,0.333,0.78,1.65,0.474,0.667,0.96,3.3,0.289
1630527,Brandon Boston,1610612746,LAC,22.0,32,27,1.0,2.0,4.94,0.405,0.446,0.69,1.59,3.41,0.468,0.31,0.41,1.53,0.265
1627732,Ben Simmons,1610612751,BKN,27.0,15,14,1.0,2.87,4.93,0.581,0.581,1.0,2.87,4.93,0.581,0.0,0.0,0.0,
1628371,Jonathan Isaac,1610612753,ORL,26.0,58,56,1.0,2.52,4.93,0.51,0.584,0.608,1.79,3.0,0.598,0.392,0.72,1.93,0.375
1642013,Malik Williams,1610612761,TOR,25.0,7,5,1.0,1.29,4.86,0.265,0.279,0.853,1.14,4.14,0.276,0.147,0.14,0.71,0.2
1631218,Trayce Jackson-Davis,1610612744,GSW,24.0,67,61,1.0,3.37,4.85,0.695,0.695,0.997,3.37,4.84,0.698,0.003,0.0,0.01,0.0
1629629,Cam Reddish,1610612747,LAL,24.0,47,43,1.0,1.87,4.85,0.386,0.465,0.526,1.11,2.55,0.433,0.474,0.77,2.3,0.333
1628392,Isaiah Hartenstein,1610612752,NYK,26.0,75,74,1.0,3.11,4.83,0.644,0.645,0.992,3.09,4.79,0.646,0.008,0.01,0.04,0.333
1630598,Aaron Wiggins,1610612760,OKC,25.0,78,75,1.0,2.72,4.83,0.562,0.645,0.666,1.92,3.22,0.598,0.334,0.79,1.62,0.492
1629002,Chimezie Metu,1610612765,DET,27.0,50,44,1.0,2.4,4.82,0.498,0.556,0.61,1.84,2.94,0.626,0.39,0.56,1.88,0.298
1627739,Kris Dunn,1610612762,UTA,30.0,65,63,1.0,2.26,4.82,0.47,0.535,0.645,1.63,3.11,0.525,0.355,0.63,1.71,0.369
1630549,Day'Ron Sharpe,1610612751,BKN,22.0,59,59,1.0,2.75,4.8,0.572,0.58,0.947,2.68,4.54,0.59,0.053,0.07,0.25,0.267
1629680,Matisse Thybulle,1610612757,POR,27.0,64,64,1.0,1.89,4.8,0.394,0.52,0.267,0.69,1.28,0.537,0.733,1.2,3.52,0.342
1630570,Trendon Watford,1610612751,BKN,23.0,61,57,1.0,2.57,4.79,0.538,0.58,0.781,2.16,3.74,0.579,0.219,0.41,1.05,0.391
1630164,James Wiseman,1610612765,DET,23.0,62,60,1.0,2.89,4.76,0.607,0.607,0.993,2.89,4.73,0.611,0.007,0.0,0.03,0.0
1630201,Malachi Flynn,1610612765,DET,26.0,68,60,1.0,1.99,4.76,0.417,0.503,0.478,1.16,2.28,0.51,0.522,0.82,2.49,0.331
1631386,Tazé Moore,1610612757,POR,26.0,4,4,1.0,2.0,4.75,0.421,0.447,0.632,1.75,3.0,0.583,0.368,0.25,1.75,0.143
1630553,Keon Johnson,1610612751,BKN,22.0,4,4,1.0,1.75,4.75,0.368,0.474,0.526,0.75,2.5,0.3,0.474,1.0,2.25,0.444
1630249,Vít Krejčí,1610612737,ATL,24.0,22,20,1.0,2.32,4.73,0.49,0.625,0.346,1.05,1.64,0.639,0.654,1.27,3.09,0.412
1628984,Devonte' Graham,1610612759,SAS,29.0,22,22,1.0,1.59,4.73,0.337,0.447,0.221,0.55,1.05,0.522,0.779,1.05,3.68,0.284
1628464,Daniel Theis,1610612746,LAC,32.0,59,56,1.0,2.56,4.71,0.543,0.588,0.759,2.14,3.58,0.597,0.241,0.42,1.14,0.373
201145,Jeff Green,1610612745,HOU,37.0,78,77,1.0,2.14,4.68,0.458,0.53,0.564,1.46,2.64,0.553,0.436,0.68,2.04,0.333
1628420,Monté Morris,1610612750,MIN,29.0,33,33,1.0,1.88,4.64,0.405,0.493,0.542,1.06,2.52,0.422,0.458,0.82,2.12,0.386
1628470,Torrey Craig,1610612741,CHI,33.0,52,52,1.0,1.98,4.63,0.427,0.544,0.398,0.9,1.85,0.49,0.602,1.08,2.79,0.386
203552,Seth Curry,1610612766,CHA,33.0,44,38,1.0,1.8,4.61,0.389,0.48,0.473,0.95,2.18,0.438,0.527,0.84,2.43,0.346
1641851,Timmy Allen,1610612763,MEM,24.0,5,5,1.0,1.2,4.6,0.261,0.261,0.696,1.2,3.2,0.375,0.304,0.0,1.4,0.0
1626192,Pat Connaughton,1610612749,MIL,31.0,76,74,1.0,1.97,4.55,0.434,0.552,0.312,0.89,1.42,0.63,0.688,1.08,3.13,0.345
1630561,David Duke Jr.,1610612759,SAS,24.0,4,4,1.0,2.5,4.5,0.556,0.639,0.667,1.75,3.0,0.583,0.333,0.75,1.5,0.5
1629717,Armoni Brooks,1610612751,BKN,26.0,10,8,1.0,1.5,4.5,0.333,0.456,0.289,0.4,1.3,0.308,0.711,1.1,3.2,0.344
1628426,Sasha Vezenkov,1610612758,SAC,28.0,42,39,1.0,1.98,4.48,0.441,0.561,0.362,0.9,1.62,0.559,0.638,1.07,2.86,0.375
1631124,Julian Strawther,1610612743,DEN,22.0,48,41,1.0,1.71,4.48,0.381,0.477,0.377,0.85,1.69,0.506,0.623,0.85,2.79,0.306
1630558,Davion Mitchell,1610612758,SAC,25.0,72,68,1.0,2.0,4.46,0.449,0.537,0.508,1.21,2.26,0.534,0.492,0.79,2.19,0.361
1629216,Gabe Vincent,1610612747,LAL,28.0,11,11,1.0,1.36,4.45,0.306,0.337,0.429,1.09,1.91,0.571,0.571,0.27,2.55,0.107
203926,Doug McDermott,1610612754,IND,32.0,64,62,1.0,1.92,4.44,0.433,0.599,0.194,0.45,0.86,0.527,0.806,1.47,3.58,0.41
1641854,Craig Porter Jr.,1610612739,CLE,24.0,51,41,1.0,2.25,4.43,0.509,0.535,0.854,2.02,3.78,0.534,0.146,0.24,0.65,0.364
1630197,Aleksej Pokusevski,1610612766,CHA,22.0,27,27,1.0,1.74,4.41,0.395,0.466,0.546,1.11,2.41,0.462,0.454,0.63,2.0,0.315
1629117,Wenyen Gabriel,1610612763,MEM,27.0,5,5,1.0,1.6,4.4,0.364,0.386,0.727,1.4,3.2,0.438,0.273,0.2,1.2,0.167
1629057,Robert Williams III,1610612757,POR,26.0,6,6,1.0,2.83,4.33,0.654,0.654,1.0,2.83,4.33,0.654,0.0,0.0,0.0,
1628449,Chris Boucher,1610612761,TOR,31.0,49,47,1.0,2.16,4.33,0.5,0.568,0.571,1.57,2.47,0.636,0.429,0.59,1.86,0.319
1629731,Dean Wade,1610612739,CLE,27.0,54,52,1.0,1.78,4.3,0.414,0.584,0.129,0.31,0.56,0.567,0.871,1.46,3.74,0.391
201587,Nicolas Batum,1610612755,PHI,35.0,59,56,1.0,1.97,4.29,0.458,0.603,0.277,0.73,1.19,0.614,0.723,1.24,3.1,0.399
1641926,Dexter Dennis,1610612742,DAL,25.0,4,3,1.0,2.5,4.25,0.588,0.618,0.647,2.25,2.75,0.818,0.353,0.25,1.5,0.167
1630562,Matt Hurt,1610612763,MEM,24.0,8,7,1.0,1.5,4.25,0.353,0.426,0.412,0.88,1.75,0.5,0.588,0.63,2.5,0.25
1641787,Tosan Evbuomwan,1610612765,DET,23.0,17,16,1.0,2.12,4.18,0.507,0.592,0.549,1.41,2.29,0.615,0.451,0.71,1.88,0.375
1630219,Skylar Mays,1610612747,LAL,26.0,38,27,1.0,1.66,4.18,0.396,0.447,0.66,1.24,2.76,0.448,0.34,0.42,1.42,0.296
1627780,Gary Payton II,1610612744,GSW,31.0,44,43,1.0,2.34,4.16,0.563,0.617,0.699,1.89,2.91,0.648,0.301,0.45,1.25,0.364
1629007,Jontay Porter,1610612761,TOR,24.0,25,23,1.0,1.6,4.16,0.385,0.481,0.423,0.8,1.76,0.455,0.577,0.8,2.4,0.333
1641712,Rayan Rupert,1610612757,POR,20.0,38,37,1.0,1.42,4.16,0.342,0.43,0.525,0.68,2.18,0.313,0.475,0.74,1.97,0.373
1628981,Bruno Fernando,1610612737,ATL,25.0,45,41,1.0,2.42,4.13,0.586,0.586,0.978,2.42,4.04,0.599,0.022,0.0,0.09,0.0
1630177,Theo Maledon,1610612756,PHX,23.0,17,14,1.0,1.18,4.12,0.286,0.321,0.571,0.88,2.35,0.375,0.429,0.29,1.76,0.167
1629011,Mitchell Robinson,1610612752,NYK,26.0,31,29,1.0,2.35,4.1,0.575,0.575,1.0,2.35,4.1,0.575,0.0,0.0,0.0,
201988,Patty Mills,1610612748,MIA,35.0,32,28,1.0,1.44,4.09,0.351,0.443,0.336,0.69,1.38,0.5,0.664,0.75,2.72,0.276
1631116,Patrick Baldwin Jr.,1610612764,WAS,21.0,38,34,1.0,1.55,4.08,0.381,0.481,0.374,0.74,1.53,0.483,0.626,0.82,2.55,0.32
1631165,Keon Ellis,1610612758,SAC,24.0,57,49,1.0,1.88,4.07,0.461,0.612,0.276,0.65,1.12,0.578,0.724,1.23,2.95,0.417
1629026,Kenrich Williams,1610612760,OKC,29.0,69,68,1.0,1.9,4.06,0.468,0.568,0.496,1.09,2.01,0.54,0.504,0.81,2.04,0.397
1629003,Shake Milton,1610612752,NYK,27.0,48,42,1.0,1.65,4.06,0.405,0.451,0.672,1.27,2.73,0.466,0.328,0.38,1.33,0.281
1630346,Matt Ryan,1610612740,NOP,27.0,28,23,1.0,1.75,4.04,0.434,0.615,0.195,0.29,0.79,0.364,0.805,1.46,3.25,0.451
1641767,Ben Sheppard,1610612754,IND,22.0,57,49,1.0,1.58,4.02,0.393,0.5,0.319,0.72,1.28,0.562,0.681,0.86,2.74,0.314
1626153,Delon Wright,1610612748,MIA,32.0,47,45,1.0,1.57,4.0,0.394,0.46,0.638,1.04,2.55,0.408,0.362,0.53,1.45,0.368
1631298,Jack White,1610612763,MEM,26.0,4,4,1.0,0.5,4.0,0.125,0.188,0.375,0.0,1.5,0.0,0.625,0.5,2.5,0.2
1629232,Kaiser Gates,1610612740,NOP,27.0,1,1,1.0,0.0,4.0,0.0,0.0,0.5,0.0,2.0,0.0,0.5,0.0,2.0,0.0
1626204,Larry Nance Jr.,1610612740,NOP,31.0,61,58,1.0,2.26,3.95,0.573,0.629,0.73,1.82,2.89,0.631,0.27,0.44,1.07,0.415
1630592,Jalen Wilson,1610612751,BKN,23.0,41,38,1.0,1.76,3.93,0.447,0.519,0.59,1.2,2.32,0.516,0.41,0.56,1.61,0.348
1630209,Omer Yurtseven,1610612762,UTA,26.0,47,38,1.0,2.11,3.91,0.538,0.552,0.87,2.0,3.4,0.588,0.13,0.11,0.51,0.208
1631121,Bryce McGowens,1610612766,CHA,21.0,59,51,1.0,1.71,3.9,0.439,0.513,0.557,1.14,2.17,0.523,0.443,0.58,1.73,0.333
1631197,Jared Rhoden,1610612765,DET,24.0,17,14,1.0,1.94,3.88,0.5,0.591,0.53,1.24,2.06,0.6,0.47,0.71,1.82,0.387
201568,Danilo Gallinari,1610612749,MIL,35.0,49,46,1.0,1.69,3.88,0.437,0.516,0.511,1.08,1.98,0.546,0.489,0.61,1.9,0.323
1628972,Troy Brown Jr.,1610612765,DET,24.0,58,52,1.0,1.45,3.88,0.373,0.478,0.373,0.64,1.45,0.44,0.627,0.81,2.43,0.333
1630543,Isaiah Jackson,1610612754,IND,22.0,60,55,1.0,2.57,3.87,0.664,0.664,0.983,2.57,3.8,0.675,0.017,0.0,0.07,0.0
1628418,Thomas Bryant,1610612748,MIA,26.0,37,31,1.0,2.27,3.86,0.587,0.601,0.86,2.16,3.32,0.65,0.14,0.11,0.54,0.2
1631311,Lester Quinones,1610612744,GSW,23.0,36,29,1.0,1.53,3.83,0.399,0.514,0.377,0.64,1.44,0.442,0.623,0.89,2.39,0.372
1631243,Mouhamed Gueye,1610612737,ATL,21.0,6,5,1.0,1.33,3.83,0.348,0.413,0.609,0.83,2.33,0.357,0.391,0.5,1.5,0.333
1630647,Eugene Omoruyi,1610612764,WAS,27.0,43,39,1.0,1.86,3.81,0.488,0.524,0.726,1.58,2.77,0.571,0.274,0.28,1.05,0.267
1629667,Jalen McDaniels,1610612761,TOR,26.0,49,45,1.0,1.29,3.8,0.339,0.371,0.618,1.04,2.35,0.443,0.382,0.24,1.45,0.169
1629723,John Konchar,1610612763,MEM,28.0,55,51,1.0,1.6,3.78,0.423,0.514,0.423,0.91,1.6,0.568,0.577,0.69,2.18,0.317
1641730,Noah Clowney,1610612751,BKN,19.0,22,17,1.0,2.05,3.77,0.542,0.602,0.651,1.59,2.45,0.648,0.349,0.45,1.32,0.345
1629020,Jarred Vanderbilt,1610612747,LAL,25.0,28,25,1.0,1.93,3.75,0.514,0.552,0.743,1.64,2.79,0.59,0.257,0.29,0.96,0.296
1630204,Ashton Hagans,1610612757,POR,24.0,19,17,1.0,1.53,3.74,0.408,0.465,0.648,1.11,2.42,0.457,0.352,0.42,1.32,0.32
1629674,Neemias Queta,1610612738,BOS,24.0,28,24,1.0,2.39,3.71,0.644,0.644,1.0,2.39,3.71,0.644,0.0,0.0,0.0,
1626158,Richaun Holmes,1610612764,WAS,30.0,40,36,1.0,2.05,3.68,0.558,0.561,0.98,2.03,3.6,0.563,0.02,0.03,0.08,0.333
1641931,Onuralp Bitim,1610612741,CHI,25.0,22,20,1.0,1.36,3.68,0.37,0.432,0.494,0.91,1.82,0.5,0.506,0.45,1.86,0.244
1630696,Dru Smith,1610612748,MIA,26.0,9,7,1.0,1.67,3.67,0.455,0.561,0.485,0.89,1.78,0.5,0.515,0.78,1.89,0.412
202397,Ish Smith,1610612766,CHA,35.0,43,39,1.0,1.53,3.67,0.418,0.43,0.949,1.44,3.49,0.413,0.051,0.09,0.19,0.5
1631367,Jacob Gilyard,1610612751,BKN,25.0,40,34,1.0,1.5,3.65,0.411,0.586,0.164,0.23,0.6,0.375,0.836,1.28,3.05,0.418
203933,T.J. Warren,1610612750,MIN,30.0,11,9,1.0,1.55,3.64,0.425,0.438,0.7,1.45,2.55,0.571,0.3,0.09,1.09,0.083
1631254,Kenneth Lofton Jr.,1610612762,UTA,21.0,21,18,1.0,1.71,3.62,0.474,0.52,0.684,1.38,2.48,0.558,0.316,0.33,1.14,0.292
1629677,Luka Samanic,1610612762,UTA,24.0,42,30,1.0,1.38,3.62,0.382,0.424,0.599,1.07,2.17,0.495,0.401,0.31,1.45,0.213
1629111,Jock Landale,1610612745,HOU,28.0,56,49,1.0,1.86,3.61,0.515,0.54,0.802,1.68,2.89,0.58,0.198,0.18,0.71,0.25
1641710,Anthony Black,1610612753,ORL,20.0,69,60,1.0,1.67,3.58,0.466,0.54,0.619,1.13,2.22,0.51,0.381,0.54,1.36,0.394
1630537,Chris Duarte,1610612758,SAC,27.0,59,55,1.0,1.36,3.56,0.381,0.486,0.395,0.61,1.41,0.434,0.605,0.75,2.15,0.346
1641741,Ricky Council IV,1610612755,PHI,22.0,31,26,1.0,1.71,3.55,0.482,0.532,0.718,1.35,2.55,0.532,0.282,0.35,1.0,0.355
1631108,Max Christie,1610612747,LAL,21.0,66,57,1.0,1.5,3.55,0.423,0.513,0.504,0.86,1.79,0.483,0.496,0.64,1.76,0.362
1631104,Blake Wesley,1610612759,SAS,21.0,60,54,1.0,1.68,3.53,0.476,0.505,0.741,1.48,2.62,0.567,0.259,0.2,0.92,0.218
1630256,Jae'Sean Tate,1610612745,HOU,28.0,65,60,1.0,1.66,3.52,0.472,0.522,0.664,1.31,2.34,0.559,0.336,0.35,1.18,0.299
1631172,Ousmane Dieng,1610612760,OKC,21.0,33,31,1.0,1.48,3.52,0.422,0.513,0.397,0.85,1.39,0.609,0.603,0.64,2.12,0.3
1631260,AJ Green,1610612749,MIL,24.0,56,50,1.0,1.48,3.5,0.423,0.599,0.138,0.25,0.48,0.519,0.862,1.23,3.02,0.408
1641745,Adam Flagler,1610612760,OKC,24.0,2,2,1.0,0.5,3.5,0.143,0.214,0.143,0.0,0.5,0.0,0.857,0.5,3.0,0.167
1631216,Caleb Houstan,1610612753,ORL,21.0,59,48,1.0,1.36,3.49,0.388,0.563,0.063,0.14,0.22,0.615,0.937,1.22,3.27,0.373
1628964,Mo Bamba,1610612755,PHI,26.0,56,48,1.0,1.7,3.48,0.487,0.551,0.677,1.25,2.36,0.53,0.323,0.45,1.13,0.397
1629626,Bol Bol,1610612756,PHX,24.0,41,33,1.0,2.07,3.46,0.599,0.673,0.648,1.56,2.24,0.696,0.352,0.51,1.22,0.42
1630699,MarJon Beauchamp,1610612749,MIL,23.0,48,40,1.0,1.69,3.46,0.488,0.578,0.548,1.06,1.9,0.56,0.452,0.63,1.56,0.4
1629006,Josh Okogie,1610612756,PHX,25.0,59,52,1.0,1.46,3.46,0.422,0.493,0.544,0.97,1.88,0.514,0.456,0.49,1.58,0.312
1631338,Mouhamadou Gueye,1610612761,TOR,25.0,11,10,1.0,1.0,3.45,0.289,0.289,0.921,1.0,3.18,0.314,0.079,0.0,0.27,0.0
1630649,Stanley Umude,1610612765,DET,25.0,23,19,1.0,1.57,3.43,0.456,0.601,0.367,0.57,1.26,0.448,0.633,1.0,2.17,0.46
1628467,Maxi Kleber,1610612742,DAL,32.0,42,40,1.0,1.5,3.43,0.438,0.549,0.375,0.74,1.29,0.574,0.625,0.76,2.14,0.356
1630572,Sandro Mamukelashvili,1610612759,SAS,25.0,45,35,1.0,1.62,3.42,0.474,0.536,0.584,1.2,2.0,0.6,0.416,0.42,1.42,0.297
1629726,Garrison Mathews,1610612737,ATL,27.0,66,60,1.0,1.56,3.42,0.456,0.644,0.146,0.27,0.5,0.545,0.854,1.29,2.92,0.44
1629139,Yuta Watanabe,1610612763,MEM,29.0,33,29,1.0,1.21,3.42,0.354,0.465,0.257,0.45,0.88,0.517,0.743,0.76,2.55,0.298
203200,Justin Holiday,1610612743,DEN,35.0,57,49,1.0,1.53,3.39,0.451,0.591,0.301,0.58,1.02,0.569,0.699,0.95,2.37,0.4
1629234,Drew Eubanks,1610612756,PHX,27.0,73,70,1.0,2.04,3.38,0.603,0.609,0.988,2.0,3.34,0.598,0.012,0.04,0.04,1.0
203496,Robert Covington,1610612755,PHI,33.0,29,26,1.0,1.48,3.38,0.439,0.536,0.429,0.83,1.45,0.571,0.571,0.66,1.93,0.339
1629048,Goga Bitadze,1610612753,ORL,24.0,62,48,1.0,2.03,3.37,0.603,0.608,0.933,2.0,3.15,0.636,0.067,0.03,0.23,0.143
1631262,Jules Bernard,1610612764,WAS,24.0,19,17,1.0,1.53,3.37,0.453,0.539,0.547,0.95,1.84,0.514,0.453,0.58,1.53,0.379
204060,Joe Ingles,1610612753,ORL,36.0,68,65,1.0,1.46,3.34,0.436,0.59,0.291,0.43,0.97,0.439,0.709,1.03,2.37,0.435
1629004,Svi Mykhailiuk,1610612738,BOS,27.0,41,33,1.0,1.39,3.34,0.416,0.569,0.212,0.37,0.71,0.517,0.788,1.02,2.63,0.389
1629647,Darius Bazley,1610612762,UTA,24.0,9,7,1.0,2.0,3.33,0.6,0.633,0.733,1.78,2.44,0.727,0.267,0.22,0.89,0.25
203486,Mason Plumlee,1610612746,LAC,34.0,46,43,1.0,1.89,3.33,0.569,0.569,0.961,1.89,3.2,0.592,0.039,0.0,0.13,0.0
1641716,Jarace Walker,1610612754,IND,20.0,33,25,1.0,1.36,3.33,0.409,0.509,0.5,0.7,1.67,0.418,0.5,0.67,1.67,0.4
1631119,Jaylin Williams,1610612760,OKC,22.0,69,67,1.0,1.38,3.3,0.417,0.533,0.368,0.61,1.22,0.5,0.632,0.77,2.09,0.368
1630184,Kira Lewis Jr.,1610612762,UTA,23.0,27,23,1.0,1.22,3.3,0.371,0.393,0.64,1.07,2.11,0.509,0.36,0.15,1.19,0.125
1629875,Xavier Moon,1610612746,LAC,29.0,14,11,1.0,1.07,3.29,0.326,0.348,0.63,0.93,2.07,0.448,0.37,0.14,1.21,0.118
202687,Bismack Biyombo,1610612760,OKC,31.0,40,33,1.0,1.85,3.28,0.565,0.565,1.0,1.85,3.28,0.565,0.0,0.0,0.0,
201152,Thaddeus Young,1610612756,PHX,36.0,33,29,1.0,1.97,3.27,0.602,0.606,0.935,1.94,3.06,0.634,0.065,0.03,0.21,0.143
1641734,Emoni Bates,1610612739,CLE,20.0,15,10,1.0,1.0,3.27,0.306,0.408,0.327,0.33,1.07,0.313,0.673,0.67,2.2,0.303
1631230,Dominick Barlow,1610612759,SAS,21.0,32,28,1.0,1.53,3.22,0.476,0.49,0.922,1.44,2.97,0.484,0.078,0.09,0.25,0.375
1630264,Anthony Gill,1610612764,WAS,31.0,50,35,1.0,1.5,3.2,0.469,0.5,0.744,1.3,2.38,0.546,0.256,0.2,0.82,0.244
1630314,Brandon Williams,1610612742,DAL,24.0,17,15,1.0,1.18,3.18,0.37,0.398,0.722,1.0,2.29,0.436,0.278,0.18,0.88,0.2
1628436,Luke Kornet,1610612738,BOS,28.0,62,55,1.0,2.19,3.16,0.694,0.696,0.995,2.18,3.15,0.692,0.005,0.02,0.02,1.0
1626172,Kevon Looney,1610612744,GSW,28.0,74,70,1.0,1.88,3.12,0.602,0.602,1.0,1.88,3.12,0.602,0.0,0.0,0.0,
1631288,Jamal Cain,1610612748,MIA,25.0,25,16,1.0,1.36,3.12,0.436,0.506,0.603,0.92,1.88,0.489,0.397,0.44,1.24,0.355
1631123,Jamaree Bouyea,1610612759,SAS,25.0,9,7,1.0,1.11,3.11,0.357,0.375,0.679,1.0,2.11,0.474,0.321,0.11,1.0,0.111
1631100,AJ Griffin,1610612737,ATL,20.0,20,19,1.0,0.9,3.1,0.29,0.371,0.371,0.4,1.15,0.348,0.629,0.5,1.95,0.256
1630288,Jeff Dowtin Jr.,1610612755,PHI,27.0,11,9,1.0,1.73,3.09,0.559,0.691,0.471,0.91,1.45,0.625,0.529,0.82,1.64,0.5
1627863,Danuel House Jr.,1610612755,PHI,31.0,34,31,1.0,1.38,3.09,0.448,0.519,0.524,0.94,1.62,0.582,0.476,0.44,1.47,0.3
1628966,Keita Bates-Diop,1610612751,BKN,28.0,52,45,1.0,1.38,3.08,0.45,0.516,0.588,0.98,1.81,0.543,0.413,0.4,1.27,0.318
1630531,Jaden Springer,1610612738,BOS,21.0,48,37,1.0,1.23,3.08,0.399,0.432,0.676,1.02,2.08,0.49,0.324,0.21,1.0,0.208
1631098,Johnny Davis,1610612764,WAS,22.0,50,41,1.0,1.24,3.06,0.405,0.451,0.739,0.96,2.26,0.425,0.261,0.28,0.8,0.35
1630231,KJ Martin,1610612755,PHI,23.0,60,49,1.0,1.62,3.02,0.536,0.558,0.845,1.48,2.55,0.582,0.155,0.13,0.47,0.286
1628391,D.J. Wilson,1610612755,PHI,28.0,2,1,1.0,2.0,3.0,0.667,0.833,0.667,1.0,2.0,0.5,0.333,1.0,1.0,1.0
1641766,Adama Sanogo,1610612741,CHI,22.0,9,4,1.0,1.56,3.0,0.519,0.519,1.0,1.56,3.0,0.519,0.0,0.0,0.0,
1630568,Luka Garza,1610612750,MIN,25.0,25,19,1.0,1.44,3.0,0.48,0.54,0.573,1.08,1.72,0.628,0.427,0.36,1.28,0.281
1631209,Isaiah Wong,1610612754,IND,23.0,1,1,1.0,1.0,3.0,0.333,0.333,0.667,1.0,2.0,0.5,0.333,0.0,1.0,0.0
1629650,Moses Brown,1610612757,POR,24.0,22,18,1.0,1.5,2.95,0.508,0.508,1.0,1.5,2.95,0.508,0.0,0.0,0.0,
1630639,A.J. Lawson,1610612742,DAL,23.0,41,32,1.0,1.29,2.93,0.442,0.496,0.583,0.98,1.71,0.571,0.417,0.32,1.22,0.26
1630547,James Bouknight,1610612766,CHA,23.0,14,13,1.0,1.29,2.93,0.439,0.598,0.268,0.36,0.79,0.455,0.732,0.93,2.14,0.433
1630550,JT Thor,1610612766,CHA,21.0,62,50,1.0,1.26,2.92,0.431,0.506,0.558,0.82,1.63,0.505,0.442,0.44,1.29,0.338
203488,Mike Muscala,1610612760,OKC,33.0,53,46,1.0,1.06,2.92,0.361,0.452,0.387,0.53,1.13,0.467,0.613,0.53,1.79,0.295
1631205,Buddy Boeheim,1610612765,DET,24.0,10,10,1.0,0.9,2.9,0.31,0.448,0.138,0.1,0.4,0.25,0.862,0.8,2.5,0.32
202066,Garrett Temple,1610612761,TOR,38.0,27,24,1.0,1.07,2.89,0.372,0.449,0.487,0.63,1.41,0.447,0.513,0.44,1.48,0.3
1631221,Collin Gillespie,1610612743,DEN,25.0,24,19,1.0,1.33,2.88,0.464,0.572,0.449,0.71,1.29,0.548,0.551,0.63,1.58,0.395
201580,JaVale McGee,1610612758,SAC,36.0,46,41,1.0,1.72,2.87,0.598,0.602,0.947,1.7,2.72,0.624,0.053,0.02,0.15,0.143
1631173,Terquavion Smith,1610612755,PHI,21.0,15,11,1.0,1.2,2.87,0.419,0.57,0.233,0.33,0.67,0.5,0.767,0.87,2.2,0.394
1629052,Oshae Brissett,1610612738,BOS,26.0,55,40,1.0,1.24,2.78,0.444,0.493,0.641,0.96,1.78,0.541,0.359,0.27,1.0,0.273
1629642,Nassir Little,1610612756,PHX,24.0,45,37,1.0,1.27,2.76,0.46,0.544,0.435,0.8,1.2,0.667,0.565,0.47,1.56,0.3
1631321,Sidy Cissoko,1610612759,SAS,20.0,12,8,1.0,1.33,2.75,0.485,0.5,0.636,1.25,1.75,0.714,0.364,0.08,1.0,0.083
1630322,Lindy Waters III,1610612760,OKC,26.0,38,28,1.0,1.29,2.74,0.471,0.649,0.183,0.32,0.5,0.632,0.817,0.97,2.24,0.435
1630243,Trevelin Queen,1610612753,ORL,27.0,14,12,1.0,1.0,2.71,0.368,0.408,0.553,0.79,1.5,0.524,0.447,0.21,1.21,0.176
1630554,Jason Preston,1610612762,UTA,24.0,7,5,1.0,0.86,2.71,0.316,0.316,0.842,0.86,2.29,0.375,0.158,0.0,0.43,0.0
202083,Wesley Matthews,1610612737,ATL,37.0,36,32,1.0,0.94,2.69,0.351,0.474,0.289,0.28,0.78,0.357,0.711,0.67,1.92,0.348
202693,Markieff Morris,1610612742,DAL,34.0,25,22,1.0,0.84,2.64,0.318,0.417,0.394,0.32,1.04,0.308,0.606,0.52,1.6,0.325
201599,DeAndre Jordan,1610612743,DEN,35.0,35,29,1.0,1.63,2.63,0.62,0.62,1.0,1.63,2.63,0.62,0.0,0.0,0.0,
1630192,Zeke Nnaji,1610612743,DEN,23.0,56,51,1.0,1.21,2.61,0.466,0.486,0.842,1.11,2.2,0.504,0.158,0.11,0.41,0.261
1631207,Dalen Terry,1610612741,CHI,21.0,58,47,1.0,1.1,2.6,0.424,0.477,0.517,0.83,1.34,0.615,0.483,0.28,1.26,0.219
1641765,Olivier-Maxence Prosper,1610612742,DAL,21.0,40,31,1.0,1.0,2.6,0.385,0.447,0.567,0.68,1.48,0.458,0.433,0.33,1.13,0.289
1629162,Jordan McLaughlin,1610612750,MIN,28.0,56,45,1.0,1.25,2.59,0.483,0.628,0.386,0.5,1.0,0.5,0.614,0.75,1.59,0.472
1630611,Gui Santos,1610612744,GSW,22.0,22,20,1.0,1.27,2.5,0.509,0.6,0.509,0.82,1.27,0.643,0.491,0.45,1.23,0.37
1631131,Oscar Tshiebwe,1610612754,IND,24.0,8,8,1.0,1.25,2.5,0.5,0.5,1.0,1.25,2.5,0.5,0.0,0.0,0.0,
1630695,Micah Potter,1610612762,UTA,26.0,16,13,1.0,1.19,2.5,0.475,0.588,0.475,0.63,1.19,0.526,0.525,0.56,1.31,0.429
1641788,Alex Fudge,1610612742,DAL,21.0,6,5,1.0,1.0,2.5,0.4,0.433,0.667,0.83,1.67,0.5,0.333,0.17,0.83,0.2
1630929,Henri Drell,1610612741,CHI,24.0,4,3,1.0,1.0,2.5,0.4,0.5,0.4,0.5,1.0,0.5,0.6,0.5,1.5,0.333
1641727,Dariq Whitehead,1610612751,BKN,19.0,2,1,1.0,0.5,2.5,0.2,0.2,0.4,0.5,1.0,0.5,0.6,0.0,1.5,0.0
1629637,Jaxson Hayes,1610612747,LAL,24.0,69,56,1.0,1.8,2.49,0.721,0.721,0.959,1.8,2.39,0.752,0.041,0.0,0.1,0.0
202684,Tristan Thompson,1610612739,CLE,33.0,49,39,1.0,1.49,2.45,0.608,0.608,0.992,1.49,2.43,0.613,0.008,0.0,0.02,0.0
1630526,Jeremiah Robinson-Earl,1610612740,NOP,23.0,38,31,1.0,1.18,2.45,0.484,0.554,0.581,0.84,1.42,0.593,0.419,0.34,1.03,0.333
203925,Joe Harris,1610612765,DET,32.0,16,13,1.0,0.88,2.44,0.359,0.487,0.231,0.25,0.56,0.444,0.769,0.63,1.88,0.333
1630600,Isaiah Mobley,1610612739,CLE,24.0,10,7,1.0,1.0,2.4,0.417,0.479,0.583,0.7,1.4,0.5,0.417,0.3,1.0,0.3
1641735,Amari Bailey,1610612766,CHA,20.0,10,8,1.0,0.8,2.4,0.333,0.354,0.667,0.7,1.6,0.438,0.333,0.1,0.8,0.125
202709,Cory Joseph,1610612744,GSW,32.0,26,22,1.0,0.85,2.38,0.355,0.452,0.355,0.38,0.85,0.455,0.645,0.46,1.54,0.3
1629643,Chuma Okeke,1610612753,ORL,25.0,47,38,1.0,0.85,2.38,0.357,0.46,0.268,0.36,0.64,0.567,0.732,0.49,1.74,0.28
1641732,Colby Jones,1610612758,SAC,22.0,30,21,1.0,0.93,2.37,0.394,0.408,0.69,0.87,1.63,0.531,0.31,0.07,0.73,0.091
1630235,Trent Forrest,1610612737,ATL,26.0,38,33,1.0,0.89,2.37,0.378,0.389,0.889,0.84,2.11,0.4,0.111,0.05,0.26,0.2
1630240,Saben Lee,1610612756,PHX,25.0,22,18,1.0,0.91,2.36,0.385,0.404,0.731,0.82,1.73,0.474,0.269,0.09,0.64,0.143
1629716,Marques Bolden,1610612766,CHA,26.0,11,7,1.0,1.55,2.27,0.68,0.68,0.96,1.55,2.18,0.708,0.04,0.0,0.09,0.0
1631466,Nate Williams,1610612745,HOU,25.0,22,16,1.0,1.23,2.27,0.54,0.56,0.9,1.14,2.05,0.556,0.1,0.09,0.23,0.4
1626246,Boban Marjanović,1610612745,HOU,35.0,14,13,1.0,1.29,2.21,0.581,0.581,0.935,1.29,2.07,0.621,0.065,0.0,0.14,0.0
203490,Otto Porter Jr.,1610612761,TOR,31.0,15,13,1.0,0.93,2.2,0.424,0.545,0.303,0.4,0.67,0.6,0.697,0.53,1.53,0.348
1631303,Justin Minaya,1610612757,POR,25.0,34,25,1.0,0.65,2.18,0.297,0.378,0.338,0.29,0.74,0.4,0.662,0.35,1.44,0.245
1630688,Ish Wainright,1610612756,PHX,29.0,11,7,1.0,0.64,2.18,0.292,0.438,0.167,0.0,0.36,0.0,0.833,0.64,1.82,0.35
1627788,Furkan Korkmaz,1610612755,PHI,26.0,35,28,1.0,0.86,2.17,0.395,0.487,0.474,0.46,1.03,0.444,0.526,0.4,1.14,0.35
1631220,Dereon Seabron,1610612740,NOP,24.0,6,4,1.0,0.67,2.17,0.308,0.346,0.846,0.5,1.83,0.273,0.154,0.17,0.33,0.5
1641793,D'Moi Hodge,1610612747,LAL,25.0,7,6,1.0,0.71,2.14,0.333,0.433,0.2,0.29,0.43,0.667,0.8,0.43,1.71,0.25
1641720,Jalen Hood-Schifino,1610612747,LAL,21.0,20,17,1.0,0.5,2.1,0.238,0.262,0.643,0.4,1.35,0.296,0.357,0.1,0.75,0.133
1628385,Harry Giles III,1610612747,LAL,26.0,23,16,1.0,0.96,2.09,0.458,0.49,0.708,0.83,1.48,0.559,0.292,0.13,0.61,0.214
1631157,Ryan Rollins,1610612749,MIL,21.0,13,11,1.0,1.08,2.08,0.519,0.574,0.852,0.85,1.77,0.478,0.148,0.23,0.31,0.75
1631306,Cole Swider,1610612748,MIA,25.0,17,14,1.0,0.76,2.06,0.371,0.5,0.2,0.24,0.41,0.571,0.8,0.53,1.65,0.321
1629646,Charles Bassey,1610612759,SAS,23.0,19,13,1.0,1.47,2.05,0.718,0.718,0.974,1.47,2.0,0.737,0.026,0.0,0.05,0.0
1641738,Kobe Brown,1610612746,LAC,24.0,43,33,1.0,0.81,2.02,0.402,0.471,0.483,0.53,0.98,0.548,0.517,0.28,1.05,0.267
1641809,Drew Peterson,1610612738,BOS,24.0,3,3,1.0,1.33,2.0,0.667,0.917,0.167,0.33,0.33,1.0,0.833,1.0,1.67,0.6
1629660,Ty Jerome,1610612739,CLE,26.0,2,2,1.0,1.0,2.0,0.5,0.5,0.75,1.0,1.5,0.667,0.25,0.0,0.5,0.0
1631115,Orlando Robinson,1610612748,MIA,23.0,36,18,1.0,1.0,2.0,0.5,0.556,0.792,0.78,1.58,0.491,0.208,0.22,0.42,0.533
1641778,Leaky Black,1610612766,CHA,25.0,26,20,1.0,0.96,2.0,0.481,0.567,0.615,0.62,1.23,0.5,0.385,0.35,0.77,0.45
1630618,D.J. Carton,1610612761,TOR,23.0,4,4,1.0,0.75,2.0,0.375,0.438,0.5,0.5,1.0,0.5,0.5,0.25,1.0,0.25
1630181,R.J. Hampton,1610612748,MIA,23.0,7,6,1.0,0.57,2.0,0.286,0.321,0.429,0.43,0.86,0.5,0.571,0.14,1.14,0.125
1641763,Julian Phillips,1610612741,CHI,20.0,39,27,1.0,0.82,1.95,0.421,0.5,0.513,0.51,1.0,0.513,0.487,0.31,0.95,0.324
1641754,Seth Lundy,1610612737,ATL,24.0,9,9,1.0,0.44,1.89,0.235,0.324,0.235,0.11,0.44,0.25,0.765,0.33,1.44,0.231
1627745,Damian Jones,1610612739,CLE,29.0,39,23,1.0,1.1,1.85,0.597,0.618,0.806,1.03,1.49,0.69,0.194,0.08,0.36,0.214
203493,Reggie Bullock Jr.,1610612745,HOU,33.0,44,36,1.0,0.75,1.82,0.413,0.575,0.175,0.16,0.32,0.5,0.825,0.59,1.5,0.394
1631102,TyTy Washington Jr.,1610612749,MIL,22.0,11,10,1.0,0.55,1.82,0.3,0.35,0.7,0.36,1.27,0.286,0.3,0.18,0.55,0.333
1628373,Frank Ntilikina,1610612766,CHA,25.0,5,5,1.0,0.2,1.8,0.111,0.167,0.111,0.0,0.2,0.0,0.889,0.2,1.6,0.125
1641749,Keyontae Johnson,1610612760,OKC,24.0,9,7,1.0,0.56,1.78,0.313,0.344,0.813,0.44,1.44,0.308,0.188,0.11,0.33,0.333
1629685,Dylan Windler,1610612737,ATL,27.0,17,9,1.0,0.88,1.76,0.5,0.717,0.1,0.12,0.18,0.667,0.9,0.76,1.59,0.481
1641748,Andre Jackson Jr.,1610612749,MIL,22.0,57,39,1.0,0.88,1.75,0.5,0.585,0.54,0.58,0.95,0.611,0.46,0.3,0.81,0.37
1631217,Moussa Diabaté,1610612746,LAC,22.0,11,8,1.0,0.91,1.73,0.526,0.526,1.0,0.91,1.73,0.526,0.0,0.0,0.0,
1630207,Nate Hinton,1610612745,HOU,25.0,15,11,1.0,0.73,1.73,0.423,0.558,0.462,0.27,0.8,0.333,0.538,0.47,0.93,0.5
1631120,JD Davison,1610612738,BOS,21.0,7,5,1.0,0.71,1.71,0.417,0.542,0.417,0.29,0.71,0.4,0.583,0.43,1.0,0.429
201959,Taj Gibson,1610612765,DET,39.0,20,14,1.0,0.7,1.7,0.412,0.441,0.765,0.6,1.3,0.462,0.235,0.1,0.4,0.25
203458,Alex Len,1610612758,SAC,31.0,48,37,1.0,1.04,1.69,0.617,0.617,0.963,1.04,1.63,0.641,0.037,0.0,0.06,0.0
203939,Dwight Powell,1610612742,DAL,32.0,62,42,1.0,1.15,1.68,0.683,0.688,0.971,1.13,1.63,0.693,0.029,0.02,0.05,0.333
1641775,Jordan Walsh,1610612738,BOS,20.0,9,8,1.0,0.67,1.67,0.4,0.467,0.4,0.44,0.67,0.667,0.6,0.22,1.0,0.222
1629623,Lindell Wigginton,1610612749,MIL,26.0,3,2,1.0,0.67,1.67,0.4,0.4,0.6,0.67,1.0,0.667,0.4,0.0,0.67,0.0
1641724,Jett Howard,1610612753,ORL,20.0,18,17,1.0,0.56,1.67,0.333,0.45,0.167,0.17,0.28,0.6,0.833,0.39,1.39,0.28
202738,Isaiah Thomas,1610612756,PHX,35.0,6,5,1.0,0.5,1.67,0.3,0.4,0.6,0.17,1.0,0.167,0.4,0.33,0.67,0.5
200782,P.J. Tucker,1610612746,LAC,39.0,31,22,1.0,0.58,1.61,0.36,0.49,0.3,0.16,0.48,0.333,0.7,0.42,1.13,0.371
1630227,Daishen Nix,1610612750,MIN,22.0,15,11,1.0,0.6,1.6,0.375,0.5,0.292,0.2,0.47,0.429,0.708,0.4,1.13,0.353
1630222,Mason Jones,1610612758,SAC,25.0,5,4,1.0,0.4,1.6,0.25,0.375,0.125,0.0,0.2,0.0,0.875,0.4,1.4,0.286
1629010,Jerome Robinson,1610612744,GSW,27.0,21,12,1.0,0.52,1.57,0.333,0.364,0.485,0.43,0.76,0.563,0.515,0.1,0.81,0.118
1630284,Kevon Harris,1610612753,ORL,27.0,2,1,1.0,1.0,1.5,0.667,0.667,1.0,1.0,1.5,0.667,0.0,0.0,0.0,
1630556,Kessler Edwards,1610612758,SAC,23.0,54,31,1.0,0.63,1.48,0.425,0.55,0.375,0.26,0.56,0.467,0.625,0.37,0.93,0.4
203469,Cody Zeller,1610612740,NOP,31.0,42,27,1.0,0.62,1.45,0.426,0.434,0.951,0.6,1.38,0.431,0.049,0.02,0.07,0.333
1628962,Udoka Azubuike,1610612756,PHX,24.0,16,9,1.0,1.0,1.44,0.696,0.696,1.0,1.0,1.44,0.696,0.0,0.0,0.0,
1629618,Jalen Pickett,1610612743,DEN,24.0,26,20,1.0,0.58,1.35,0.429,0.557,0.286,0.23,0.38,0.6,0.714,0.35,0.96,0.36
1630535,Greg Brown III,1610612742,DAL,22.0,6,2,1.0,0.5,1.33,0.375,0.438,0.625,0.33,0.83,0.4,0.375,0.17,0.5,0.333
1630678,Terry Taylor,1610612741,CHI,24.0,30,20,1.0,0.67,1.3,0.513,0.538,0.769,0.6,1.0,0.6,0.231,0.07,0.3,0.222
1641757,Jordan Miller,1610612746,LAC,24.0,7,5,1.0,0.71,1.29,0.556,0.611,0.778,0.57,1.0,0.571,0.222,0.14,0.29,0.5
1630846,Olivier Sarr,1610612760,OKC,25.0,15,7,1.0,0.73,1.27,0.579,0.632,0.684,0.6,0.87,0.692,0.316,0.13,0.4,0.333
1629718,Charlie Brown Jr.,1610612752,NYK,27.0,8,5,1.0,0.25,1.25,0.2,0.3,0.3,0.0,0.38,0.0,0.7,0.25,0.88,0.286
201577,Robin Lopez,1610612749,MIL,36.0,16,9,1.0,0.44,1.19,0.368,0.421,0.579,0.31,0.69,0.455,0.421,0.13,0.5,0.25
1631159,Leonard Miller,1610612750,MIN,20.0,17,11,1.0,0.76,1.18,0.65,0.7,0.75,0.65,0.88,0.733,0.25,0.12,0.29,0.4
1630259,Jordan Ford,1610612758,SAC,26.0,6,4,1.0,0.67,1.17,0.571,0.714,0.571,0.33,0.67,0.5,0.429,0.33,0.5,0.667
1631214,Alondes Williams,1610612748,MIA,25.0,7,6,1.0,0.29,1.14,0.25,0.25,0.5,0.29,0.57,0.5,0.5,0.0,0.57,0.0
1630579,Jericho Sims,1610612752,NYK,25.0,45,24,1.0,0.78,1.13,0.686,0.686,1.0,0.78,1.13,0.686,0.0,0.0,0.0,
1631169,Josh Minott,1610612750,MIN,21.0,32,21,1.0,0.53,1.13,0.472,0.528,0.722,0.41,0.81,0.5,0.278,0.13,0.31,0.4
1629678,Admiral Schofield,1610612753,ORL,27.0,23,14,1.0,0.43,1.13,0.385,0.5,0.385,0.17,0.43,0.4,0.615,0.26,0.7,0.375
1641877,Nathan Mensah,1610612766,CHA,26.0,25,16,1.0,0.48,1.12,0.429,0.429,1.0,0.48,1.12,0.429,0.0,0.0,0.0,
1641816,Hunter Tyson,1610612743,DEN,24.0,17,10,1.0,0.41,1.12,0.368,0.447,0.316,0.24,0.35,0.667,0.684,0.18,0.76,0.231
201949,James Johnson,1610612754,IND,37.0,9,6,1.0,0.33,1.11,0.3,0.3,0.8,0.33,0.89,0.375,0.2,0.0,0.22,0.0
1629308,Juan Toscano-Anderson,1610612758,SAC,31.0,11,6,1.0,0.27,1.09,0.25,0.292,0.667,0.18,0.73,0.25,0.333,0.09,0.36,0.25
1641753,Chris Livingston,1610612749,MIL,20.0,21,13,1.0,0.52,1.05,0.5,0.523,0.773,0.48,0.81,0.588,0.227,0.05,0.24,0.2
1629603,Mamadi Diakite,1610612752,NYK,27.0,6,3,1.0,0.67,1.0,0.667,0.667,0.833,0.67,0.83,0.8,0.167,0.0,0.17,0.0
1631257,Jermaine Samuels Jr.,1610612745,HOU,25.0,14,9,1.0,0.64,1.0,0.643,0.643,0.857,0.64,0.86,0.75,0.143,0.0,0.14,0.0
1630641,Ibou Badji,1610612757,POR,21.0,22,11,1.0,0.64,1.0,0.636,0.636,1.0,0.64,1.0,0.636,0.0,0.0,0.0,
1630658,Colin Castleton,1610612747,LAL,24.0,16,11,1.0,0.56,1.0,0.563,0.563,1.0,0.56,1.0,0.563,0.0,0.0,0.0,
1631210,Jacob Toppin,1610612752,NYK,24.0,9,2,1.0,0.56,1.0,0.556,0.611,0.556,0.44,0.56,0.8,0.444,0.11,0.44,0.25
1631112,Kendall Brown,1610612754,IND,21.0,15,7,1.0,0.53,1.0,0.533,0.533,0.867,0.53,0.87,0.615,0.133,0.0,0.13,0.0
1628977,Hamidou Diallo,1610612764,WAS,25.0,2,1,1.0,0.5,1.0,0.5,0.5,1.0,0.5,1.0,0.5,0.0,0.0,0.0,
1630586,Usman Garuba,1610612744,GSW,22.0,6,3,1.0,0.17,1.0,0.167,0.167,0.833,0.17,0.83,0.2,0.167,0.0,0.17,0.0
1641806,Markquis Nowell,1610612761,TOR,24.0,1,1,1.0,0.0,1.0,0.0,0.0,1.0,0.0,1.0,0.0,0.0,0.0,0.0,
201980,Danny Green,1610612755,PHI,37.0,2,2,1.0,0.0,1.0,0.0,0.0,0.5,0.0,0.5,0.0,0.5,0.0,0.5,0.0
1630622,Jalen Crutcher,1610612740,NOP,24.0,1,1,1.0,0.0,1.0,0.0,0.0,1.0,0.0,1.0,0.0,0.0,0.0,0.0,
1629610,DaQuan Jeffries,1610612752,NYK,26.0,17,10,1.0,0.35,0.94,0.375,0.438,0.438,0.24,0.41,0.571,0.563,0.12,0.53,0.222
203648,Thanasis Antetokounmpo,1610612749,MIL,31.0,34,15,1.0,0.47,0.88,0.533,0.533,0.967,0.47,0.85,0.552,0.033,0.0,0.03,0.0
1630296,Braxton Key,1610612743,DEN,27.0,20,11,1.0,0.35,0.85,0.412,0.471,0.706,0.25,0.6,0.417,0.294,0.1,0.25,0.4
1630311,Pat Spencer,1610612744,GSW,27.0,5,2,1.0,0.4,0.8,0.5,0.5,0.5,0.4,0.4,1.0,0.5,0.0,0.4,0.0
1641847,Andrew Funk,1610612741,CHI,24.0,5,3,1.0,0.0,0.8,0.0,0.0,0.25,0.0,0.2,0.0,0.75,0.0,0.6,0.0
1630604,E.J. Liddell,1610612740,NOP,23.0,8,4,1.0,0.13,0.75,0.167,0.167,0.167,0.13,0.13,1.0,0.833,0.0,0.63,0.0
1631250,Pete Nance,1610612739,CLE,24.0,8,3,1.0,0.13,0.75,0.167,0.25,0.833,0.0,0.63,0.0,0.167,0.13,0.13,1.0
1630643,Jay Huff,1610612743,DEN,26.0,19,10,1.0,0.42,0.74,0.571,0.679,0.357,0.26,0.26,1.0,0.643,0.16,0.47,0.333
1631111,Wendell Moore Jr.,1610612750,MIN,22.0,25,13,1.0,0.36,0.72,0.5,0.5,0.667,0.36,0.48,0.75,0.333,0.0,0.24,0.0
1627885,Shaquille Harrison,1610612763,MEM,30.0,3,1,1.0,0.33,0.67,0.5,0.5,1.0,0.33,0.67,0.5,0.0,0.0,0.0,
1630196,Filip Petrusev,1610612758,SAC,24.0,3,1,1.0,0.33,0.67,0.5,0.5,1.0,0.33,0.67,0.5,0.0,0.0,0.0,
1641721,Maxwell Lewis,1610612747,LAL,21.0,33,13,1.0,0.09,0.52,0.176,0.176,0.588,0.09,0.3,0.3,0.412,0.0,0.21,0.0
1641771,Jalen Slawson,1610612758,SAC,24.0,12,3,1.0,0.33,0.5,0.667,0.667,0.667,0.33,0.33,1.0,0.333,0.0,0.17,0.0
1631376,Dmytro Skapintsev,1610612752,NYK,26.0,2,1,1.0,0.0,0.5,0.0,0.0,1.0,0.0,0.5,0.0,0.0,0.0,0.0,
1630563,Joshua Primo,1610612746,LAC,21.0,2,1,1.0,0.0,0.5,0.0,0.0,1.0,0.0,0.5,0.0,0.0,0.0,0.0,
1631245,Quenton Jackson,1610612754,IND,25.0,3,1,1.0,0.0,0.33,0.0,0.0,1.0,0.0,0.33,0.0,0.0,0.0,0.0,
1627853,Ryan Arcidiacono,1610612752,NYK,30.0,20,5,1.0,0.0,0.25,0.0,0.0,0.0,0.0,0.0,,1.0,0.0,0.25,0.0
