season,player_id,player,nickname,team_id,team,team_name,game_id,game_date,matchup,wl,min,fgm,fga,fg_pct,fg3m,fg3a,fg3_pct,ftm,fta,ft_pct,oreb,dreb,reb,ast,tov,stl,blk,blka,pf,pfd,pts,plus_minus,nba_fantasy_pts,dd2,td3,wnba_fantasy_pts,gp_rank,w_rank,l_rank,w_pct_rank,min_rank,fgm_rank,fga_rank,fg_pct_rank,fg3m_rank,fg3a_rank,fg3_pct_rank,ftm_rank,fta_rank,ft_pct_rank,oreb_rank,dreb_rank,reb_rank,ast_rank,tov_rank,stl_rank,blk_rank,blka_rank,pf_rank,pfd_rank,pts_rank,plus_minus_rank,nba_fantasy_pts_rank,dd2_rank,td3_rank,wnba_fantasy_pts_rank,available_flag,min_sec,season_start,season_end
2020-21,1626245,Cristiano Felicio,Cristiano,1610612741,CHI,Chicago Bulls,22001068,2021-05-16T00:00:00,CHI vs. MIL,W,17.95,5.3,13.4,0.4,0.0,2.7,0.0,2.7,5.3,0.5,8.0,13.4,21.4,0.0,0.0,2.7,0.0,0.0,5.3,2.7,13.4,13.4,47.1,0,0,40.1,1,1,11433,1,15627,14699,14800,12966,12591,16332,12591,9492,6978,9461,1241,2407,1140,16819,14317,4957,7210,7735,6617,11951,15717,6574,9053,1849,143,11594,1,17:57,2020,2021
2020-21,1630172,Patrick Williams,Patrick,1610612741,CHI,Chicago Bulls,22001068,2021-05-16T00:00:00,CHI vs. MIL,W,29.63,6.5,13.0,0.5,0.0,1.6,0.0,4.9,4.9,1.0,4.9,6.5,11.3,1.6,4.9,1.6,3.2,0.0,3.2,3.2,17.8,-3.2,43.6,0,0,40.5,1,1,11433,1,6873,12739,15252,7582,12591,17522,12591,5790,7701,1,3115,10432,6558,15879,3975,8336,2246,7735,12036,10381,12685,12461,10646,1849,143,11388,1,29:38,2020,2021
2020-21,1629632,Coby White,Coby,1610612741,CHI,Chicago Bulls,22001068,2021-05-16T00:00:00,CHI vs. MIL,W,31.266666666666666,9.2,20.0,0.462,6.1,13.8,0.444,4.6,6.1,0.75,0.0,7.7,7.7,7.7,6.1,1.5,1.5,0.0,1.5,4.6,29.2,-13.8,53.0,0,0,56.8,1,1,11433,1,5627,7983,7595,10881,2227,2250,6201,6128,5972,7245,11150,8313,11319,4727,2428,8743,5713,7735,16986,7258,5475,15934,6583,1849,143,4329,1,31:16,2020,2021
2020-21,1629653,Devon Dotson,Devon,1610612741,CHI,Chicago Bulls,22001068,2021-05-16T00:00:00,CHI vs. MIL,W,21.416666666666668,11.2,22.4,0.5,2.2,11.2,0.2,0.0,0.0,0.0,0.0,4.5,4.5,9.0,0.0,2.2,0.0,2.2,4.5,0.0,24.7,29.1,50.2,0,0,44.8,1,1,11433,1,13127,5098,5244,7582,9471,4360,11380,12008,12752,12008,11150,14321,16615,3459,14317,6228,7210,3841,8608,16020,8084,2954,7693,1849,143,9301,1,21:25,2020,2021
2020-21,1629750,Javonte Green,Javonte,1610612741,CHI,Chicago Bulls,22001068,2021-05-16T00:00:00,CHI vs. MIL,W,23.24,6.2,10.3,0.6,0.0,2.1,0.0,0.0,0.0,0.0,0.0,4.1,4.1,2.1,0.0,8.3,2.1,0.0,6.2,4.1,12.4,24.8,51.4,0,0,39.2,1,1,11433,1,11756,13226,17907,4810,12591,17074,12591,12008,12752,12008,11150,15052,17194,14751,14317,320,4185,7735,5024,8251,16350,3706,7185,1849,143,12054,1,23:14,2020,2021
2020-21,202066,Garrett Temple,Garrett,1610612741,CHI,Chicago Bulls,22001068,2021-05-16T00:00:00,CHI vs. MIL,W,28.633333333333333,5.0,8.4,0.6,1.7,3.4,0.5,0.0,0.0,0.0,1.7,3.4,5.0,5.0,3.4,0.0,0.0,0.0,1.7,0.0,11.7,-11.7,22.0,0,0,23.5,1,1,11433,1,7608,15250,19490,4810,10939,15445,3573,12008,12752,12008,8943,16504,15752,8356,7019,10665,7210,7735,16543,16020,16766,15311,19668,1849,143,19021,1,28:38,2020,2021
2020-21,1627756,Denzel Valentine,Denzel,1610612741,CHI,Chicago Bulls,22001068,2021-05-16T00:00:00,CHI vs. MIL,W,20.816666666666663,6.9,20.8,0.333,4.6,9.2,0.5,0.0,0.0,0.0,0.0,4.6,4.6,6.9,0.0,0.0,2.3,2.3,6.9,2.3,18.4,20.8,41.3,0,0,39.2,1,1,11433,1,13567,11918,6782,15094,4208,6752,3573,12008,12752,12008,11150,14078,16413,5585,14317,10665,3758,3709,3954,12962,12241,4580,11755,1849,143,12078,1,20:49,2020,2021
2020-21,1628374,Lauri Markkanen,Lauri,1610612741,CHI,Chicago Bulls,22001068,2021-05-16T00:00:00,CHI vs. MIL,W,24.76333333333333,11.6,21.3,0.545,3.9,7.8,0.5,5.8,7.8,0.75,0.0,9.7,9.7,1.9,3.9,0.0,0.0,1.9,1.9,3.9,33.0,-21.3,43.6,0,0,48.5,1,1,11433,1,10607,4574,6216,6794,5602,8851,3573,4524,4249,7245,11150,5461,8422,15060,5841,10665,7210,4551,15801,8865,3747,17861,10628,1849,143,7563,1,24:46,2020,2021
2020-21,1627853,Ryan Arcidiacono,Ryan,1610612741,CHI,Chicago Bulls,22001068,2021-05-16T00:00:00,CHI vs. MIL,W,16.733333333333334,14.3,17.2,0.833,11.5,11.5,1.0,0.0,0.0,0.0,0.0,11.5,11.5,5.7,2.9,0.0,0.0,0.0,8.6,2.9,40.2,43.0,59.7,0,0,68.8,1,1,11433,1,16428,2148,10476,1305,274,4074,1,12008,12752,12008,11150,3769,6421,7142,8371,10665,7210,7735,2373,11374,1650,1356,4277,1849,143,1619,1,16:44,2020,2021
2020-21,201152,Thaddeus Young,Thaddeus,1610612741,CHI,Chicago Bulls,22001068,2021-05-16T00:00:00,CHI vs. MIL,W,25.55,15.0,28.2,0.533,0.0,1.9,0.0,7.5,11.3,0.667,1.9,11.3,13.2,5.6,7.5,0.0,5.6,3.8,3.8,7.5,37.6,9.4,71.2,0,0,67.6,1,1,11433,1,10026,1742,1842,7229,12591,17254,12591,2923,1997,8322,8279,3940,4889,7289,1393,10665,765,1463,10654,2982,2243,7831,1772,1849,143,1794,1,25:33,2020,2021
2020-21,1630172,Patrick Williams,Patrick,1610612741,CHI,Chicago Bulls,22001060,2021-05-15T00:00:00,CHI @ BKN,L,32.858333333333334,13.1,20.5,0.643,4.4,5.8,0.75,4.4,5.8,0.75,2.9,4.4,7.3,1.5,0.0,2.9,0.0,0.0,1.5,2.9,35.1,-20.5,54.8,0,0,54.1,1,11623,1,11623,4454,3044,7042,4072,4589,11791,1455,6463,6315,7245,5812,14534,11957,16315,14317,4246,7210,7735,17240,11232,2959,17656,5907,1849,143,5297,1,32:52,2020,2021
2020-21,1627853,Ryan Arcidiacono,Ryan,1610612741,CHI,Chicago Bulls,22001060,2021-05-15T00:00:00,CHI @ BKN,L,13.603333333333332,7.1,17.6,0.4,3.5,10.6,0.333,0.0,0.0,0.0,0.0,7.1,7.1,17.6,3.5,3.5,0.0,0.0,3.5,0.0,17.6,10.6,59.6,0,0,52.9,1,11623,1,11623,18180,11667,9978,12966,6316,5062,7875,12008,12752,12008,11150,9400,12367,366,6642,3052,7210,7735,11293,16020,12809,7445,4285,1849,143,5710,1,13:36,2020,2021
2020-21,1626245,Cristiano Felicio,Cristiano,1610612741,CHI,Chicago Bulls,22001060,2021-05-15T00:00:00,CHI @ BKN,L,2.833333333333333,16.9,16.9,1.0,0.0,0.0,0.0,33.9,67.8,0.5,16.9,50.8,67.8,0.0,0.0,16.9,0.0,0.0,0.0,50.8,67.8,67.8,199.9,0,0,169.4,1,11623,1,11623,22068,948,10773,1,12591,17891,12591,43,15,9461,144,10,8,16819,14317,51,7210,7735,18137,6,117,432,10,1849,143,13,1,2:50,2020,2021
2020-21,202696,Nikola Vučević,Nikola,1610612741,CHI,Chicago Bulls,22001060,2021-05-15T00:00:00,CHI @ BKN,L,30.25,6.3,28.6,0.222,0.0,12.7,0.0,3.2,3.2,1.0,3.2,14.3,17.5,4.8,3.2,0.0,1.6,1.6,6.3,6.3,15.9,-17.5,45.5,1,0,41.3,1,11623,1,11623,6387,12954,1704,18584,12591,3000,12591,8477,10380,1,5313,1944,2302,8831,7470,10665,5506,5708,4791,4342,14027,16946,9770,1,143,11015,1,30:15,2020,2021
2020-21,1629632,Coby White,Coby,1610612741,CHI,Chicago Bulls,22001060,2021-05-15T00:00:00,CHI @ BKN,L,34.39666666666667,1.4,14.0,0.1,1.4,8.4,0.167,0.0,0.0,0.0,2.8,7.0,9.8,8.4,4.2,0.0,0.0,1.4,4.2,0.0,4.2,-23.7,24.3,0,0,23.7,1,11623,1,11623,3321,19858,14137,19838,11937,7944,12017,12008,12752,12008,6088,9548,8329,3970,5119,10665,7210,6658,9370,16020,20169,18393,18954,1849,143,18948,1,34:24,2020,2021
2020-21,1628374,Lauri Markkanen,Lauri,1610612741,CHI,Chicago Bulls,22001060,2021-05-15T00:00:00,CHI @ BKN,L,30.383333333333333,7.9,15.8,0.5,6.3,11.1,0.571,0.0,0.0,0.0,0.0,3.2,3.2,1.6,1.6,1.6,0.0,1.6,0.0,0.0,22.1,-36.3,31.4,0,0,36.3,1,11623,1,11623,6276,10173,12035,7582,2067,4513,3225,12008,12752,12008,11150,16820,18580,16000,12717,8519,7210,5750,18137,16020,9701,20424,16337,1849,143,13523,1,30:23,2020,2021
2020-21,1629690,Adam Mokoka,Adam,1610612741,CHI,Chicago Bulls,22001060,2021-05-15T00:00:00,CHI @ BKN,L,2.4833333333333334,0.0,19.3,0.0,0.0,0.0,0.0,0.0,0.0,0.0,0.0,0.0,0.0,0.0,19.3,0.0,0.0,19.3,0.0,0.0,0.0,116.0,-19.3,0,0,0.0,1,11623,1,11623,22203,19893,8211,19893,12591,17891,12591,12008,12752,12008,11150,19725,20503,16819,95,10665,7210,31,18137,16020,20448,115,23023,1849,143,22207,1,2:29,2020,2021
2020-21,1629653,Devon Dotson,Devon,1610612741,CHI,Chicago Bulls,22001060,2021-05-15T00:00:00,CHI @ BKN,L,2.4833333333333334,0.0,19.3,0.0,0.0,19.3,0.0,0.0,0.0,0.0,0.0,0.0,0.0,0.0,0.0,0.0,0.0,0.0,0.0,0.0,0.0,116.0,0.0,0,0,0.0,1,11623,1,11623,22203,19893,8211,19893,12591,509,12591,12008,12752,12008,11150,19725,20503,16819,14317,10665,7210,7735,18137,16020,20448,115,22167,1849,143,22207,1,2:29,2020,2021
2020-21,202066,Garrett Temple,Garrett,1610612741,CHI,Chicago Bulls,22001060,2021-05-15T00:00:00,CHI @ BKN,L,27.4,5.3,19.3,0.273,3.5,12.3,0.286,0.0,0.0,0.0,1.8,1.8,3.5,1.8,1.8,1.8,3.5,0.0,3.5,1.8,14.0,-10.5,34.9,0,0,33.3,1,11623,1,11623,8575,14865,8276,17532,6367,3330,9877,12008,12752,12008,8679,19089,18139,15529,11995,7759,1980,7735,11352,14428,15292,14940,14778,1849,143,14984,1,27:24,2020,2021
2020-21,201152,Thaddeus Young,Thaddeus,1610612741,CHI,Chicago Bulls,22001060,2021-05-15T00:00:00,CHI @ BKN,L,30.05,14.4,28.8,0.5,0.0,1.6,0.0,1.6,4.8,0.333,12.8,8.0,20.8,6.4,0.0,1.6,0.0,4.8,0.0,4.8,30.3,-6.4,69.6,1,0,60.7,1,11623,1,11623,6529,2131,1640,7582,12591,17547,12591,11244,7798,11706,335,7823,1262,6280,14317,8438,7210,809,18137,6923,4888,13579,2018,1,143,3200,1,30:03,2020,2021
2020-21,1627756,Denzel Valentine,Denzel,1610612741,CHI,Chicago Bulls,22001060,2021-05-15T00:00:00,CHI @ BKN,L,16.008333333333333,0.0,21.0,0.0,0.0,9.0,0.0,0.0,0.0,0.0,0.0,6.0,6.0,6.0,0.0,0.0,0.0,3.0,0.0,0.0,0.0,-36.0,16.2,0,0,12.0,1,11623,1,11623,16886,19893,6539,19893,12591,7081,12591,12008,12752,12008,11150,11357,14123,6767,14317,10665,7210,2316,18137,16020,20448,20376,20940,1849,143,21559,1,16:01,2020,2021
2020-21,1629750,Javonte Green,Javonte,1610612741,CHI,Chicago Bulls,22001060,2021-05-15T00:00:00,CHI @ BKN,L,17.25,0.0,5.6,0.0,0.0,2.8,0.0,11.1,11.1,1.0,8.3,2.8,11.1,2.8,0.0,0.0,2.8,0.0,5.6,8.3,11.1,-5.6,37.0,0,0,30.6,1,11623,1,11623,16109,19893,21069,19893,12591,16165,12591,1125,2071,1,1140,17546,6775,13066,14317,10665,2932,7735,6176,2249,17101,13281,13800,1849,143,16257,1,17:15,2020,2021
2020-21,201152,Thaddeus Young,Thaddeus,1610612741,CHI,Chicago Bulls,22001051,2021-05-13T00:00:00,CHI vs. TOR,W,28.08333333333333,8.5,13.7,0.625,0.0,0.0,0.0,0.0,0.0,0.0,8.5,6.8,15.4,12.0,6.8,0.0,1.7,0.0,1.7,0.0,17.1,3.4,51.8,0,0,47.9,1,1,11433,1,8056,9045,14466,4319,12591,17891,12591,12008,12752,12008,1073,9792,3364,1597,1819,10665,5102,7735,16438,16020,13179,9945,7053,1849,143,7864,1,28:05,2020,2021
2020-21,202696,Nikola Vučević,Nikola,1610612741,CHI,Chicago Bulls,22001051,2021-05-13T00:00:00,CHI vs. TOR,W,32.41833333333334,10.4,28.1,0.368,3.0,10.4,0.286,0.0,0.0,0.0,0.0,23.7,23.7,8.9,3.0,0.0,0.0,0.0,3.0,1.5,23.7,4.4,62.5,1,0,59.2,1,1,11433,1,4754,6203,1867,14634,7513,5326,9877,12008,12752,12008,11150,234,773,3530,8083,10665,7210,7735,12839,15312,8679,9553,3506,1,143,3613,1,32:25,2020,2021
2020-21,1628374,Lauri Markkanen,Lauri,1610612741,CHI,Chicago Bulls,22001051,2021-05-13T00:00:00,CHI vs. TOR,W,25.315,13.3,19.0,0.7,11.4,17.1,0.667,0.0,0.0,0.0,1.9,11.4,13.3,3.8,3.8,1.9,1.9,0.0,5.7,3.8,37.9,28.4,67.1,0,0,73.9,1,1,11433,1,10210,2939,8580,2696,284,891,1828,12008,12752,12008,8231,3858,4789,10789,6048,7211,4550,7735,5915,9088,2153,3080,2429,1849,143,1057,1,25:19,2020,2021
2020-21,1629750,Javonte Green,Javonte,1610612741,CHI,Chicago Bulls,22001051,2021-05-13T00:00:00,CHI vs. TOR,W,12.533333333333331,15.3,23.0,0.667,7.7,11.5,0.667,0.0,0.0,0.0,0.0,0.0,0.0,0.0,3.8,3.8,0.0,0.0,0.0,3.8,38.3,57.4,46.0,0,0,53.6,1,1,11433,1,18657,1597,4791,2900,1221,4058,1828,12008,12752,12008,11150,19725,20503,16819,5958,2610,7210,7735,18137,8985,2059,671,9586,1849,143,5451,1,12:32,2020,2021
2020-21,202066,Garrett Temple,Garrett,1610612741,CHI,Chicago Bulls,22001051,2021-05-13T00:00:00,CHI vs. TOR,W,27.33333333333333,1.8,1.8,1.0,0.0,0.0,0.0,0.0,0.0,0.0,0.0,3.5,3.5,1.8,0.0,1.8,1.8,0.0,5.3,0.0,3.5,7.0,20.9,0,0,15.8,1,1,11433,1,8626,19661,21881,1,12591,17891,12591,12008,12752,12008,11150,16248,18130,15517,14317,7740,4966,7735,6798,16020,20311,8635,19960,1849,143,20995,1,27:20,2020,2021
2020-21,1630172,Patrick Williams,Patrick,1610612741,CHI,Chicago Bulls,22001051,2021-05-13T00:00:00,CHI vs. TOR,W,18.316666666666663,7.9,21.0,0.375,2.6,7.9,0.333,5.2,10.5,0.5,5.2,7.9,13.1,2.6,5.2,0.0,2.6,2.6,0.0,5.2,23.6,-7.9,45.9,0,0,47.2,1,1,11433,1,15390,10239,6560,14155,8493,8691,7875,5214,2379,9461,2777,8028,4922,13493,3435,10665,3240,3057,18137,6066,8742,14096,9624,1849,143,8217,1,18:19,2020,2021
2020-21,1629632,Coby White,Coby,1610612741,CHI,Chicago Bulls,22001051,2021-05-13T00:00:00,CHI vs. TOR,W,41.78333333333333,8.0,13.8,0.583,3.4,8.0,0.429,0.0,0.0,0.0,0.0,5.7,5.7,11.5,2.3,1.1,0.0,0.0,3.4,3.4,19.5,16.1,44.8,1,0,42.5,1,1,11433,1,203,9906,14330,5615,6478,8414,6364,12008,12752,12008,11150,11839,14548,1809,10276,10598,7210,7735,11488,9901,11503,5827,10120,1,143,10395,1,41:47,2020,2021
2020-21,203107,Tomas Satoransky,Tomas,1610612741,CHI,Chicago Bulls,22001051,2021-05-13T00:00:00,CHI vs. TOR,W,19.666666666666668,7.3,9.8,0.75,0.0,0.0,0.0,0.0,0.0,0.0,0.0,4.9,4.9,4.9,4.9,0.0,0.0,0.0,2.4,2.4,14.6,19.5,22.9,0,0,24.4,1,1,11433,1,14443,11203,18394,1826,12591,17891,12591,12008,12752,12008,11150,13578,16001,8641,3945,10665,7210,7735,14617,12605,14866,4892,19349,1849,143,18726,1,19:40,2020,2021
2020-21,203897,Zach LaVine,Zach,1610612741,CHI,Chicago Bulls,22001051,2021-05-13T00:00:00,CHI vs. TOR,W,34.55,11.1,20.8,0.533,4.2,9.7,0.429,6.9,8.3,0.833,0.0,6.9,6.9,2.8,4.2,0.0,0.0,0.0,2.8,5.6,33.3,2.8,41.7,0,0,47.2,1,1,11433,1,3206,5196,6690,7229,4972,6088,6364,3389,3712,6476,11150,9602,12544,13085,5160,10665,7210,7735,13487,5535,3586,10176,11560,1849,143,8188,1,34:33,2020,2021
2020-21,1630172,Patrick Williams,Patrick,1610612741,CHI,Chicago Bulls,22001036,2021-05-11T00:00:00,CHI vs. BKN,L,22.816666666666663,4.2,4.2,1.0,2.1,2.1,1.0,0.0,0.0,0.0,0.0,2.1,2.1,0.0,4.2,0.0,4.2,0.0,4.2,0.0,10.5,-33.7,21.5,0,0,23.1,1,11623,1,11623,12108,16588,21493,1,9763,17018,1,12008,12752,12008,11150,18621,19808,16819,5082,10665,1397,7735,9313,16020,17452,20069,19807,1849,143,19124,1,22:49,2020,2021
2020-21,201152,Thaddeus Young,Thaddeus,1610612741,CHI,Chicago Bulls,22001036,2021-05-11T00:00:00,CHI vs. BKN,L,24.468333333333334,3.9,19.6,0.2,0.0,3.9,0.0,0.0,0.0,0.0,5.9,11.8,17.7,5.9,3.9,2.0,2.0,2.0,2.0,5.9,7.8,11.8,45.7,0,0,39.2,1,11623,1,11623,10816,17052,7934,18781,12591,14724,12591,12008,12752,12008,2295,3498,2218,6922,5743,7009,4406,4493,15742,5013,18853,7066,9687,1849,143,12060,1,24:28,2020,2021
2020-21,203897,Zach LaVine,Zach,1610612741,CHI,Chicago Bulls,22001036,2021-05-11T00:00:00,CHI vs. BKN,L,36.53333333333333,19.7,35.5,0.556,7.9,14.5,0.545,6.6,9.2,0.714,1.3,2.6,3.9,1.3,2.6,1.3,0.0,2.6,5.3,7.9,53.9,-13.1,61.9,0,0,69.6,1,11623,1,11623,1875,426,415,6415,1111,1877,3508,3754,3113,8162,10589,17838,17522,16652,9226,10037,7210,3043,6822,2648,344,15738,3649,1849,143,1499,1,36:32,2020,2021
2020-21,202696,Nikola Vučević,Nikola,1610612741,CHI,Chicago Bulls,22001036,2021-05-11T00:00:00,CHI vs. BKN,L,36.23333333333333,6.6,23.8,0.278,2.6,7.9,0.333,0.0,0.0,0.0,2.6,13.2,15.9,7.9,1.3,0.0,0.0,2.6,1.3,4.0,15.9,1.3,45.6,1,0,42.4,1,11623,1,11623,2086,12497,4182,17513,8387,8562,7875,12008,12752,12008,6418,2479,3069,4404,13867,10665,7210,2992,17740,8624,14008,10714,9756,1,143,10446,1,36:14,2020,2021
2020-21,203107,Tomas Satoransky,Tomas,1610612741,CHI,Chicago Bulls,22001036,2021-05-11T00:00:00,CHI vs. BKN,L,10.833333333333334,0.0,8.9,0.0,0.0,4.4,0.0,4.4,8.9,0.5,4.4,4.4,8.9,4.4,4.4,0.0,0.0,0.0,0.0,8.9,4.4,-13.3,17.3,0,0,17.7,1,11623,1,11623,19356,19893,19132,19893,12591,13971,12591,6398,3327,9461,3537,14440,9594,9444,4656,10665,7210,7735,18137,1866,20115,15774,20762,1849,143,20629,1,10:50,2020,2021
2020-21,202066,Garrett Temple,Garrett,1610612741,CHI,Chicago Bulls,22001036,2021-05-11T00:00:00,CHI vs. BKN,L,29.0,3.3,13.2,0.25,0.0,5.0,0.0,5.0,5.0,1.0,1.7,8.3,9.9,6.6,0.0,1.7,1.7,1.7,5.0,3.3,11.6,5.0,43.4,0,0,34.8,1,11623,1,11623,7330,17868,14956,17720,12591,13189,12591,5623,7558,1,9015,7367,8136,5964,14317,8167,5285,5447,7488,10203,16865,9371,10739,1849,143,14304,1,29:00,2020,2021
2020-21,1628464,Daniel Theis,Daniel,1610612741,CHI,Chicago Bulls,22001036,2021-05-11T00:00:00,CHI vs. BKN,L,21.316666666666663,6.8,9.0,0.75,4.5,4.5,1.0,4.5,4.5,1.0,4.5,9.0,13.5,4.5,2.3,0.0,2.3,0.0,9.0,6.8,22.5,-29.3,50.0,0,0,49.5,1,11623,1,11623,13203,12245,19009,1826,4392,13859,1,6280,8197,1,3455,6386,4621,9308,10380,10665,3847,7735,2101,3772,9416,19417,7778,1849,143,7139,1,21:19,2020,2021
2020-21,1628374,Lauri Markkanen,Lauri,1610612741,CHI,Chicago Bulls,22001036,2021-05-11T00:00:00,CHI vs. BKN,L,18.996666666666663,10.1,20.2,0.5,7.6,17.7,0.429,0.0,0.0,0.0,0.0,5.1,5.1,0.0,0.0,0.0,0.0,0.0,0.0,0.0,27.8,-7.6,33.9,0,0,40.4,1,11623,1,11623,14932,6547,7297,7582,1263,751,6364,12008,12752,12008,11150,13224,15707,16819,14317,10665,7210,7735,18137,16020,6238,14005,15274,1849,143,11432,1,18:60,2020,2021
2020-21,1629750,Javonte Green,Javonte,1610612741,CHI,Chicago Bulls,22001036,2021-05-11T00:00:00,CHI vs. BKN,L,2.635,0.0,0.0,0.0,0.0,0.0,0.0,0.0,0.0,0.0,0.0,18.2,18.2,0.0,0.0,0.0,0.0,0.0,18.2,0.0,0.0,0.0,21.9,0,0,18.2,1,11623,1,11623,22145,19893,21894,19893,12591,17891,12591,12008,12752,12008,11150,727,1989,16819,14317,10665,7210,7735,298,16020,20448,10797,19699,1849,143,20519,1,2:38,2020,2021
2020-21,1629632,Coby White,Coby,1610612741,CHI,Chicago Bulls,22001036,2021-05-11T00:00:00,CHI vs. BKN,L,37.16666666666666,7.7,22.0,0.353,5.2,14.2,0.364,0.0,0.0,0.0,0.0,3.9,3.9,5.2,0.0,1.3,0.0,2.6,5.2,0.0,20.7,-6.5,36.9,0,0,37.5,1,11623,1,11623,1497,10438,5627,15003,3396,2020,7804,12008,12752,12008,11150,15575,17631,8091,14317,10165,7210,3144,7018,16020,10665,13602,13829,1849,143,12956,1,37:10,2020,2021
2020-21,203107,Tomas Satoransky,Tomas,1610612741,CHI,Chicago Bulls,22001023,2021-05-09T00:00:00,CHI @ DET,W,21.366666666666667,4.5,9.0,0.5,2.2,4.5,0.5,2.2,2.2,1.0,2.2,4.5,6.7,15.7,0.0,0.0,0.0,2.2,2.2,4.5,13.5,27.0,45.2,0,0,38.2,1,1,11433,1,13169,16105,19023,7582,9461,13875,3573,10200,11864,1,7371,14298,12883,586,14317,10665,7210,3829,15097,7494,15647,3305,9974,1849,143,12584,1,21:22,2020,2021
2020-21,203897,Zach LaVine,Zach,1610612741,CHI,Chicago Bulls,22001023,2021-05-09T00:00:00,CHI @ DET,W,35.615,13.5,21.6,0.625,4.0,6.7,0.6,9.4,9.4,1.0,0.0,4.0,4.0,8.1,1.3,0.0,0.0,0.0,5.4,6.7,40.4,25.6,56.1,0,0,56.6,1,1,11433,1,2504,2775,5994,4319,5220,10401,2762,1785,2961,1,11150,15225,17346,4263,13783,10665,7210,7735,6519,3798,1599,3546,5481,1849,143,4399,1,35:37,2020,2021
2020-21,1628374,Lauri Markkanen,Lauri,1610612741,CHI,Chicago Bulls,22001023,2021-05-09T00:00:00,CHI @ DET,W,22.883333333333333,2.1,4.2,0.5,0.0,2.1,0.0,0.0,4.2,0.0,0.0,14.7,14.7,2.1,2.1,6.3,0.0,0.0,6.3,2.1,4.2,2.1,41.7,0,0,33.6,1,1,11433,1,12050,19338,21501,7582,12591,17031,12591,12008,8667,12008,11150,1758,3773,14657,10811,742,7210,7735,4876,13476,20168,10430,11524,1849,143,14856,1,22:53,2020,2021
2020-21,1629632,Coby White,Coby,1610612741,CHI,Chicago Bulls,22001023,2021-05-09T00:00:00,CHI @ DET,W,30.7,12.5,25.0,0.5,7.8,17.2,0.455,0.0,0.0,0.0,0.0,6.3,6.3,4.7,1.6,0.0,0.0,0.0,3.1,1.6,32.8,0.0,45.8,0,0,51.6,1,1,11433,1,6031,3634,3388,7582,1143,855,6157,12008,12752,12008,11150,10887,13692,8943,12791,10665,7210,7735,12345,15008,3791,10797,9647,1849,143,6226,1,30:42,2020,2021
2020-21,202066,Garrett Temple,Garrett,1610612741,CHI,Chicago Bulls,22001023,2021-05-09T00:00:00,CHI @ DET,W,30.766666666666666,0.0,3.1,0.0,0.0,1.6,0.0,1.6,3.1,0.5,0.0,7.8,7.8,6.2,1.6,0.0,3.1,0.0,1.6,3.1,1.6,1.6,28.1,0,0,21.8,1,1,11433,1,5992,19893,21734,19893,12591,17577,12591,11319,10466,9461,11150,8128,11142,6455,12803,10665,2392,7735,16899,10692,20446,10585,17620,1849,143,19543,1,30:46,2020,2021
2020-21,1630172,Patrick Williams,Patrick,1610612741,CHI,Chicago Bulls,22001023,2021-05-09T00:00:00,CHI @ DET,W,23.0,4.2,8.3,0.5,0.0,2.1,0.0,0.0,0.0,0.0,2.1,2.1,4.2,2.1,2.1,4.2,0.0,0.0,2.1,0.0,8.3,14.6,26.9,0,0,23.0,1,1,11433,1,11955,16640,19510,7582,12591,17045,12591,12008,12752,12008,7721,18644,17118,14685,10842,2140,7210,7735,15450,16020,18600,6209,18059,1849,143,19187,1,23:00,2020,2021
2020-21,1629750,Javonte Green,Javonte,1610612741,CHI,Chicago Bulls,22001023,2021-05-09T00:00:00,CHI @ DET,W,12.651666666666667,7.6,11.4,0.667,0.0,0.0,0.0,0.0,0.0,0.0,0.0,0.0,0.0,0.0,3.8,3.8,0.0,0.0,11.4,0.0,15.2,3.8,22.8,0,0,22.8,1,1,11433,1,18616,10722,16905,2900,12591,17891,12591,12008,12752,12008,11150,19725,20503,16819,6047,2657,7210,7735,1113,16020,14507,9821,19410,1849,143,19255,1,12:39,2020,2021
2020-21,201152,Thaddeus Young,Thaddeus,1610612741,CHI,Chicago Bulls,22001023,2021-05-09T00:00:00,CHI @ DET,W,26.85,7.2,17.9,0.4,3.6,5.4,0.667,1.8,3.6,0.5,0.0,5.4,5.4,5.4,3.6,0.0,0.0,1.8,5.4,5.4,19.7,34.0,30.6,0,0,34.0,1,1,11433,1,8984,11524,9719,12966,6212,12529,1828,10865,9698,9461,11150,12613,15195,7763,6539,10665,7210,4971,6580,5859,11411,2254,16677,1849,143,14671,1,26:51,2020,2021
2020-21,202696,Nikola Vučević,Nikola,1610612741,CHI,Chicago Bulls,22001023,2021-05-09T00:00:00,CHI @ DET,W,36.16666666666666,18.6,35.8,0.519,1.3,10.6,0.125,0.0,0.0,0.0,4.0,17.3,21.2,2.7,0.0,0.0,1.3,2.7,5.3,0.0,38.5,0.0,71.9,1,0,66.4,1,1,11433,1,2133,594,379,7569,12184,5015,12466,12008,12752,12008,4121,926,1163,13404,14317,10665,6630,2983,6696,16020,2013,10797,1678,1,143,2003,1,36:10,2020,2021
2020-21,203897,Zach LaVine,Zach,1610612741,CHI,Chicago Bulls,22000160,2021-05-07T00:00:00,CHI vs. BOS,W,32.666666666666664,14.7,35.3,0.417,4.4,13.2,0.333,2.9,2.9,1.0,4.4,2.9,7.3,2.9,0.0,2.9,0.0,2.9,2.9,4.4,36.7,5.9,58.8,0,0,57.3,1,1,11433,1,4586,1924,435,12627,4547,2600,7875,8917,10820,1,3560,17233,11857,12656,14317,4194,7210,2406,12903,7665,2478,9044,4561,1849,143,4180,1,32:40,2020,2021
2020-21,202696,Nikola Vučević,Nikola,1610612741,CHI,Chicago Bulls,22000160,2021-05-07T00:00:00,CHI vs. BOS,W,32.083333333333336,10.5,23.9,0.438,3.0,7.5,0.4,3.0,3.0,1.0,6.0,15.0,20.9,15.0,6.0,3.0,1.5,1.5,3.0,3.0,26.9,18.0,82.0,1,1,74.8,1,1,11433,1,5018,6054,4115,11830,7437,9253,6751,8817,10713,1,2222,1655,1221,701,2564,4092,5866,6143,12732,11038,6743,5311,750,1,1,979,1,32:05,2020,2021
2020-21,1627853,Ryan Arcidiacono,Ryan,1610612741,CHI,Chicago Bulls,22000160,2021-05-07T00:00:00,CHI vs. BOS,W,1.7,28.2,28.2,1.0,28.2,28.2,1.0,0.0,0.0,0.0,0.0,28.2,28.2,0.0,0.0,0.0,0.0,0.0,0.0,0.0,84.7,112.9,118.6,0,0,141.2,1,1,11433,1,22540,79,1822,1,18,114,1,12008,12752,12008,11150,120,353,16819,14317,10665,7210,7735,18137,16020,49,123,92,1849,143,32,1,1:42,2020,2021
2020-21,1627756,Denzel Valentine,Denzel,1610612741,CHI,Chicago Bulls,22000160,2021-05-07T00:00:00,CHI vs. BOS,W,1.7,28.2,28.2,1.0,0.0,0.0,0.0,0.0,0.0,0.0,0.0,0.0,0.0,28.2,0.0,0.0,0.0,0.0,0.0,0.0,56.5,112.9,98.8,0,0,84.7,1,1,11433,1,22540,79,1822,1,12591,17891,12591,12008,12752,12008,11150,19725,20503,62,14317,10665,7210,7735,18137,16020,263,123,227,1849,143,422,1,1:42,2020,2021
2020-21,1629653,Devon Dotson,Devon,1610612741,CHI,Chicago Bulls,22000160,2021-05-07T00:00:00,CHI vs. BOS,W,1.7,56.5,56.5,1.0,0.0,0.0,0.0,0.0,0.0,0.0,0.0,0.0,0.0,0.0,0.0,28.2,0.0,0.0,0.0,0.0,112.9,112.9,197.6,0,0,169.4,1,1,11433,1,22540,8,41,1,12591,17891,12591,12008,12752,12008,11150,19725,20503,16819,14317,13,7210,7735,18137,16020,14,123,11,1849,143,13,1,1:42,2020,2021
2020-21,1629632,Coby White,Coby,1610612741,CHI,Chicago Bulls,22000160,2021-05-07T00:00:00,CHI vs. BOS,W,33.15,13.0,23.2,0.563,10.1,17.4,0.583,0.0,0.0,0.0,2.9,7.2,10.1,7.2,2.9,1.4,1.4,0.0,1.4,0.0,36.2,18.8,65.0,0,0,69.5,1,1,11433,1,4226,3141,4660,6323,435,812,3209,12008,12752,12008,5869,9055,7889,5204,8277,9199,6076,7735,17295,16020,2629,5071,2887,1849,143,1520,1,33:09,2020,2021
2020-21,1628464,Daniel Theis,Daniel,1610612741,CHI,Chicago Bulls,22000160,2021-05-07T00:00:00,CHI vs. BOS,W,28.516666666666666,5.0,15.1,0.333,1.7,5.0,0.333,3.4,3.4,1.0,3.4,10.1,13.5,0.0,0.0,1.7,0.0,3.4,5.0,3.4,15.1,11.8,36.4,0,0,33.7,1,1,11433,1,7713,15205,12822,15094,10907,13057,7875,8132,10031,1,5007,5036,4647,16819,14317,8043,7210,1844,7280,10086,14530,7059,14098,1849,143,14806,1,28:31,2020,2021
2020-21,201152,Thaddeus Young,Thaddeus,1610612741,CHI,Chicago Bulls,22000160,2021-05-07T00:00:00,CHI vs. BOS,W,17.783333333333335,5.4,16.2,0.333,0.0,0.0,0.0,13.5,13.5,1.0,0.0,8.1,8.1,2.7,5.4,2.7,2.7,0.0,5.4,8.1,24.3,29.7,48.9,0,0,45.9,1,1,11433,1,15743,14612,11610,15094,12591,17891,12591,623,1254,1,11150,7625,10647,13281,3211,4877,3081,7735,6502,2442,8293,2864,8258,1849,143,8791,1,17:47,2020,2021
2020-21,203107,Tomas Satoransky,Tomas,1610612741,CHI,Chicago Bulls,22000160,2021-05-07T00:00:00,CHI vs. BOS,W,13.15,7.3,21.9,0.333,0.0,3.7,0.0,0.0,0.0,0.0,0.0,3.7,3.7,14.6,0.0,0.0,3.7,3.7,3.7,0.0,14.6,18.3,51.8,0,0,40.2,1,1,11433,1,18409,11252,5676,15094,12591,15071,12591,12008,12752,12008,11150,16011,17958,798,14317,10665,1838,1572,10955,16020,14902,5218,7037,1849,143,11575,1,13:09,2020,2021
2020-21,1626245,Cristiano Felicio,Cristiano,1610612741,CHI,Chicago Bulls,22000160,2021-05-07T00:00:00,CHI vs. BOS,W,1.7,0.0,0.0,0.0,0.0,0.0,0.0,0.0,0.0,0.0,0.0,0.0,0.0,28.2,0.0,0.0,0.0,0.0,0.0,0.0,0.0,112.9,42.4,0,0,28.2,1,1,11433,1,22540,19893,21894,19893,12591,17891,12591,12008,12752,12008,11150,19725,20503,62,14317,10665,7210,7735,18137,16020,20448,123,11234,1849,143,17283,1,1:42,2020,2021
2020-21,202066,Garrett Temple,Garrett,1610612741,CHI,Chicago Bulls,22000160,2021-05-07T00:00:00,CHI vs. BOS,W,28.766666666666666,1.7,8.3,0.2,1.7,3.3,0.5,1.7,3.3,0.5,5.0,5.0,10.0,0.0,0.0,0.0,0.0,0.0,6.7,1.7,6.7,28.4,18.7,0,0,18.4,1,1,11433,1,7506,19731,19522,18781,10970,15462,3573,11096,10074,9461,2982,13327,8047,16819,14317,10665,7210,7735,4294,14683,19332,3092,20468,1849,143,20486,1,28:46,2020,2021
2020-21,1630172,Patrick Williams,Patrick,1610612741,CHI,Chicago Bulls,22000160,2021-05-07T00:00:00,CHI vs. BOS,W,26.75,5.4,12.6,0.429,1.8,5.4,0.333,0.0,0.0,0.0,1.8,5.4,7.2,3.6,1.8,3.6,0.0,1.8,3.6,3.6,12.6,16.1,35.5,0,0,32.3,1,1,11433,1,9075,14643,15684,11933,10563,12494,7875,12008,12752,12008,8541,12566,12149,11206,11812,2951,7210,4946,11133,9565,16237,5810,14477,1849,143,15490,1,26:45,2020,2021
2020-21,1628374,Lauri Markkanen,Lauri,1610612741,CHI,Chicago Bulls,22000160,2021-05-07T00:00:00,CHI vs. BOS,W,14.216666666666669,3.4,16.9,0.2,3.4,10.1,0.333,16.9,16.9,1.0,0.0,6.8,6.8,0.0,0.0,0.0,0.0,3.4,10.1,6.8,27.0,20.3,35.1,0,0,37.1,1,1,11433,1,17901,17783,10848,18781,6594,5600,7875,291,608,1,11150,9947,12863,16819,14317,10665,7210,1830,1545,3777,6695,4706,14657,1849,143,13111,1,14:13,2020,2021
2020-21,1629750,Javonte Green,Javonte,1610612741,CHI,Chicago Bulls,22000160,2021-05-07T00:00:00,CHI vs. BOS,W,6.116666666666666,7.8,7.8,1.0,7.8,7.8,1.0,0.0,0.0,0.0,0.0,7.8,7.8,0.0,0.0,0.0,0.0,0.0,0.0,0.0,23.5,78.5,33.0,0,0,39.2,1,1,11433,1,20771,10259,19841,1,1127,8714,1,12008,12752,12008,11150,8053,11061,16819,14317,10665,7210,7735,18137,16020,8765,296,15685,1849,143,12056,1,6:07,2020,2021
2020-21,1629750,Javonte Green,Javonte,1610612741,CHI,Chicago Bulls,22000434,2021-05-06T00:00:00,CHI @ CHA,W,7.425,0.0,12.9,0.0,0.0,6.5,0.0,19.4,19.4,1.0,0.0,6.5,6.5,12.9,0.0,6.5,0.0,0.0,0.0,6.5,19.4,71.1,65.9,0,0,51.7,1,1,11433,1,20352,19893,15284,19893,12591,10854,12591,189,374,1,11150,10467,13316,1236,14317,683,7210,7735,18137,4188,11594,393,2689,1849,143,6173,1,7:26,2020,2021
2020-21,202066,Garrett Temple,Garrett,1610612741,CHI,Chicago Bulls,22000434,2021-05-06T00:00:00,CHI @ CHA,W,23.633333333333333,10.2,22.3,0.455,4.1,10.2,0.4,0.0,0.0,0.0,0.0,6.1,6.1,4.1,2.0,4.1,2.0,2.0,2.0,0.0,24.4,14.2,54.0,0,0,50.8,1,1,11433,1,11457,6493,5283,11074,5174,5574,6751,12008,12752,12008,11150,11189,13971,10219,11027,2278,4252,4313,15592,16020,8248,6317,6194,1849,143,6584,1,23:38,2020,2021
2020-21,202696,Nikola Vučević,Nikola,1610612741,CHI,Chicago Bulls,22000434,2021-05-06T00:00:00,CHI @ CHA,W,30.65,18.8,37.6,0.5,7.8,11.0,0.714,0.0,0.0,0.0,9.4,12.5,21.9,4.7,1.6,3.1,1.6,3.1,3.1,1.6,45.4,21.9,91.3,1,0,89.3,1,1,11433,1,6083,554,274,7582,1138,4629,1734,12008,12752,12008,845,2938,1055,8933,12778,3780,5595,2122,12332,14993,898,4359,374,1,143,290,1,30:39,2020,2021
2020-21,1627756,Denzel Valentine,Denzel,1610612741,CHI,Chicago Bulls,22000434,2021-05-06T00:00:00,CHI @ CHA,W,1.95,24.6,49.2,0.5,24.6,24.6,1.0,0.0,0.0,0.0,0.0,24.6,24.6,0.0,0.0,0.0,0.0,0.0,0.0,0.0,73.8,49.2,103.4,0,0,123.1,1,1,11433,1,22433,128,69,7582,28,191,1,12008,12752,12008,11150,197,657,16819,14317,10665,7210,7735,18137,16020,86,1004,178,1849,143,56,1,1:57,2020,2021
2020-21,1629632,Coby White,Coby,1610612741,CHI,Chicago Bulls,22000434,2021-05-06T00:00:00,CHI @ CHA,W,30.116666666666667,8.0,19.1,0.417,4.8,12.8,0.375,1.6,3.2,0.5,0.0,6.4,6.4,9.6,6.4,0.0,0.0,0.0,8.0,4.8,22.3,11.2,37.9,0,0,43.0,1,1,11433,1,6486,10043,8426,12627,3954,2949,7570,11249,10352,9461,11150,10648,13473,2975,2212,10665,7210,7735,2868,6942,9555,7245,13354,1849,143,10130,1,30:07,2020,2021
2020-21,203107,Tomas Satoransky,Tomas,1610612741,CHI,Chicago Bulls,22000434,2021-05-06T00:00:00,CHI @ CHA,W,19.951666666666668,4.8,7.2,0.667,2.4,4.8,0.5,2.4,4.8,0.5,0.0,2.4,2.4,9.6,0.0,0.0,0.0,0.0,7.2,2.4,14.4,28.9,31.8,0,0,28.9,1,1,11433,1,14218,15619,20226,2900,9113,13417,3573,9992,7777,9461,11150,18247,19561,2933,14317,10665,7210,7735,3632,12694,15014,3009,16200,1849,143,17026,1,19:57,2020,2021
2020-21,1629653,Devon Dotson,Devon,1610612741,CHI,Chicago Bulls,22000434,2021-05-06T00:00:00,CHI @ CHA,W,1.95,0.0,0.0,0.0,0.0,0.0,0.0,0.0,0.0,0.0,0.0,0.0,0.0,24.6,0.0,0.0,0.0,0.0,0.0,0.0,0.0,49.2,36.9,0,0,24.6,1,1,11433,1,22433,19893,21894,19893,12591,17891,12591,12008,12752,12008,11150,19725,20503,101,14317,10665,7210,7735,18137,16020,20448,1004,13832,1849,143,18655,1,1:57,2020,2021
2020-21,203897,Zach LaVine,Zach,1610612741,CHI,Chicago Bulls,22000434,2021-05-06T00:00:00,CHI @ CHA,W,27.456666666666667,8.7,19.2,0.455,5.2,14.0,0.375,0.0,0.0,0.0,0.0,5.2,5.2,3.5,7.0,0.0,0.0,0.0,3.5,1.7,22.7,14.0,27.3,0,0,36.7,1,1,11433,1,8543,8745,8316,11074,3275,2150,7570,12008,12752,12008,11150,12873,15398,11386,1685,10665,7210,7735,11373,14448,9272,6405,17941,1849,143,13316,1,27:27,2020,2021
2020-21,201152,Thaddeus Young,Thaddeus,1610612741,CHI,Chicago Bulls,22000434,2021-05-06T00:00:00,CHI @ CHA,W,19.933333333333334,7.2,19.3,0.375,0.0,0.0,0.0,2.4,7.2,0.333,7.2,7.2,14.4,19.3,4.8,4.8,2.4,0.0,2.4,4.8,16.9,28.9,79.9,0,0,65.0,1,1,11433,1,14228,11394,8278,14155,12591,17891,12591,9986,4798,11706,1557,9082,3938,253,4036,1531,3593,7735,14709,6888,13330,3005,875,1849,143,2225,1,19:56,2020,2021
2020-21,1627853,Ryan Arcidiacono,Ryan,1610612741,CHI,Chicago Bulls,22000434,2021-05-06T00:00:00,CHI @ CHA,W,1.95,0.0,0.0,0.0,0.0,0.0,0.0,0.0,0.0,0.0,0.0,0.0,0.0,0.0,0.0,0.0,0.0,0.0,0.0,0.0,0.0,49.2,0.0,0,0,0.0,1,1,11433,1,22433,19893,21894,19893,12591,17891,12591,12008,12752,12008,11150,19725,20503,16819,14317,10665,7210,7735,18137,16020,20448,1004,22167,1849,143,22207,1,1:57,2020,2021
2020-21,1626245,Cristiano Felicio,Cristiano,1610612741,CHI,Chicago Bulls,22000434,2021-05-06T00:00:00,CHI @ CHA,W,1.95,0.0,0.0,0.0,0.0,0.0,0.0,0.0,0.0,0.0,0.0,0.0,0.0,0.0,0.0,0.0,0.0,0.0,24.6,0.0,0.0,49.2,0.0,0,0,0.0,1,1,11433,1,22433,19893,21894,19893,12591,17891,12591,12008,12752,12008,11150,19725,20503,16819,14317,10665,7210,7735,127,16020,20448,1004,22167,1849,143,22207,1,1:57,2020,2021
2020-21,1630172,Patrick Williams,Patrick,1610612741,CHI,Chicago Bulls,22000434,2021-05-06T00:00:00,CHI @ CHA,W,26.08333333333333,7.4,9.2,0.8,0.0,0.0,0.0,5.5,9.2,0.6,1.8,14.7,16.6,3.7,3.7,0.0,1.8,0.0,1.8,7.4,20.2,35.0,47.5,0,0,44.2,1,1,11433,1,9576,11123,18847,1469,12591,17891,12591,4866,3106,9174,8408,1747,2706,11036,6322,10665,4700,7735,16074,3122,10956,2130,8852,1849,143,9581,1,26:05,2020,2021
2020-21,1628374,Lauri Markkanen,Lauri,1610612741,CHI,Chicago Bulls,22000434,2021-05-06T00:00:00,CHI @ CHA,W,20.83333333333333,9.2,11.5,0.8,4.6,6.9,0.667,0.0,0.0,0.0,2.3,13.8,16.1,2.3,0.0,2.3,4.6,0.0,2.3,0.0,23.0,0.0,66.6,0,0,59.9,1,1,11433,1,13558,7977,16772,1469,4217,10149,1828,12008,12752,12008,7258,2176,2925,14209,14317,6075,1161,7735,14966,16020,9065,10797,2539,1849,143,3415,1,20:50,2020,2021
2020-21,1628464,Daniel Theis,Daniel,1610612741,CHI,Chicago Bulls,22000434,2021-05-06T00:00:00,CHI @ CHA,W,26.116666666666667,9.2,14.7,0.625,1.8,3.7,0.5,1.8,3.7,0.5,7.4,5.5,12.9,3.7,5.5,3.7,3.7,0.0,5.5,5.5,22.1,12.9,59.5,0,0,55.1,1,1,11433,1,9553,8033,13308,4319,10437,15042,3573,10774,9526,9461,1497,12292,5140,11049,3085,2822,1814,7735,6279,5609,9753,6714,4320,1849,143,4896,1,26:07,2020,2021
2020-21,203107,Tomas Satoransky,Tomas,1610612741,CHI,Chicago Bulls,22000979,2021-05-03T00:00:00,CHI vs. PHI,L,22.65,10.6,19.1,0.556,0.0,8.5,0.0,0.0,0.0,0.0,2.1,6.4,8.5,12.7,6.4,0.0,2.1,0.0,2.1,2.1,21.2,-12.7,50.4,0,0,46.6,1,11623,1,11623,12219,5897,8472,6415,12591,7815,12591,12008,12752,12008,7640,10676,10119,1317,2229,10665,4084,7735,15366,13423,10336,15593,7599,1849,143,8449,1,22:39,2020,2021
2020-21,1630172,Patrick Williams,Patrick,1610612741,CHI,Chicago Bulls,22000979,2021-05-03T00:00:00,CHI vs. PHI,L,27.666666666666668,3.5,13.9,0.25,0.0,1.7,0.0,1.7,3.5,0.5,3.5,8.7,12.1,6.9,1.7,3.5,0.0,1.7,5.2,3.5,8.7,-45.1,42.3,0,0,34.7,1,11623,1,11623,8389,17655,14215,17720,12591,17395,12591,10957,9868,9461,4855,6809,5780,5537,12057,3132,7210,5129,6939,9840,18421,21248,11249,1849,143,14332,1,27:40,2020,2021
2020-21,202066,Garrett Temple,Garrett,1610612741,CHI,Chicago Bulls,22000979,2021-05-03T00:00:00,CHI vs. PHI,L,27.5,5.2,10.5,0.5,1.7,3.5,0.5,0.0,0.0,0.0,0.0,1.7,1.7,0.0,1.7,0.0,1.7,1.7,1.7,0.0,12.2,-52.4,17.8,0,0,19.2,1,11623,1,11623,8508,14894,17771,7582,10714,15286,3573,12008,12752,12008,11150,19098,20117,16819,12017,10665,4990,5101,16335,16020,16465,21712,20655,1849,143,20273,1,27:30,2020,2021
2020-21,202329,Al-Farouq Aminu,Al-Farouq,1610612741,CHI,Chicago Bulls,22000979,2021-05-03T00:00:00,CHI vs. PHI,L,16.3,0.0,2.9,0.0,0.0,2.9,0.0,5.9,8.8,0.667,2.9,11.8,14.7,0.0,0.0,2.9,0.0,0.0,5.9,2.9,5.9,44.2,32.4,0,0,26.5,1,11623,1,11623,16719,19893,21764,19893,12591,15961,12591,4425,3347,8322,5769,3489,3751,16819,14317,4181,7210,7735,5553,11173,19638,1290,15947,1849,143,17983,1,16:18,2020,2021
2020-21,1627853,Ryan Arcidiacono,Ryan,1610612741,CHI,Chicago Bulls,22000979,2021-05-03T00:00:00,CHI vs. PHI,L,4.616666666666666,0.0,20.8,0.0,0.0,10.4,0.0,0.0,0.0,0.0,0.0,0.0,0.0,0.0,0.0,0.0,0.0,0.0,10.4,0.0,0.0,0.0,0.0,0,0,0.0,1,11623,1,11623,21326,19893,6734,19893,12591,5273,12591,12008,12752,12008,11150,19725,20503,16819,14317,10665,7210,7735,1431,16020,20448,10797,22167,1849,143,22207,1,4:37,2020,2021
2020-21,1628374,Lauri Markkanen,Lauri,1610612741,CHI,Chicago Bulls,22000979,2021-05-03T00:00:00,CHI vs. PHI,L,16.8,5.7,22.9,0.25,2.9,17.1,0.167,0.0,0.0,0.0,5.7,5.7,11.4,0.0,5.7,0.0,0.0,5.7,2.9,5.7,14.3,-22.9,22.3,0,0,28.6,1,11623,1,11623,16394,14040,4885,17720,7766,868,12017,12008,12752,12008,2388,11891,6465,16819,2823,10665,7210,514,13190,5255,15109,18189,19575,1849,143,17152,1,16:48,2020,2021
2020-21,201152,Thaddeus Young,Thaddeus,1610612741,CHI,Chicago Bulls,22000979,2021-05-03T00:00:00,CHI vs. PHI,L,27.716666666666665,10.4,22.5,0.462,0.0,1.7,0.0,1.7,3.5,0.5,1.7,5.2,6.9,5.2,5.2,1.7,0.0,0.0,0.0,3.5,22.5,-27.7,38.6,0,0,38.1,1,11623,1,11623,8342,6174,5133,10881,12591,17402,12591,10966,9881,9461,8736,12947,12570,8050,3500,7845,7210,7735,18137,9859,9420,19162,13007,1849,143,12621,1,27:43,2020,2021
2020-21,1628464,Daniel Theis,Daniel,1610612741,CHI,Chicago Bulls,22000979,2021-05-03T00:00:00,CHI vs. PHI,L,40.18333333333333,4.8,11.9,0.4,1.2,2.4,0.5,2.4,2.4,1.0,3.6,6.0,9.6,3.6,1.2,2.4,0.0,1.2,3.6,2.4,13.1,-13.1,36.0,0,0,32.3,1,11623,1,11623,433,15669,16382,12966,12506,16691,3573,10018,11742,1,4684,11400,8595,11219,14232,5837,7210,7596,11148,12743,15857,15739,14277,1849,143,15515,1,40:11,2020,2021
2020-21,1629750,Javonte Green,Javonte,1610612741,CHI,Chicago Bulls,22000979,2021-05-03T00:00:00,CHI vs. PHI,L,11.213333333333331,12.8,17.1,0.75,0.0,0.0,0.0,4.3,4.3,1.0,4.3,8.6,12.8,0.0,0.0,4.3,0.0,0.0,4.3,4.3,30.0,55.6,58.2,0,0,51.4,1,11623,1,11623,19228,3315,10582,1826,12591,17891,12591,6609,8538,1,3728,6970,5165,16819,14317,2042,7210,7735,9114,7931,5077,732,4744,1849,143,6323,1,11:13,2020,2021
2020-21,1627756,Denzel Valentine,Denzel,1610612741,CHI,Chicago Bulls,22000979,2021-05-03T00:00:00,CHI vs. PHI,L,16.55,8.7,20.3,0.429,8.7,17.4,0.5,5.8,5.8,1.0,0.0,5.8,5.8,11.6,2.9,0.0,0.0,0.0,2.9,2.9,31.9,37.7,53.4,0,0,58.0,1,11623,1,11623,16547,8820,7191,11933,780,805,3573,4544,6376,1,11150,11728,14439,1757,8262,10665,7210,7735,13024,11291,4227,1831,6442,1849,143,3974,1,16:33,2020,2021
2020-21,1629632,Coby White,Coby,1610612741,CHI,Chicago Bulls,22000979,2021-05-03T00:00:00,CHI vs. PHI,L,28.80333333333333,13.3,31.7,0.421,8.3,16.7,0.5,3.3,3.3,1.0,1.7,1.7,3.3,8.3,5.0,0.0,0.0,1.7,1.7,1.7,38.3,-6.7,49.8,0,0,58.3,1,11623,1,11623,7480,2895,880,12562,910,986,3573,8181,10087,1,8984,19206,18344,4007,3780,10665,7210,5402,16578,14692,2050,13678,7842,1849,143,3870,1,28:48,2020,2021
2020-21,1627853,Ryan Arcidiacono,Ryan,1610612741,CHI,Chicago Bulls,22000959,2021-05-01T00:00:00,CHI @ ATL,L,15.571666666666667,6.2,12.3,0.5,3.1,3.1,1.0,3.1,6.2,0.5,0.0,0.0,0.0,0.0,3.1,0.0,0.0,0.0,0.0,3.1,18.5,27.7,15.4,0,0,21.6,1,11623,1,11623,17139,13292,15927,7582,7222,15795,1,8643,5948,9461,11150,19725,20503,16819,7728,10665,7210,7735,18137,10784,12210,3181,21081,1849,143,19621,1,15:34,2020,2021
2020-21,1629632,Coby White,Coby,1610612741,CHI,Chicago Bulls,22000959,2021-05-01T00:00:00,CHI @ ATL,L,33.626666666666665,7.1,22.8,0.313,1.4,8.6,0.167,1.4,2.9,0.5,0.0,5.7,5.7,4.3,5.7,1.4,0.0,4.3,7.1,2.9,17.1,-7.1,29.0,0,0,31.4,1,11623,1,11623,3898,11556,4907,16742,11821,7697,12017,11581,10974,9461,11150,11899,14604,9725,2827,9318,7210,1046,3717,11409,13156,13864,17305,1849,143,15890,1,33:38,2020,2021
2020-21,201152,Thaddeus Young,Thaddeus,1610612741,CHI,Chicago Bulls,22000959,2021-05-01T00:00:00,CHI @ ATL,L,32.95166666666667,14.6,17.5,0.833,0.0,0.0,0.0,0.0,0.0,0.0,4.4,5.8,10.2,13.1,2.9,2.9,0.0,0.0,5.8,4.4,29.1,-21.9,66.9,0,0,58.3,1,11623,1,11623,4382,2009,10185,1305,12591,17891,12591,12008,12752,12008,3606,11677,7828,1177,8225,4268,7210,7735,5675,7739,5498,17974,2487,1849,143,3884,1,32:57,2020,2021
2020-21,202066,Garrett Temple,Garrett,1610612741,CHI,Chicago Bulls,22000959,2021-05-01T00:00:00,CHI @ ATL,L,27.851666666666667,3.4,10.3,0.333,0.0,6.9,0.0,1.7,3.4,0.5,0.0,1.7,1.7,6.9,1.7,3.4,0.0,0.0,6.9,1.7,8.6,-31.0,29.6,0,0,24.1,1,11623,1,11623,8246,17688,17896,15094,12591,10169,12591,10980,9906,9461,11150,19115,20129,5614,12110,3184,7210,7735,3990,14525,18457,19692,17082,1849,143,18831,1,27:51,2020,2021
2020-21,1628374,Lauri Markkanen,Lauri,1610612741,CHI,Chicago Bulls,22000959,2021-05-01T00:00:00,CHI @ ATL,L,22.78333333333333,6.3,21.1,0.3,2.1,8.4,0.25,0.0,0.0,0.0,4.2,19.0,23.2,2.1,2.1,2.1,0.0,0.0,2.1,0.0,14.7,-6.3,49.9,0,0,46.3,1,11623,1,11623,12128,12997,6457,16897,9756,7870,10244,12008,12752,12008,3812,610,836,14629,10781,6553,7210,7735,15397,16020,14785,13557,7792,1849,143,8582,1,22:47,2020,2021
2020-21,202329,Al-Farouq Aminu,Al-Farouq,1610612741,CHI,Chicago Bulls,22000959,2021-05-01T00:00:00,CHI @ ATL,L,12.183333333333334,0.0,3.9,0.0,0.0,0.0,0.0,0.0,0.0,0.0,0.0,11.8,11.8,0.0,3.9,3.9,0.0,0.0,3.9,0.0,0.0,-11.8,22.1,0,0,19.7,1,11623,1,11623,18809,19893,21569,19893,12591,17891,12591,12008,12752,12008,11150,3463,6079,16819,5694,2465,7210,7735,10108,16020,20448,15330,19632,1849,143,20150,1,12:11,2020,2021
2020-21,1627756,Denzel Valentine,Denzel,1610612741,CHI,Chicago Bulls,22000959,2021-05-01T00:00:00,CHI @ ATL,L,16.498333333333335,11.6,26.2,0.444,2.9,8.7,0.333,0.0,0.0,0.0,2.9,2.9,5.8,8.7,2.9,0.0,0.0,0.0,8.7,0.0,26.2,20.4,43.3,0,0,43.6,1,11623,1,11623,16595,4566,2684,11399,7628,7458,7875,12008,12752,12008,5836,17289,14415,3678,8238,10665,7210,7735,2275,16020,7168,4673,10746,1849,143,9820,1,16:30,2020,2021
2020-21,1630172,Patrick Williams,Patrick,1610612741,CHI,Chicago Bulls,22000959,2021-05-01T00:00:00,CHI @ ATL,L,33.05,10.2,18.9,0.538,2.9,2.9,1.0,4.4,5.8,0.75,0.0,2.9,2.9,1.5,0.0,1.5,0.0,2.9,1.5,5.8,27.6,-13.1,37.6,0,0,37.8,1,11623,1,11623,4308,6476,8658,7057,7642,16003,1,6489,6362,7245,11150,17297,18890,16338,14317,9170,7210,2464,17275,5116,6367,15708,13516,1849,143,12793,1,33:03,2020,2021
2020-21,203107,Tomas Satoransky,Tomas,1610612741,CHI,Chicago Bulls,22000959,2021-05-01T00:00:00,CHI @ ATL,L,16.616666666666667,11.6,17.3,0.667,0.0,2.9,0.0,11.6,14.4,0.8,0.0,5.8,5.8,2.9,2.9,0.0,0.0,0.0,8.7,17.3,34.7,-26.0,43.0,0,0,43.3,1,11623,1,11623,16508,4670,10347,2900,12591,16026,12591,994,1011,6837,11150,11772,14480,12772,8300,10665,7210,7735,2322,138,3101,18851,10890,1849,143,9981,1,16:37,2020,2021
2020-21,1628464,Daniel Theis,Daniel,1610612741,CHI,Chicago Bulls,22000959,2021-05-01T00:00:00,CHI @ ATL,L,28.866666666666667,5.0,13.3,0.375,0.0,5.0,0.0,1.7,3.3,0.5,3.3,8.3,11.6,0.0,1.7,5.0,0.0,0.0,0.0,6.7,11.6,-15.0,38.9,0,0,33.3,1,11623,1,11623,7431,15317,14883,14155,12591,13155,12591,11106,10097,9461,5076,7321,6257,16819,12375,1382,7210,7735,18137,3921,16835,16261,12863,1849,143,14996,1,28:52,2020,2021
2020-21,1629632,Coby White,Coby,1610612741,CHI,Chicago Bulls,22000954,2021-04-30T00:00:00,CHI vs. MIL,L,34.63666666666666,8.3,20.8,0.4,5.5,11.1,0.5,6.9,6.9,1.0,0.0,1.4,1.4,9.7,1.4,1.4,1.4,0.0,2.8,4.2,29.1,-8.3,52.2,0,0,51.3,1,11623,1,11623,3139,9467,6751,12966,2876,4473,3573,3409,5094,1,11150,19564,20414,2868,13634,9592,6360,7735,13509,8191,5519,14263,6881,1849,143,6369,1,34:38,2020,2021
2020-21,1628464,Daniel Theis,Daniel,1610612741,CHI,Chicago Bulls,22000954,2021-04-30T00:00:00,CHI vs. MIL,L,25.216666666666665,13.3,17.1,0.778,1.9,1.9,1.0,1.9,5.7,0.333,5.7,13.3,19.0,0.0,0.0,0.0,0.0,0.0,7.6,5.7,30.5,-15.2,53.3,1,0,51.4,1,11623,1,11623,10282,2900,10572,1717,10271,17233,1,10656,6479,11706,2391,2431,1735,16819,14317,10665,7210,7735,3202,5262,4834,16335,6465,1,143,6309,1,25:13,2020,2021
2020-21,202329,Al-Farouq Aminu,Al-Farouq,1610612741,CHI,Chicago Bulls,22000954,2021-04-30T00:00:00,CHI vs. MIL,L,15.0,6.4,16.0,0.4,3.2,9.6,0.333,0.0,0.0,0.0,3.2,3.2,6.4,3.2,0.0,0.0,0.0,0.0,3.2,3.2,16.0,-19.2,28.5,0,0,28.8,1,11623,1,11623,17476,12869,11818,12966,6950,6248,7875,12008,12752,12008,5268,16770,13416,12022,14317,10665,7210,7735,12136,10490,13918,17348,17479,1849,143,17062,1,15:00,2020,2021
2020-21,201152,Thaddeus Young,Thaddeus,1610612741,CHI,Chicago Bulls,22000954,2021-04-30T00:00:00,CHI vs. MIL,L,18.666666666666668,5.1,25.7,0.2,0.0,0.0,0.0,10.3,15.4,0.667,7.7,10.3,18.0,10.3,2.6,0.0,2.6,5.1,2.6,7.7,20.6,0.0,62.7,0,0,54.0,1,11623,1,11623,15158,15066,2932,18781,12591,17891,12591,1415,813,8322,1350,4845,2059,2472,9433,10665,3329,657,14226,2794,10729,10797,3439,1849,143,5315,1,18:40,2020,2021
2020-21,202696,Nikola Vučević,Nikola,1610612741,CHI,Chicago Bulls,22000954,2021-04-30T00:00:00,CHI vs. MIL,L,36.17,9.3,35.8,0.259,1.3,11.9,0.111,2.7,2.7,1.0,4.0,15.9,19.9,5.3,0.0,1.3,1.3,2.7,2.7,5.3,22.6,-10.6,62.4,1,0,54.4,1,11623,1,11623,2132,7852,380,17719,12186,3632,12546,9534,11365,1,4123,1319,1477,7864,14317,9950,6636,2988,13958,5949,9388,14971,3533,1,143,5147,1,36:10,2020,2021
2020-21,1629653,Devon Dotson,Devon,1610612741,CHI,Chicago Bulls,22000954,2021-04-30T00:00:00,CHI vs. MIL,L,0.9466666666666668,50.7,50.7,1.0,0.0,0.0,0.0,0.0,0.0,0.0,0.0,0.0,0.0,0.0,0.0,50.7,0.0,0.0,0.0,0.0,101.4,101.4,253.5,0,0,202.8,1,11623,1,11623,22868,11,60,1,12591,17891,12591,12008,12752,12008,11150,19725,20503,16819,14317,7,7210,7735,18137,16020,22,165,5,1849,143,5,1,0:57,2020,2021
2020-21,1627756,Denzel Valentine,Denzel,1610612741,CHI,Chicago Bulls,22000954,2021-04-30T00:00:00,CHI vs. MIL,L,16.883333333333333,5.7,25.6,0.222,2.8,11.4,0.25,0.0,0.0,0.0,5.7,8.5,14.2,8.5,2.8,2.8,0.0,0.0,5.7,2.8,14.2,-8.5,49.8,0,0,45.5,1,11623,1,11623,16340,14100,3004,18584,7809,4174,10244,12008,12752,12008,2413,7008,4095,3851,8447,4452,7210,7735,5920,11446,15160,14318,7872,1849,143,8999,1,16:53,2020,2021
2020-21,203107,Tomas Satoransky,Tomas,1610612741,CHI,Chicago Bulls,22000954,2021-04-30T00:00:00,CHI vs. MIL,L,22.066666666666663,13.1,15.2,0.857,2.2,4.4,0.5,0.0,0.0,0.0,2.2,6.5,8.7,2.2,6.5,0.0,0.0,0.0,2.2,0.0,28.3,-21.8,35.5,0,0,41.3,1,11623,1,11623,12636,3124,12719,1219,9606,14086,3573,12008,12752,12008,7524,10363,9825,14494,2084,10665,7210,7735,15244,16020,5979,17954,14510,1849,143,10971,1,22:04,2020,2021
2020-21,1627853,Ryan Arcidiacono,Ryan,1610612741,CHI,Chicago Bulls,22000954,2021-04-30T00:00:00,CHI vs. MIL,L,0.9466666666666668,0.0,0.0,0.0,0.0,0.0,0.0,0.0,0.0,0.0,0.0,0.0,0.0,0.0,0.0,0.0,0.0,0.0,0.0,0.0,0.0,101.4,0.0,0,0,0.0,1,11623,1,11623,22868,19893,21894,19893,12591,17891,12591,12008,12752,12008,11150,19725,20503,16819,14317,10665,7210,7735,18137,16020,20448,165,22167,1849,143,22207,1,0:57,2020,2021
2020-21,1629750,Javonte Green,Javonte,1610612741,CHI,Chicago Bulls,22000954,2021-04-30T00:00:00,CHI vs. MIL,L,0.9466666666666668,0.0,0.0,0.0,0.0,0.0,0.0,0.0,0.0,0.0,0.0,0.0,0.0,0.0,0.0,0.0,0.0,0.0,0.0,0.0,0.0,101.4,0.0,0,0,0.0,1,11623,1,11623,22868,19893,21894,19893,12591,17891,12591,12008,12752,12008,11150,19725,20503,16819,14317,10665,7210,7735,18137,16020,20448,165,22167,1849,143,22207,1,0:57,2020,2021
2020-21,1630172,Patrick Williams,Patrick,1610612741,CHI,Chicago Bulls,22000954,2021-04-30T00:00:00,CHI vs. MIL,L,35.10333333333333,2.7,8.2,0.333,0.0,1.4,0.0,1.4,5.5,0.25,1.4,5.5,6.8,0.0,1.4,1.4,1.4,1.4,1.4,2.7,6.8,-15.0,21.9,0,0,19.1,1,11623,1,11623,2826,18617,19608,15094,12591,17774,12591,11730,6821,11895,10326,12390,12716,16819,13707,9696,6449,6827,17577,11794,19265,16284,19695,1849,143,20295,1,35:06,2020,2021
2020-21,202066,Garrett Temple,Garrett,1610612741,CHI,Chicago Bulls,22000954,2021-04-30T00:00:00,CHI vs. MIL,L,32.47,3.0,10.3,0.286,1.5,7.4,0.2,1.5,1.5,1.0,0.0,1.5,1.5,4.4,3.0,0.0,1.5,0.0,5.9,3.0,8.9,-8.9,18.8,0,0,19.2,1,11623,1,11623,4708,18333,17883,17105,11654,9397,11380,11484,12488,1,11150,19460,20346,9437,8102,10665,5950,7735,5524,11152,18322,14425,20449,1849,143,20269,1,32:28,2020,2021
2020-21,1629690,Adam Mokoka,Adam,1610612741,CHI,Chicago Bulls,22000954,2021-04-30T00:00:00,CHI vs. MIL,L,0.9466666666666668,0.0,0.0,0.0,0.0,0.0,0.0,0.0,0.0,0.0,0.0,0.0,0.0,0.0,50.7,0.0,0.0,0.0,0.0,0.0,0.0,101.4,-50.7,0,0,0.0,1,11623,1,11623,22868,19893,21894,19893,12591,17891,12591,12008,12752,12008,11150,19725,20503,16819,8,10665,7210,7735,18137,16020,20448,165,23050,1849,143,22207,1,0:57,2020,2021
2020-21,1628374,Lauri Markkanen,Lauri,1610612741,CHI,Chicago Bulls,22000937,2021-04-28T00:00:00,CHI @ NYK,L,25.466666666666665,9.4,17.0,0.556,3.8,11.3,0.333,3.8,3.8,1.0,1.9,9.4,11.3,0.0,0.0,0.0,0.0,0.0,0.0,5.7,26.4,-1.9,40.0,0,0,41.5,1,11623,1,11623,10090,7635,10758,6415,5828,4248,7875,7485,9377,1,8258,5805,6593,16819,14317,10665,7210,7735,18137,5347,7053,12010,12389,1849,143,10900,1,25:28,2020,2021
2020-21,201152,Thaddeus Young,Thaddeus,1610612741,CHI,Chicago Bulls,22000937,2021-04-28T00:00:00,CHI @ NYK,L,28.666666666666668,8.4,18.4,0.455,0.0,1.7,0.0,0.0,0.0,0.0,3.3,3.3,6.7,10.0,1.7,3.3,0.0,1.7,1.7,3.3,16.7,6.7,48.2,0,0,40.2,1,11623,1,11623,7580,9348,9141,11074,12591,17473,12591,12008,12752,12008,5039,16514,12955,2635,12321,3361,7210,5369,16547,10121,13396,8752,8546,1849,143,11556,1,28:40,2020,2021
2020-21,1626245,Cristiano Felicio,Cristiano,1610612741,CHI,Chicago Bulls,22000937,2021-04-28T00:00:00,CHI @ NYK,L,1.55,0.0,0.0,0.0,0.0,0.0,0.0,0.0,0.0,0.0,0.0,0.0,0.0,0.0,0.0,0.0,0.0,0.0,0.0,0.0,0.0,-61.9,0.0,0,0,0.0,1,11623,1,11623,22614,19893,21894,19893,12591,17891,12591,12008,12752,12008,11150,19725,20503,16819,14317,10665,7210,7735,18137,16020,20448,22053,22167,1849,143,22207,1,1:33,2020,2021
2020-21,203107,Tomas Satoransky,Tomas,1610612741,CHI,Chicago Bulls,22000937,2021-04-28T00:00:00,CHI @ NYK,L,22.98333333333333,6.3,14.6,0.429,0.0,2.1,0.0,0.0,2.1,0.0,2.1,6.3,8.4,6.3,4.2,0.0,0.0,0.0,2.1,0.0,12.5,4.2,27.8,0,0,27.2,1,11623,1,11623,11973,13107,13406,11933,12591,17043,12591,12008,11957,12008,7714,10865,10284,6427,5142,10665,7210,7735,15445,16020,16250,9652,17754,1849,143,17746,1,22:59,2020,2021
2020-21,1629690,Adam Mokoka,Adam,1610612741,CHI,Chicago Bulls,22000937,2021-04-28T00:00:00,CHI @ NYK,L,1.55,0.0,31.0,0.0,0.0,31.0,0.0,0.0,0.0,0.0,0.0,0.0,0.0,0.0,0.0,0.0,0.0,0.0,0.0,0.0,0.0,-61.9,0.0,0,0,0.0,1,11623,1,11623,22614,19893,1013,19893,12591,91,12591,12008,12752,12008,11150,19725,20503,16819,14317,10665,7210,7735,18137,16020,20448,22053,22167,1849,143,22207,1,1:33,2020,2021
2020-21,1629750,Javonte Green,Javonte,1610612741,CHI,Chicago Bulls,22000937,2021-04-28T00:00:00,CHI @ NYK,L,1.55,0.0,31.0,0.0,0.0,0.0,0.0,0.0,0.0,0.0,0.0,0.0,0.0,0.0,0.0,0.0,0.0,0.0,0.0,31.0,0.0,-61.9,0.0,0,0,0.0,1,11623,1,11623,22614,19893,1013,19893,12591,17891,12591,12008,12752,12008,11150,19725,20503,16819,14317,10665,7210,7735,18137,23,20448,22053,22167,1849,143,22207,1,1:33,2020,2021
2020-21,1627853,Ryan Arcidiacono,Ryan,1610612741,CHI,Chicago Bulls,22000937,2021-04-28T00:00:00,CHI @ NYK,L,5.9,0.0,0.0,0.0,0.0,0.0,0.0,0.0,16.3,0.0,0.0,8.1,8.1,8.1,0.0,0.0,0.0,0.0,0.0,8.1,0.0,-40.7,22.0,0,0,16.3,1,11623,1,11623,20840,19893,21894,19893,12591,17891,12591,12008,679,12008,11150,7569,10600,4202,14317,10665,7210,7735,18137,2411,20448,20884,19666,1849,143,20920,1,5:54,2020,2021
2020-21,202066,Garrett Temple,Garrett,1610612741,CHI,Chicago Bulls,22000937,2021-04-28T00:00:00,CHI @ NYK,L,34.833333333333336,6.9,8.3,0.833,2.8,2.8,1.0,0.0,0.0,0.0,1.4,2.8,4.1,6.9,2.8,0.0,1.4,1.4,1.4,0.0,16.5,-17.9,33.2,0,0,33.1,1,11623,1,11623,3018,11972,19571,1305,8066,16209,1,12008,12752,12008,10261,17595,17188,5619,8736,10665,6389,6764,17532,16020,13561,17061,15575,1849,143,15108,1,34:50,2020,2021
2020-21,1629632,Coby White,Coby,1610612741,CHI,Chicago Bulls,22000937,2021-04-28T00:00:00,CHI @ NYK,L,35.083333333333336,6.8,17.8,0.385,2.7,8.2,0.333,0.0,0.0,0.0,0.0,2.7,2.7,12.3,4.1,0.0,1.4,1.4,6.8,2.7,16.4,-31.5,38.2,0,0,36.9,1,11623,1,11623,2835,12075,9819,13990,8131,8184,7875,12008,12752,12008,11150,17646,19125,1465,5298,10665,6447,6820,4063,11787,13638,19775,13218,1849,143,13185,1,35:05,2020,2021
2020-21,1630172,Patrick Williams,Patrick,1610612741,CHI,Chicago Bulls,22000937,2021-04-28T00:00:00,CHI @ NYK,L,22.85,6.3,12.6,0.5,2.1,4.2,0.5,0.0,0.0,0.0,0.0,2.1,2.1,4.2,0.0,0.0,0.0,4.2,0.0,0.0,14.7,-39.9,23.5,0,0,23.1,1,11623,1,11623,12080,13037,15639,7582,9773,14293,3573,12008,12752,12008,11150,18628,19814,9904,14317,10665,7210,1093,18137,16020,14816,20808,19187,1849,143,19139,1,22:51,2020,2021
2020-21,1628464,Daniel Theis,Daniel,1610612741,CHI,Chicago Bulls,22000937,2021-04-28T00:00:00,CHI @ NYK,L,20.911666666666665,6.9,20.7,0.333,0.0,6.9,0.0,0.0,0.0,0.0,0.0,9.2,9.2,0.0,4.6,0.0,0.0,2.3,4.6,0.0,13.8,-52.8,20.2,0,0,23.0,1,11623,1,11623,13505,11982,6864,15094,12591,10175,12591,12008,12752,12008,11150,6146,9110,16819,4392,10665,7210,3727,8368,16020,15457,21731,20125,1849,143,19190,1,20:55,2020,2021
2020-21,1627756,Denzel Valentine,Denzel,1610612741,CHI,Chicago Bulls,22000937,2021-04-28T00:00:00,CHI @ NYK,L,1.55,0.0,0.0,0.0,0.0,0.0,0.0,31.0,31.0,1.0,0.0,0.0,0.0,0.0,31.0,0.0,0.0,0.0,0.0,0.0,31.0,-61.9,0.0,0,0,31.0,1,11623,1,11623,22614,19893,21894,19893,12591,17891,12591,52,106,1,11150,19725,20503,16819,32,10665,7210,7735,18137,16020,4630,22053,22167,1849,143,16072,1,1:33,2020,2021
2020-21,202696,Nikola Vučević,Nikola,1610612741,CHI,Chicago Bulls,22000937,2021-04-28T00:00:00,CHI @ NYK,L,37.105,12.9,28.5,0.455,3.9,9.1,0.429,3.9,5.2,0.75,2.6,20.7,23.3,3.9,3.9,0.0,2.6,3.9,2.6,9.1,33.6,-11.6,71.3,1,0,69.9,1,11623,1,11623,1534,3229,1747,11074,5599,7006,6364,7301,7228,7245,6565,412,826,10615,5834,10665,3300,1349,14167,1736,3455,15288,1763,1,143,1461,1,37:06,2020,2021
2020-21,1628374,Lauri Markkanen,Lauri,1610612741,CHI,Chicago Bulls,22000922,2021-04-26T00:00:00,CHI @ MIA,W,23.156666666666663,10.4,22.8,0.455,4.1,14.5,0.286,0.0,0.0,0.0,0.0,4.1,4.1,2.1,2.1,2.1,0.0,0.0,6.2,2.1,24.9,18.7,37.1,0,0,39.4,1,1,11433,1,11826,6204,4933,11074,5030,1840,9877,12008,12752,12008,11150,15013,17165,14724,10896,6654,7210,7735,4996,13552,7948,5106,13752,1849,143,11959,1,23:09,2020,2021
2020-21,202066,Garrett Temple,Garrett,1610612741,CHI,Chicago Bulls,22000922,2021-04-26T00:00:00,CHI @ MIA,W,30.75,6.2,10.9,0.571,3.1,6.2,0.5,0.0,0.0,0.0,0.0,1.6,1.6,3.1,1.6,0.0,0.0,0.0,3.1,0.0,15.6,21.9,20.6,0,0,23.4,1,1,11433,1,6002,13145,17344,5826,7133,11199,3573,12008,12752,12008,11150,19351,20269,12186,12800,10665,7210,7735,12362,16020,14218,4368,20034,1849,143,19035,1,30:45,2020,2021
2020-21,203107,Tomas Satoransky,Tomas,1610612741,CHI,Chicago Bulls,22000922,2021-04-26T00:00:00,CHI @ MIA,W,18.116666666666667,2.6,7.9,0.333,0.0,2.6,0.0,10.6,13.2,0.8,5.3,5.3,10.6,15.9,5.3,2.6,2.6,0.0,0.0,13.2,15.9,-15.9,63.1,0,0,53.0,1,1,11433,1,15521,18734,19784,15094,12591,16364,12591,1297,1322,6837,2728,12746,7359,556,3348,5032,3174,7735,18137,413,14008,16524,3353,1849,143,5682,1,18:07,2020,2021
2020-21,202696,Nikola Vučević,Nikola,1610612741,CHI,Chicago Bulls,22000922,2021-04-26T00:00:00,CHI @ MIA,W,35.24,12.3,20.4,0.6,5.4,6.8,0.8,2.7,2.7,1.0,1.4,13.6,15.0,2.7,5.4,1.4,0.0,0.0,5.4,1.4,32.7,13.6,53.4,1,0,58.6,1,1,11433,1,2737,3888,7061,4810,3005,10280,1350,9394,11249,1,10348,2290,3599,13221,3154,9732,7210,7735,6406,15667,3853,6515,6428,1,143,3788,1,35:14,2020,2021
2020-21,1630172,Patrick Williams,Patrick,1610612741,CHI,Chicago Bulls,22000922,2021-04-26T00:00:00,CHI @ MIA,W,22.36,4.3,15.0,0.286,0.0,2.1,0.0,8.6,10.7,0.8,0.0,4.3,4.3,4.3,6.4,0.0,2.1,4.3,2.1,8.6,17.2,6.4,28.8,0,0,30.1,1,1,11433,1,12426,16450,12943,17105,12591,16981,12591,2218,2262,6837,11150,14702,16921,9702,2150,10665,4044,1039,15313,2070,13120,8852,17376,1849,143,16530,1,22:22,2020,2021
2020-21,1627853,Ryan Arcidiacono,Ryan,1610612741,CHI,Chicago Bulls,22000922,2021-04-26T00:00:00,CHI @ MIA,W,6.008333333333334,0.0,0.0,0.0,0.0,0.0,0.0,0.0,0.0,0.0,0.0,16.0,16.0,0.0,0.0,0.0,0.0,0.0,0.0,0.0,0.0,-8.0,19.2,0,0,16.0,1,1,11433,1,20806,19893,21894,19893,12591,17891,12591,12008,12752,12008,11150,1305,3030,16819,14317,10665,7210,7735,18137,16020,20448,14149,20379,1849,143,20961,1,6:01,2020,2021
2020-21,1628464,Daniel Theis,Daniel,1610612741,CHI,Chicago Bulls,22000922,2021-04-26T00:00:00,CHI @ MIA,W,32.483333333333334,14.8,19.2,0.769,1.5,3.0,0.5,3.0,4.4,0.667,3.0,14.8,17.7,7.4,0.0,0.0,3.0,1.5,1.5,4.4,34.0,7.4,75.2,1,0,66.5,1,1,11433,1,4699,1881,8333,1798,11657,15953,3573,8890,8317,8322,5749,1726,2175,5049,14317,10665,2640,6246,17180,7617,3320,8514,1274,1,143,1974,1,32:29,2020,2021
2020-21,201152,Thaddeus Young,Thaddeus,1610612741,CHI,Chicago Bulls,22000922,2021-04-26T00:00:00,CHI @ MIA,W,26.276666666666667,9.1,11.0,0.833,0.0,0.0,0.0,0.0,1.8,0.0,7.3,9.1,16.4,14.6,3.7,0.0,0.0,0.0,7.3,1.8,18.3,-5.5,56.3,0,0,49.3,1,1,11433,1,9418,8131,17324,1305,12591,17891,12591,12008,12147,12008,1513,6218,2757,791,6388,10665,7210,7735,3536,14198,12378,13254,5401,1849,143,7214,1,26:17,2020,2021
2020-21,1629632,Coby White,Coby,1610612741,CHI,Chicago Bulls,22000922,2021-04-26T00:00:00,CHI @ MIA,W,35.69166666666667,6.7,18.8,0.357,2.7,10.8,0.25,6.7,8.1,0.833,0.0,6.7,6.7,8.1,4.0,0.0,0.0,1.3,4.0,5.4,22.9,16.1,39.0,0,0,40.3,1,1,11433,1,2448,12295,8710,14900,8256,4838,10244,3595,3961,6476,11150,10001,12913,4280,5452,10665,7210,6950,9807,5835,9171,5813,12819,1849,143,11470,1,35:42,2020,2021
2020-21,1627756,Denzel Valentine,Denzel,1610612741,CHI,Chicago Bulls,22000922,2021-04-26T00:00:00,CHI @ MIA,W,9.916666666666666,0.0,4.8,0.0,0.0,4.8,0.0,0.0,0.0,0.0,0.0,14.5,14.5,4.8,9.7,0.0,0.0,0.0,14.5,0.0,0.0,-14.5,15.0,0,0,19.4,1,1,11433,1,19639,19893,21321,19893,12591,13371,12591,12008,12752,12008,11150,1816,3879,8720,640,10665,7210,7735,551,16020,20448,16135,21143,1849,143,20229,1,9:55,2020,2021
2020-21,1630172,Patrick Williams,Patrick,1610612741,CHI,Chicago Bulls,22000907,2021-04-24T00:00:00,CHI @ MIA,L,21.516666666666666,4.5,13.4,0.333,0.0,2.2,0.0,0.0,0.0,0.0,2.2,6.7,8.9,2.2,6.7,0.0,0.0,2.2,2.2,2.2,8.9,-20.1,16.3,0,0,20.1,1,11623,1,11623,13046,16179,14780,15094,12591,16873,12591,12008,12752,12008,7408,10064,9494,14365,1942,10665,7210,3866,15130,13158,18298,17569,20928,1849,143,20057,1,21:31,2020,2021
2020-21,1628464,Daniel Theis,Daniel,1610612741,CHI,Chicago Bulls,22000907,2021-04-24T00:00:00,CHI @ MIA,L,25.85,5.6,11.1,0.5,1.9,3.7,0.5,3.7,3.7,1.0,3.7,7.4,11.1,3.7,0.0,1.9,0.0,0.0,5.6,3.7,16.7,-9.3,41.2,0,0,37.1,1,11623,1,11623,9764,14295,17137,7582,10391,15001,3573,7583,9467,1,4503,8728,6767,10970,14317,7367,7210,7735,6158,9299,13414,14574,11788,1849,143,13112,1,25:51,2020,2021
2020-21,1629632,Coby White,Coby,1610612741,CHI,Chicago Bulls,22000907,2021-04-24T00:00:00,CHI @ MIA,L,37.63333333333333,14.0,23.0,0.611,3.8,11.5,0.333,7.7,7.7,1.0,0.0,6.4,6.4,6.4,7.7,2.6,0.0,0.0,5.1,5.1,39.5,-5.1,56.8,0,0,61.2,1,11623,1,11623,1269,2360,4809,4761,5698,4069,7875,2815,4363,1,11150,10641,13465,6293,1312,5335,7210,7735,7162,6347,1779,13106,5229,1849,143,3070,1,37:38,2020,2021
2020-21,1627853,Ryan Arcidiacono,Ryan,1610612741,CHI,Chicago Bulls,22000907,2021-04-24T00:00:00,CHI @ MIA,L,9.133333333333333,5.3,10.5,0.5,5.3,10.5,0.5,0.0,0.0,0.0,0.0,5.3,5.3,10.5,0.0,0.0,0.0,0.0,0.0,5.3,15.8,-26.3,37.8,0,0,36.8,1,11623,1,11623,19892,14865,17734,7582,3262,5145,3573,12008,12752,12008,11150,12845,15379,2329,14317,10665,7210,7735,18137,6035,14105,18897,13404,1849,143,13282,1,9:08,2020,2021
2020-21,202066,Garrett Temple,Garrett,1610612741,CHI,Chicago Bulls,22000907,2021-04-24T00:00:00,CHI @ MIA,L,32.96666666666667,1.5,10.2,0.143,0.0,5.8,0.0,0.0,0.0,0.0,0.0,0.0,0.0,5.8,0.0,0.0,0.0,1.5,5.8,0.0,2.9,-16.0,11.6,0,0,8.7,1,11623,1,11623,4367,19836,18055,19554,12591,11813,12591,12008,12752,12008,11150,19725,20503,7007,14317,10665,7210,6338,5679,16020,20385,16575,21589,1849,143,21914,1,32:58,2020,2021
2020-21,203107,Tomas Satoransky,Tomas,1610612741,CHI,Chicago Bulls,22000907,2021-04-24T00:00:00,CHI @ MIA,L,13.266666666666667,0.0,10.9,0.0,0.0,10.9,0.0,7.2,7.2,1.0,0.0,3.6,3.6,0.0,7.2,0.0,0.0,0.0,3.6,3.6,7.2,-14.5,4.3,0,0,10.9,1,11623,1,11623,18350,19893,17420,19893,12591,4739,12591,3165,4786,1,11150,16072,18006,16819,1550,10665,7210,7735,11056,9498,19107,16124,22062,1849,143,21692,1,13:16,2020,2021
2020-21,201152,Thaddeus Young,Thaddeus,1610612741,CHI,Chicago Bulls,22000907,2021-04-24T00:00:00,CHI @ MIA,L,21.75,6.6,13.2,0.5,0.0,2.2,0.0,0.0,0.0,0.0,2.2,2.2,4.4,8.8,4.4,2.2,0.0,0.0,0.0,2.2,13.2,-4.4,34.0,0,0,30.9,1,11623,1,11623,12847,12500,14956,7582,12591,16900,12591,12008,12752,12008,7461,18494,16735,3590,4690,6303,7210,7735,18137,13226,15792,12873,15215,1849,143,16109,1,21:45,2020,2021
2020-21,1627756,Denzel Valentine,Denzel,1610612741,CHI,Chicago Bulls,22000907,2021-04-24T00:00:00,CHI @ MIA,L,18.1,8.0,18.6,0.429,8.0,13.3,0.6,0.0,0.0,0.0,0.0,10.6,10.6,8.0,2.7,8.0,5.3,0.0,5.3,0.0,23.9,18.6,85.7,0,0,76.9,1,11623,1,11623,15534,10068,8991,11933,1084,2573,2762,12008,12752,12008,11150,4521,7347,4395,9124,361,881,7735,6707,16020,8560,5126,564,1849,143,804,1,18:06,2020,2021
2020-21,202696,Nikola Vučević,Nikola,1610612741,CHI,Chicago Bulls,22000907,2021-04-24T00:00:00,CHI @ MIA,L,38.93333333333333,13.6,22.2,0.611,2.5,7.4,0.333,2.5,3.7,0.667,2.5,14.8,17.3,7.4,2.5,0.0,0.0,0.0,1.2,1.2,32.1,-2.5,61.4,1,0,59.2,1,11623,1,11623,735,2717,5428,4761,8957,9379,7875,9900,9489,8322,6912,1718,2398,5039,9770,10665,7210,7735,18019,15937,4158,12163,3789,1,143,3629,1,38:56,2020,2021
2020-21,1628374,Lauri Markkanen,Lauri,1610612741,CHI,Chicago Bulls,22000907,2021-04-24T00:00:00,CHI @ MIA,L,20.85,6.9,13.8,0.5,6.9,11.5,0.6,0.0,0.0,0.0,0.0,11.5,11.5,2.3,2.3,0.0,0.0,0.0,9.2,2.3,20.7,23.0,35.7,0,0,41.4,1,11623,1,11623,13545,11942,14289,7582,1641,4042,2762,12008,12752,12008,11150,3739,6388,14215,10258,10665,7210,7735,1972,12971,10624,4077,14414,1849,143,10915,1,20:51,2020,2021
2020-21,201152,Thaddeus Young,Thaddeus,1610612741,CHI,Chicago Bulls,22000896,2021-04-22T00:00:00,CHI vs. CHA,W,20.05,19.2,23.9,0.8,2.4,2.4,1.0,2.4,2.4,1.0,7.2,2.4,9.6,7.2,7.2,4.8,0.0,2.4,7.2,4.8,43.1,38.3,72.5,0,0,71.8,1,1,11433,1,14151,496,4114,1469,9135,16686,1,10011,11740,1,1576,18262,8569,5259,1579,1551,7210,3545,3663,6931,1165,1776,1602,1849,143,1241,1,20:03,2020,2021
2020-21,202696,Nikola Vučević,Nikola,1610612741,CHI,Chicago Bulls,22000896,2021-04-22T00:00:00,CHI vs. CHA,W,28.703333333333333,13.4,21.7,0.615,1.7,6.7,0.25,1.7,1.7,1.0,1.7,25.1,26.8,10.0,3.3,0.0,0.0,0.0,0.0,5.0,30.1,40.1,73.9,1,0,68.6,1,1,11433,1,7560,2853,5823,4658,10958,10493,10244,11088,12285,1,8958,176,465,2645,7035,10665,7210,7735,18137,6522,5015,1606,1434,1,143,1661,1,28:42,2020,2021
2020-21,1629690,Adam Mokoka,Adam,1610612741,CHI,Chicago Bulls,22000896,2021-04-22T00:00:00,CHI vs. CHA,W,1.4,0.0,0.0,0.0,0.0,0.0,0.0,0.0,0.0,0.0,0.0,0.0,0.0,34.3,34.3,0.0,0.0,0.0,0.0,0.0,0.0,0.0,17.1,0,0,34.3,1,1,11433,1,22679,19893,21894,19893,12591,17891,12591,12008,12752,12008,11150,19725,20503,31,24,10665,7210,7735,18137,16020,20448,10797,20787,1849,143,14524,1,1:24,2020,2021
2020-21,1629750,Javonte Green,Javonte,1610612741,CHI,Chicago Bulls,22000896,2021-04-22T00:00:00,CHI vs. CHA,W,2.716666666666667,0.0,17.7,0.0,0.0,0.0,0.0,0.0,0.0,0.0,0.0,17.7,17.7,0.0,17.7,0.0,0.0,0.0,0.0,0.0,0.0,-70.7,3.5,0,0,17.7,1,1,11433,1,22116,19893,9942,19893,12591,17891,12591,12008,12752,12008,11150,823,2207,16819,123,10665,7210,7735,18137,16020,20448,22306,22087,1849,143,20644,1,2:43,2020,2021
2020-21,1626245,Cristiano Felicio,Cristiano,1610612741,CHI,Chicago Bulls,22000896,2021-04-22T00:00:00,CHI vs. CHA,W,2.716666666666667,17.7,17.7,1.0,0.0,0.0,0.0,0.0,0.0,0.0,0.0,0.0,0.0,0.0,0.0,0.0,0.0,0.0,0.0,0.0,35.3,-70.7,35.3,0,0,35.3,1,1,11433,1,22116,773,9942,1,12591,17891,12591,12008,12752,12008,11150,19725,20503,16819,14317,10665,7210,7735,18137,16020,2870,22306,14565,1849,143,14010,1,2:43,2020,2021
2020-21,1628374,Lauri Markkanen,Lauri,1610612741,CHI,Chicago Bulls,22000896,2021-04-22T00:00:00,CHI vs. CHA,W,26.516666666666666,7.2,19.9,0.364,5.4,14.5,0.375,0.0,0.0,0.0,1.8,5.4,7.2,0.0,0.0,1.8,0.0,0.0,3.6,7.2,19.9,12.7,34.0,0,0,36.2,1,1,11433,1,9243,11364,7642,14681,3033,1860,7570,12008,12752,12008,8492,12474,12054,16819,14317,7545,7210,7735,11046,3245,11214,6779,15190,1849,143,13583,1,26:31,2020,2021
2020-21,1627756,Denzel Valentine,Denzel,1610612741,CHI,Chicago Bulls,22000896,2021-04-22T00:00:00,CHI vs. CHA,W,16.15,3.0,20.8,0.143,0.0,17.8,0.0,3.0,5.9,0.5,3.0,5.9,8.9,3.0,3.0,0.0,0.0,0.0,5.9,3.0,8.9,-3.0,21.1,0,0,20.8,1,1,11433,1,16812,18310,6729,19554,12591,731,12591,8858,6195,9461,5714,11437,9499,12566,8047,10665,7210,7735,5442,11099,18301,12375,19899,1849,143,19847,1,16:09,2020,2021
2020-21,1629653,Devon Dotson,Devon,1610612741,CHI,Chicago Bulls,22000896,2021-04-22T00:00:00,CHI vs. CHA,W,1.4,0.0,0.0,0.0,0.0,0.0,0.0,0.0,0.0,0.0,0.0,0.0,0.0,0.0,0.0,0.0,0.0,0.0,0.0,0.0,0.0,0.0,0.0,0,0,0.0,1,1,11433,1,22679,19893,21894,19893,12591,17891,12591,12008,12752,12008,11150,19725,20503,16819,14317,10665,7210,7735,18137,16020,20448,10797,22167,1849,143,22207,1,1:24,2020,2021
2020-21,202066,Garrett Temple,Garrett,1610612741,CHI,Chicago Bulls,22000896,2021-04-22T00:00:00,CHI vs. CHA,W,24.33333333333333,5.9,15.8,0.375,5.9,11.8,0.5,0.0,0.0,0.0,0.0,5.9,5.9,7.9,7.9,0.0,0.0,0.0,0.0,3.9,17.8,39.5,28.8,0,0,37.5,1,1,11433,1,10922,13712,12048,14155,2416,3742,3573,12008,12752,12008,11150,11495,14245,4478,1187,10665,7210,7735,18137,8698,12728,1665,17362,1849,143,12942,1,24:20,2020,2021
2020-21,203107,Tomas Satoransky,Tomas,1610612741,CHI,Chicago Bulls,22000896,2021-04-22T00:00:00,CHI vs. CHA,W,20.766666666666666,9.2,23.1,0.4,2.3,11.6,0.2,2.3,4.6,0.5,2.3,2.3,4.6,16.2,2.3,6.9,0.0,2.3,2.3,2.3,23.1,-11.6,71.4,0,0,60.1,1,1,11433,1,13614,7924,4705,12966,9335,4003,11380,10122,8030,9461,7246,18360,16392,522,10230,550,7210,3699,14949,12945,9020,15265,1747,1849,143,3357,1,20:46,2020,2021
2020-21,1627853,Ryan Arcidiacono,Ryan,1610612741,CHI,Chicago Bulls,22000896,2021-04-22T00:00:00,CHI vs. CHA,W,18.78,2.6,7.7,0.333,2.6,5.1,0.5,0.0,0.0,0.0,2.6,7.7,10.2,2.6,0.0,0.0,0.0,0.0,10.2,2.6,7.7,-12.8,23.8,0,0,23.0,1,1,11433,1,15088,18859,19970,15094,8693,12952,3573,12008,12752,12008,6672,8325,7783,13640,14317,10665,7210,7735,1507,12278,18932,15613,19115,1849,143,19170,1,18:47,2020,2021
2020-21,1628464,Daniel Theis,Daniel,1610612741,CHI,Chicago Bulls,22000896,2021-04-22T00:00:00,CHI vs. CHA,W,25.23333333333333,5.7,13.3,0.429,0.0,5.7,0.0,5.7,5.7,1.0,3.8,9.5,13.3,1.9,5.7,0.0,3.8,1.9,1.9,3.8,17.1,9.5,41.7,0,0,39.9,1,1,11433,1,10267,14054,14868,11933,12591,11966,12591,4643,6486,1,4382,5686,4761,15154,2832,10665,1710,4634,15889,9052,13164,7794,11570,1849,143,11686,1,25:14,2020,2021
2020-21,1629632,Coby White,Coby,1610612741,CHI,Chicago Bulls,22000896,2021-04-22T00:00:00,CHI vs. CHA,W,28.03333333333333,12.0,17.1,0.7,6.8,10.3,0.667,0.0,0.0,0.0,0.0,5.1,5.1,5.1,0.0,1.7,0.0,0.0,0.0,1.7,30.8,42.8,49.8,0,0,51.4,1,1,11433,1,8102,4175,10582,2696,1676,5429,1828,12008,12752,12008,11150,13059,15572,8138,14317,7919,7210,7735,18137,14543,4695,1380,7843,1849,143,6324,1,28:02,2020,2021
2020-21,1630172,Patrick Williams,Patrick,1610612741,CHI,Chicago Bulls,22000896,2021-04-22T00:00:00,CHI vs. CHA,W,23.2,6.2,12.4,0.5,0.0,4.1,0.0,2.1,4.1,0.5,2.1,4.1,6.2,6.2,2.1,2.1,0.0,0.0,2.1,2.1,14.5,14.5,35.4,0,0,31.0,1,1,11433,1,11782,13204,15833,7582,12591,14396,12591,10428,8774,9461,7784,15030,13775,6500,10907,6666,7210,7735,15497,13565,14985,6241,14550,1849,143,16044,1,23:12,2020,2021
2020-21,1628464,Daniel Theis,Daniel,1610612741,CHI,Chicago Bulls,22000881,2021-04-21T00:00:00,CHI @ CLE,L,19.8,7.3,14.5,0.5,2.4,7.3,0.333,0.0,0.0,0.0,4.8,4.8,9.7,2.4,2.4,0.0,0.0,0.0,4.8,0.0,17.0,-43.6,29.8,0,0,31.5,1,11623,1,11623,14329,11305,13480,7582,9061,9587,7875,12008,12752,12008,3124,13644,8413,13936,9895,10665,7210,7735,7756,16020,13252,21139,17018,1849,143,15845,1,19:48,2020,2021
2020-21,1626245,Cristiano Felicio,Cristiano,1610612741,CHI,Chicago Bulls,22000881,2021-04-21T00:00:00,CHI @ CLE,L,8.5,0.0,11.3,0.0,0.0,5.6,0.0,0.0,0.0,0.0,0.0,5.6,5.6,16.9,5.6,0.0,0.0,5.6,16.9,0.0,0.0,50.8,26.5,0,0,22.6,1,11623,1,11623,20086,19893,16984,19893,12591,12069,12591,12008,12752,12008,11150,12023,14705,424,2901,10665,7210,525,357,16020,20448,921,18196,1849,143,19309,1,8:30,2020,2021
2020-21,1628374,Lauri Markkanen,Lauri,1610612741,CHI,Chicago Bulls,22000881,2021-04-21T00:00:00,CHI @ CLE,L,21.156666666666663,11.3,15.9,0.714,9.1,11.3,0.8,4.5,4.5,1.0,0.0,4.5,4.5,2.3,0.0,0.0,0.0,0.0,0.0,4.5,36.3,-2.3,45.1,0,0,52.2,1,11623,1,11623,13331,4890,11945,2429,672,4202,1350,6238,8143,1,11150,14220,16526,14285,14317,10665,7210,7735,18137,7401,2603,12106,9977,1849,143,5994,1,21:09,2020,2021
2020-21,201152,Thaddeus Young,Thaddeus,1610612741,CHI,Chicago Bulls,22000881,2021-04-21T00:00:00,CHI @ CLE,L,17.44333333333333,13.8,22.0,0.625,2.8,2.8,1.0,8.3,11.0,0.75,11.0,11.0,22.0,8.3,8.3,2.8,5.5,0.0,13.8,8.3,38.5,-8.3,93.8,0,0,88.1,1,11623,1,11623,15975,2565,5576,4319,8087,16217,1,2404,2133,7245,553,4192,1037,4092,1054,4720,816,7735,642,2330,2001,14249,308,1849,143,320,1,17:27,2020,2021
2020-21,1629653,Devon Dotson,Devon,1610612741,CHI,Chicago Bulls,22000881,2021-04-21T00:00:00,CHI @ CLE,L,3.9,12.3,24.6,0.5,0.0,12.3,0.0,0.0,0.0,0.0,0.0,0.0,0.0,0.0,0.0,0.0,0.0,0.0,0.0,0.0,24.6,49.2,24.6,0,0,24.6,1,11623,1,11623,21596,3835,3632,7582,12591,3289,12591,12008,12752,12008,11150,19725,20503,16819,14317,10665,7210,7735,18137,16020,8105,1004,18851,1849,143,18655,1,3:54,2020,2021
2020-21,1629750,Javonte Green,Javonte,1610612741,CHI,Chicago Bulls,22000881,2021-04-21T00:00:00,CHI @ CLE,L,3.9,0.0,0.0,0.0,0.0,0.0,0.0,24.6,24.6,1.0,0.0,0.0,0.0,0.0,0.0,0.0,0.0,0.0,0.0,12.3,24.6,49.2,24.6,0,0,24.6,1,11623,1,11623,21596,19893,21894,19893,12591,17891,12591,101,201,1,11150,19725,20503,16819,14317,10665,7210,7735,18137,580,8105,1004,18851,1849,143,18655,1,3:54,2020,2021
2020-21,1627756,Denzel Valentine,Denzel,1610612741,CHI,Chicago Bulls,22000881,2021-04-21T00:00:00,CHI @ CLE,L,24.98333333333333,7.7,19.2,0.4,1.9,9.6,0.2,0.0,0.0,0.0,0.0,3.8,3.8,1.9,1.9,0.0,0.0,0.0,0.0,0.0,17.3,-30.7,22.9,0,0,25.0,1,11623,1,11623,10459,10533,8329,12966,10219,6243,11380,12008,12752,12008,11150,15642,17683,15096,11360,10665,7210,7735,18137,16020,13042,19646,19384,1849,143,18531,1,24:59,2020,2021
2020-21,202329,Al-Farouq Aminu,Al-Farouq,1610612741,CHI,Chicago Bulls,22000881,2021-04-21T00:00:00,CHI @ CLE,L,7.416666666666667,0.0,6.5,0.0,0.0,6.5,0.0,0.0,0.0,0.0,0.0,19.4,19.4,6.5,0.0,0.0,0.0,0.0,6.5,0.0,0.0,25.9,33.0,0,0,25.9,1,11623,1,11623,20353,19893,20678,19893,12591,10843,12591,12008,12752,12008,11150,545,1617,6177,14317,10665,7210,7735,4611,16020,20448,3488,15665,1849,143,18215,1,7:25,2020,2021
2020-21,202696,Nikola Vučević,Nikola,1610612741,CHI,Chicago Bulls,22000881,2021-04-21T00:00:00,CHI @ CLE,L,25.2,7.6,22.9,0.333,1.9,9.5,0.2,0.0,0.0,0.0,1.9,7.6,9.5,3.8,9.5,1.9,0.0,0.0,3.8,3.8,17.1,-43.8,30.5,0,0,36.2,1,11623,1,11623,10297,10656,4885,15094,10269,6341,11380,12008,12752,12008,8208,8398,8637,10750,690,7183,7210,7735,10495,9038,13143,21152,16710,1849,143,13588,1,25:12,2020,2021
2020-21,1629690,Adam Mokoka,Adam,1610612741,CHI,Chicago Bulls,22000881,2021-04-21T00:00:00,CHI @ CLE,L,3.1166666666666667,15.4,30.8,0.5,0.0,15.4,0.0,0.0,15.4,0.0,0.0,15.4,15.4,0.0,0.0,0.0,0.0,0.0,0.0,15.4,30.8,30.8,49.3,0,0,46.2,1,11623,1,11623,21939,1553,1051,7582,12591,1410,12591,12008,820,12008,11150,1488,3349,16819,14317,10665,7210,7735,18137,226,4705,2682,8089,1849,143,8630,1,3:07,2020,2021
2020-21,203107,Tomas Satoransky,Tomas,1610612741,CHI,Chicago Bulls,22000881,2021-04-21T00:00:00,CHI @ CLE,L,21.05,9.1,11.4,0.8,2.3,4.6,0.5,9.1,11.4,0.8,0.0,6.8,6.8,6.8,9.1,2.3,0.0,0.0,4.6,11.4,29.6,-2.3,45.8,0,0,50.2,1,11623,1,11623,13390,8154,16884,1469,9399,13787,3573,1942,1939,6837,11150,9783,12703,5674,801,6139,7210,7735,8434,764,5260,12108,9633,1849,143,6846,1,21:03,2020,2021
2020-21,202066,Garrett Temple,Garrett,1610612741,CHI,Chicago Bulls,22000881,2021-04-21T00:00:00,CHI @ CLE,L,26.1,3.7,12.9,0.286,0.0,7.4,0.0,0.0,0.0,0.0,0.0,3.7,3.7,3.7,0.0,1.8,0.0,0.0,5.5,0.0,7.4,-46.0,22.8,0,0,18.4,1,11623,1,11623,9562,17371,15358,17105,12591,9455,12591,12008,12752,12008,11150,15961,17924,11040,14317,7442,7210,7735,6275,16020,19068,21318,19396,1849,143,20479,1,26:06,2020,2021
2020-21,1629632,Coby White,Coby,1610612741,CHI,Chicago Bulls,22000881,2021-04-21T00:00:00,CHI @ CLE,L,30.6,7.8,15.7,0.5,3.1,7.8,0.4,3.1,3.1,1.0,0.0,3.1,3.1,9.4,1.6,0.0,3.1,0.0,4.7,6.3,22.0,-12.5,47.7,0,0,43.9,1,11623,1,11623,6121,10277,12176,7582,7092,8721,6751,8543,10439,1,11150,16860,18602,3099,12769,10665,2372,7735,8078,4435,9817,15543,8769,1849,143,9701,1,30:36,2020,2021
2020-21,1627853,Ryan Arcidiacono,Ryan,1610612741,CHI,Chicago Bulls,22000881,2021-04-21T00:00:00,CHI @ CLE,L,7.716666666666667,12.4,18.7,0.667,0.0,6.2,0.0,0.0,0.0,0.0,0.0,6.2,6.2,12.4,0.0,6.2,0.0,0.0,12.4,0.0,24.9,-24.9,69.7,0,0,56.0,1,11623,1,11623,20273,3700,8900,2900,12591,11238,12591,12008,12752,12008,11150,10938,13748,1417,14317,769,7210,7735,849,16020,7943,18617,2015,1849,143,4595,1,7:43,2020,2021
2020-21,1630172,Patrick Williams,Patrick,1610612741,CHI,Chicago Bulls,22000881,2021-04-21T00:00:00,CHI @ CLE,L,19.116666666666667,7.5,10.0,0.75,5.0,5.0,1.0,2.5,5.0,0.5,0.0,17.6,17.6,5.0,7.5,2.5,0.0,0.0,2.5,2.5,22.6,-10.0,51.2,0,0,55.2,1,11623,1,11623,14838,10823,18151,1826,3600,13104,1,9819,7480,9461,11150,846,2246,8369,1383,5455,7210,7735,14421,12417,9371,14797,7277,1849,143,4862,1,19:07,2020,2021
2020-21,1628972,Troy Brown Jr.,Troy,1610612741,CHI,Chicago Bulls,22000869,2021-04-19T00:00:00,CHI @ BOS,W,19.53333333333333,4.9,7.4,0.667,0.0,2.5,0.0,0.0,0.0,0.0,2.5,2.5,4.9,2.5,0.0,4.9,0.0,0.0,0.0,0.0,9.8,9.8,34.2,0,0,27.0,1,1,11433,1,14538,15438,20149,2900,12591,16607,12591,12008,12752,12008,6935,18151,15937,13853,14317,1441,7210,7735,18137,16020,17836,7684,15128,1849,143,17783,1,19:32,2020,2021
2020-21,1628374,Lauri Markkanen,Lauri,1610612741,CHI,Chicago Bulls,22000869,2021-04-19T00:00:00,CHI @ BOS,W,19.475,9.9,22.2,0.444,2.5,9.9,0.25,0.0,2.5,0.0,2.5,9.9,12.3,2.5,2.5,2.5,0.0,2.5,2.5,2.5,22.2,12.3,45.6,0,0,44.4,1,1,11433,1,14588,6940,5436,11399,8961,5925,10244,12008,11668,12008,6917,5291,5619,13839,9778,5604,7210,3413,14550,12546,9653,6885,9746,1849,143,9483,1,19:29,2020,2021
2020-21,1628464,Daniel Theis,Daniel,1610612741,CHI,Chicago Bulls,22000869,2021-04-19T00:00:00,CHI @ BOS,W,28.746666666666663,5.0,15.0,0.333,0.0,5.0,0.0,0.0,0.0,0.0,3.3,6.7,10.0,6.7,1.7,1.7,1.7,0.0,8.3,0.0,10.0,1.7,40.4,0,0,33.4,1,1,11433,1,7525,15283,12942,15094,12591,13126,12591,12008,12752,12008,5055,10091,8039,5894,12344,8102,5242,7735,2556,16020,17725,10543,12160,1849,143,14927,1,28:45,2020,2021
2020-21,202066,Garrett Temple,Garrett,1610612741,CHI,Chicago Bulls,22000869,2021-04-19T00:00:00,CHI @ BOS,W,31.03333333333333,6.2,13.9,0.444,4.6,4.6,1.0,3.1,3.1,1.0,0.0,6.2,6.2,6.2,4.6,0.0,3.1,0.0,3.1,3.1,20.1,3.1,41.5,0,0,43.3,1,1,11433,1,5798,13243,14174,11399,4168,13672,1,8616,10515,1,11150,11007,13808,6529,4314,10665,2428,7735,12439,10748,11061,10039,11671,1849,143,9989,1,31:02,2020,2021
2020-21,1627756,Denzel Valentine,Denzel,1610612741,CHI,Chicago Bulls,22000869,2021-04-19T00:00:00,CHI @ BOS,W,12.66,0.0,7.6,0.0,0.0,3.8,0.0,0.0,0.0,0.0,0.0,0.0,0.0,3.8,0.0,0.0,3.8,0.0,3.8,3.8,0.0,-7.6,17.1,0,0,11.4,1,1,11433,1,18613,19893,20025,19893,12591,14907,12591,12008,12752,12008,11150,19725,20503,10792,14317,10665,1720,7735,10549,9093,20448,14006,20805,1849,143,21642,1,12:40,2020,2021
2020-21,1630172,Patrick Williams,Patrick,1610612741,CHI,Chicago Bulls,22000869,2021-04-19T00:00:00,CHI @ BOS,W,32.77333333333333,4.4,8.8,0.5,0.0,2.9,0.0,0.0,0.0,0.0,0.0,8.8,8.8,4.4,2.9,1.5,2.9,0.0,0.0,1.5,8.8,11.7,36.2,0,0,30.8,1,1,11433,1,4523,16284,19186,7582,12591,15981,12591,12008,12752,12008,11150,6666,9706,9497,8174,9102,2690,7735,18137,15353,18363,7079,14181,1849,143,16193,1,32:46,2020,2021
2020-21,1629632,Coby White,Coby,1610612741,CHI,Chicago Bulls,22000869,2021-04-19T00:00:00,CHI @ BOS,W,29.58333333333333,8.1,22.7,0.357,4.9,13.0,0.375,9.7,9.7,1.0,0.0,4.9,4.9,11.4,1.6,1.6,1.6,0.0,3.2,8.1,30.8,4.9,61.8,0,0,58.4,1,1,11433,1,6898,9784,4986,14900,3833,2774,7570,1644,2772,1,11150,13610,16028,1886,12544,8324,5392,7735,12025,2430,4694,9391,3664,1849,143,3846,1,29:35,2020,2021
2020-21,202696,Nikola Vučević,Nikola,1610612741,CHI,Chicago Bulls,22000869,2021-04-19T00:00:00,CHI @ BOS,W,31.60333333333333,19.7,34.9,0.565,4.6,9.1,0.5,0.0,0.0,0.0,6.1,7.6,13.7,3.0,3.0,3.0,1.5,0.0,1.5,4.6,44.0,7.6,75.6,0,0,74.4,1,1,11433,1,5355,418,464,6311,4316,6930,3573,12008,12752,12008,2165,8452,4495,12417,7866,3989,5787,7735,17049,7364,1046,8443,1222,1849,143,1015,1,31:36,2020,2021
2020-21,203107,Tomas Satoransky,Tomas,1610612741,CHI,Chicago Bulls,22000869,2021-04-19T00:00:00,CHI @ BOS,W,18.541666666666668,2.6,10.4,0.25,2.6,5.2,0.5,0.0,0.0,0.0,0.0,7.8,7.8,10.4,2.6,2.6,0.0,2.6,2.6,2.6,7.8,2.6,37.8,0,0,33.7,1,1,11433,1,15264,18814,17872,17720,8579,12828,3573,12008,12752,12008,11150,8170,11182,2432,9362,5212,7210,3126,14157,12174,18883,10268,13422,1849,143,14810,1,18:33,2020,2021
2020-21,201152,Thaddeus Young,Thaddeus,1610612741,CHI,Chicago Bulls,22000869,2021-04-19T00:00:00,CHI @ BOS,W,16.05,17.9,35.9,0.5,0.0,6.0,0.0,3.0,3.0,1.0,3.0,3.0,6.0,9.0,3.0,6.0,0.0,3.0,6.0,3.0,38.9,9.0,74.5,0,0,65.8,1,1,11433,1,16854,709,378,7582,12591,11586,12591,8819,10715,1,5681,17129,14152,3456,8000,856,7210,2324,5388,11045,1924,7977,1367,1849,143,2085,1,16:03,2020,2021
2020-21,1629632,Coby White,Coby,1610612741,CHI,Chicago Bulls,22000857,2021-04-17T00:00:00,CHI vs. CLE,W,32.8,2.9,14.6,0.2,1.5,8.8,0.167,4.4,5.9,0.75,0.0,4.4,4.4,13.2,5.9,1.5,0.0,0.0,2.9,4.4,11.7,11.7,35.3,0,0,33.7,1,1,11433,1,4488,18367,13383,18781,11694,7378,12017,6448,6295,7245,11150,14511,16766,1150,2680,9108,7210,7735,12940,7691,16780,7083,14595,1849,143,14808,1,32:48,2020,2021
2020-21,202696,Nikola Vučević,Nikola,1610612741,CHI,Chicago Bulls,22000857,2021-04-17T00:00:00,CHI vs. CLE,W,32.8,14.6,24.9,0.588,4.4,7.3,0.6,2.9,2.9,1.0,1.5,8.8,10.2,7.3,1.5,2.9,0.0,0.0,2.9,1.5,36.6,23.4,67.2,0,0,64.4,1,1,11433,1,4488,1956,3461,5559,4574,9510,2762,8936,10836,1,9820,6672,7761,5124,13245,4230,7210,7735,12940,15359,2523,3984,2424,1849,143,2350,1,32:48,2020,2021
2020-21,1628374,Lauri Markkanen,Lauri,1610612741,CHI,Chicago Bulls,22000857,2021-04-17T00:00:00,CHI vs. CLE,W,25.966666666666665,11.1,22.2,0.5,5.5,11.1,0.5,1.8,1.8,1.0,0.0,11.1,11.1,0.0,0.0,1.8,0.0,0.0,1.8,0.0,29.6,25.9,48.4,0,0,49.9,1,1,11433,1,9672,5225,5436,7582,2872,4468,3573,10752,12128,1,11150,4107,6825,16819,14317,7393,7210,7735,16045,16020,5283,3490,8455,1849,143,6973,1,25:58,2020,2021
2020-21,1627756,Denzel Valentine,Denzel,1610612741,CHI,Chicago Bulls,22000857,2021-04-17T00:00:00,CHI vs. CLE,W,22.266666666666666,10.8,21.6,0.5,4.3,15.1,0.286,2.2,2.2,1.0,0.0,4.3,4.3,4.3,2.2,0.0,2.2,0.0,4.3,4.3,28.0,-23.7,44.0,0,0,45.3,1,1,11433,1,12482,5630,5997,7582,4717,1581,9877,10311,11919,1,11150,14670,16894,9660,10642,10665,4028,7735,9030,7865,6115,18391,10468,1849,143,9099,1,22:16,2020,2021
2020-21,203107,Tomas Satoransky,Tomas,1610612741,CHI,Chicago Bulls,22000857,2021-04-17T00:00:00,CHI vs. CLE,W,15.021666666666668,9.6,9.6,1.0,3.2,3.2,1.0,0.0,0.0,0.0,0.0,0.0,0.0,9.6,0.0,0.0,0.0,0.0,9.6,0.0,22.4,12.8,36.7,0,0,35.1,1,1,11433,1,17468,7371,18554,1,6962,15648,1,12008,12752,12008,11150,19725,20503,2959,14317,10665,7210,7735,1767,16020,9514,6739,13919,1849,143,14103,1,15:01,2020,2021
2020-21,1628972,Troy Brown Jr.,Troy,1610612741,CHI,Chicago Bulls,22000857,2021-04-17T00:00:00,CHI vs. CLE,W,17.833333333333332,5.4,8.1,0.667,0.0,2.7,0.0,0.0,0.0,0.0,0.0,13.5,13.5,0.0,0.0,0.0,0.0,0.0,0.0,0.0,10.8,32.3,26.9,0,0,24.2,1,1,11433,1,15716,14637,19697,2900,12591,16303,12591,12008,12752,12008,11150,2357,4648,16819,14317,10665,7210,7735,18137,16020,17304,2465,18062,1849,143,18794,1,17:50,2020,2021
2020-21,201152,Thaddeus Young,Thaddeus,1610612741,CHI,Chicago Bulls,22000857,2021-04-17T00:00:00,CHI vs. CLE,W,15.2,6.3,22.1,0.286,3.2,6.3,0.5,0.0,0.0,0.0,3.2,12.6,15.8,12.6,6.3,0.0,0.0,0.0,3.2,3.2,15.8,-18.9,47.4,0,0,47.4,1,1,11433,1,17366,13003,5497,17105,7047,11070,3573,12008,12752,12008,5340,2873,3125,1341,2268,10665,7210,7735,12262,10592,14088,17293,8906,1849,143,8123,1,15:12,2020,2021
2020-21,1628464,Daniel Theis,Daniel,1610612741,CHI,Chicago Bulls,22000857,2021-04-17T00:00:00,CHI vs. CLE,W,22.883333333333333,6.3,16.8,0.375,4.2,12.6,0.333,0.0,0.0,0.0,2.1,4.2,6.3,2.1,2.1,2.1,0.0,0.0,2.1,0.0,16.8,-8.4,31.7,0,0,33.6,1,1,11433,1,12050,13055,10965,14155,4915,3076,7875,12008,12752,12008,7694,14899,13617,14657,10811,6579,7210,7735,15421,16020,13374,14278,16232,1849,143,14856,1,22:53,2020,2021
2020-21,1630172,Patrick Williams,Patrick,1610612741,CHI,Chicago Bulls,22000857,2021-04-17T00:00:00,CHI vs. CLE,W,27.28333333333333,8.8,10.6,0.833,1.8,1.8,1.0,1.8,1.8,1.0,0.0,7.0,7.0,5.3,0.0,1.8,1.8,1.8,1.8,1.8,21.1,5.3,48.0,0,0,42.2,1,1,11433,1,8657,8663,17683,1305,10678,17366,1,10909,12206,1,11150,9438,12401,7929,14317,7728,4955,5059,16301,14410,10382,9265,8612,1849,143,10519,1,27:17,2020,2021
2020-21,202066,Garrett Temple,Garrett,1610612741,CHI,Chicago Bulls,22000857,2021-04-17T00:00:00,CHI vs. CLE,W,27.945,5.2,10.3,0.5,3.4,8.6,0.4,0.0,0.0,0.0,1.7,3.4,5.2,5.2,1.7,0.0,0.0,0.0,3.4,3.4,13.7,24.0,25.9,0,0,27.5,1,1,11433,1,8181,15041,17929,7582,6494,7659,6751,12008,12752,12008,8776,16377,15540,8110,12131,10665,7210,7735,11521,9926,15478,3855,18416,1849,143,17588,1,27:57,2020,2021
2020-21,1628972,Troy Brown Jr.,Troy,1610612741,CHI,Chicago Bulls,22000850,2021-04-16T00:00:00,CHI vs. MEM,L,18.58333333333333,12.9,12.9,1.0,0.0,0.0,0.0,2.6,2.6,1.0,0.0,2.6,2.6,0.0,5.2,0.0,0.0,0.0,7.7,2.6,28.4,-18.1,26.3,0,0,31.0,1,11623,1,11623,15228,3245,15296,1,12591,17891,12591,9694,11492,1,11150,17928,19338,16819,3539,10665,7210,7735,3065,12192,5903,17097,18270,1849,143,16059,1,18:35,2020,2021
2020-21,1628464,Daniel Theis,Daniel,1610612741,CHI,Chicago Bulls,22000850,2021-04-16T00:00:00,CHI vs. MEM,L,20.4,7.1,14.1,0.5,0.0,2.4,0.0,2.4,7.1,0.333,0.0,7.1,7.1,7.1,4.7,0.0,0.0,0.0,4.7,9.4,16.5,-23.5,30.8,0,0,30.6,1,11623,1,11623,13896,11660,13977,7582,12591,16724,12591,10065,4972,11706,11150,9394,12358,5405,4202,10665,7210,7735,8078,1531,13605,18342,16584,1849,143,16269,1,20:24,2020,2021
2020-21,1627756,Denzel Valentine,Denzel,1610612741,CHI,Chicago Bulls,22000850,2021-04-16T00:00:00,CHI vs. MEM,L,17.116666666666667,11.2,19.6,0.571,8.4,16.8,0.5,0.0,0.0,0.0,0.0,0.0,0.0,2.8,8.4,0.0,2.8,0.0,5.6,0.0,30.8,-8.4,35.1,0,0,47.7,1,11623,1,11623,16204,5074,7921,5826,880,945,3573,12008,12752,12008,11150,19725,20503,12994,1002,10665,2898,7735,6092,16020,4681,14281,14690,1849,143,7950,1,17:07,2020,2021
2020-21,202696,Nikola Vučević,Nikola,1610612741,CHI,Chicago Bulls,22000850,2021-04-16T00:00:00,CHI vs. MEM,L,32.666666666666664,13.2,32.3,0.409,4.4,10.3,0.429,4.4,5.9,0.75,7.3,13.2,20.6,8.8,0.0,0.0,0.0,0.0,4.4,5.9,35.3,-22.0,73.2,1,0,69.1,1,11623,1,11623,4586,2973,755,12933,4547,5411,6364,6425,6268,7245,1499,2494,1302,3599,14317,10665,7210,7735,8804,5023,2889,18026,1530,1,143,1587,1,32:40,2020,2021
2020-21,1629653,Devon Dotson,Devon,1610612741,CHI,Chicago Bulls,22000850,2021-04-16T00:00:00,CHI vs. MEM,L,1.8166666666666669,0.0,26.4,0.0,0.0,0.0,0.0,0.0,0.0,0.0,26.4,0.0,26.4,52.8,0.0,0.0,0.0,0.0,0.0,0.0,0.0,79.3,111.0,0,0,79.3,1,11623,1,11623,22477,19893,2567,19893,12591,17891,12591,12008,12752,12008,38,19725,479,9,14317,10665,7210,7735,18137,16020,20448,285,126,1849,143,665,1,1:49,2020,2021
2020-21,1630172,Patrick Williams,Patrick,1610612741,CHI,Chicago Bulls,22000850,2021-04-16T00:00:00,CHI vs. MEM,L,29.85,4.8,12.9,0.375,0.0,1.6,0.0,0.0,0.0,0.0,0.0,9.6,9.6,1.6,0.0,1.6,0.0,1.6,1.6,0.0,9.6,-4.8,28.5,0,0,24.1,1,11623,1,11623,6678,15600,15370,14155,12591,17534,12591,12008,12752,12008,11150,5506,8470,15913,14317,8397,7210,5629,16751,16020,17947,13014,17483,1849,143,18834,1,29:51,2020,2021
2020-21,1627853,Ryan Arcidiacono,Ryan,1610612741,CHI,Chicago Bulls,22000850,2021-04-16T00:00:00,CHI vs. MEM,L,14.6,6.6,13.2,0.5,0.0,3.3,0.0,0.0,0.0,0.0,3.3,9.9,13.2,3.3,0.0,0.0,0.0,0.0,3.3,3.3,13.2,-23.0,33.9,0,0,29.6,1,11623,1,11623,17696,12567,15044,7582,12591,15532,12591,12008,12752,12008,5130,5279,4883,11831,14317,10665,7210,7735,11912,10258,15844,18230,15270,1849,143,16715,1,14:36,2020,2021
2020-21,1628374,Lauri Markkanen,Lauri,1610612741,CHI,Chicago Bulls,22000850,2021-04-16T00:00:00,CHI vs. MEM,L,20.95,2.3,16.0,0.143,2.3,13.7,0.167,0.0,0.0,0.0,0.0,11.5,11.5,9.2,0.0,0.0,0.0,2.3,2.3,2.3,6.9,-16.0,34.4,0,0,29.8,1,11623,1,11623,13469,19159,11785,19554,9372,2281,12017,12008,12752,12008,11150,3788,6438,3303,14317,10665,7210,3734,14995,13004,19247,16581,15020,1849,143,16646,1,20:57,2020,2021
2020-21,202066,Garrett Temple,Garrett,1610612741,CHI,Chicago Bulls,22000850,2021-04-16T00:00:00,CHI vs. MEM,L,24.916666666666668,3.9,7.7,0.5,1.9,5.8,0.333,0.0,0.0,0.0,0.0,1.9,1.9,7.7,1.9,3.9,0.0,0.0,3.9,0.0,9.6,-9.6,33.1,0,0,28.9,1,11623,1,11623,10499,17164,19936,7582,10210,11875,7875,12008,12752,12008,11150,18849,19955,4691,11344,2584,7210,7735,10366,16020,17959,14678,15610,1849,143,17017,1,24:55,2020,2021
2020-21,1626245,Cristiano Felicio,Cristiano,1610612741,CHI,Chicago Bulls,22000850,2021-04-16T00:00:00,CHI vs. MEM,L,1.8166666666666669,0.0,0.0,0.0,0.0,0.0,0.0,0.0,0.0,0.0,0.0,0.0,0.0,0.0,0.0,0.0,0.0,0.0,26.4,0.0,0.0,79.3,0.0,0,0,0.0,1,11623,1,11623,22477,19893,21894,19893,12591,17891,12591,12008,12752,12008,11150,19725,20503,16819,14317,10665,7210,7735,100,16020,20448,285,22167,1849,143,22207,1,1:49,2020,2021
2020-21,1629750,Javonte Green,Javonte,1610612741,CHI,Chicago Bulls,22000850,2021-04-16T00:00:00,CHI vs. MEM,L,1.8166666666666669,0.0,0.0,0.0,0.0,0.0,0.0,0.0,0.0,0.0,0.0,0.0,0.0,26.4,0.0,0.0,0.0,0.0,0.0,0.0,0.0,79.3,39.6,0,0,26.4,1,11623,1,11623,22477,19893,21894,19893,12591,17891,12591,12008,12752,12008,11150,19725,20503,76,14317,10665,7210,7735,18137,16020,20448,285,12534,1849,143,18008,1,1:49,2020,2021
2020-21,1629632,Coby White,Coby,1610612741,CHI,Chicago Bulls,22000850,2021-04-16T00:00:00,CHI vs. MEM,L,33.4,11.5,24.4,0.471,5.7,11.5,0.5,10.1,10.1,1.0,1.4,5.7,7.2,10.1,1.4,0.0,0.0,2.9,1.4,7.2,38.8,-5.7,61.1,0,0,61.8,1,11623,1,11623,4064,4720,3747,10674,2612,4052,3573,1509,2597,1,9952,11823,12137,2628,13375,10665,7210,2523,17326,3298,1937,13348,3882,1849,143,2924,1,33:24,2020,2021
2020-21,201152,Thaddeus Young,Thaddeus,1610612741,CHI,Chicago Bulls,22000850,2021-04-16T00:00:00,CHI vs. MEM,L,22.066666666666663,17.4,32.6,0.533,2.2,2.2,1.0,0.0,0.0,0.0,10.9,2.2,13.1,8.7,4.4,0.0,0.0,0.0,6.5,2.2,37.0,-6.5,61.3,0,0,60.9,1,11623,1,11623,12636,839,707,7229,9606,16943,1,12008,12752,12008,573,18530,4978,3705,4810,10665,7210,7735,4522,13286,2415,13631,3806,1849,143,3150,1,22:04,2020,2021
2020-21,201152,Thaddeus Young,Thaddeus,1610612741,CHI,Chicago Bulls,22000833,2021-04-14T00:00:00,CHI vs. ORL,L,14.2,3.4,16.9,0.2,0.0,3.4,0.0,0.0,0.0,0.0,3.4,3.4,6.8,6.8,3.4,0.0,0.0,6.8,0.0,0.0,6.8,-27.0,21.6,0,0,20.3,1,11623,1,11623,17911,17777,10826,18781,12591,15397,12591,12008,12752,12008,4988,16463,12845,5778,6955,10665,7210,334,18137,16020,19295,19050,19766,1849,143,19986,1,14:12,2020,2021
2020-21,1628374,Lauri Markkanen,Lauri,1610612741,CHI,Chicago Bulls,22000833,2021-04-14T00:00:00,CHI vs. ORL,L,16.55,5.8,17.4,0.333,5.8,14.5,0.4,0.0,0.0,0.0,0.0,2.9,2.9,0.0,0.0,2.9,0.0,2.9,0.0,0.0,17.4,5.8,29.6,0,0,31.9,1,11623,1,11623,16547,13905,10269,15094,2551,1849,6751,12008,12752,12008,11150,17303,18893,16819,14317,4299,7210,2477,18137,16020,12948,9074,17099,1849,143,15683,1,16:33,2020,2021
2020-21,1630172,Patrick Williams,Patrick,1610612741,CHI,Chicago Bulls,22000833,2021-04-14T00:00:00,CHI vs. ORL,L,27.80666666666667,5.2,6.9,0.75,1.7,1.7,1.0,3.5,5.2,0.667,0.0,10.4,10.4,5.2,0.0,5.2,0.0,1.7,3.5,5.2,15.5,-1.7,51.3,0,0,43.2,1,11623,1,11623,8280,14994,20437,1826,10775,17409,1,7999,7216,8322,11150,4793,7636,8072,14317,1246,7210,5163,11469,6200,14268,11953,7255,1849,143,10069,1,27:48,2020,2021
2020-21,1629632,Coby White,Coby,1610612741,CHI,Chicago Bulls,22000833,2021-04-14T00:00:00,CHI vs. ORL,L,12.0,4.0,16.0,0.25,0.0,4.0,0.0,0.0,0.0,0.0,0.0,8.0,8.0,0.0,12.0,0.0,0.0,4.0,0.0,0.0,8.0,-56.0,5.6,0,0,16.0,1,11623,1,11623,18882,16920,11818,17720,12591,14611,12591,12008,12752,12008,11150,7785,10801,16819,368,10665,7210,1239,18137,16020,18761,21865,22009,1849,143,20954,1,12:00,2020,2021
2020-21,203107,Tomas Satoransky,Tomas,1610612741,CHI,Chicago Bulls,22000833,2021-04-14T00:00:00,CHI vs. ORL,L,30.02,6.4,11.2,0.571,1.6,4.8,0.333,0.0,0.0,0.0,0.0,0.0,0.0,9.6,1.6,0.0,1.6,0.0,3.2,1.6,14.4,-36.8,32.0,0,0,28.8,1,11623,1,11623,6552,12878,17090,5826,11207,13443,7875,12008,12752,12008,11150,19725,20503,2956,12631,10665,5467,7735,12143,14886,15039,20481,16117,1849,143,17072,1,30:01,2020,2021
2020-21,1628972,Troy Brown Jr.,Troy,1610612741,CHI,Chicago Bulls,22000833,2021-04-14T00:00:00,CHI vs. ORL,L,14.433333333333334,3.3,10.0,0.333,3.3,6.7,0.5,0.0,0.0,0.0,3.3,6.7,10.0,0.0,0.0,0.0,0.0,3.3,3.3,0.0,10.0,26.6,21.9,0,0,23.3,1,11623,1,11623,17793,17841,18213,15094,6699,10560,3573,12008,12752,12008,5076,10150,8093,16819,14317,10665,7210,1889,11804,16020,17753,3364,19674,1849,143,19078,1,14:26,2020,2021
2020-21,202066,Garrett Temple,Garrett,1610612741,CHI,Chicago Bulls,22000833,2021-04-14T00:00:00,CHI vs. ORL,L,9.966666666666669,0.0,4.8,0.0,0.0,4.8,0.0,0.0,0.0,0.0,0.0,0.0,0.0,4.8,4.8,0.0,0.0,0.0,4.8,0.0,0.0,-53.0,2.4,0,0,4.8,1,11623,1,11623,19623,19893,21328,19893,12591,13405,12591,12008,12752,12008,11150,19725,20503,8759,4036,10665,7210,7735,7839,16020,20448,21738,22120,1849,143,22151,1,9:58,2020,2021
2020-21,202329,Al-Farouq Aminu,Al-Farouq,1610612741,CHI,Chicago Bulls,22000833,2021-04-14T00:00:00,CHI vs. ORL,L,4.216666666666667,0.0,11.4,0.0,0.0,0.0,0.0,0.0,0.0,0.0,0.0,11.4,11.4,0.0,0.0,0.0,0.0,0.0,0.0,0.0,0.0,34.2,13.7,0,0,11.4,1,11623,1,11623,21476,19893,16900,19893,12591,17891,12591,12008,12752,12008,11150,3849,6515,16819,14317,10665,7210,7735,18137,16020,20448,2224,21351,1849,143,21634,1,4:13,2020,2021
2020-21,1627756,Denzel Valentine,Denzel,1610612741,CHI,Chicago Bulls,22000833,2021-04-14T00:00:00,CHI vs. ORL,L,11.11,0.0,4.3,0.0,0.0,0.0,0.0,0.0,0.0,0.0,0.0,13.0,13.0,8.6,4.3,0.0,0.0,0.0,0.0,0.0,0.0,-8.6,24.2,0,0,21.6,1,11623,1,11623,19258,19893,21472,19893,12591,17891,12591,12008,12752,12008,11150,2669,5052,3758,4875,10665,7210,7735,18137,16020,20448,14356,18989,1849,143,19612,1,11:07,2020,2021
2020-21,202696,Nikola Vučević,Nikola,1610612741,CHI,Chicago Bulls,22000833,2021-04-14T00:00:00,CHI vs. ORL,L,33.57666666666667,15.7,28.6,0.55,7.1,11.4,0.625,2.9,2.9,1.0,1.4,14.3,15.7,1.4,0.0,1.4,2.9,2.9,4.3,4.3,41.5,-5.7,75.3,1,0,74.3,1,11623,1,11623,3937,1405,1694,6749,1504,4115,2645,9070,10964,1,9991,1936,3161,16401,14317,9305,2813,2562,9094,7916,1423,13342,1255,1,143,1023,1,33:35,2020,2021
2020-21,1628464,Daniel Theis,Daniel,1610612741,CHI,Chicago Bulls,22000833,2021-04-14T00:00:00,CHI vs. ORL,L,27.133333333333333,12.4,21.2,0.583,1.8,5.3,0.333,1.8,3.5,0.5,7.1,3.5,10.6,1.8,1.8,1.8,1.8,1.8,5.3,7.1,28.3,-7.1,52.5,0,0,49.5,1,11623,1,11623,8776,3758,6298,5615,10640,12634,7875,10893,9752,9461,1631,16211,7340,15486,11925,7689,4921,5016,6702,3412,5961,13834,6760,1849,143,7143,1,27:08,2020,2021
2020-21,203897,Zach LaVine,Zach,1610612741,CHI,Chicago Bulls,22000833,2021-04-14T00:00:00,CHI vs. ORL,L,38.986666666666665,13.5,27.1,0.5,7.4,14.8,0.5,2.5,2.5,1.0,0.0,6.2,6.2,8.6,4.9,1.2,2.5,1.2,4.9,4.9,36.9,11.1,63.4,0,0,66.5,1,11623,1,11623,719,2729,2273,7582,1365,1706,3573,9908,11672,1,11150,11071,13865,3774,3886,10438,3516,7508,7586,6695,2426,7268,3270,1849,143,1976,1,38:59,2020,2021
2020-21,203897,Zach LaVine,Zach,1610612741,CHI,Chicago Bulls,22000278,2021-04-12T00:00:00,CHI @ MEM,L,36.35,6.6,18.5,0.357,2.6,10.6,0.25,11.9,14.5,0.818,1.3,4.0,5.3,11.9,5.3,0.0,2.6,1.3,2.6,9.2,27.7,-9.2,54.5,0,0,52.8,1,11623,1,11623,2002,12531,9069,14900,8419,5089,10244,916,988,6805,10556,15399,15329,1621,3381,10665,3186,7083,13993,1627,6284,14560,6007,1849,143,5744,1,36:21,2020,2021
2020-21,201152,Thaddeus Young,Thaddeus,1610612741,CHI,Chicago Bulls,22000278,2021-04-12T00:00:00,CHI @ MEM,L,19.716666666666665,24.3,36.5,0.667,0.0,4.9,0.0,0.0,0.0,0.0,2.4,0.0,2.4,2.4,2.4,0.0,0.0,2.4,0.0,2.4,48.7,4.9,52.8,0,0,53.6,1,11623,1,11623,14397,139,332,2900,12591,13340,12591,12008,12752,12008,6994,19725,19524,13908,9864,10665,7210,3468,18137,12627,602,9390,6636,1849,143,5473,1,19:43,2020,2021
2020-21,1630172,Patrick Williams,Patrick,1610612741,CHI,Chicago Bulls,22000278,2021-04-12T00:00:00,CHI @ MEM,L,27.301666666666662,1.8,5.3,0.333,0.0,1.8,0.0,0.0,0.0,0.0,3.5,1.8,5.3,1.8,3.5,3.5,0.0,1.8,0.0,1.8,3.5,-21.1,19.5,0,0,17.6,1,11623,1,11623,8645,19660,21175,15094,12591,17370,12591,12008,12752,12008,4799,19080,15349,15514,6672,3070,7210,5065,18137,14415,20310,17809,20296,1849,143,20657,1,27:18,2020,2021
2020-21,1627756,Denzel Valentine,Denzel,1610612741,CHI,Chicago Bulls,22000278,2021-04-12T00:00:00,CHI @ MEM,L,8.35,5.7,5.7,1.0,0.0,0.0,0.0,0.0,0.0,0.0,0.0,0.0,0.0,5.7,0.0,0.0,0.0,0.0,5.7,0.0,11.5,-5.7,20.1,0,0,17.2,1,11623,1,11623,20123,13986,20997,1,12591,17891,12591,12008,12752,12008,11150,19725,20503,7121,14317,10665,7210,7735,5806,16020,16927,13348,20151,1849,143,20726,1,8:21,2020,2021
2020-21,1628464,Daniel Theis,Daniel,1610612741,CHI,Chicago Bulls,22000278,2021-04-12T00:00:00,CHI @ MEM,L,27.08333333333333,14.2,21.3,0.667,0.0,5.3,0.0,3.5,5.3,0.667,0.0,7.1,7.1,3.5,1.8,0.0,0.0,1.8,1.8,3.5,31.9,-23.0,44.0,0,0,42.5,1,11623,1,11623,8805,2253,6267,2900,12591,12613,12591,7850,7026,8322,11150,9345,12318,11290,11916,10665,7210,5007,16254,9672,4230,18235,10474,1849,143,10374,1,27:05,2020,2021
2020-21,1628374,Lauri Markkanen,Lauri,1610612741,CHI,Chicago Bulls,22000278,2021-04-12T00:00:00,CHI @ MEM,L,16.066666666666666,0.0,9.0,0.0,0.0,3.0,0.0,0.0,0.0,0.0,9.0,12.0,20.9,6.0,9.0,0.0,0.0,3.0,6.0,6.0,0.0,23.9,25.1,0,0,26.9,1,11623,1,11623,16845,19893,19045,19893,12591,15910,12591,12008,12752,12008,963,3363,1230,6797,841,10665,7210,2333,5398,4869,20448,3884,18707,1849,143,17842,1,16:04,2020,2021
2020-21,1629632,Coby White,Coby,1610612741,CHI,Chicago Bulls,22000278,2021-04-12T00:00:00,CHI @ MEM,L,24.365,3.9,15.8,0.25,0.0,7.9,0.0,3.9,3.9,1.0,0.0,3.9,3.9,3.9,3.9,0.0,0.0,0.0,5.9,5.9,11.8,-3.9,18.5,0,0,19.7,1,11623,1,11623,10904,17018,12077,17720,12591,8662,12591,7187,9097,1,11150,15446,17524,10496,5692,10665,7210,7735,5525,4976,16710,12708,20502,1849,143,20149,1,24:22,2020,2021
2020-21,203107,Tomas Satoransky,Tomas,1610612741,CHI,Chicago Bulls,22000278,2021-04-12T00:00:00,CHI @ MEM,L,22.05,2.2,10.9,0.2,0.0,2.2,0.0,0.0,0.0,0.0,0.0,2.2,2.2,4.4,6.5,2.2,0.0,0.0,8.7,0.0,4.4,-41.4,13.5,0,0,15.2,1,11623,1,11623,12652,19264,17392,18781,12591,16937,12591,12008,12752,12008,11150,18527,19748,9585,2079,6383,7210,7735,2294,16020,20127,20942,21378,1849,143,21107,1,22:03,2020,2021
2020-21,202696,Nikola Vučević,Nikola,1610612741,CHI,Chicago Bulls,22000278,2021-04-12T00:00:00,CHI @ MEM,L,33.13333333333333,10.1,27.5,0.368,4.3,10.1,0.429,0.0,1.4,0.0,1.4,13.0,14.5,1.4,0.0,7.2,1.4,1.4,2.9,4.3,24.6,-27.5,70.3,1,0,62.3,1,11623,1,11623,4238,6505,2080,14634,4655,5584,6364,12008,12516,12008,9893,2611,3904,16350,14317,494,6075,6379,13035,7793,8103,19135,1914,1,143,2791,1,33:08,2020,2021
2020-21,1628972,Troy Brown Jr.,Troy,1610612741,CHI,Chicago Bulls,22000278,2021-04-12T00:00:00,CHI @ MEM,L,25.58333333333333,1.9,11.3,0.167,0.0,7.5,0.0,0.0,0.0,0.0,0.0,15.0,15.0,3.8,1.9,0.0,0.0,1.9,1.9,1.9,3.8,15.0,25.5,0,0,22.5,1,11623,1,11623,9995,19560,17029,19313,12591,9213,12591,12008,12752,12008,11150,1635,3578,10879,11511,10665,7210,4715,15956,14034,20262,6113,18552,1849,143,19334,1,25:35,2020,2021
2020-21,1630172,Patrick Williams,Patrick,1610612741,CHI,Chicago Bulls,22000812,2021-04-11T00:00:00,CHI @ MIN,L,26.33333333333333,0.0,5.5,0.0,0.0,1.8,0.0,0.0,0.0,0.0,0.0,1.8,1.8,0.0,3.6,3.6,1.8,0.0,3.6,0.0,0.0,-23.7,14.9,0,0,12.8,1,11623,1,11623,9372,19893,21107,19893,12591,17313,12591,12008,12752,12008,11150,18987,20037,16819,6400,2863,4763,7735,10969,16020,20448,18386,21154,1849,143,21458,1,26:20,2020,2021
2020-21,1628464,Daniel Theis,Daniel,1610612741,CHI,Chicago Bulls,22000812,2021-04-11T00:00:00,CHI @ MIN,L,28.53333333333333,8.4,16.8,0.5,3.4,10.1,0.333,1.7,3.4,0.5,1.7,10.1,11.8,5.0,1.7,5.0,0.0,1.7,1.7,1.7,21.9,5.0,57.0,0,0,52.1,1,11623,1,11623,7700,9267,10911,7582,6621,5645,7875,11061,10034,9461,8916,5041,6128,8318,12287,1340,7210,5331,16520,14636,9877,9339,5127,1849,143,6005,1,28:32,2020,2021
2020-21,1629632,Coby White,Coby,1610612741,CHI,Chicago Bulls,22000812,2021-04-11T00:00:00,CHI @ MIN,L,23.036666666666665,8.3,16.7,0.5,2.1,8.3,0.25,4.2,4.2,1.0,0.0,0.0,0.0,4.2,6.3,6.3,0.0,2.1,8.3,4.2,22.9,14.6,41.7,0,0,41.7,1,11623,1,11623,11927,9420,11079,7582,9821,8009,10244,6784,8722,1,11150,19725,20503,9983,2331,760,7210,4174,2573,8168,9138,6214,11563,1849,143,10793,1,23:02,2020,2021
2020-21,203897,Zach LaVine,Zach,1610612741,CHI,Chicago Bulls,22000812,2021-04-11T00:00:00,CHI @ MIN,L,35.666666666666664,17.5,37.7,0.464,5.4,16.1,0.333,0.0,1.3,0.0,0.0,9.4,9.4,8.1,1.3,0.0,1.3,2.7,2.7,4.0,40.4,-4.0,66.5,0,0,65.9,1,11623,1,11623,2465,813,271,10876,3079,1131,7875,12008,12639,12008,11150,5811,8778,4276,13789,10665,6541,2905,13801,8464,1606,12742,2555,1849,143,2066,1,35:40,2020,2021
2020-21,1628972,Troy Brown Jr.,Troy,1610612741,CHI,Chicago Bulls,22000812,2021-04-11T00:00:00,CHI @ MIN,L,21.545,13.4,15.6,0.857,6.7,6.7,1.0,0.0,0.0,0.0,4.5,11.1,15.6,4.5,0.0,2.2,0.0,0.0,8.9,0.0,33.4,15.6,65.5,0,0,64.6,1,11623,1,11623,13021,2869,12282,1219,1792,10503,1,12008,12752,12008,3502,4068,3238,9404,14317,6262,7210,7735,2169,16020,3547,5953,2770,1849,143,2310,1,21:33,2020,2021
2020-21,1627756,Denzel Valentine,Denzel,1610612741,CHI,Chicago Bulls,22000812,2021-04-11T00:00:00,CHI @ MIN,L,12.333333333333334,3.9,19.5,0.2,3.9,15.6,0.25,0.0,0.0,0.0,0.0,3.9,3.9,7.8,0.0,0.0,0.0,0.0,0.0,0.0,11.7,-3.9,28.0,0,0,27.2,1,11623,1,11623,18755,17100,8089,18781,5568,1344,10244,12008,12752,12008,11150,15547,17604,4603,14317,10665,7210,7735,18137,16020,16808,12684,17647,1849,143,17690,1,12:20,2020,2021
2020-21,1628374,Lauri Markkanen,Lauri,1610612741,CHI,Chicago Bulls,22000812,2021-04-11T00:00:00,CHI @ MIN,L,18.78833333333333,7.7,10.2,0.75,5.1,7.7,0.667,0.0,2.6,0.0,2.6,2.6,5.1,2.6,0.0,0.0,0.0,0.0,0.0,2.6,20.4,15.3,30.4,0,0,33.2,1,11623,1,11623,15079,10562,18017,1826,3482,8976,1828,12008,11545,12008,6678,17992,15616,13645,14317,10665,7210,7735,18137,12284,10818,6034,16749,1849,143,15025,1,18:47,2020,2021
2020-21,203107,Tomas Satoransky,Tomas,1610612741,CHI,Chicago Bulls,22000812,2021-04-11T00:00:00,CHI @ MIN,L,25.883333333333333,7.4,13.0,0.571,0.0,3.7,0.0,3.7,5.6,0.667,0.0,0.0,0.0,11.1,1.9,0.0,1.9,0.0,3.7,3.7,18.5,-20.4,38.9,0,0,33.4,1,11623,1,11623,9740,11017,15227,5826,12591,15010,12591,7590,6690,8322,11150,19725,20503,1992,11595,10665,4663,7735,10797,9313,12182,17646,12849,1849,143,14937,1,25:53,2020,2021
2020-21,202696,Nikola Vučević,Nikola,1610612741,CHI,Chicago Bulls,22000812,2021-04-11T00:00:00,CHI @ MIN,L,27.48333333333333,12.2,22.7,0.538,3.5,5.2,0.667,3.5,3.5,1.0,3.5,5.2,8.7,8.7,3.5,0.0,5.2,1.7,5.2,1.7,31.4,-24.5,67.2,0,0,62.9,1,11623,1,11623,8518,3926,4991,7057,6385,12742,1828,7933,9829,1,4831,12882,9780,3676,6717,10665,900,5096,6863,14454,4428,18533,2407,1849,143,2668,1,27:29,2020,2021
2020-21,201152,Thaddeus Young,Thaddeus,1610612741,CHI,Chicago Bulls,22000812,2021-04-11T00:00:00,CHI @ MIN,L,20.39666666666667,9.4,16.5,0.571,0.0,0.0,0.0,2.4,4.7,0.5,4.7,14.1,18.8,7.1,7.1,2.4,4.7,2.4,2.4,9.4,21.2,-2.4,68.5,0,0,61.2,1,11623,1,11623,13908,7649,11314,5826,12591,17891,12591,10064,7919,9461,3262,2029,1789,5404,1641,5932,1126,3615,14844,1530,10341,12128,2213,1849,143,3080,1,20:24,2020,2021
2020-21,1629632,Coby White,Coby,1610612741,CHI,Chicago Bulls,22000791,2021-04-09T00:00:00,CHI @ ATL,L,28.53333333333333,6.7,18.5,0.364,1.7,8.4,0.2,3.4,3.4,1.0,0.0,1.7,1.7,6.7,0.0,1.7,0.0,0.0,8.4,1.7,18.5,-25.2,35.7,0,0,32.0,1,11623,1,11623,7700,12288,9048,14681,10910,7898,11380,8134,10034,1,11150,19186,20166,5835,14317,8046,7210,7735,2511,14636,12207,18683,14422,1849,143,15658,1,28:32,2020,2021
2020-21,1630172,Patrick Williams,Patrick,1610612741,CHI,Chicago Bulls,22000791,2021-04-09T00:00:00,CHI @ ATL,L,25.8,3.7,7.4,0.5,0.0,1.9,0.0,0.0,0.0,0.0,1.9,1.9,3.7,0.0,0.0,3.7,0.0,0.0,7.4,0.0,7.4,-18.6,23.1,0,0,18.6,1,11623,1,11623,9802,17319,20096,7582,12591,17276,12591,12008,12752,12008,8341,18936,17869,16819,14317,2759,7210,7735,3381,16020,19026,17220,19311,1849,143,20427,1,25:48,2020,2021
2020-21,202696,Nikola Vučević,Nikola,1610612741,CHI,Chicago Bulls,22000791,2021-04-09T00:00:00,CHI @ ATL,L,36.35,14.5,25.1,0.579,4.0,6.6,0.6,0.0,0.0,0.0,4.0,9.2,13.2,2.6,4.0,1.3,0.0,0.0,0.0,2.6,33.0,-18.5,52.8,1,0,55.5,1,11623,1,11623,2002,2039,3338,5785,5422,10629,2762,12008,12752,12008,4157,6042,4845,13441,5642,9990,7210,7735,18137,12043,3720,17183,6640,1,143,4798,1,36:21,2020,2021
2020-21,1628972,Troy Brown Jr.,Troy,1610612741,CHI,Chicago Bulls,22000791,2021-04-09T00:00:00,CHI @ ATL,L,15.066666666666666,6.4,15.9,0.4,3.2,12.7,0.25,0.0,0.0,0.0,0.0,9.6,9.6,0.0,0.0,0.0,0.0,0.0,3.2,0.0,15.9,-3.2,27.4,0,0,28.7,1,11623,1,11623,17443,12921,11897,12966,6980,2954,10244,12008,12752,12008,11150,5622,8590,16819,14317,10665,7210,7735,12174,16020,13979,12438,17900,1849,143,17109,1,15:04,2020,2021
2020-21,1628464,Daniel Theis,Daniel,1610612741,CHI,Chicago Bulls,22000791,2021-04-09T00:00:00,CHI @ ATL,L,11.65,4.1,8.2,0.5,0.0,0.0,0.0,8.2,8.2,1.0,4.1,8.2,12.4,0.0,0.0,0.0,0.0,0.0,8.2,4.1,16.5,8.2,31.3,0,0,28.8,1,11623,1,11623,19070,16721,19586,7582,12591,17891,12591,2407,3800,1,3934,7429,5581,16819,14317,10665,7210,7735,2642,8279,13595,8226,16382,1849,143,17043,1,11:39,2020,2021
2020-21,201152,Thaddeus Young,Thaddeus,1610612741,CHI,Chicago Bulls,22000791,2021-04-09T00:00:00,CHI @ ATL,L,23.73333333333333,4.0,8.1,0.5,0.0,0.0,0.0,0.0,0.0,0.0,4.0,6.1,10.1,6.1,6.1,0.0,2.0,0.0,2.0,2.0,8.1,-14.2,29.3,0,0,28.3,1,11623,1,11623,11385,16843,19684,7582,12591,17891,12591,12008,12752,12008,4029,11237,7923,6680,2496,10665,4271,7735,15610,13681,18713,16051,17191,1849,143,17261,1,23:44,2020,2021
2020-21,1628374,Lauri Markkanen,Lauri,1610612741,CHI,Chicago Bulls,22000791,2021-04-09T00:00:00,CHI @ ATL,L,26.95,1.8,7.1,0.25,1.8,5.3,0.333,3.6,3.6,1.0,0.0,8.9,8.9,1.8,3.6,0.0,0.0,0.0,1.8,3.6,8.9,-21.4,18.7,0,0,21.4,1,11623,1,11623,8900,19638,20282,17720,10605,12568,7875,7825,9718,1,11150,6517,9513,15455,6559,10665,7210,7735,16230,9628,18306,17875,20461,1849,143,19690,1,26:57,2020,2021
2020-21,203107,Tomas Satoransky,Tomas,1610612741,CHI,Chicago Bulls,22000791,2021-04-09T00:00:00,CHI @ ATL,L,33.18333333333333,0.0,8.7,0.0,0.0,4.3,0.0,0.0,0.0,0.0,0.0,1.4,1.4,14.5,2.9,2.9,0.0,0.0,2.9,2.9,0.0,0.0,29.2,0,0,21.7,1,11623,1,11623,4201,19893,19256,19893,12591,14096,12591,12008,12752,12008,11150,19497,20370,830,8284,4315,7210,7735,13055,11313,20448,10797,17215,1849,143,19588,1,33:11,2020,2021
2020-21,203897,Zach LaVine,Zach,1610612741,CHI,Chicago Bulls,22000791,2021-04-09T00:00:00,CHI @ ATL,L,38.73333333333333,22.3,38.4,0.581,8.7,14.9,0.583,8.7,9.9,0.875,1.2,8.7,9.9,6.2,3.7,0.0,0.0,5.0,1.2,6.2,62.0,-3.7,79.4,0,0,86.7,1,11623,1,11623,801,206,234,5783,788,1666,3209,2160,2662,6179,10891,6809,8156,6516,6234,10665,7210,739,18006,4556,169,12620,912,1849,143,359,1,38:44,2020,2021
2020-21,203897,Zach LaVine,Zach,1610612741,CHI,Chicago Bulls,22000523,2021-04-08T00:00:00,CHI @ TOR,W,37.516666666666666,10.2,20.5,0.5,2.6,10.2,0.25,5.1,6.4,0.8,0.0,7.7,7.7,16.6,6.4,3.8,1.3,2.6,2.6,5.1,28.1,25.6,71.3,1,0,65.3,1,1,11433,1,1334,6371,7016,7582,8686,5471,10244,5393,5682,6837,11150,8312,11318,464,2191,2599,6833,3205,14265,6320,6050,3552,1767,1,143,2178,1,37:31,2020,2021
2020-21,1628972,Troy Brown Jr.,Troy,1610612741,CHI,Chicago Bulls,22000523,2021-04-08T00:00:00,CHI @ TOR,W,13.876666666666669,0.0,0.0,0.0,0.0,0.0,0.0,0.0,0.0,0.0,0.0,6.9,6.9,0.0,0.0,0.0,3.5,0.0,3.5,0.0,0.0,41.5,18.7,0,0,13.8,1,1,11433,1,18056,19893,21894,19893,12591,17891,12591,12008,12752,12008,11150,9658,12584,16819,14317,10665,2019,7735,11457,16020,20448,1489,20473,1849,143,21311,1,13:53,2020,2021
2020-21,1630172,Patrick Williams,Patrick,1610612741,CHI,Chicago Bulls,22000523,2021-04-08T00:00:00,CHI @ TOR,W,31.57333333333333,4.6,10.6,0.429,1.5,3.0,0.5,6.1,6.1,1.0,6.1,4.6,10.6,1.5,1.5,1.5,1.5,0.0,0.0,4.6,16.7,-19.8,39.4,0,0,36.5,1,1,11433,1,5378,16003,17613,11933,11484,15856,3573,4246,6050,1,2161,14183,7307,16176,12994,8825,5779,7735,18137,7356,13407,17500,12650,1849,143,13436,1,31:34,2020,2021
2020-21,1628374,Lauri Markkanen,Lauri,1610612741,CHI,Chicago Bulls,22000523,2021-04-08T00:00:00,CHI @ TOR,W,18.33333333333333,20.9,26.2,0.8,5.2,10.5,0.5,0.0,0.0,0.0,0.0,7.9,7.9,0.0,0.0,0.0,0.0,0.0,2.6,2.6,47.1,60.2,56.6,0,0,60.2,1,1,11433,1,15377,292,2685,1469,3282,5192,3573,12008,12752,12008,11150,8043,11050,16819,14317,10665,7210,7735,14069,12101,733,588,5288,1849,143,3318,1,18:20,2020,2021
2020-21,1629632,Coby White,Coby,1610612741,CHI,Chicago Bulls,22000523,2021-04-08T00:00:00,CHI @ TOR,W,26.75,9.0,17.9,0.5,5.4,12.6,0.429,3.6,3.6,1.0,0.0,5.4,5.4,1.8,7.2,0.0,0.0,0.0,7.2,3.6,26.9,-3.6,28.9,0,0,39.5,1,1,11433,1,9075,8375,9628,7582,3084,3098,6364,7782,9672,1,11150,12566,15158,15419,1582,10665,7210,7735,3666,9565,6757,12580,17336,1849,143,11917,1,26:45,2020,2021
2020-21,203107,Tomas Satoransky,Tomas,1610612741,CHI,Chicago Bulls,22000523,2021-04-08T00:00:00,CHI @ TOR,W,29.53333333333333,6.5,8.1,0.8,1.6,3.3,0.5,0.0,0.0,0.0,0.0,3.3,3.3,11.4,1.6,0.0,0.0,0.0,0.0,3.3,14.6,4.9,34.0,0,0,30.9,1,1,11433,1,6938,12707,19663,1469,11123,15579,3573,12008,12752,12008,11150,16681,18468,1877,12532,10665,7210,7735,18137,10357,14882,9389,15224,1849,143,16119,1,29:32,2020,2021
2020-21,201152,Thaddeus Young,Thaddeus,1610612741,CHI,Chicago Bulls,22000523,2021-04-08T00:00:00,CHI @ TOR,W,23.75,8.1,22.2,0.364,0.0,0.0,0.0,6.1,6.1,1.0,6.1,12.1,18.2,12.1,0.0,0.0,0.0,0.0,8.1,4.0,22.2,-18.2,62.2,0,0,52.5,1,1,11433,1,11368,9843,5388,14681,12591,17891,12591,4262,6073,1,2169,3238,2001,1529,14317,10665,7210,7735,2754,8452,9610,17119,3560,1849,143,5845,1,23:45,2020,2021
2020-21,1628464,Daniel Theis,Daniel,1610612741,CHI,Chicago Bulls,22000523,2021-04-08T00:00:00,CHI @ TOR,W,26.9,10.7,16.1,0.667,0.0,1.8,0.0,3.6,5.4,0.667,5.4,12.5,17.8,5.4,5.4,0.0,0.0,1.8,3.6,7.1,25.0,28.6,49.1,1,0,48.2,1,1,11433,1,8941,5726,11758,2900,12591,17343,12591,7809,6968,8322,2675,2970,2129,7781,3275,10665,7210,4983,11191,3350,7884,3063,8168,1,143,7693,1,26:54,2020,2021
2020-21,202696,Nikola Vučević,Nikola,1610612741,CHI,Chicago Bulls,22000523,2021-04-08T00:00:00,CHI @ TOR,W,31.766666666666666,13.6,28.7,0.474,4.5,9.1,0.5,1.5,1.5,1.0,3.0,7.6,10.6,6.0,3.0,1.5,0.0,1.5,3.0,3.0,33.2,-7.6,56.5,0,0,57.4,1,1,11433,1,5240,2677,1652,10609,4348,6990,3573,11420,12461,1,5620,8519,7385,6714,7912,8858,7210,6072,12655,10966,3627,13987,5303,1849,143,4141,1,31:46,2020,2021
2020-21,203897,Zach LaVine,Zach,1610612741,CHI,Chicago Bulls,22000769,2021-04-06T00:00:00,CHI @ IND,W,35.95,8.0,24.0,0.333,5.3,16.0,0.333,4.0,5.3,0.75,1.3,9.3,10.7,8.0,4.0,0.0,1.3,4.0,0.0,6.7,25.4,21.4,50.2,0,0,52.1,1,1,11433,1,2269,9968,4043,15094,3139,1173,7875,7067,6990,7245,10481,5922,7271,4329,5519,10665,6591,1234,18137,3894,7634,4468,7694,1849,143,6041,1,35:57,2020,2021
2020-21,201152,Thaddeus Young,Thaddeus,1610612741,CHI,Chicago Bulls,22000769,2021-04-06T00:00:00,CHI @ IND,W,27.9,10.3,17.2,0.6,0.0,0.0,0.0,3.4,6.9,0.5,3.4,8.6,12.0,8.6,5.2,1.7,1.7,1.7,3.4,3.4,24.1,18.9,56.6,0,0,51.6,1,1,11433,1,8205,6255,10490,4810,12591,17891,12591,8023,5138,9461,4897,6914,5879,3790,3547,7892,5067,5181,11506,9914,8428,5041,5275,1849,143,6213,1,27:54,2020,2021
2020-21,202696,Nikola Vučević,Nikola,1610612741,CHI,Chicago Bulls,22000769,2021-04-06T00:00:00,CHI @ IND,W,35.2,19.1,39.5,0.483,5.5,9.5,0.571,0.0,0.0,0.0,6.8,15.0,21.8,6.8,5.5,0.0,1.4,4.1,5.5,1.4,43.6,8.2,78.7,1,0,80.5,1,1,11433,1,2759,505,193,10517,2999,6325,3225,12008,12752,12008,1761,1648,1078,5703,3148,10665,6463,1168,6396,15658,1096,8244,961,1,143,591,1,35:12,2020,2021
2020-21,1627853,Ryan Arcidiacono,Ryan,1610612741,CHI,Chicago Bulls,22000769,2021-04-06T00:00:00,CHI @ IND,W,1.35,0.0,35.6,0.0,0.0,35.6,0.0,0.0,0.0,0.0,0.0,35.6,35.6,0.0,0.0,0.0,0.0,0.0,0.0,0.0,0.0,0.0,42.7,0,0,35.6,1,1,11433,1,22697,19893,406,19893,12591,53,12591,12008,12752,12008,11150,51,127,16819,14317,10665,7210,7735,18137,16020,20448,10797,11072,1849,143,13909,1,1:21,2020,2021
2020-21,203107,Tomas Satoransky,Tomas,1610612741,CHI,Chicago Bulls,22000769,2021-04-06T00:00:00,CHI @ IND,W,34.416666666666664,4.2,9.8,0.429,1.4,2.8,0.5,0.0,0.0,0.0,1.4,7.0,8.4,4.2,4.2,2.8,0.0,0.0,1.4,4.2,9.8,15.3,30.3,0,0,29.3,1,1,11433,1,3297,16630,18391,11933,11940,16158,3573,12008,12752,12008,10177,9550,10269,9940,5124,4600,7210,7735,17479,8125,17879,6030,16808,1849,143,16851,1,34:25,2020,2021
2020-21,1629632,Coby White,Coby,1610612741,CHI,Chicago Bulls,22000769,2021-04-06T00:00:00,CHI @ IND,W,31.39333333333333,7.6,13.8,0.556,1.5,6.1,0.25,3.1,3.1,1.0,1.5,4.6,6.1,9.2,1.5,0.0,0.0,0.0,4.6,1.5,19.9,21.4,39.4,0,0,36.7,1,1,11433,1,5520,10606,14362,6415,11450,11406,10244,8677,10578,1,9510,14127,13935,3299,12947,10665,7210,7735,8375,15129,11245,4459,12620,1849,143,13324,1,31:24,2020,2021
2020-21,1628972,Troy Brown Jr.,Troy,1610612741,CHI,Chicago Bulls,22000769,2021-04-06T00:00:00,CHI @ IND,W,15.066666666666666,3.2,12.7,0.25,0.0,6.4,0.0,3.2,3.2,1.0,3.2,6.4,9.6,3.2,3.2,3.2,3.2,3.2,6.4,6.4,9.6,47.8,41.7,0,0,35.0,1,1,11433,1,17443,18028,15493,17720,12591,11002,12591,8450,10356,1,5293,10652,8590,12045,7444,3661,2314,2051,4765,4308,17992,1085,11529,1849,143,14154,1,15:04,2020,2021
2020-21,1626245,Cristiano Felicio,Cristiano,1610612741,CHI,Chicago Bulls,22000769,2021-04-06T00:00:00,CHI @ IND,W,1.35,0.0,0.0,0.0,0.0,0.0,0.0,0.0,0.0,0.0,0.0,0.0,0.0,0.0,0.0,0.0,0.0,0.0,0.0,0.0,0.0,0.0,0.0,0,0,0.0,1,1,11433,1,22697,19893,21894,19893,12591,17891,12591,12008,12752,12008,11150,19725,20503,16819,14317,10665,7210,7735,18137,16020,20448,10797,22167,1849,143,22207,1,1:21,2020,2021
2020-21,1629750,Javonte Green,Javonte,1610612741,CHI,Chicago Bulls,22000769,2021-04-06T00:00:00,CHI @ IND,W,1.35,0.0,35.6,0.0,0.0,0.0,0.0,0.0,0.0,0.0,0.0,0.0,0.0,0.0,0.0,0.0,0.0,35.6,0.0,0.0,0.0,0.0,0.0,0,0,0.0,1,1,11433,1,22697,19893,406,19893,12591,17891,12591,12008,12752,12008,11150,19725,20503,16819,14317,10665,7210,4,18137,16020,20448,10797,22167,1849,143,22207,1,1:21,2020,2021
2020-21,1630172,Patrick Williams,Patrick,1610612741,CHI,Chicago Bulls,22000769,2021-04-06T00:00:00,CHI @ IND,W,30.683333333333334,6.3,12.5,0.5,1.6,1.6,1.0,1.6,1.6,1.0,1.6,3.1,4.7,3.1,3.1,6.3,0.0,3.1,0.0,3.1,15.6,-6.3,41.6,0,0,37.5,1,1,11433,1,6050,13126,15737,7582,11326,17575,1,11305,12398,1,9365,16877,16282,12166,7597,755,7210,2126,18137,10670,14199,13537,11594,1849,143,12916,1,30:41,2020,2021
2020-21,1627756,Denzel Valentine,Denzel,1610612741,CHI,Chicago Bulls,22000769,2021-04-06T00:00:00,CHI @ IND,W,3.8,0.0,0.0,0.0,0.0,0.0,0.0,0.0,0.0,0.0,12.6,25.3,37.9,0.0,25.3,0.0,0.0,0.0,0.0,0.0,0.0,-12.6,20.2,0,0,37.9,1,1,11433,1,21643,19893,21894,19893,12591,17891,12591,12008,12752,12008,349,168,98,16819,52,10665,7210,7735,18137,16020,20448,15567,20121,1849,143,12725,1,3:48,2020,2021
2020-21,1628374,Lauri Markkanen,Lauri,1610612741,CHI,Chicago Bulls,22000769,2021-04-06T00:00:00,CHI @ IND,W,21.54,11.1,15.6,0.714,6.7,8.9,0.75,4.5,4.5,1.0,2.2,11.1,13.4,0.0,2.2,2.2,2.2,2.2,0.0,2.2,33.4,26.7,60.6,0,0,62.4,1,1,11433,1,13024,5164,12275,2429,1791,7202,1455,6347,8260,1,7417,4061,4716,16819,10451,6261,3894,3876,18137,13171,3543,3342,4017,1849,143,2775,1,21:32,2020,2021
2020-21,1627756,Denzel Valentine,Denzel,1610612741,CHI,Chicago Bulls,22000755,2021-04-04T00:00:00,CHI vs. BKN,W,10.665,4.5,13.5,0.333,0.0,4.5,0.0,0.0,0.0,0.0,0.0,0.0,0.0,4.5,4.5,0.0,0.0,0.0,4.5,0.0,9.0,13.5,11.3,0,0,13.5,1,1,11433,1,19410,16098,14648,15094,12591,13862,12591,12008,12752,12008,11150,19725,20503,9314,4534,10665,7210,7735,8570,16020,18259,6545,21632,1849,143,21369,1,10:40,2020,2021
2020-21,1628374,Lauri Markkanen,Lauri,1610612741,CHI,Chicago Bulls,22000755,2021-04-04T00:00:00,CHI vs. BKN,W,23.0,6.3,12.5,0.5,0.0,2.1,0.0,4.2,4.2,1.0,0.0,10.4,10.4,0.0,2.1,0.0,0.0,0.0,0.0,2.1,16.7,16.7,27.1,0,0,27.1,1,1,11433,1,11955,13121,15722,7582,12591,17045,12591,6769,8705,1,11150,4702,7542,16819,10842,10665,7210,7735,18137,13507,13428,5648,17985,1849,143,17750,1,23:00,2020,2021
2020-21,1627853,Ryan Arcidiacono,Ryan,1610612741,CHI,Chicago Bulls,22000755,2021-04-04T00:00:00,CHI vs. BKN,W,3.3,0.0,0.0,0.0,0.0,0.0,0.0,0.0,0.0,0.0,0.0,0.0,0.0,14.5,0.0,0.0,0.0,0.0,0.0,0.0,0.0,29.1,21.8,0,0,14.5,1,1,11433,1,21859,19893,21894,19893,12591,17891,12591,12008,12752,12008,11150,19725,20503,807,14317,10665,7210,7735,18137,16020,20448,2963,19710,1849,143,21210,1,3:18,2020,2021
2020-21,1630172,Patrick Williams,Patrick,1610612741,CHI,Chicago Bulls,22000755,2021-04-04T00:00:00,CHI vs. BKN,W,30.651666666666667,6.3,7.8,0.8,1.6,3.1,0.5,3.1,6.3,0.5,1.6,3.1,4.7,1.6,0.0,0.0,0.0,0.0,0.0,4.7,17.2,0.0,25.2,0,0,25.1,1,1,11433,1,6082,13115,19858,1469,11321,15719,3573,8556,5837,9461,9359,16872,16279,16042,14317,10665,7210,7735,18137,7099,13075,10797,18657,1849,143,18502,1,30:39,2020,2021
2020-21,1628972,Troy Brown Jr.,Troy,1610612741,CHI,Chicago Bulls,22000755,2021-04-04T00:00:00,CHI vs. BKN,W,28.2,3.4,10.2,0.333,1.7,5.1,0.333,1.7,1.7,1.0,5.1,6.8,11.9,1.7,0.0,0.0,0.0,0.0,3.4,1.7,10.2,-3.4,27.1,0,0,25.5,1,1,11433,1,7965,17745,18023,15094,10838,12957,7875,11015,12251,1,2885,9847,5992,15662,14317,10665,7210,7735,11607,14579,17629,12514,18003,1849,143,18336,1,28:12,2020,2021
2020-21,201152,Thaddeus Young,Thaddeus,1610612741,CHI,Chicago Bulls,22000755,2021-04-04T00:00:00,CHI vs. BKN,W,21.85,6.6,17.6,0.375,0.0,0.0,0.0,13.2,13.2,1.0,0.0,11.0,11.0,11.0,2.2,0.0,2.2,0.0,4.4,6.6,26.4,26.4,60.4,0,0,52.7,1,1,11433,1,12780,12551,10073,14155,12591,17891,12591,668,1346,1,11150,4213,6939,2074,10549,10665,3950,7735,8841,4012,7075,3396,4064,1849,143,5778,1,21:51,2020,2021
2020-21,203107,Tomas Satoransky,Tomas,1610612741,CHI,Chicago Bulls,22000755,2021-04-04T00:00:00,CHI vs. BKN,W,30.8,12.5,15.6,0.8,3.1,4.7,0.667,1.6,1.6,1.0,0.0,1.6,1.6,17.1,3.1,3.1,0.0,0.0,1.6,1.6,29.6,12.5,63.4,1,0,57.7,1,1,11433,1,5963,3672,12295,1469,7145,13624,1828,11324,12408,1,11150,19353,20273,407,7633,3815,7210,7735,16902,15026,5276,6838,3266,1,143,4070,1,30:48,2020,2021
2020-21,202696,Nikola Vučević,Nikola,1610612741,CHI,Chicago Bulls,22000755,2021-04-04T00:00:00,CHI vs. BKN,W,32.36666666666667,14.8,25.2,0.588,1.5,5.9,0.25,1.5,3.0,0.5,1.5,17.8,19.3,3.0,1.5,3.0,3.0,3.0,3.0,1.5,32.6,17.8,76.5,1,0,68.2,1,1,11433,1,4800,1850,3238,5559,11632,11664,10244,11473,10772,9461,9713,790,1665,12580,13150,4136,2619,2361,12813,15300,3877,5352,1152,1,143,1697,1,32:22,2020,2021
2020-21,203897,Zach LaVine,Zach,1610612741,CHI,Chicago Bulls,22000755,2021-04-04T00:00:00,CHI vs. BKN,W,35.28333333333333,10.9,23.1,0.471,1.4,6.8,0.2,10.9,16.3,0.667,1.4,2.7,4.1,6.8,2.7,0.0,0.0,1.4,1.4,6.8,34.0,1.4,46.4,0,0,46.3,1,1,11433,1,2707,5471,4697,10674,12050,10295,11380,1214,673,8322,10356,17670,17269,5725,8857,10665,7210,6859,17608,3715,3312,10692,9379,1849,143,8616,1,35:17,2020,2021
2020-21,1628464,Daniel Theis,Daniel,1610612741,CHI,Chicago Bulls,22000755,2021-04-04T00:00:00,CHI vs. BKN,W,23.883333333333333,8.0,12.1,0.667,4.0,6.0,0.667,0.0,4.0,0.0,0.0,6.0,6.0,4.0,2.0,0.0,0.0,0.0,4.0,4.0,20.1,-8.0,31.4,0,0,34.2,1,1,11433,1,11273,9907,16239,2900,5277,11531,1828,12008,8962,12008,11150,11300,14076,10304,11096,10665,7210,7735,9848,8509,11068,14176,16362,1849,143,14578,1,23:53,2020,2021
2020-21,201152,Thaddeus Young,Thaddeus,1610612741,CHI,Chicago Bulls,22000743,2021-04-02T00:00:00,CHI @ UTA,L,32.81666666666667,16.1,24.9,0.647,0.0,0.0,0.0,4.4,5.9,0.75,5.9,4.4,10.2,4.4,1.5,1.5,0.0,1.5,5.9,5.9,36.6,16.1,58.4,0,0,54.1,1,11623,1,11623,4476,1242,3471,4040,12591,17891,12591,6457,6304,7245,2312,14522,7766,9514,13250,9113,7210,6309,5630,5055,2528,5826,4696,1849,143,5271,1,32:49,2020,2021
2020-21,1627756,Denzel Valentine,Denzel,1610612741,CHI,Chicago Bulls,22000743,2021-04-02T00:00:00,CHI @ UTA,L,21.98333333333333,8.7,17.5,0.5,4.4,10.9,0.4,4.4,4.4,1.0,0.0,8.7,8.7,8.7,2.2,2.2,0.0,2.2,4.4,6.6,26.2,8.7,54.2,0,0,52.4,1,11623,1,11623,12696,8764,10202,7582,4611,4673,6751,6476,8398,1,11150,6724,9778,3674,10577,6359,7210,3967,8903,4070,7165,8067,6156,1849,143,5905,1,21:59,2020,2021
2020-21,1628464,Daniel Theis,Daniel,1610612741,CHI,Chicago Bulls,22000743,2021-04-02T00:00:00,CHI @ UTA,L,20.316666666666663,2.4,11.8,0.2,0.0,4.7,0.0,2.4,4.7,0.5,0.0,11.8,11.8,2.4,0.0,0.0,2.4,2.4,0.0,2.4,7.1,-7.1,31.9,0,0,26.0,1,11623,1,11623,13953,19073,16509,18781,12591,13561,12591,10053,7890,9461,11150,3473,6088,14076,14317,10665,3666,3599,18137,12814,19173,13841,16151,1849,143,18182,1,20:19,2020,2021
2020-21,1628374,Lauri Markkanen,Lauri,1610612741,CHI,Chicago Bulls,22000743,2021-04-02T00:00:00,CHI @ UTA,L,22.683333333333334,4.2,10.6,0.4,0.0,4.2,0.0,2.1,2.1,1.0,0.0,4.2,4.2,2.1,0.0,0.0,0.0,0.0,0.0,4.2,10.6,-25.4,18.8,0,0,16.9,1,11623,1,11623,12193,16542,17668,12966,12591,14244,12591,10354,11939,1,11150,14819,17020,14613,14317,10665,7210,7735,18137,8036,17416,18712,20435,1849,143,20801,1,22:41,2020,2021
2020-21,1629632,Coby White,Coby,1610612741,CHI,Chicago Bulls,22000743,2021-04-02T00:00:00,CHI @ UTA,L,23.616666666666667,4.1,12.2,0.333,0.0,6.1,0.0,0.0,0.0,0.0,0.0,2.0,2.0,6.1,2.0,0.0,2.0,0.0,8.1,2.0,8.1,-18.3,23.8,0,0,20.3,1,11623,1,11623,11472,16818,16104,15094,12591,11436,12591,12008,12752,12008,11150,18712,19872,6645,11018,10665,4248,7735,2724,13650,18694,17140,19112,1849,143,19977,1,23:37,2020,2021
2020-21,1630172,Patrick Williams,Patrick,1610612741,CHI,Chicago Bulls,22000743,2021-04-02T00:00:00,CHI @ UTA,L,32.93333333333333,5.8,10.2,0.571,0.0,0.0,0.0,0.0,0.0,0.0,1.5,2.9,4.4,4.4,1.5,2.9,0.0,0.0,1.5,0.0,11.7,-13.1,30.8,0,0,26.2,1,11623,1,11623,4400,13858,18045,5826,12591,17891,12591,12008,12752,12008,9847,17272,16801,9542,13273,4261,7210,7735,17251,16020,16814,15726,16617,1849,143,18078,1,32:56,2020,2021
2020-21,203107,Tomas Satoransky,Tomas,1610612741,CHI,Chicago Bulls,22000743,2021-04-02T00:00:00,CHI @ UTA,L,25.6,7.5,9.4,0.8,3.8,5.6,0.667,0.0,0.0,0.0,1.9,9.4,11.3,7.5,0.0,1.9,0.0,0.0,9.4,3.8,18.8,7.5,49.1,0,0,45.0,1,11623,1,11623,9970,10878,18722,1469,5857,12099,1828,12008,12752,12008,8297,5880,6655,4946,14317,7287,7210,7735,1886,9208,12036,8473,8142,1849,143,9216,1,25:36,2020,2021
2020-21,203897,Zach LaVine,Zach,1610612741,CHI,Chicago Bulls,22000743,2021-04-02T00:00:00,CHI @ UTA,L,31.15,15.4,33.9,0.455,3.1,12.3,0.25,1.5,3.1,0.5,0.0,7.7,7.7,4.6,3.1,0.0,0.0,3.1,1.5,3.1,35.4,-18.5,48.5,0,0,50.9,1,11623,1,11623,5707,1549,555,11074,7224,3279,10244,11354,10538,9461,11150,8270,11284,9074,7732,10665,7210,2192,16970,10785,2832,17187,8404,1849,143,6550,1,31:09,2020,2021
2020-21,202696,Nikola Vučević,Nikola,1610612741,CHI,Chicago Bulls,22000743,2021-04-02T00:00:00,CHI @ UTA,L,28.9,8.3,23.3,0.357,1.7,8.3,0.2,8.3,10.0,0.833,1.7,11.6,13.3,6.6,0.0,0.0,1.7,0.0,3.3,5.0,26.6,-14.9,57.5,0,0,51.5,1,11623,1,11623,7409,9480,4603,14900,10996,8053,11380,2374,2637,6476,8992,3624,4775,5934,14317,10665,5265,7735,11815,6587,6945,16257,4970,1849,143,6261,1,28:54,2020,2021
2020-21,203107,Tomas Satoransky,Tomas,1610612741,CHI,Chicago Bulls,22000730,2021-03-31T00:00:00,CHI @ PHX,L,30.35,4.7,17.4,0.273,1.6,6.3,0.25,3.2,3.2,1.0,3.2,1.6,4.7,11.1,4.7,3.2,0.0,3.2,9.5,3.2,14.2,-12.7,41.3,0,0,38.0,1,11623,1,11623,6301,15721,10276,17532,11255,11056,10244,8502,10397,1,5330,19336,16209,2033,4153,3702,7210,2077,1820,10579,15145,15576,11752,1849,143,12700,1,30:21,2020,2021
2020-21,202696,Nikola Vučević,Nikola,1610612741,CHI,Chicago Bulls,22000730,2021-03-31T00:00:00,CHI @ PHX,L,34.4,11.2,25.1,0.444,2.8,5.6,0.5,8.4,8.4,1.0,4.2,9.8,14.0,4.2,0.0,2.8,1.4,1.4,1.4,5.6,33.5,-8.4,69.1,1,0,62.8,1,11623,1,11623,3315,5138,3306,11399,7973,12182,3573,2336,3682,1,3842,5375,4279,9933,14317,4595,6302,6659,17478,5482,3507,14273,2118,1,143,2685,1,34:24,2020,2021
2020-21,1630172,Patrick Williams,Patrick,1610612741,CHI,Chicago Bulls,22000730,2021-03-31T00:00:00,CHI @ PHX,L,31.5,10.7,16.8,0.636,3.0,4.6,0.667,0.0,0.0,0.0,1.5,3.0,4.6,1.5,1.5,1.5,1.5,0.0,6.1,0.0,24.4,-13.7,39.8,0,0,39.6,1,11623,1,11623,5427,5795,10980,4151,7316,13769,1828,12008,12752,12008,9528,17027,16478,16157,12968,8807,5759,7735,5185,16020,8240,15903,12473,1849,143,11848,1,31:30,2020,2021
2020-21,1627853,Ryan Arcidiacono,Ryan,1610612741,CHI,Chicago Bulls,22000730,2021-03-31T00:00:00,CHI @ PHX,L,15.866666666666667,3.0,12.1,0.25,0.0,3.0,0.0,0.0,0.0,0.0,0.0,6.1,6.1,12.1,0.0,0.0,0.0,0.0,9.1,3.0,6.1,9.1,31.5,0,0,24.2,1,11623,1,11623,16959,18256,16192,17720,12591,15873,12591,12008,12752,12008,11150,11259,14040,1537,14317,10665,7210,7735,2063,10956,19590,7944,16321,1849,143,18799,1,15:52,2020,2021
2020-21,1628374,Lauri Markkanen,Lauri,1610612741,CHI,Chicago Bulls,22000730,2021-03-31T00:00:00,CHI @ PHX,L,34.266666666666666,7.0,18.2,0.385,2.8,11.2,0.25,5.6,7.0,0.8,2.8,11.2,14.0,2.8,1.4,0.0,0.0,0.0,1.4,4.2,22.4,-7.0,42.0,1,0,42.0,1,11623,1,11623,3414,11758,9363,13990,7940,4353,10244,4777,5029,6837,6060,4003,4234,13006,13558,10665,7210,7735,17456,8093,9487,13805,11380,1,143,10608,1,34:16,2020,2021
2020-21,201152,Thaddeus Young,Thaddeus,1610612741,CHI,Chicago Bulls,22000730,2021-03-31T00:00:00,CHI @ PHX,L,28.33333333333333,11.9,23.7,0.5,0.0,0.0,0.0,8.5,10.2,0.833,10.2,6.8,16.9,6.8,1.7,1.7,0.0,3.4,1.7,11.9,32.2,-1.7,66.1,1,0,59.3,1,11623,1,11623,7860,4320,4288,7582,12591,17891,12591,2272,2535,6476,683,9905,2523,5760,12238,7995,7210,1820,16483,657,4094,11940,2657,1,143,3587,1,28:20,2020,2021
2020-21,1627756,Denzel Valentine,Denzel,1610612741,CHI,Chicago Bulls,22000730,2021-03-31T00:00:00,CHI @ PHX,L,29.116666666666667,13.2,29.7,0.444,4.9,14.8,0.333,0.0,0.0,0.0,1.6,8.2,9.9,6.6,3.3,0.0,0.0,1.6,3.3,0.0,31.3,1.6,49.8,0,0,52.8,1,11623,1,11623,7238,3001,1356,11399,3727,1686,7875,12008,12752,12008,9047,7426,8180,5994,7143,10665,7210,5468,11885,16020,4475,10548,7859,1849,143,5768,1,29:07,2020,2021
2020-21,1628464,Daniel Theis,Daniel,1610612741,CHI,Chicago Bulls,22000730,2021-03-31T00:00:00,CHI @ PHX,L,19.666666666666668,4.9,12.2,0.4,0.0,4.9,0.0,4.9,4.9,1.0,4.9,7.3,12.2,4.9,2.4,0.0,4.9,0.0,4.9,7.3,14.6,-9.8,48.8,0,0,41.5,1,11623,1,11623,14443,15489,16091,12966,12591,13319,12591,5757,7667,1,3087,8916,5723,8641,9846,10665,1030,7735,7680,3163,14866,14713,8280,1849,143,10892,1,19:40,2020,2021
2020-21,1628972,Troy Brown Jr.,Troy,1610612741,CHI,Chicago Bulls,22000730,2021-03-31T00:00:00,CHI @ PHX,L,16.5,5.8,14.5,0.4,2.9,5.8,0.5,0.0,0.0,0.0,2.9,0.0,2.9,0.0,0.0,0.0,0.0,2.9,0.0,2.9,14.5,11.6,18.0,0,0,20.4,1,11623,1,11623,16584,13879,13480,12966,7629,11820,3573,12008,12752,12008,5837,19725,18883,16819,14317,10665,7210,2459,18137,11268,14943,7107,20607,1849,143,19972,1,16:30,2020,2021
2020-21,1628972,Troy Brown Jr.,Troy,1610612741,CHI,Chicago Bulls,22000716,2021-03-29T00:00:00,CHI @ GSW,L,16.833333333333332,5.7,11.4,0.5,0.0,2.9,0.0,2.9,5.7,0.5,0.0,2.9,2.9,0.0,2.9,8.6,0.0,0.0,8.6,2.9,14.3,-14.3,40.5,0,0,34.2,1,11623,1,11623,16375,14061,16877,7582,12591,16070,12591,9087,6490,9461,11150,17408,18964,16819,8417,276,7210,7735,2404,11419,15127,16067,12129,1849,143,14555,1,16:50,2020,2021
2020-21,1628374,Lauri Markkanen,Lauri,1610612741,CHI,Chicago Bulls,22000716,2021-03-29T00:00:00,CHI @ GSW,L,22.165,10.8,19.5,0.556,6.5,8.7,0.75,0.0,0.0,0.0,0.0,13.0,13.0,2.2,2.2,0.0,0.0,2.2,0.0,0.0,28.2,-10.8,44.8,0,0,49.8,1,11623,1,11623,12566,5545,8058,6415,1928,7556,1455,12008,12752,12008,11150,2646,5029,14518,10623,10665,7210,4009,18137,16020,6047,15035,10107,1849,143,7029,1,22:10,2020,2021
2020-21,201152,Thaddeus Young,Thaddeus,1610612741,CHI,Chicago Bulls,22000716,2021-03-29T00:00:00,CHI @ GSW,L,23.536666666666665,10.2,12.2,0.833,0.0,2.0,0.0,0.0,0.0,0.0,2.0,6.1,8.2,4.1,6.1,2.0,2.0,0.0,4.1,4.1,20.4,-14.3,42.4,0,0,40.8,1,11623,1,11623,11530,6432,16056,1305,12591,17102,12591,12008,12752,12008,7861,11145,10576,10175,2447,6761,4233,7735,9675,8366,10857,16076,11198,1849,143,11246,1,23:32,2020,2021
2020-21,1630172,Patrick Williams,Patrick,1610612741,CHI,Chicago Bulls,22000716,2021-03-29T00:00:00,CHI @ GSW,L,32.666666666666664,10.3,19.1,0.538,0.0,1.5,0.0,0.0,0.0,0.0,0.0,8.8,8.8,5.9,2.9,1.5,1.5,2.9,1.5,0.0,20.6,-4.4,45.8,0,0,41.1,1,11623,1,11623,4586,6288,8450,7057,12591,17660,12591,12008,12752,12008,11150,6634,9668,6931,8142,9076,5988,2406,17207,16020,10721,12872,9627,1849,143,11061,1,32:40,2020,2021
2020-21,203897,Zach LaVine,Zach,1610612741,CHI,Chicago Bulls,22000716,2021-03-29T00:00:00,CHI @ GSW,L,31.58333333333333,6.1,24.3,0.25,1.5,10.6,0.143,4.6,6.1,0.75,1.5,4.6,6.1,6.1,6.1,0.0,0.0,4.6,6.1,6.1,18.2,-18.2,28.6,0,0,31.9,1,11623,1,11623,5369,13434,3842,17720,11485,4994,12315,6203,6054,7245,9545,14187,13992,6667,2483,10665,7210,901,5219,4719,12395,17128,17443,1849,143,15675,1,31:35,2020,2021
2020-21,1629653,Devon Dotson,Devon,1610612741,CHI,Chicago Bulls,22000716,2021-03-29T00:00:00,CHI @ GSW,L,3.3,0.0,0.0,0.0,0.0,0.0,0.0,0.0,0.0,0.0,0.0,0.0,0.0,0.0,0.0,0.0,0.0,0.0,0.0,14.5,0.0,0.0,0.0,0,0,0.0,1,11623,1,11623,21859,19893,21894,19893,12591,17891,12591,12008,12752,12008,11150,19725,20503,16819,14317,10665,7210,7735,18137,277,20448,10797,22167,1849,143,22207,1,3:18,2020,2021
2020-21,202066,Garrett Temple,Garrett,1610612741,CHI,Chicago Bulls,22000716,2021-03-29T00:00:00,CHI @ GSW,L,2.15,0.0,0.0,0.0,0.0,0.0,0.0,0.0,0.0,0.0,0.0,0.0,0.0,0.0,22.3,0.0,0.0,0.0,44.7,0.0,0.0,67.0,-22.3,0,0,0.0,1,11623,1,11623,22350,19893,21894,19893,12591,17891,12591,12008,12752,12008,11150,19725,20503,16819,74,10665,7210,7735,24,16020,20448,447,23028,1849,143,22207,1,2:09,2020,2021
2020-21,1629750,Javonte Green,Javonte,1610612741,CHI,Chicago Bulls,22000716,2021-03-29T00:00:00,CHI @ GSW,L,12.585,3.8,11.4,0.333,0.0,0.0,0.0,0.0,0.0,0.0,7.6,0.0,7.6,3.8,3.8,3.8,0.0,0.0,3.8,0.0,7.6,-42.0,30.1,0,0,26.7,1,11623,1,11623,18638,17214,16847,15094,12591,17891,12591,12008,12752,12008,1385,19725,11387,10745,6001,2628,7210,7735,10485,16020,18949,21011,16870,1849,143,17908,1,12:35,2020,2021
2020-21,203107,Tomas Satoransky,Tomas,1610612741,CHI,Chicago Bulls,22000716,2021-03-29T00:00:00,CHI @ GSW,L,30.03333333333333,9.6,17.6,0.545,1.6,4.8,0.333,1.6,1.6,1.0,3.2,0.0,3.2,12.8,3.2,1.6,0.0,1.6,0.0,3.2,22.4,-12.8,47.0,0,0,43.2,1,11623,1,11623,6543,7365,10065,6794,11208,13446,7875,11240,12361,1,5272,19725,18541,1292,7418,8436,7210,5671,18137,10499,9509,15617,9081,1849,143,10070,1,30:02,2020,2021
2020-21,1626245,Cristiano Felicio,Cristiano,1610612741,CHI,Chicago Bulls,22000716,2021-03-29T00:00:00,CHI @ GSW,L,1.6833333333333331,0.0,0.0,0.0,0.0,0.0,0.0,0.0,0.0,0.0,0.0,28.5,28.5,0.0,0.0,0.0,0.0,0.0,0.0,0.0,0.0,57.0,34.2,0,0,28.5,1,11623,1,11623,22546,19893,21894,19893,12591,17891,12591,12008,12752,12008,11150,115,336,16819,14317,10665,7210,7735,18137,16020,20448,683,15094,1849,143,17173,1,1:41,2020,2021
2020-21,1628464,Daniel Theis,Daniel,1610612741,CHI,Chicago Bulls,22000716,2021-03-29T00:00:00,CHI @ GSW,L,22.133333333333333,6.5,10.8,0.6,0.0,2.2,0.0,0.0,2.2,0.0,2.2,2.2,4.3,6.5,2.2,2.2,4.3,2.2,0.0,4.3,13.0,-32.5,45.3,0,0,36.9,1,11623,1,11623,12580,12701,17424,4810,12591,16953,12591,12008,11911,12008,7543,18542,16863,6116,10611,6408,1325,4000,18137,7816,15939,19912,9889,1849,143,13232,1,22:08,2020,2021
2020-21,1627853,Ryan Arcidiacono,Ryan,1610612741,CHI,Chicago Bulls,22000716,2021-03-29T00:00:00,CHI @ GSW,L,14.78,6.5,13.0,0.5,3.2,6.5,0.5,0.0,0.0,0.0,0.0,6.5,6.5,13.0,3.2,0.0,0.0,0.0,6.5,3.2,16.2,-19.5,40.3,0,0,39.0,1,11623,1,11623,17610,12719,15214,7582,6852,10796,3573,12008,12752,12008,11150,10412,13272,1212,7265,10665,7210,7735,4570,10364,13761,17415,12232,1849,143,12180,1,14:47,2020,2021
2020-21,202696,Nikola Vučević,Nikola,1610612741,CHI,Chicago Bulls,22000716,2021-03-29T00:00:00,CHI @ GSW,L,26.55,16.3,23.5,0.692,0.0,7.2,0.0,5.4,5.4,1.0,1.8,14.5,16.3,10.8,3.6,0.0,1.8,0.0,5.4,1.8,38.0,-5.4,75.6,0,0,68.7,1,11623,1,11623,9215,1169,4429,2818,12591,9650,12591,4983,6879,1,8498,1852,2843,2138,6459,10665,4801,7735,6456,14252,2140,13229,1229,1849,143,1637,1,26:33,2020,2021
2020-21,203897,Zach LaVine,Zach,1610612741,CHI,Chicago Bulls,22000697,2021-03-27T00:00:00,CHI @ SAS,L,28.08333333333333,10.3,25.6,0.4,1.7,8.5,0.2,8.5,10.3,0.833,0.0,5.1,5.1,1.7,3.4,0.0,0.0,0.0,0.0,5.1,30.8,-29.1,36.1,0,0,39.3,1,11623,1,11623,8056,6339,2971,12966,10819,7718,11380,2231,2494,6476,11150,13081,15588,15645,6877,10665,7210,7735,18137,6298,4725,19379,14230,1849,143,12009,1,28:05,2020,2021
2020-21,203107,Tomas Satoransky,Tomas,1610612741,CHI,Chicago Bulls,22000697,2021-03-27T00:00:00,CHI @ SAS,L,17.25,8.3,19.5,0.429,2.8,8.3,0.333,2.8,2.8,1.0,8.3,0.0,8.3,8.3,5.6,5.6,0.0,0.0,8.3,5.6,22.3,-39.0,55.9,0,0,52.9,1,11623,1,11623,16109,9383,8072,11933,7994,7981,7875,9275,11129,1,1140,19725,10293,3991,3010,1035,7210,7735,2558,5512,9582,20727,5522,1849,143,5726,1,17:15,2020,2021
2020-21,201152,Thaddeus Young,Thaddeus,1610612741,CHI,Chicago Bulls,22000697,2021-03-27T00:00:00,CHI @ SAS,L,22.3,10.8,23.7,0.455,0.0,2.2,0.0,0.0,2.2,0.0,4.3,8.6,12.9,19.4,4.3,0.0,0.0,6.5,6.5,2.2,21.5,6.5,61.8,0,0,53.8,1,11623,1,11623,12461,5653,4304,11074,12591,16971,12591,12008,11922,12008,3697,6899,5091,243,4904,10665,7210,376,4628,13342,10110,8847,3676,1849,143,5386,1,22:18,2020,2021
2020-21,1629653,Devon Dotson,Devon,1610612741,CHI,Chicago Bulls,22000697,2021-03-27T00:00:00,CHI @ SAS,L,1.7666666666666666,0.0,0.0,0.0,0.0,0.0,0.0,0.0,0.0,0.0,27.2,0.0,27.2,0.0,0.0,27.2,0.0,0.0,0.0,0.0,0.0,0.0,114.1,0,0,81.5,1,11623,1,11623,22495,19893,21894,19893,12591,17891,12591,12008,12752,12008,33,19725,430,16819,14317,16,7210,7735,18137,16020,20448,10797,108,1849,143,535,1,1:46,2020,2021
2020-21,1629632,Coby White,Coby,1610612741,CHI,Chicago Bulls,22000697,2021-03-27T00:00:00,CHI @ SAS,L,25.58333333333333,9.4,22.5,0.417,3.8,9.4,0.4,1.9,1.9,1.0,0.0,9.4,9.4,7.5,1.9,1.9,1.9,1.9,7.5,1.9,24.4,11.3,56.3,0,0,52.5,1,11623,1,11623,9995,7698,5132,12627,5855,6542,6751,10704,12103,1,11150,5863,8829,4942,11511,7282,4606,4715,3321,14034,8237,7208,5391,1849,143,5852,1,25:35,2020,2021
2020-21,202696,Nikola Vučević,Nikola,1610612741,CHI,Chicago Bulls,22000697,2021-03-27T00:00:00,CHI @ SAS,L,31.766666666666666,13.6,24.2,0.563,3.0,6.0,0.5,1.5,1.5,1.0,3.0,10.6,13.6,4.5,0.0,0.0,0.0,1.5,6.0,1.5,31.7,-36.3,54.8,0,0,52.9,1,11623,1,11623,5240,2677,3951,6323,7374,11510,3573,11420,12461,1,5620,4553,4553,9246,14317,10665,7210,6072,5272,15206,4297,20416,5889,1849,143,5721,1,31:46,2020,2021
2020-21,1630172,Patrick Williams,Patrick,1610612741,CHI,Chicago Bulls,22000697,2021-03-27T00:00:00,CHI @ SAS,L,19.05,7.6,17.6,0.429,0.0,5.0,0.0,0.0,0.0,0.0,2.5,5.0,7.6,2.5,5.0,0.0,0.0,0.0,0.0,0.0,15.1,-58.0,22.9,0,0,25.2,1,11623,1,11623,14890,10775,9985,11933,12591,13075,12591,12008,12752,12008,6780,13259,11505,13719,3723,10665,7210,7735,18137,16020,14549,21937,19354,1849,143,18458,1,19:03,2020,2021
2020-21,1628374,Lauri Markkanen,Lauri,1610612741,CHI,Chicago Bulls,22000697,2021-03-27T00:00:00,CHI @ SAS,L,26.1,7.4,18.4,0.4,1.8,11.0,0.167,1.8,1.8,1.0,0.0,5.5,5.5,0.0,1.8,0.0,0.0,0.0,3.7,1.8,18.4,-38.6,23.2,0,0,25.7,1,11623,1,11623,9562,11129,9177,12966,10432,4545,12017,10773,12134,1,11150,12283,14923,16819,11647,10665,7210,7735,10879,14153,12288,20692,19289,1849,143,18271,1,26:06,2020,2021
2020-21,1629750,Javonte Green,Javonte,1610612741,CHI,Chicago Bulls,22000697,2021-03-27T00:00:00,CHI @ SAS,L,10.466666666666669,0.0,9.2,0.0,0.0,4.6,0.0,0.0,0.0,0.0,0.0,18.3,18.3,0.0,9.2,4.6,9.2,4.6,9.2,0.0,0.0,22.9,54.1,0,0,45.9,1,11623,1,11623,19481,19893,18870,19893,12591,13753,12591,12008,12752,12008,11150,697,1943,16819,784,1726,222,889,1996,16020,20448,4089,6165,1849,143,8809,1,10:28,2020,2021
2020-21,1628972,Troy Brown Jr.,Troy,1610612741,CHI,Chicago Bulls,22000697,2021-03-27T00:00:00,CHI @ SAS,L,13.55,10.6,14.2,0.75,3.5,3.5,1.0,3.5,3.5,1.0,0.0,3.5,3.5,10.6,0.0,0.0,0.0,0.0,7.1,3.5,28.3,42.5,48.5,0,0,46.1,1,11623,1,11623,18205,5851,13924,1826,6287,15212,1,7854,9747,1,11150,16204,18097,2265,14317,10665,7210,7735,3761,9679,5942,1403,8408,1849,143,8705,1,13:33,2020,2021
2020-21,1627853,Ryan Arcidiacono,Ryan,1610612741,CHI,Chicago Bulls,22000697,2021-03-27T00:00:00,CHI @ SAS,L,1.7666666666666666,0.0,0.0,0.0,0.0,0.0,0.0,27.2,54.3,0.5,0.0,0.0,0.0,0.0,0.0,0.0,0.0,0.0,0.0,27.2,27.2,0.0,27.2,0,0,27.2,1,11623,1,11623,22495,19893,21894,19893,12591,17891,12591,76,30,9461,11150,19725,20503,16819,14317,10665,7210,7735,18137,37,6597,10797,17967,1849,143,17723,1,1:46,2020,2021
2020-21,1626245,Cristiano Felicio,Cristiano,1610612741,CHI,Chicago Bulls,22000697,2021-03-27T00:00:00,CHI @ SAS,L,1.7666666666666666,0.0,0.0,0.0,0.0,0.0,0.0,27.2,54.3,0.5,0.0,0.0,0.0,0.0,0.0,0.0,0.0,0.0,0.0,27.2,27.2,0.0,27.2,0,0,27.2,1,11623,1,11623,22495,19893,21894,19893,12591,17891,12591,76,30,9461,11150,19725,20503,16819,14317,10665,7210,7735,18137,37,6597,10797,17967,1849,143,17723,1,1:46,2020,2021
2020-21,202066,Garrett Temple,Garrett,1610612741,CHI,Chicago Bulls,22000697,2021-03-27T00:00:00,CHI @ SAS,L,22.45,4.3,10.7,0.4,0.0,6.4,0.0,0.0,0.0,0.0,2.1,4.3,6.4,8.6,0.0,2.1,0.0,0.0,4.3,2.1,8.6,-17.1,35.5,0,0,27.8,1,11623,1,11623,12341,16475,17568,12966,12591,10932,12591,12008,12752,12008,7605,14732,13399,3833,14317,6480,7210,7735,9128,13383,18495,16848,14492,1849,143,17469,1,22:27,2020,2021
2020-21,202329,Al-Farouq Aminu,Al-Farouq,1610612741,CHI,Chicago Bulls,22000697,2021-03-27T00:00:00,CHI @ SAS,L,12.3,0.0,3.9,0.0,0.0,3.9,0.0,7.8,7.8,1.0,0.0,19.5,19.5,0.0,7.8,0.0,0.0,0.0,7.8,7.8,7.8,39.0,23.4,0,0,27.3,1,11623,1,11623,18766,19893,21579,19893,12591,14755,12591,2708,4209,1,11150,535,1590,16819,1230,10665,7210,7735,3009,2722,18869,1711,19227,1849,143,17653,1,12:18,2020,2021
2020-21,1627756,Denzel Valentine,Denzel,1610612741,CHI,Chicago Bulls,22000697,2021-03-27T00:00:00,CHI @ SAS,L,5.8,8.3,41.4,0.2,0.0,16.6,0.0,0.0,0.0,0.0,8.3,8.3,16.6,0.0,0.0,0.0,0.0,8.3,8.3,0.0,16.6,-74.5,36.4,0,0,33.1,1,11623,1,11623,20869,9524,146,18781,12591,1018,12591,12008,12752,12008,1164,7367,2708,16819,14317,10665,7210,218,2624,16020,13552,22380,14065,1849,143,15076,1,5:48,2020,2021
2020-21,203897,Zach LaVine,Zach,1610612741,CHI,Chicago Bulls,22000671,2021-03-24T00:00:00,CHI vs. CLE,L,34.236666666666665,11.2,28.0,0.4,5.6,12.6,0.444,2.8,2.8,1.0,0.0,4.2,4.2,5.6,7.0,0.0,1.4,1.4,4.2,5.6,30.8,-16.8,41.5,0,0,49.1,1,11623,1,11623,3429,5079,1904,12966,2787,3055,6201,9218,11087,1,11150,14878,17073,7339,1676,10665,6276,6624,9323,5434,4684,16787,11652,1849,143,7329,1,34:14,2020,2021
2020-21,201152,Thaddeus Young,Thaddeus,1610612741,CHI,Chicago Bulls,22000671,2021-03-24T00:00:00,CHI vs. CLE,L,21.08333333333333,9.1,13.7,0.667,0.0,0.0,0.0,0.0,0.0,0.0,2.3,9.1,11.4,2.3,9.1,2.3,6.8,0.0,2.3,0.0,18.2,-34.2,53.5,0,0,50.1,1,11623,1,11623,13366,8177,14492,2900,12591,17891,12591,12008,12752,12008,7314,6266,6515,14277,806,6152,508,7735,15033,16020,12410,20136,6388,1849,143,6882,1,21:05,2020,2021
2020-21,203490,Otto Porter Jr.,Otto,1610612741,CHI,Chicago Bulls,22000671,2021-03-24T00:00:00,CHI vs. CLE,L,16.3,8.8,14.7,0.6,0.0,5.9,0.0,0.0,0.0,0.0,5.9,8.8,14.7,2.9,2.9,2.9,0.0,0.0,0.0,2.9,17.7,2.9,45.6,0,0,41.2,1,11623,1,11623,16719,8608,13287,4810,12591,11726,12591,12008,12752,12008,2289,6609,3751,12640,8125,4181,7210,7735,18137,11173,12785,10100,9725,1849,143,11026,1,16:18,2020,2021
2020-21,203107,Tomas Satoransky,Tomas,1610612741,CHI,Chicago Bulls,22000671,2021-03-24T00:00:00,CHI vs. CLE,L,25.516666666666666,7.5,15.0,0.5,1.9,5.6,0.333,3.8,3.8,1.0,0.0,3.8,3.8,7.5,3.8,0.0,0.0,1.9,3.8,3.8,20.7,-37.6,32.7,0,0,33.9,1,11623,1,11623,10053,10838,12916,7582,10326,12079,7875,7504,9395,1,11150,15790,17801,4919,6125,10665,7210,4703,10639,9179,10646,20583,15793,1849,143,14717,1,25:31,2020,2021
2020-21,1627853,Ryan Arcidiacono,Ryan,1610612741,CHI,Chicago Bulls,22000671,2021-03-24T00:00:00,CHI vs. CLE,L,15.163333333333334,3.2,9.5,0.333,3.2,6.3,0.5,6.3,6.3,1.0,0.0,6.3,6.3,9.5,0.0,0.0,0.0,3.2,3.2,3.2,15.8,-15.8,37.7,0,0,34.8,1,11623,1,11623,17396,18052,18622,15094,7031,11050,3573,4000,5760,1,11150,10735,13548,3030,14317,10665,7210,2074,12237,10571,14055,16506,13493,1849,143,14271,1,15:10,2020,2021
2020-21,1627756,Denzel Valentine,Denzel,1610612741,CHI,Chicago Bulls,22000671,2021-03-24T00:00:00,CHI vs. CLE,L,13.166666666666666,0.0,7.3,0.0,0.0,3.6,0.0,0.0,0.0,0.0,3.6,7.3,10.9,3.6,0.0,0.0,0.0,0.0,3.6,0.0,0.0,18.2,18.6,0,0,14.6,1,11623,1,11623,18404,19893,20182,19893,12591,15077,12591,12008,12752,12008,4592,8973,6988,11096,14317,10665,7210,7735,10969,16020,20448,5221,20495,1849,143,21203,1,13:10,2020,2021
2020-21,1630172,Patrick Williams,Patrick,1610612741,CHI,Chicago Bulls,22000671,2021-03-24T00:00:00,CHI vs. CLE,L,31.98333333333333,3.0,9.0,0.333,0.0,1.5,0.0,1.5,3.0,0.5,1.5,6.0,7.5,1.5,1.5,1.5,0.0,0.0,1.5,1.5,7.5,-13.5,21.8,0,0,19.5,1,11623,1,11623,5083,18276,19012,15094,12591,17632,12591,11440,10700,9461,9630,11347,11601,16225,13073,8902,7210,7735,17104,15241,19002,15841,19732,1849,143,20196,1,31:59,2020,2021
2020-21,1628976,Wendell Carter Jr.,Wendell,1610612741,CHI,Chicago Bulls,22000671,2021-03-24T00:00:00,CHI vs. CLE,L,22.383333333333333,6.4,10.7,0.6,0.0,0.0,0.0,2.1,4.3,0.5,4.3,15.0,19.3,2.1,2.1,0.0,0.0,2.1,4.3,6.4,15.0,10.7,39.2,0,0,36.5,1,11623,1,11623,12395,12812,17535,4810,12591,17891,12591,10327,8518,9461,3720,1634,1654,14559,10682,10665,7210,4048,9090,4224,14628,7407,12709,1849,143,13444,1,22:23,2020,2021
2020-21,1628374,Lauri Markkanen,Lauri,1610612741,CHI,Chicago Bulls,22000671,2021-03-24T00:00:00,CHI vs. CLE,L,29.183333333333334,11.5,24.7,0.467,1.6,8.2,0.2,3.3,3.3,1.0,3.3,4.9,8.2,3.3,0.0,1.6,0.0,3.3,1.6,3.3,28.0,-9.9,47.7,0,0,44.4,1,11623,1,11623,7195,4710,3598,10758,11061,8166,11380,8261,10168,1,5127,13464,10483,11826,14317,8208,7210,1935,16647,10254,6159,14742,8761,1849,143,9465,1,29:11,2020,2021
2020-21,1629632,Coby White,Coby,1610612741,CHI,Chicago Bulls,22000671,2021-03-24T00:00:00,CHI vs. CLE,L,26.45,7.3,21.8,0.333,1.8,9.1,0.2,3.6,3.6,1.0,1.8,3.6,5.4,5.4,1.8,3.6,0.0,1.8,0.0,3.6,20.0,18.1,43.7,0,0,39.9,1,11623,1,11623,9288,11332,5783,15094,10506,6977,11380,7709,9604,1,8480,16051,15057,7623,11742,2893,7210,4891,18137,9469,11178,5246,10565,1849,143,11698,1,26:27,2020,2021
2020-21,1629655,Daniel Gafford,Daniel,1610612741,CHI,Chicago Bulls,22000671,2021-03-24T00:00:00,CHI vs. CLE,L,4.533333333333333,10.6,10.6,1.0,0.0,0.0,0.0,0.0,0.0,0.0,0.0,31.8,31.8,0.0,0.0,0.0,0.0,0.0,0.0,0.0,21.2,10.6,59.3,0,0,52.9,1,11623,1,11623,21355,5905,17659,1,12591,17891,12591,12008,12752,12008,11150,80,200,16819,14317,10665,7210,7735,18137,16020,10343,7440,4404,1849,143,5703,1,4:32,2020,2021
2020-21,201152,Thaddeus Young,Thaddeus,1610612741,CHI,Chicago Bulls,22000656,2021-03-22T00:00:00,CHI vs. UTA,L,25.683333333333334,13.1,26.2,0.5,0.0,0.0,0.0,0.0,0.0,0.0,9.3,7.5,16.8,3.7,1.9,1.9,0.0,1.9,0.0,0.0,26.2,-3.7,55.7,0,0,50.5,1,11623,1,11623,9895,3098,2699,7582,12591,17891,12591,12008,12752,12008,866,8662,2588,10919,11546,7316,7210,4744,18137,16020,7187,12627,5615,1849,143,6711,1,25:41,2020,2021
2020-21,1630172,Patrick Williams,Patrick,1610612741,CHI,Chicago Bulls,22000656,2021-03-22T00:00:00,CHI vs. UTA,L,30.58333333333333,4.7,9.4,0.5,0.0,3.1,0.0,0.0,0.0,0.0,0.0,6.3,6.3,1.6,1.6,1.6,1.6,0.0,3.1,0.0,9.4,-3.1,27.2,0,0,23.5,1,11623,1,11623,6132,15782,18691,7582,12591,15710,12591,12008,12752,12008,11150,10842,13645,16036,12763,8559,5578,7735,12311,16020,18046,12426,17977,1849,143,19002,1,30:35,2020,2021
2020-21,1627756,Denzel Valentine,Denzel,1610612741,CHI,Chicago Bulls,22000656,2021-03-22T00:00:00,CHI vs. UTA,L,16.433333333333334,0.0,11.7,0.0,0.0,11.7,0.0,5.8,5.8,1.0,0.0,2.9,2.9,2.9,2.9,0.0,0.0,0.0,0.0,2.9,5.8,-67.2,10.8,0,0,11.7,1,11623,1,11623,16628,19893,16618,19893,12591,3882,12591,4491,6317,1,11150,17264,18865,12694,8196,10665,7210,7735,18137,11234,19656,22229,21673,1849,143,21600,1,16:26,2020,2021
2020-21,203107,Tomas Satoransky,Tomas,1610612741,CHI,Chicago Bulls,22000656,2021-03-22T00:00:00,CHI vs. UTA,L,30.3,7.9,11.1,0.714,0.0,1.6,0.0,4.8,4.8,1.0,0.0,3.2,3.2,6.3,1.6,1.6,3.2,0.0,3.2,3.2,20.6,-6.3,46.6,0,0,39.6,1,11623,1,11623,6348,10126,17201,2429,12591,17562,12591,5924,7850,1,11150,16807,18572,6339,12692,8496,2332,7735,12222,10563,10712,13562,9284,1849,143,11855,1,30:18,2020,2021
2020-21,1627853,Ryan Arcidiacono,Ryan,1610612741,CHI,Chicago Bulls,22000656,2021-03-22T00:00:00,CHI vs. UTA,L,8.966666666666667,0.0,16.1,0.0,0.0,5.4,0.0,0.0,0.0,0.0,0.0,5.4,5.4,5.4,0.0,0.0,0.0,0.0,21.4,0.0,0.0,-107.1,14.5,0,0,10.7,1,11623,1,11623,19942,19893,11760,19893,12591,12541,12591,12008,12752,12008,11150,12638,15217,7781,14317,10665,7210,7735,185,16020,20448,22743,21235,1849,143,21701,1,8:58,2020,2021
2020-21,1628976,Wendell Carter Jr.,Wendell,1610612741,CHI,Chicago Bulls,22000656,2021-03-22T00:00:00,CHI vs. UTA,L,17.881666666666668,8.1,13.4,0.6,0.0,0.0,0.0,0.0,0.0,0.0,8.1,13.4,21.5,5.4,2.7,2.7,0.0,2.7,2.7,5.4,16.1,-40.3,55.3,0,0,48.3,1,11623,1,11623,15693,9889,14738,4810,12591,17891,12591,12008,12752,12008,1226,2378,1128,7742,8982,4919,7210,2920,13843,5850,13849,20847,5750,1849,143,7624,1,17:53,2020,2021
2020-21,203490,Otto Porter Jr.,Otto,1610612741,CHI,Chicago Bulls,22000656,2021-03-22T00:00:00,CHI vs. UTA,L,19.53333333333333,2.5,9.8,0.25,0.0,2.5,0.0,0.0,0.0,0.0,0.0,14.7,14.7,4.9,4.9,0.0,0.0,0.0,4.9,7.4,4.9,-17.2,25.1,0,0,24.6,1,11623,1,11623,14538,18978,18322,17720,12591,16607,12591,12008,12752,12008,11150,1741,3736,8581,3904,10665,7210,7735,7609,3113,19971,16876,18714,1849,143,18681,1,19:32,2020,2021
2020-21,1628374,Lauri Markkanen,Lauri,1610612741,CHI,Chicago Bulls,22000656,2021-03-22T00:00:00,CHI vs. UTA,L,18.83333333333333,7.6,30.6,0.25,0.0,5.1,0.0,5.1,5.1,1.0,5.1,12.7,17.8,2.5,0.0,2.5,0.0,5.1,0.0,2.5,20.4,-25.5,53.3,0,0,45.9,1,11623,1,11623,15045,10604,1111,17720,12591,12967,12591,5424,7349,1,2897,2794,2130,13664,14317,5346,7210,677,18137,12300,10859,18731,6477,1849,143,8799,1,18:50,2020,2021
2020-21,1629690,Adam Mokoka,Adam,1610612741,CHI,Chicago Bulls,22000656,2021-03-22T00:00:00,CHI vs. UTA,L,2.7666666666666666,17.3,17.3,1.0,0.0,0.0,0.0,0.0,0.0,0.0,0.0,0.0,0.0,0.0,0.0,0.0,0.0,0.0,0.0,0.0,34.7,-52.0,34.7,0,0,34.7,1,11623,1,11623,22085,856,10317,1,12591,17891,12591,12008,12752,12008,11150,19725,20503,16819,14317,10665,7210,7735,18137,16020,3074,21699,14853,1849,143,14332,1,2:46,2020,2021
2020-21,1629655,Daniel Gafford,Daniel,1610612741,CHI,Chicago Bulls,22000656,2021-03-22T00:00:00,CHI vs. UTA,L,9.285,10.3,15.5,0.667,0.0,0.0,0.0,5.2,10.3,0.5,15.5,0.0,15.5,0.0,0.0,0.0,0.0,0.0,0.0,10.3,25.8,5.2,44.5,0,0,41.4,1,11623,1,11623,19846,6238,12379,2900,12591,17891,12591,5303,2445,9461,179,19725,3282,16819,14317,10665,7210,7735,18137,1107,7353,9307,10273,1849,143,10958,1,9:17,2020,2021
2020-21,1628436,Luke Kornet,Luke,1610612741,CHI,Chicago Bulls,22000656,2021-03-22T00:00:00,CHI vs. UTA,L,2.2,0.0,0.0,0.0,0.0,0.0,0.0,0.0,0.0,0.0,0.0,0.0,0.0,0.0,0.0,0.0,0.0,0.0,0.0,0.0,0.0,-174.5,0.0,0,0,0.0,1,11623,1,11623,22337,19893,21894,19893,12591,17891,12591,12008,12752,12008,11150,19725,20503,16819,14317,10665,7210,7735,18137,16020,20448,22947,22167,1849,143,22207,1,2:12,2020,2021
2020-21,1626245,Cristiano Felicio,Cristiano,1610612741,CHI,Chicago Bulls,22000656,2021-03-22T00:00:00,CHI vs. UTA,L,1.6333333333333333,0.0,0.0,0.0,0.0,0.0,0.0,0.0,0.0,0.0,0.0,0.0,0.0,0.0,0.0,0.0,0.0,0.0,0.0,0.0,0.0,-117.6,0.0,0,0,0.0,1,11623,1,11623,22579,19893,21894,19893,12591,17891,12591,12008,12752,12008,11150,19725,20503,16819,14317,10665,7210,7735,18137,16020,20448,22797,22167,1849,143,22207,1,1:38,2020,2021
2020-21,203897,Zach LaVine,Zach,1610612741,CHI,Chicago Bulls,22000656,2021-03-22T00:00:00,CHI vs. UTA,L,32.45,14.8,37.0,0.4,5.9,14.8,0.4,4.4,4.4,1.0,1.5,8.9,10.4,5.9,4.4,0.0,0.0,1.5,3.0,7.4,39.9,-7.4,56.8,0,0,62.1,1,11623,1,11623,4723,1874,310,12966,2417,1698,6751,6381,8305,1,9734,6558,7639,6878,4649,10665,7210,6238,12851,3093,1693,13952,5210,1849,143,2839,1,32:27,2020,2021
2020-21,1629632,Coby White,Coby,1610612741,CHI,Chicago Bulls,22000656,2021-03-22T00:00:00,CHI vs. UTA,L,23.45,8.2,24.6,0.333,4.1,10.2,0.4,0.0,0.0,0.0,0.0,2.0,2.0,6.1,6.1,0.0,0.0,10.2,2.0,0.0,20.5,-47.1,26.0,0,0,32.8,1,11623,1,11623,11594,9669,3671,15094,5121,5472,6751,12008,12752,12008,11150,18701,19862,6599,2428,10665,7210,142,15553,16020,10805,21413,18401,1849,143,15270,1,23:27,2020,2021
2020-21,1627853,Ryan Arcidiacono,Ryan,1610612741,CHI,Chicago Bulls,22000649,2021-03-21T00:00:00,CHI @ DET,W,15.481666666666667,9.3,15.5,0.6,9.3,12.4,0.75,0.0,6.2,0.0,0.0,0.0,0.0,6.2,3.1,0.0,0.0,3.1,9.3,12.4,27.9,6.2,34.1,0,0,43.4,1,1,11433,1,17208,7828,12389,4810,611,3222,1455,12008,5904,12008,11150,19725,20503,6509,7671,10665,7210,2158,1924,558,6186,8938,15152,1849,143,9939,1,15:29,2020,2021
2020-21,1627756,Denzel Valentine,Denzel,1610612741,CHI,Chicago Bulls,22000649,2021-03-21T00:00:00,CHI @ DET,W,18.581666666666667,7.7,12.9,0.6,7.7,10.3,0.75,0.0,0.0,0.0,2.6,5.2,7.7,5.2,0.0,0.0,0.0,0.0,2.6,0.0,23.2,0.0,40.3,0,0,43.9,1,1,11433,1,15239,10436,15295,4810,1170,5373,1455,12008,12752,12008,6577,12995,11209,8089,14317,10665,7210,7735,14179,16020,8939,10797,12216,1849,143,9705,1,18:35,2020,2021
2020-21,1628976,Wendell Carter Jr.,Wendell,1610612741,CHI,Chicago Bulls,22000649,2021-03-21T00:00:00,CHI @ DET,W,13.623333333333331,0.0,7.0,0.0,0.0,0.0,0.0,14.1,14.1,1.0,3.5,7.0,10.6,0.0,0.0,0.0,3.5,0.0,3.5,7.0,14.1,-17.6,37.3,0,0,31.7,1,1,11433,1,18174,19893,20337,19893,12591,17891,12591,543,1094,1,4784,9417,7392,16819,14317,10665,1955,7735,11304,3444,15248,16985,13627,1849,143,15759,1,13:37,2020,2021
2020-21,1630172,Patrick Williams,Patrick,1610612741,CHI,Chicago Bulls,22000649,2021-03-21T00:00:00,CHI @ DET,W,34.016666666666666,7.1,7.1,1.0,0.0,0.0,0.0,0.0,0.0,0.0,0.0,9.9,9.9,1.4,2.8,0.0,2.8,0.0,4.2,0.0,14.1,12.7,33.7,0,0,31.0,1,1,11433,1,3599,11669,20327,1,12591,17891,12591,12008,12752,12008,11150,5263,8203,16452,8516,10665,2874,7735,9248,16020,15237,6773,15339,1849,143,16040,1,34:01,2020,2021
2020-21,203897,Zach LaVine,Zach,1610612741,CHI,Chicago Bulls,22000649,2021-03-21T00:00:00,CHI @ DET,W,32.501666666666665,8.9,23.6,0.375,4.4,10.3,0.429,4.4,4.4,1.0,0.0,4.4,4.4,1.5,5.9,0.0,1.5,3.0,0.0,3.0,26.6,17.7,32.6,0,0,39.9,1,1,11433,1,4690,8569,4331,14155,4511,5363,6364,6401,8324,1,11150,14446,16713,16276,2641,10665,5956,2388,18137,11160,6939,5376,15837,1849,143,11724,1,32:30,2020,2021
2020-21,203107,Tomas Satoransky,Tomas,1610612741,CHI,Chicago Bulls,22000649,2021-03-21T00:00:00,CHI @ DET,W,27.501666666666665,7.0,15.7,0.444,0.0,1.7,0.0,0.0,0.0,0.0,0.0,3.5,3.5,15.7,5.2,5.2,1.7,1.7,1.7,1.7,14.0,29.7,57.4,0,0,47.1,1,1,11433,1,8506,11796,12148,11399,12591,17385,12591,12008,12752,12008,11150,16283,18153,588,3445,1216,4992,5104,16339,14461,15331,2869,4990,1849,143,8236,1,27:30,2020,2021
2020-21,1629655,Daniel Gafford,Daniel,1610612741,CHI,Chicago Bulls,22000649,2021-03-21T00:00:00,CHI @ DET,W,13.833333333333334,13.9,13.9,1.0,0.0,0.0,0.0,0.0,0.0,0.0,13.9,24.3,38.2,0.0,6.9,0.0,6.9,0.0,10.4,3.5,27.8,34.7,87.4,0,0,79.8,1,1,11433,1,18075,2465,14215,1,12591,17891,12591,12008,12752,12008,255,211,95,16819,1726,10665,486,7735,1427,9840,6262,2158,491,1849,143,635,1,13:50,2020,2021
2020-21,1628374,Lauri Markkanen,Lauri,1610612741,CHI,Chicago Bulls,22000649,2021-03-21T00:00:00,CHI @ DET,W,28.95,9.9,24.9,0.4,5.0,14.9,0.333,1.7,1.7,1.0,1.7,11.6,13.3,0.0,0.0,0.0,1.7,0.0,3.3,3.3,26.5,33.2,47.4,0,0,48.1,1,1,11433,1,7369,6787,3467,12966,3687,1641,7875,11124,12305,1,9001,3647,4799,16819,14317,10665,5274,7735,11831,10193,6971,2367,8885,1849,143,7758,1,28:57,2020,2021
2020-21,1629632,Coby White,Coby,1610612741,CHI,Chicago Bulls,22000649,2021-03-21T00:00:00,CHI @ DET,W,16.915,5.7,19.9,0.286,2.8,5.7,0.5,5.7,5.7,1.0,0.0,8.5,8.5,11.4,11.4,5.7,0.0,0.0,2.8,5.7,19.9,-2.8,52.8,0,0,53.9,1,1,11433,1,16322,14114,7688,17105,7834,12017,3573,4678,6532,1,11150,7038,10073,1890,427,969,7210,7735,13256,5319,11254,12331,6657,1849,143,5346,1,16:55,2020,2021
2020-21,201152,Thaddeus Young,Thaddeus,1610612741,CHI,Chicago Bulls,22000649,2021-03-21T00:00:00,CHI @ DET,W,20.543333333333333,7.0,21.0,0.333,0.0,0.0,0.0,4.7,4.7,1.0,2.3,16.4,18.7,11.7,4.7,7.0,0.0,2.3,7.0,2.3,18.7,21.0,75.0,0,0,63.1,1,1,11433,1,13806,11751,6499,15094,12591,17891,12591,6026,7960,1,7189,1180,1836,1726,4251,537,7210,3648,3849,12880,12073,4530,1301,1849,143,2621,1,20:33,2020,2021
2020-21,203490,Otto Porter Jr.,Otto,1610612741,CHI,Chicago Bulls,22000649,2021-03-21T00:00:00,CHI @ DET,W,18.051666666666662,2.7,8.0,0.333,2.7,2.7,1.0,0.0,0.0,0.0,2.7,8.0,10.6,5.3,0.0,0.0,0.0,0.0,10.6,2.7,8.0,-8.0,28.7,0,0,26.6,1,1,11433,1,15561,18723,19763,15094,8359,16351,1,12008,12752,12008,6394,7849,7317,7845,14317,10665,7210,7735,1348,11991,18786,14144,17394,1849,143,17951,1,18:03,2020,2021
2020-21,1630172,Patrick Williams,Patrick,1610612741,CHI,Chicago Bulls,22000637,2021-03-19T00:00:00,CHI @ DEN,L,21.48333333333333,4.5,15.6,0.286,2.2,4.5,0.5,2.2,4.5,0.5,2.2,11.2,13.4,2.2,0.0,2.2,2.2,2.2,0.0,2.2,13.4,-8.9,46.2,0,0,40.2,1,11623,1,11623,13080,16166,12231,17105,9481,13914,3573,10211,8238,9461,7399,4038,4682,14355,14317,6242,3879,3857,18137,13145,15693,14445,9451,1849,143,11534,1,21:29,2020,2021
2020-21,203107,Tomas Satoransky,Tomas,1610612741,CHI,Chicago Bulls,22000637,2021-03-19T00:00:00,CHI @ DEN,L,30.816666666666663,3.1,4.7,0.667,1.6,3.1,0.5,4.7,6.2,0.75,1.6,3.1,4.7,7.8,6.2,0.0,0.0,0.0,4.7,3.1,12.5,-10.9,23.5,0,0,26.5,1,11623,1,11623,5956,18110,21369,2900,11347,15741,3573,6027,5870,7245,9393,16899,16307,4599,2350,10665,7210,7735,8160,10702,16299,15060,19192,1849,143,17994,1,30:49,2020,2021
2020-21,1628374,Lauri Markkanen,Lauri,1610612741,CHI,Chicago Bulls,22000637,2021-03-19T00:00:00,CHI @ DEN,L,29.071666666666665,6.6,18.2,0.364,3.3,9.9,0.333,0.0,1.7,0.0,1.7,1.7,3.3,3.3,1.7,1.7,0.0,0.0,1.7,1.7,16.5,3.3,28.7,0,0,29.7,1,11623,1,11623,7275,12529,9418,14681,6750,5866,7875,12008,12314,12008,9036,19235,18388,11799,12425,8192,7210,7735,16629,14743,13576,9971,17390,1849,143,16665,1,29:04,2020,2021
2020-21,1627756,Denzel Valentine,Denzel,1610612741,CHI,Chicago Bulls,22000637,2021-03-19T00:00:00,CHI @ DEN,L,20.3,7.1,14.2,0.5,2.4,7.1,0.333,2.4,2.4,1.0,0.0,9.5,9.5,7.1,2.4,2.4,0.0,0.0,0.0,2.4,18.9,16.6,45.6,0,0,42.6,1,11623,1,11623,13965,11622,13905,7582,9209,9871,7875,10048,11764,1,11150,5766,8733,5361,10087,5897,7210,7735,18137,12807,11909,5697,9726,1849,143,10364,1,20:18,2020,2021
2020-21,1627853,Ryan Arcidiacono,Ryan,1610612741,CHI,Chicago Bulls,22000637,2021-03-19T00:00:00,CHI @ DEN,L,16.933333333333334,8.5,14.2,0.6,0.0,2.8,0.0,2.8,2.8,1.0,0.0,2.8,2.8,2.8,0.0,5.7,0.0,0.0,5.7,8.5,19.8,-5.7,44.5,0,0,36.9,1,11623,1,11623,16308,9118,13920,4810,12591,16090,12591,9130,11013,1,11150,17439,18986,12914,14317,975,7210,7735,5958,2127,11271,13317,10255,1849,143,13244,1,16:56,2020,2021
2020-21,1628976,Wendell Carter Jr.,Wendell,1610612741,CHI,Chicago Bulls,22000637,2021-03-19T00:00:00,CHI @ DEN,L,23.433333333333334,4.1,10.2,0.4,2.0,2.0,1.0,2.0,8.2,0.25,4.1,8.2,12.3,10.2,0.0,0.0,0.0,2.0,8.2,8.2,12.3,-2.0,42.4,0,0,36.9,1,11623,1,11623,11608,16765,17994,12966,9908,17090,1,10452,3843,11895,3966,7488,5643,2502,14317,10665,7210,4272,2675,2366,16420,12055,11209,1849,143,13230,1,23:26,2020,2021
2020-21,1629632,Coby White,Coby,1610612741,CHI,Chicago Bulls,22000637,2021-03-19T00:00:00,CHI @ DEN,L,28.28333333333333,11.9,22.1,0.538,5.1,5.1,1.0,0.0,0.0,0.0,1.7,5.1,6.8,3.4,5.1,0.0,0.0,1.7,3.4,1.7,28.9,-1.7,37.0,0,0,44.1,1,11623,1,11623,7897,4291,5530,7057,3509,12981,1,12008,12752,12008,8850,13151,12804,11603,3647,10665,7210,5275,11630,14600,5653,11943,13806,1849,143,9602,1,28:17,2020,2021
2020-21,201152,Thaddeus Young,Thaddeus,1610612741,CHI,Chicago Bulls,22000637,2021-03-19T00:00:00,CHI @ DEN,L,28.18,8.5,11.9,0.714,1.7,1.7,1.0,0.0,1.7,0.0,5.1,11.9,17.0,10.2,3.4,1.7,0.0,0.0,6.8,5.1,18.7,-8.5,56.2,1,0,51.1,1,11623,1,11623,7986,9097,16401,2429,10836,17434,1,12008,12250,12008,2884,3388,2478,2513,6903,7958,7210,7735,4104,6333,12048,14312,5422,1,143,6450,1,28:11,2020,2021
2020-21,203897,Zach LaVine,Zach,1610612741,CHI,Chicago Bulls,22000637,2021-03-19T00:00:00,CHI @ DEN,L,37.65,12.7,25.5,0.5,3.8,11.5,0.333,11.5,11.5,1.0,0.0,2.5,2.5,5.1,3.8,0.0,0.0,0.0,2.5,5.1,40.8,-1.3,47.7,0,0,52.3,1,11623,1,11623,1261,3396,3053,7582,5701,4073,7875,1010,1909,1,11150,18004,19395,8208,5976,10665,7210,7735,14293,6357,1536,11748,8775,1849,143,5957,1,37:39,2020,2021
2020-21,203490,Otto Porter Jr.,Otto,1610612741,CHI,Chicago Bulls,22000637,2021-03-19T00:00:00,CHI @ DEN,L,28.848333333333333,15.0,21.6,0.692,6.7,11.6,0.571,0.0,0.0,0.0,0.0,6.7,6.7,5.0,3.3,0.0,1.7,0.0,3.3,3.3,36.6,-13.3,53.7,0,0,58.2,1,11623,1,11623,7457,1777,5924,2818,1803,3916,3225,12008,12752,12008,11150,10140,13033,8432,7071,10665,5258,7735,11801,10162,2514,15777,6296,1849,143,3897,1,28:51,2020,2021
2020-21,1628374,Lauri Markkanen,Lauri,1610612741,CHI,Chicago Bulls,22000621,2021-03-17T00:00:00,CHI vs. SAS,L,33.38333333333333,5.8,14.4,0.4,2.9,8.6,0.333,0.0,0.0,0.0,4.3,5.8,10.1,1.4,1.4,0.0,1.4,0.0,2.9,1.4,14.4,2.9,31.5,0,0,31.6,1,11623,1,11623,4079,13983,13663,12966,7714,7611,7875,12008,12752,12008,3688,11819,7988,16377,13370,10665,6112,7735,13118,15434,15046,10132,16311,1849,143,15792,1,33:23,2020,2021
2020-21,1627853,Ryan Arcidiacono,Ryan,1610612741,CHI,Chicago Bulls,22000621,2021-03-17T00:00:00,CHI vs. SAS,L,9.896666666666668,0.0,9.7,0.0,0.0,9.7,0.0,0.0,0.0,0.0,0.0,4.9,4.9,4.9,0.0,0.0,0.0,0.0,0.0,0.0,0.0,-58.2,13.1,0,0,9.7,1,11623,1,11623,19650,19893,18447,19893,12591,6130,12591,12008,12752,12008,11150,13642,16053,8704,14317,10665,7210,7735,18137,16020,20448,21948,21424,1849,143,21821,1,9:54,2020,2021
2020-21,1629632,Coby White,Coby,1610612741,CHI,Chicago Bulls,22000621,2021-03-17T00:00:00,CHI vs. SAS,L,22.511666666666667,6.4,23.5,0.273,2.1,14.9,0.143,4.3,4.3,1.0,2.1,4.3,6.4,0.0,6.4,4.3,0.0,2.1,8.5,2.1,19.2,-21.3,33.3,0,0,36.2,1,11623,1,11623,12314,12876,4460,17532,9703,1638,12315,6631,8561,1,7619,14754,13429,16819,2192,2050,7210,4077,2431,13395,11734,17862,15545,1849,143,13561,1,22:31,2020,2021
2020-21,203490,Otto Porter Jr.,Otto,1610612741,CHI,Chicago Bulls,22000621,2021-03-17T00:00:00,CHI vs. SAS,L,15.255,6.3,15.7,0.4,6.3,6.3,1.0,0.0,0.0,0.0,3.1,3.1,6.3,3.1,3.1,0.0,0.0,0.0,0.0,0.0,18.9,-31.5,28.0,0,0,34.6,1,11623,1,11623,17329,13054,12112,12966,2090,11119,1,12008,12752,12008,5367,16844,13616,12123,7553,10665,7210,7735,18137,16020,11938,19774,17654,1849,143,14374,1,15:15,2020,2021
2020-21,1630172,Patrick Williams,Patrick,1610612741,CHI,Chicago Bulls,22000621,2021-03-17T00:00:00,CHI vs. SAS,L,32.083333333333336,6.0,10.5,0.571,3.0,4.5,0.667,0.0,0.0,0.0,6.0,15.0,20.9,1.5,3.0,0.0,0.0,1.5,4.5,1.5,15.0,0.0,39.3,1,0,40.4,1,11623,1,11623,5018,13602,17771,5826,7437,13881,1828,12008,12752,12008,2222,1655,1221,16233,7995,10665,7210,6143,8597,15256,14657,10797,12660,1,143,11447,1,32:05,2020,2021
2020-21,1628976,Wendell Carter Jr.,Wendell,1610612741,CHI,Chicago Bulls,22000621,2021-03-17T00:00:00,CHI vs. SAS,L,17.27,8.3,19.5,0.429,0.0,0.0,0.0,11.1,11.1,1.0,5.6,11.1,16.7,5.6,2.8,0.0,0.0,2.8,11.1,5.6,27.8,-27.8,53.4,0,0,50.0,1,11623,1,11623,16092,9410,8104,11933,12591,17891,12591,1128,2077,1,2514,4092,2641,7435,8659,10665,7210,2727,1186,5533,6240,19176,6445,1849,143,6918,1,17:16,2020,2021
2020-21,1627756,Denzel Valentine,Denzel,1610612741,CHI,Chicago Bulls,22000621,2021-03-17T00:00:00,CHI vs. SAS,L,7.016666666666667,6.8,27.4,0.25,0.0,20.5,0.0,0.0,0.0,0.0,6.8,6.8,13.7,0.0,0.0,0.0,0.0,0.0,6.8,0.0,13.7,6.8,30.1,0,0,27.4,1,11623,1,11623,20481,12075,2154,17720,12591,396,12591,12008,12752,12008,1750,9783,4484,16819,14317,10665,7210,7735,4063,16020,15519,8697,16882,1849,143,17630,1,7:01,2020,2021
2020-21,203107,Tomas Satoransky,Tomas,1610612741,CHI,Chicago Bulls,22000621,2021-03-17T00:00:00,CHI vs. SAS,L,34.13333333333333,4.2,11.3,0.375,1.4,4.2,0.333,0.0,0.0,0.0,1.4,1.4,2.8,9.8,1.4,1.4,0.0,1.4,1.4,0.0,9.8,-5.6,30.8,0,0,26.7,1,11623,1,11623,3508,16569,17033,14155,11894,14266,7875,12008,12752,12008,10113,19541,19024,2764,13535,9455,7210,6605,17438,16020,17826,13299,16598,1849,143,17905,1,34:08,2020,2021
2020-21,201152,Thaddeus Young,Thaddeus,1610612741,CHI,Chicago Bulls,22000621,2021-03-17T00:00:00,CHI vs. SAS,L,30.73,12.5,25.0,0.5,0.0,0.0,0.0,0.0,0.0,0.0,1.6,10.9,12.5,7.8,9.4,3.1,1.6,1.6,6.2,1.6,25.0,4.7,56.4,0,0,54.7,1,11623,1,11623,6019,3646,3402,7582,12591,17891,12591,12008,12752,12008,9376,4261,5468,4573,734,3803,5610,5830,4948,15013,7875,9459,5361,1849,143,5075,1,30:44,2020,2021
2020-21,203897,Zach LaVine,Zach,1610612741,CHI,Chicago Bulls,22000621,2021-03-17T00:00:00,CHI vs. SAS,L,37.72,15.3,26.7,0.571,3.8,8.9,0.429,2.5,3.8,0.667,0.0,7.6,7.6,7.6,2.5,1.3,1.3,1.3,3.8,2.5,36.9,6.4,62.6,0,0,61.1,1,11623,1,11623,1229,1626,2430,5826,5717,7211,6364,9767,9309,8322,11150,8375,11372,4777,9509,10266,6873,7334,10474,12309,2436,8874,3477,1849,143,3104,1,37:43,2020,2021
2020-21,203490,Otto Porter Jr.,Otto,1610612741,CHI,Chicago Bulls,22000612,2021-03-16T00:00:00,CHI vs. OKC,W,19.49833333333333,7.4,14.8,0.5,2.5,4.9,0.5,2.5,2.5,1.0,4.9,2.5,7.4,7.4,2.5,0.0,0.0,0.0,4.9,2.5,19.7,29.5,37.2,0,0,36.9,1,1,11433,1,14577,11066,13229,7582,8970,13264,3573,9909,11673,1,3045,18147,11801,5051,9785,10665,7210,7735,7587,12554,11385,2884,13722,1849,143,13188,1,19:30,2020,2021
2020-21,1628374,Lauri Markkanen,Lauri,1610612741,CHI,Chicago Bulls,22000612,2021-03-16T00:00:00,CHI vs. OKC,W,32.251666666666665,10.4,20.8,0.5,4.5,13.4,0.333,7.4,10.4,0.714,1.5,6.0,7.4,1.5,1.5,0.0,3.0,1.5,4.5,7.4,32.7,37.2,51.3,0,0,52.1,1,1,11433,1,4886,6132,6697,7582,4446,2490,7875,3002,2404,8162,9686,11428,11705,16250,13124,10665,2607,6198,8656,3057,3828,1883,7223,1849,143,6031,1,32:15,2020,2021
2020-21,201152,Thaddeus Young,Thaddeus,1610612741,CHI,Chicago Bulls,22000612,2021-03-16T00:00:00,CHI vs. OKC,W,22.25,17.3,23.7,0.727,0.0,0.0,0.0,2.2,2.2,1.0,6.5,15.1,21.6,12.9,6.5,4.3,0.0,4.3,2.2,4.3,36.7,17.3,88.4,1,0,79.8,1,1,11433,1,12497,881,4275,2334,12591,17891,12591,10308,11918,1,1949,1601,1109,1227,2125,2000,7210,1029,15287,7858,2502,5484,458,1,143,634,1,22:15,2020,2021
2020-21,203897,Zach LaVine,Zach,1610612741,CHI,Chicago Bulls,22000612,2021-03-16T00:00:00,CHI vs. OKC,W,30.966666666666665,23.3,31.0,0.75,10.9,18.6,0.583,4.7,4.7,1.0,1.6,3.1,4.7,3.1,1.6,1.6,0.0,0.0,3.1,4.7,62.0,55.8,75.3,0,0,83.7,1,1,11433,1,5846,168,1006,1826,349,603,3209,6064,7995,1,9419,16934,16358,12239,12845,8661,7210,7735,12412,7181,167,724,1256,1849,143,450,1,30:58,2020,2021
2020-21,1629655,Daniel Gafford,Daniel,1610612741,CHI,Chicago Bulls,22000612,2021-03-16T00:00:00,CHI vs. OKC,W,3.0,16.0,32.0,0.5,0.0,0.0,0.0,0.0,0.0,0.0,32.0,0.0,32.0,0.0,16.0,0.0,0.0,16.0,0.0,0.0,32.0,-64.0,54.4,0,0,64.0,1,1,11433,1,21995,1276,808,7582,12591,17891,12591,12008,12752,12008,21,19725,195,16819,161,10665,7210,50,18137,16020,4175,22128,6068,1849,143,2425,1,3:00,2020,2021
2020-21,203107,Tomas Satoransky,Tomas,1610612741,CHI,Chicago Bulls,22000612,2021-03-16T00:00:00,CHI vs. OKC,W,30.635,6.3,11.0,0.571,1.6,4.7,0.333,6.3,6.3,1.0,0.0,3.1,3.1,11.0,3.1,4.7,0.0,0.0,4.7,3.1,20.4,43.9,51.5,0,0,45.4,1,1,11433,1,6096,13104,17318,5826,11317,13595,7875,4067,5832,1,11150,16870,18609,2087,7588,1619,7210,7735,8096,10659,10877,1304,7145,1849,143,9030,1,30:38,2020,2021
2020-21,1628976,Wendell Carter Jr.,Wendell,1610612741,CHI,Chicago Bulls,22000612,2021-03-16T00:00:00,CHI vs. OKC,W,22.75,8.4,16.9,0.5,0.0,0.0,0.0,2.1,4.2,0.5,2.1,16.9,19.0,4.2,2.1,0.0,2.1,0.0,2.1,4.2,19.0,35.9,52.3,0,0,46.4,1,1,11433,1,12147,9218,10850,7582,12591,17891,12591,10363,8634,9461,7662,1025,1746,9860,10777,10665,4103,7735,15391,8062,11845,2017,6848,1849,143,8557,1,22:45,2020,2021
2020-21,1629690,Adam Mokoka,Adam,1610612741,CHI,Chicago Bulls,22000612,2021-03-16T00:00:00,CHI vs. OKC,W,1.55,0.0,0.0,0.0,0.0,0.0,0.0,0.0,0.0,0.0,0.0,0.0,0.0,0.0,0.0,0.0,0.0,0.0,0.0,0.0,0.0,-61.9,0.0,0,0,0.0,1,1,11433,1,22614,19893,21894,19893,12591,17891,12591,12008,12752,12008,11150,19725,20503,16819,14317,10665,7210,7735,18137,16020,20448,22053,22167,1849,143,22207,1,1:33,2020,2021
2020-21,1630172,Patrick Williams,Patrick,1610612741,CHI,Chicago Bulls,22000612,2021-03-16T00:00:00,CHI vs. OKC,W,24.315,2.0,17.8,0.111,0.0,3.9,0.0,0.0,0.0,0.0,0.0,5.9,5.9,0.0,2.0,0.0,2.0,5.9,2.0,0.0,3.9,-5.9,15.0,0,0,13.8,1,1,11433,1,10940,19475,9842,19785,12591,14695,12591,12008,12752,12008,11150,11483,14239,16819,11214,10665,4380,467,15713,16020,20226,13411,21144,1849,143,21316,1,24:19,2020,2021
2020-21,1627853,Ryan Arcidiacono,Ryan,1610612741,CHI,Chicago Bulls,22000612,2021-03-16T00:00:00,CHI vs. OKC,W,13.75,7.0,20.9,0.333,0.0,7.0,0.0,0.0,0.0,0.0,3.5,3.5,7.0,0.0,0.0,0.0,0.0,3.5,7.0,0.0,14.0,-24.4,22.3,0,0,20.9,1,1,11433,1,18112,11791,6578,15094,12591,10040,12591,12008,12752,12008,4835,16277,12488,16819,14317,10665,7210,1730,3880,16020,15330,18528,19554,1849,143,19809,1,13:45,2020,2021
2020-21,1627756,Denzel Valentine,Denzel,1610612741,CHI,Chicago Bulls,22000612,2021-03-16T00:00:00,CHI vs. OKC,W,10.7,4.5,17.9,0.25,0.0,13.5,0.0,0.0,0.0,0.0,4.5,4.5,9.0,0.0,0.0,0.0,0.0,0.0,0.0,0.0,9.0,-71.8,19.7,0,0,17.9,1,1,11433,1,19395,16124,9626,17720,12591,2448,12591,12008,12752,12008,3472,14310,9412,16819,14317,10665,7210,7735,18137,16020,18271,22341,20241,1849,143,20576,1,10:42,2020,2021
2020-21,1629632,Coby White,Coby,1610612741,CHI,Chicago Bulls,22000612,2021-03-16T00:00:00,CHI vs. OKC,W,28.33333333333333,3.4,11.9,0.286,0.0,5.1,0.0,0.0,0.0,0.0,0.0,1.7,1.7,5.1,0.0,3.4,0.0,1.7,3.4,0.0,6.8,18.6,26.6,0,0,20.3,1,1,11433,1,7860,17767,16461,17105,12591,12995,12591,12008,12752,12008,11150,19156,20155,8243,14317,3281,7210,5287,11641,16020,19286,5111,18172,1849,143,19975,1,28:20,2020,2021
2020-21,1628374,Lauri Markkanen,Lauri,1610612741,CHI,Chicago Bulls,22000600,2021-03-14T00:00:00,CHI vs. TOR,W,32.06666666666667,6.0,18.0,0.333,3.0,13.5,0.222,4.5,4.5,1.0,0.0,10.5,10.5,1.5,0.0,1.5,1.5,1.5,0.0,6.0,19.5,12.0,43.3,0,0,40.4,1,1,11433,1,5029,13589,9613,15094,7427,2441,11295,6297,8213,1,11150,4649,7499,16231,14317,8920,5864,6138,18137,4851,11553,7005,10793,1849,143,11438,1,32:04,2020,2021
2020-21,1629632,Coby White,Coby,1610612741,CHI,Chicago Bulls,22000600,2021-03-14T00:00:00,CHI vs. TOR,W,27.4,8.8,21.0,0.417,3.5,14.0,0.25,1.8,3.5,0.5,0.0,7.0,7.0,8.8,5.3,0.0,1.8,1.8,5.3,1.8,22.8,42.0,44.3,0,0,45.5,1,1,11433,1,8575,8713,6503,12627,6367,2128,10244,10924,9807,9461,11150,9488,12446,3642,3411,10665,4977,5079,6822,14428,9244,1443,10323,1849,143,8970,1,27:24,2020,2021
2020-21,1628436,Luke Kornet,Luke,1610612741,CHI,Chicago Bulls,22000600,2021-03-14T00:00:00,CHI vs. TOR,W,1.2,0.0,0.0,0.0,0.0,0.0,0.0,0.0,0.0,0.0,0.0,0.0,0.0,0.0,0.0,0.0,0.0,0.0,0.0,0.0,0.0,80.0,0.0,0,0,0.0,1,1,11433,1,22760,19893,21894,19893,12591,17891,12591,12008,12752,12008,11150,19725,20503,16819,14317,10665,7210,7735,18137,16020,20448,271,22167,1849,143,22207,1,1:12,2020,2021
2020-21,1627756,Denzel Valentine,Denzel,1610612741,CHI,Chicago Bulls,22000600,2021-03-14T00:00:00,CHI vs. TOR,W,19.795,9.7,17.0,0.571,7.3,14.5,0.5,0.0,0.0,0.0,0.0,12.1,12.1,4.8,0.0,2.4,0.0,0.0,2.4,0.0,26.7,21.8,55.8,0,0,55.8,1,1,11433,1,14342,7177,10750,5826,1423,1814,3573,12008,12752,12008,11150,3241,5805,8705,14317,5725,7210,7735,14664,16020,6874,4377,5585,1849,143,4671,1,19:48,2020,2021
2020-21,1627853,Ryan Arcidiacono,Ryan,1610612741,CHI,Chicago Bulls,22000600,2021-03-14T00:00:00,CHI vs. TOR,W,11.233333333333333,0.0,8.5,0.0,0.0,8.5,0.0,0.0,0.0,0.0,0.0,4.3,4.3,8.5,0.0,0.0,0.0,0.0,8.5,12.8,0.0,29.9,17.9,0,0,12.8,1,1,11433,1,19219,19893,19355,19893,12591,7718,12591,12008,12752,12008,11150,14740,16958,3838,14317,10665,7210,7735,2408,483,20448,2837,20620,1849,143,21454,1,11:14,2020,2021
2020-21,203897,Zach LaVine,Zach,1610612741,CHI,Chicago Bulls,22000600,2021-03-14T00:00:00,CHI vs. TOR,W,33.53333333333333,5.7,14.3,0.4,1.4,7.2,0.2,8.6,11.5,0.75,0.0,8.6,8.6,4.3,4.3,0.0,1.4,2.9,1.4,7.2,21.5,22.9,38.2,0,0,38.6,1,1,11433,1,3967,14022,13730,12966,11808,9763,11380,2215,1916,7245,11150,6929,9980,9697,4929,10665,6134,2553,17344,3331,10152,4095,13200,1849,143,12337,1,33:32,2020,2021
2020-21,201152,Thaddeus Young,Thaddeus,1610612741,CHI,Chicago Bulls,22000600,2021-03-14T00:00:00,CHI vs. TOR,W,22.616666666666667,10.6,21.2,0.5,0.0,0.0,0.0,0.0,0.0,0.0,6.4,8.5,14.9,14.9,4.2,0.0,0.0,4.2,4.2,2.1,21.2,21.2,57.1,0,0,50.9,1,1,11433,1,12239,5877,6306,7582,12591,17891,12591,12008,12752,12008,1999,7074,3667,729,5022,10665,7210,1064,9223,13418,10322,4499,5107,1849,143,6515,1,22:37,2020,2021
2020-21,1628976,Wendell Carter Jr.,Wendell,1610612741,CHI,Chicago Bulls,22000600,2021-03-14T00:00:00,CHI vs. TOR,W,18.85,10.2,22.9,0.444,0.0,0.0,0.0,10.2,12.7,0.8,10.2,17.8,28.0,2.5,0.0,2.5,2.5,0.0,10.2,10.2,30.6,30.6,83.3,1,0,71.3,1,1,11433,1,15030,6451,4845,11399,12591,17891,12591,1459,1479,6837,678,783,367,13666,14317,5353,3365,7735,1518,1171,4798,2727,670,1,143,1312,1,18:51,2020,2021
2020-21,203107,Tomas Satoransky,Tomas,1610612741,CHI,Chicago Bulls,22000600,2021-03-14T00:00:00,CHI vs. TOR,W,25.555,7.5,15.0,0.5,3.8,7.5,0.5,0.0,0.0,0.0,5.6,5.6,11.3,13.1,5.6,1.9,3.8,0.0,5.6,1.9,18.8,5.6,63.3,0,0,58.2,1,1,11433,1,10024,10852,12944,7582,5848,9198,3573,12008,12752,12008,2451,12053,6637,1164,2918,7275,1743,7735,6029,14032,12012,9132,3295,1849,143,3899,1,25:33,2020,2021
2020-21,1630172,Patrick Williams,Patrick,1610612741,CHI,Chicago Bulls,22000600,2021-03-14T00:00:00,CHI vs. TOR,W,26.566666666666663,16.3,25.3,0.643,1.8,7.2,0.25,7.2,9.0,0.8,3.6,7.2,10.8,7.2,0.0,1.8,1.8,0.0,7.2,5.4,41.6,16.3,76.2,0,0,68.7,1,1,11433,1,9202,1175,3187,4072,10533,9662,10244,3171,3208,6837,4640,9078,7093,5221,14317,7561,4806,7735,3626,5761,1405,5778,1172,1849,143,1647,1,26:34,2020,2021
2020-21,203490,Otto Porter Jr.,Otto,1610612741,CHI,Chicago Bulls,22000600,2021-03-14T00:00:00,CHI vs. TOR,W,21.183333333333334,11.3,29.5,0.385,2.3,13.6,0.167,0.0,0.0,0.0,4.5,11.3,15.9,6.8,0.0,2.3,0.0,2.3,0.0,0.0,24.9,34.0,61.0,0,0,54.4,1,1,11433,1,13315,4913,1428,13990,9428,2364,12017,12008,12752,12008,3425,3890,3086,5735,14317,6169,7210,3789,18137,16020,7926,2251,3914,1849,143,5159,1,21:11,2020,2021
2020-21,203490,Otto Porter Jr.,Otto,1610612741,CHI,Chicago Bulls,22000582,2021-03-12T00:00:00,CHI vs. MIA,L,12.458333333333334,0.0,11.6,0.0,0.0,3.9,0.0,0.0,0.0,0.0,0.0,15.4,15.4,7.7,3.9,0.0,0.0,0.0,7.7,0.0,0.0,3.9,26.2,0,0,23.1,1,11623,1,11623,18700,19893,16751,19893,12591,14823,12591,12008,12752,12008,11150,1483,3341,4691,5904,10665,7210,7735,3117,16020,20448,9794,18320,1849,143,19135,1,12:28,2020,2021
2020-21,1629632,Coby White,Coby,1610612741,CHI,Chicago Bulls,22000582,2021-03-12T00:00:00,CHI vs. MIA,L,33.75,4.3,18.5,0.231,2.8,11.4,0.25,0.0,0.0,0.0,1.4,2.8,4.3,7.1,0.0,2.8,0.0,0.0,4.3,4.3,11.4,-11.4,35.7,0,0,31.3,1,11623,1,11623,3803,16488,9067,18536,7805,4164,10244,12008,12752,12008,10034,17426,16967,5339,14317,4450,7210,7735,9149,7952,16992,15209,14409,1849,143,15938,1,33:45,2020,2021
2020-21,1628976,Wendell Carter Jr.,Wendell,1610612741,CHI,Chicago Bulls,22000582,2021-03-12T00:00:00,CHI vs. MIA,L,22.45,2.1,10.7,0.2,0.0,0.0,0.0,4.3,4.3,1.0,8.6,12.8,21.4,6.4,0.0,0.0,0.0,2.1,4.3,6.4,8.6,-23.5,43.8,0,0,36.3,1,11623,1,11623,12341,19298,17568,18781,12591,17891,12591,6618,8546,1,1070,2750,1144,6250,14317,10665,7210,4065,9128,4248,18495,18340,10529,1849,143,13515,1,22:27,2020,2021
2020-21,203897,Zach LaVine,Zach,1610612741,CHI,Chicago Bulls,22000582,2021-03-12T00:00:00,CHI vs. MIA,L,37.6,12.8,20.4,0.625,7.7,10.2,0.75,5.1,5.1,1.0,0.0,7.7,7.7,7.7,6.4,0.0,2.6,1.3,3.8,5.1,38.3,-11.5,60.3,0,0,66.4,1,11623,1,11623,1293,3380,7072,4319,1223,5499,1455,5409,7330,1,11150,8337,11338,4749,2202,10665,3353,7314,10436,6336,2060,15244,4108,1849,143,1999,1,37:36,2020,2021
2020-21,1628374,Lauri Markkanen,Lauri,1610612741,CHI,Chicago Bulls,22000582,2021-03-12T00:00:00,CHI vs. MIA,L,33.05,11.6,26.1,0.444,5.8,14.5,0.4,0.0,0.0,0.0,1.5,7.3,8.7,2.9,2.9,0.0,0.0,0.0,2.9,1.5,29.0,-13.1,41.0,0,0,46.5,1,11623,1,11623,4308,4589,2708,11399,2544,1829,6751,12008,12752,12008,9875,9022,9805,12731,8254,10665,7210,7735,13013,15388,5548,15708,11883,1849,143,8510,1,33:03,2020,2021
2020-21,203107,Tomas Satoransky,Tomas,1610612741,CHI,Chicago Bulls,22000582,2021-03-12T00:00:00,CHI vs. MIA,L,15.766666666666667,3.0,18.3,0.167,0.0,9.1,0.0,0.0,0.0,0.0,0.0,3.0,3.0,9.1,3.0,0.0,0.0,3.0,0.0,0.0,6.1,-3.0,20.4,0,0,18.3,1,11623,1,11623,17012,18233,9303,19313,12591,6887,12591,12008,12752,12008,11150,17037,18727,3334,7841,10665,7210,2242,18137,16020,19568,12396,20085,1849,143,20509,1,15:46,2020,2021
2020-21,1630172,Patrick Williams,Patrick,1610612741,CHI,Chicago Bulls,22000582,2021-03-12T00:00:00,CHI vs. MIA,L,20.6,2.3,14.0,0.167,2.3,2.3,1.0,0.0,0.0,0.0,2.3,2.3,4.7,0.0,7.0,2.3,0.0,4.7,0.0,0.0,7.0,-37.3,12.6,0,0,18.6,1,11623,1,11623,13747,19113,14118,19313,9286,16747,1,12008,12752,12008,7204,18338,16340,16819,1688,5999,7210,855,18137,16020,19205,20541,21486,1849,143,20418,1,20:36,2020,2021
2020-21,202066,Garrett Temple,Garrett,1610612741,CHI,Chicago Bulls,22000582,2021-03-12T00:00:00,CHI vs. MIA,L,21.391666666666666,4.5,13.5,0.333,2.2,6.7,0.333,0.0,0.0,0.0,0.0,2.2,2.2,0.0,2.2,0.0,0.0,0.0,2.2,0.0,11.2,-2.2,11.7,0,0,15.7,1,11623,1,11623,13153,16123,14687,15094,9466,10410,7875,12008,12752,12008,11150,18439,19699,16819,10402,10665,7210,7735,15100,16020,17063,12103,21587,1849,143,21018,1,21:24,2020,2021
2020-21,201152,Thaddeus Young,Thaddeus,1610612741,CHI,Chicago Bulls,22000582,2021-03-12T00:00:00,CHI vs. MIA,L,25.55,11.3,24.4,0.462,0.0,0.0,0.0,1.9,1.9,1.0,7.5,11.3,18.8,5.6,3.8,1.9,1.9,1.9,1.9,3.8,24.4,0.0,62.9,1,0,56.4,1,11623,1,11623,10026,4984,3755,10881,12591,17891,12591,10702,12100,1,1420,3940,1808,7289,6138,7271,4597,4708,15945,9189,8215,10797,3382,1,143,4480,1,25:33,2020,2021
2020-21,1627756,Denzel Valentine,Denzel,1610612741,CHI,Chicago Bulls,22000582,2021-03-12T00:00:00,CHI vs. MIA,L,17.383333333333333,5.5,16.6,0.333,2.8,11.0,0.25,0.0,0.0,0.0,2.8,16.6,19.3,2.8,2.8,2.8,0.0,0.0,5.5,0.0,13.8,-2.8,46.7,0,0,44.2,1,11623,1,11623,16008,14387,11200,15094,8053,4522,10244,12008,12752,12008,6161,1115,1635,13123,8721,4681,7210,7735,6264,16020,15433,12297,9236,1849,143,9575,1,17:23,2020,2021
2020-21,1629632,Coby White,Coby,1610612741,CHI,Chicago Bulls,22000572,2021-03-11T00:00:00,CHI vs. PHI,L,24.616666666666667,13.6,31.2,0.438,7.8,13.6,0.571,0.0,0.0,0.0,0.0,3.9,3.9,7.8,1.9,0.0,0.0,5.8,5.8,3.9,35.1,-21.4,49.5,0,0,54.6,1,11623,1,11623,10703,2630,977,11830,1154,2334,3225,12008,12752,12008,11150,15534,17597,4586,11288,10665,7210,484,5631,8810,2948,17894,7974,1849,143,5096,1,24:37,2020,2021
2020-21,1628374,Lauri Markkanen,Lauri,1610612741,CHI,Chicago Bulls,22000572,2021-03-11T00:00:00,CHI vs. PHI,L,27.53333333333333,13.9,19.2,0.727,12.2,12.2,1.0,0.0,0.0,0.0,0.0,7.0,7.0,0.0,1.7,0.0,1.7,1.7,1.7,1.7,40.1,-22.7,52.0,0,0,62.8,1,11623,1,11623,8480,2417,8367,2334,217,3400,1,12008,12752,12008,11150,9553,12500,16819,12027,10665,4995,5107,16343,14466,1662,18156,6987,1849,143,2696,1,27:32,2020,2021
2020-21,1627853,Ryan Arcidiacono,Ryan,1610612741,CHI,Chicago Bulls,22000572,2021-03-11T00:00:00,CHI vs. PHI,L,6.866666666666666,0.0,14.0,0.0,0.0,7.0,0.0,0.0,0.0,0.0,0.0,7.0,7.0,0.0,7.0,0.0,0.0,0.0,0.0,0.0,0.0,14.0,1.4,0,0,7.0,1,11623,1,11623,20530,19893,14109,19893,12591,10023,12591,12008,12752,12008,11150,9521,12477,16819,1686,10665,7210,7735,18137,16020,20448,6407,22145,1849,143,22031,1,6:52,2020,2021
2020-21,1627756,Denzel Valentine,Denzel,1610612741,CHI,Chicago Bulls,22000572,2021-03-11T00:00:00,CHI vs. PHI,L,4.966666666666667,9.7,9.7,1.0,0.0,0.0,0.0,0.0,0.0,0.0,0.0,9.7,9.7,9.7,9.7,0.0,0.0,0.0,0.0,0.0,19.3,0.0,35.8,0,0,38.7,1,11623,1,11623,21207,7224,18486,1,12591,17891,12591,12008,12752,12008,11150,5488,8446,2897,643,10665,7210,7735,18137,16020,11634,10797,14384,1849,143,12328,1,4:58,2020,2021
2020-21,1628436,Luke Kornet,Luke,1610612741,CHI,Chicago Bulls,22000572,2021-03-11T00:00:00,CHI vs. PHI,L,7.75,0.0,6.2,0.0,0.0,6.2,0.0,0.0,12.4,0.0,0.0,0.0,0.0,0.0,0.0,0.0,6.2,0.0,0.0,12.4,0.0,-61.9,18.6,0,0,12.4,1,11623,1,11623,20266,19893,20808,19893,12591,11278,12591,12008,1590,12008,11150,19725,20503,16819,14317,10665,635,7735,18137,561,20448,22060,20496,1849,143,21502,1,7:45,2020,2021
2020-21,203107,Tomas Satoransky,Tomas,1610612741,CHI,Chicago Bulls,22000572,2021-03-11T00:00:00,CHI vs. PHI,L,24.966666666666665,3.8,7.7,0.5,0.0,3.8,0.0,7.7,7.7,1.0,0.0,1.9,1.9,7.7,5.8,0.0,0.0,0.0,1.9,3.8,15.4,-46.1,23.5,0,0,25.0,1,11623,1,11623,10476,17174,19952,7582,12591,14830,12591,2786,4313,1,11150,18857,19957,4711,2773,10665,7210,7735,15831,8949,14391,21333,19212,1849,143,18529,1,24:58,2020,2021
2020-21,1629655,Daniel Gafford,Daniel,1610612741,CHI,Chicago Bulls,22000572,2021-03-11T00:00:00,CHI vs. PHI,L,9.516666666666667,10.1,10.1,1.0,0.0,0.0,0.0,0.0,0.0,0.0,5.0,5.0,10.1,5.0,0.0,0.0,0.0,0.0,15.1,0.0,20.2,40.4,39.8,0,0,35.3,1,11623,1,11623,19764,6583,18119,1,12591,17891,12591,12008,12752,12008,2948,13244,7953,8323,14317,10665,7210,7735,489,16020,11010,1581,12439,1849,143,14031,1,9:31,2020,2021
2020-21,202066,Garrett Temple,Garrett,1610612741,CHI,Chicago Bulls,22000572,2021-03-11T00:00:00,CHI vs. PHI,L,19.835,2.4,7.3,0.333,0.0,0.0,0.0,0.0,0.0,0.0,0.0,4.8,4.8,2.4,2.4,2.4,0.0,0.0,7.3,2.4,4.8,-36.3,19.1,0,0,16.9,1,11623,1,11623,14296,19023,20204,15094,12591,17891,12591,12008,12752,12008,11150,13671,16070,13955,9924,5746,7210,7735,3588,12665,19996,20419,20388,1849,143,20800,1,19:50,2020,2021
2020-21,1628976,Wendell Carter Jr.,Wendell,1610612741,CHI,Chicago Bulls,22000572,2021-03-11T00:00:00,CHI vs. PHI,L,15.1,9.5,25.4,0.375,0.0,3.2,0.0,6.4,6.4,1.0,9.5,19.1,28.6,3.2,6.4,0.0,6.4,3.2,9.5,6.4,25.4,-41.3,77.2,0,0,69.9,1,11623,1,11623,17422,7440,3091,14155,12591,15663,12591,3974,5727,1,817,594,332,12062,2229,10665,605,2059,1787,4321,7604,20937,1076,1849,143,1453,1,15:06,2020,2021
2020-21,201152,Thaddeus Young,Thaddeus,1610612741,CHI,Chicago Bulls,22000572,2021-03-11T00:00:00,CHI vs. PHI,L,17.333333333333332,16.6,24.9,0.667,0.0,0.0,0.0,5.5,5.5,1.0,11.1,11.1,22.2,5.5,5.5,0.0,5.5,2.8,2.8,2.8,38.8,-19.4,84.7,0,0,77.5,1,11623,1,11623,16044,1054,3436,2900,12591,17891,12591,4843,6721,1,537,4117,1006,7466,3047,10665,803,2745,13512,11686,1943,17396,598,1849,143,757,1,17:20,2020,2021
2020-21,203897,Zach LaVine,Zach,1610612741,CHI,Chicago Bulls,22000572,2021-03-11T00:00:00,CHI vs. PHI,L,32.05,10.5,24.0,0.438,1.5,7.5,0.2,6.0,6.0,1.0,0.0,6.0,6.0,10.5,6.0,0.0,0.0,0.0,1.5,4.5,28.5,-22.5,45.4,0,0,46.4,1,11623,1,11623,5039,6048,4103,11830,11567,9242,11380,4316,6146,1,11150,11365,14136,2346,2555,10665,7210,7735,17117,7492,5883,18115,9856,1849,143,8548,1,32:03,2020,2021
2020-21,203490,Otto Porter Jr.,Otto,1610612741,CHI,Chicago Bulls,22000572,2021-03-11T00:00:00,CHI vs. PHI,L,17.666666666666668,2.7,16.3,0.167,2.7,8.2,0.333,0.0,0.0,0.0,0.0,8.2,8.2,2.7,5.4,2.7,0.0,0.0,0.0,0.0,8.2,-32.6,24.7,0,0,27.2,1,11623,1,11623,15829,18643,11494,19313,8183,8256,7875,12008,12752,12008,11150,7550,10580,13239,3168,4824,7210,7735,18137,16020,18685,19919,18822,1849,143,17743,1,17:40,2020,2021
2020-21,1630172,Patrick Williams,Patrick,1610612741,CHI,Chicago Bulls,22000572,2021-03-11T00:00:00,CHI vs. PHI,L,31.79833333333333,1.5,6.0,0.25,1.5,3.0,0.5,1.5,3.0,0.5,0.0,1.5,1.5,6.0,1.5,1.5,0.0,1.5,4.5,3.0,6.0,0.0,19.9,0,0,18.1,1,11623,1,11623,5215,19815,20883,17720,11523,15882,3573,11427,10660,9461,11150,19427,20323,6718,13041,8863,7210,6082,8503,10976,19591,10797,20206,1849,143,20539,1,31:48,2020,2021
2020-21,1629655,Daniel Gafford,Daniel,1610612741,CHI,Chicago Bulls,22000548,2021-03-03T00:00:00,CHI @ NOP,W,5.75,8.3,8.3,1.0,0.0,0.0,0.0,8.3,16.7,0.5,8.3,33.4,41.7,0.0,0.0,0.0,8.3,0.0,8.3,8.3,25.0,-58.4,100.2,0,0,83.5,1,1,11433,1,20889,9383,19510,1,12591,17891,12591,2346,628,9461,1140,70,61,16819,14317,10665,307,7735,2558,2249,7837,21958,212,1849,143,461,1,5:45,2020,2021
2020-21,201152,Thaddeus Young,Thaddeus,1610612741,CHI,Chicago Bulls,22000548,2021-03-03T00:00:00,CHI @ NOP,W,27.666666666666668,13.9,17.3,0.8,0.0,0.0,0.0,3.5,5.2,0.667,0.0,8.7,8.7,5.2,3.5,1.7,5.2,0.0,3.5,5.2,31.2,5.2,66.8,0,0,59.0,1,1,11433,1,8389,2465,10317,1469,12591,17891,12591,7972,7179,8322,11150,6809,9855,8034,6760,7826,906,7735,11428,6147,4506,9293,2500,1849,143,3680,1,27:40,2020,2021
2020-21,1629632,Coby White,Coby,1610612741,CHI,Chicago Bulls,22000548,2021-03-03T00:00:00,CHI @ NOP,W,32.78333333333333,11.7,23.4,0.5,5.9,10.2,0.571,7.3,7.3,1.0,0.0,2.9,2.9,4.4,1.5,1.5,0.0,1.5,4.4,7.3,36.6,10.2,49.6,0,0,52.7,1,1,11433,1,4506,4482,4477,7582,2483,5456,3225,3087,4690,1,11150,17252,18860,9502,13240,9103,7210,6298,8845,3164,2517,7553,7926,1849,143,5781,1,32:47,2020,2021
2020-21,1627756,Denzel Valentine,Denzel,1610612741,CHI,Chicago Bulls,22000548,2021-03-03T00:00:00,CHI @ NOP,W,14.55,16.5,33.0,0.5,3.3,6.6,0.5,0.0,0.0,0.0,6.6,6.6,13.2,0.0,6.6,0.0,0.0,3.3,3.3,3.3,36.3,-23.1,45.5,0,0,52.8,1,1,11433,1,17732,1090,651,7582,6755,10638,3573,12008,12752,12008,1882,10241,4847,16819,2019,10665,7210,1922,11877,10225,2604,18247,9779,1849,143,5759,1,14:33,2020,2021
2020-21,203897,Zach LaVine,Zach,1610612741,CHI,Chicago Bulls,22000548,2021-03-03T00:00:00,CHI @ NOP,W,35.016666666666666,16.4,26.0,0.632,5.5,11.0,0.5,11.0,11.0,1.0,1.4,1.4,2.7,11.0,5.5,2.7,0.0,1.4,1.4,6.9,49.3,20.6,71.8,0,0,74.0,1,1,11433,1,2880,1108,2756,4296,2962,4625,3573,1193,2150,1,10310,19568,19121,2089,3119,4751,7210,6804,17570,3656,561,4618,1691,1849,143,1047,1,35:01,2020,2021
2020-21,1630172,Patrick Williams,Patrick,1610612741,CHI,Chicago Bulls,22000548,2021-03-03T00:00:00,CHI @ NOP,W,26.196666666666665,11.0,12.8,0.857,1.8,3.7,0.5,0.0,0.0,0.0,0.0,7.3,7.3,1.8,1.8,0.0,5.5,0.0,9.2,1.8,23.8,-31.1,50.0,0,0,45.8,1,1,11433,1,9500,5342,15412,1219,10453,15053,3573,12008,12752,12008,11150,8896,11888,15324,11671,10665,817,7735,2012,14171,8597,19719,7759,1849,143,8837,1,26:12,2020,2021
2020-21,1627853,Ryan Arcidiacono,Ryan,1610612741,CHI,Chicago Bulls,22000548,2021-03-03T00:00:00,CHI @ NOP,W,13.315,7.2,18.0,0.4,3.6,14.4,0.25,0.0,0.0,0.0,0.0,3.6,3.6,3.6,0.0,0.0,0.0,0.0,3.6,0.0,18.0,-10.8,27.8,0,0,28.8,1,1,11433,1,18335,11423,9551,12966,6140,1896,10244,12008,12752,12008,11150,16092,18019,11174,14317,10665,7210,7735,11083,16020,12538,15027,17767,1849,143,17045,1,13:19,2020,2021
2020-21,202066,Garrett Temple,Garrett,1610612741,CHI,Chicago Bulls,22000548,2021-03-03T00:00:00,CHI @ NOP,W,36.55,2.6,13.1,0.2,0.0,3.9,0.0,5.3,5.3,1.0,2.6,3.9,6.6,5.3,2.6,1.3,0.0,1.3,1.3,2.6,10.5,26.3,27.6,0,0,25.0,1,1,11433,1,1865,18769,15065,18781,12591,14705,12591,5198,7108,1,6478,15447,13178,7964,9233,10045,7210,7127,17786,12077,17459,3414,17839,1849,143,18542,1,36:33,2020,2021
2020-21,1628976,Wendell Carter Jr.,Wendell,1610612741,CHI,Chicago Bulls,22000548,2021-03-03T00:00:00,CHI @ NOP,W,27.421666666666667,5.3,19.3,0.273,1.8,1.8,1.0,0.0,0.0,0.0,12.3,14.0,26.3,7.0,0.0,0.0,1.8,3.5,5.3,1.8,12.3,38.5,59.5,0,0,50.8,1,1,11433,1,8560,14875,8297,17532,10703,17380,1,12008,12752,12008,383,2089,493,5475,14317,10665,4984,1721,6836,14439,16451,1761,4328,1849,143,6589,1,27:25,2020,2021
2020-21,203107,Tomas Satoransky,Tomas,1610612741,CHI,Chicago Bulls,22000548,2021-03-03T00:00:00,CHI @ NOP,W,20.75,2.3,11.6,0.2,0.0,2.3,0.0,0.0,0.0,0.0,0.0,4.6,4.6,9.3,4.6,2.3,0.0,0.0,6.9,0.0,4.6,-30.1,26.4,0,0,23.1,1,1,11433,1,13626,19135,16735,18781,12591,16773,12591,12008,12752,12008,11150,14049,16385,3231,4335,6041,7210,7735,3925,16020,20059,19542,18258,1849,143,19127,1,20:45,2020,2021
2020-21,202066,Garrett Temple,Garrett,1610612741,CHI,Chicago Bulls,22000531,2021-03-01T00:00:00,CHI vs. DEN,L,23.133333333333333,8.3,16.6,0.5,0.0,6.2,0.0,2.1,2.1,1.0,2.1,4.1,6.2,4.1,0.0,0.0,2.1,0.0,10.4,2.1,18.7,-22.8,38.6,0,0,33.2,1,11623,1,11623,11842,9486,11160,7582,12591,11233,12591,10414,11968,1,7763,15002,13740,10019,14317,10665,4159,7735,1443,13540,12083,18182,13018,1849,143,15029,1,23:08,2020,2021
2020-21,1627756,Denzel Valentine,Denzel,1610612741,CHI,Chicago Bulls,22000531,2021-03-01T00:00:00,CHI vs. DEN,L,24.83333333333333,9.7,29.0,0.333,5.8,15.5,0.375,0.0,0.0,0.0,0.0,7.7,7.7,5.8,0.0,0.0,0.0,1.9,1.9,1.9,25.1,21.3,43.1,0,0,44.5,1,11623,1,11623,10564,7224,1554,15094,2554,1379,7570,12008,12752,12008,11150,8225,11237,7050,14317,10665,7210,4565,15811,13887,7783,4492,10871,1849,143,9450,1,24:50,2020,2021
2020-21,1630172,Patrick Williams,Patrick,1610612741,CHI,Chicago Bulls,22000531,2021-03-01T00:00:00,CHI vs. DEN,L,31.971666666666668,7.5,16.5,0.455,3.0,6.0,0.5,1.5,4.5,0.333,3.0,3.0,6.0,0.0,0.0,0.0,1.5,1.5,1.5,3.0,19.5,-34.5,31.2,0,0,31.5,1,11623,1,11623,5089,10869,11265,11074,7414,11558,3573,11438,8195,11706,5661,17110,14110,16819,14317,10665,5845,6121,17102,11018,11517,20180,16433,1849,143,15840,1,31:58,2020,2021
2020-21,203107,Tomas Satoransky,Tomas,1610612741,CHI,Chicago Bulls,22000531,2021-03-01T00:00:00,CHI vs. DEN,L,19.933333333333334,2.4,9.6,0.25,2.4,4.8,0.5,0.0,0.0,0.0,2.4,7.2,9.6,12.0,0.0,0.0,0.0,0.0,0.0,0.0,7.2,2.4,36.8,0,0,31.3,1,11623,1,11623,14228,19036,18513,17720,9106,13405,3573,12008,12752,12008,7044,9082,8488,1558,14317,10665,7210,7735,18137,16020,19117,10340,13879,1849,143,15932,1,19:56,2020,2021
2020-21,1628436,Luke Kornet,Luke,1610612741,CHI,Chicago Bulls,22000531,2021-03-01T00:00:00,CHI vs. DEN,L,10.861666666666666,8.8,17.7,0.5,8.8,17.7,0.5,0.0,0.0,0.0,0.0,0.0,0.0,4.4,0.0,0.0,0.0,0.0,0.0,0.0,26.5,70.7,33.1,0,0,39.8,1,11623,1,11623,19350,8599,9934,7582,730,753,3573,12008,12752,12008,11150,19725,20503,9460,14317,10665,7210,7735,18137,16020,6983,399,15605,1849,143,11781,1,10:52,2020,2021
2020-21,1627853,Ryan Arcidiacono,Ryan,1610612741,CHI,Chicago Bulls,22000531,2021-03-01T00:00:00,CHI vs. DEN,L,9.116666666666667,5.3,10.5,0.5,5.3,10.5,0.5,10.5,10.5,1.0,0.0,5.3,5.3,0.0,0.0,5.3,0.0,0.0,0.0,5.3,26.3,42.1,48.4,0,0,47.4,1,11623,1,11623,19899,14845,17710,7582,3242,5129,3573,1323,2352,1,11150,12824,15361,16819,14317,1190,7210,7735,18137,6015,7094,1437,8451,1849,143,8118,1,9:07,2020,2021
2020-21,201152,Thaddeus Young,Thaddeus,1610612741,CHI,Chicago Bulls,22000531,2021-03-01T00:00:00,CHI vs. DEN,L,28.48333333333333,10.1,15.2,0.667,0.0,0.0,0.0,0.0,0.0,0.0,6.7,3.4,10.1,6.7,3.4,8.4,0.0,0.0,1.7,1.7,20.2,6.7,64.4,0,0,53.9,1,11623,1,11623,7738,6544,12796,2900,12591,17891,12591,12008,12752,12008,1810,16478,7926,5814,6982,294,7210,7735,16509,14625,10980,8733,3045,1849,143,5343,1,28:29,2020,2021
2020-21,203897,Zach LaVine,Zach,1610612741,CHI,Chicago Bulls,22000531,2021-03-01T00:00:00,CHI vs. DEN,L,31.866666666666667,13.6,30.1,0.45,1.5,12.1,0.125,6.0,9.0,0.667,1.5,12.1,13.6,7.5,6.0,1.5,1.5,3.0,4.5,6.0,34.6,-30.1,65.2,0,0,63.3,1,11623,1,11623,5157,2722,1230,11351,11538,3528,12466,4293,3204,8322,9609,3284,4585,4910,2520,8875,5831,2298,8535,4798,3106,19546,2833,1849,143,2587,1,31:52,2020,2021
2020-21,1629632,Coby White,Coby,1610612741,CHI,Chicago Bulls,22000531,2021-03-01T00:00:00,CHI vs. DEN,L,37.1,9.1,22.0,0.412,2.6,9.1,0.286,5.2,5.2,1.0,3.9,9.1,12.9,3.9,3.9,0.0,0.0,1.3,3.9,5.2,25.9,-5.2,43.3,1,0,45.3,1,11623,1,11623,1536,8251,5592,12852,8582,6996,9877,5290,7221,1,4279,6323,5071,10611,5830,10665,7210,7235,10271,6203,7335,13130,10751,1,143,9090,1,37:06,2020,2021
2020-21,1628976,Wendell Carter Jr.,Wendell,1610612741,CHI,Chicago Bulls,22000531,2021-03-01T00:00:00,CHI vs. DEN,L,22.7,4.2,8.5,0.5,0.0,0.0,0.0,8.5,12.7,0.667,4.2,2.1,6.3,4.2,2.1,0.0,0.0,2.1,8.5,8.5,16.9,-25.4,28.8,0,0,27.5,1,11623,1,11623,12182,16547,19427,7582,12591,17891,12591,2283,1494,8322,3789,18612,13523,9833,10760,10665,7210,4114,2486,2163,13288,18704,17379,1849,143,17583,1,22:42,2020,2021
2020-21,203897,Zach LaVine,Zach,1610612741,CHI,Chicago Bulls,22000508,2021-02-26T00:00:00,CHI vs. PHX,L,33.03333333333333,13.1,23.2,0.563,5.8,11.6,0.5,2.9,5.8,0.5,0.0,1.5,1.5,5.8,7.3,0.0,0.0,0.0,5.8,2.9,34.9,-14.5,38.1,0,0,48.0,1,11623,1,11623,4317,3103,4604,6323,2539,3937,3573,8984,6353,9461,11150,19491,20364,7025,1533,10665,7210,7735,5696,11277,3012,16141,13278,1849,143,7831,1,33:02,2020,2021
2020-21,1628436,Luke Kornet,Luke,1610612741,CHI,Chicago Bulls,22000508,2021-02-26T00:00:00,CHI vs. PHX,L,11.833333333333334,16.2,20.3,0.8,12.2,16.2,0.75,0.0,0.0,0.0,4.1,16.2,20.3,0.0,0.0,0.0,12.2,0.0,0.0,0.0,44.6,24.3,105.5,0,0,101.4,1,11623,1,11623,18997,1188,7228,1469,220,1108,1455,12008,12752,12008,4015,1215,1388,16819,14317,10665,102,7735,18137,16020,984,3793,163,1849,143,141,1,11:50,2020,2021
2020-21,1627756,Denzel Valentine,Denzel,1610612741,CHI,Chicago Bulls,22000508,2021-02-26T00:00:00,CHI vs. PHX,L,20.761666666666667,4.6,18.5,0.25,0.0,9.2,0.0,0.0,0.0,0.0,0.0,11.6,11.6,9.2,0.0,2.3,0.0,0.0,0.0,2.3,9.2,6.9,43.9,0,0,34.7,1,11623,1,11623,13623,15899,9059,17720,12591,6718,12591,12008,12752,12008,11150,3689,6341,3238,14317,6044,7210,7735,18137,12943,18133,8665,10487,1849,143,14346,1,20:46,2020,2021
2020-21,202066,Garrett Temple,Garrett,1610612741,CHI,Chicago Bulls,22000508,2021-02-26T00:00:00,CHI vs. PHX,L,31.73333333333333,3.0,7.6,0.4,1.5,4.5,0.333,0.0,0.0,0.0,0.0,3.0,3.0,3.0,3.0,0.0,0.0,0.0,4.5,0.0,7.6,-19.7,12.7,0,0,15.1,1,11623,1,11623,5253,18256,20033,12966,11512,13817,7875,12008,12752,12008,11150,17074,18748,12447,7905,10665,7210,7735,8486,16020,18977,17460,21472,1849,143,21125,1,31:44,2020,2021
2020-21,1629632,Coby White,Coby,1610612741,CHI,Chicago Bulls,22000508,2021-02-26T00:00:00,CHI vs. PHX,L,31.166666666666668,10.8,24.6,0.438,1.5,9.2,0.167,6.2,6.2,1.0,0.0,7.7,7.7,6.2,4.6,0.0,0.0,3.1,4.6,3.1,29.3,-13.9,43.1,0,0,44.7,1,11623,1,11623,5693,5626,3620,11830,11407,6728,12017,4170,5951,1,11150,8277,11287,6566,4343,10665,7210,2193,8288,10789,5424,15946,10861,1849,143,9362,1,31:10,2020,2021
2020-21,201152,Thaddeus Young,Thaddeus,1610612741,CHI,Chicago Bulls,22000508,2021-02-26T00:00:00,CHI vs. PHX,L,21.5,13.4,22.3,0.6,0.0,0.0,0.0,2.2,4.5,0.5,6.7,13.4,20.1,11.2,0.0,0.0,0.0,0.0,2.2,8.9,29.0,-15.6,69.9,0,0,60.3,1,11623,1,11623,13061,2836,5291,4810,12591,17891,12591,10216,8244,9461,1823,2387,1430,1980,14317,10665,7210,7735,15124,1819,5566,16440,1975,1849,143,3304,1,21:30,2020,2021
2020-21,1630172,Patrick Williams,Patrick,1610612741,CHI,Chicago Bulls,22000508,2021-02-26T00:00:00,CHI vs. PHX,L,33.45,2.9,11.5,0.25,0.0,4.3,0.0,0.0,0.0,0.0,2.9,7.2,10.0,2.9,1.4,0.0,1.4,2.9,0.0,0.0,5.7,-15.8,25.0,0,0,21.5,1,11623,1,11623,4022,18450,16817,17720,12591,14147,12591,12008,12752,12008,5922,9166,8010,12817,13388,10665,6121,2537,18137,16020,19698,16486,18740,1849,143,19635,1,33:27,2020,2021
2020-21,1628976,Wendell Carter Jr.,Wendell,1610612741,CHI,Chicago Bulls,22000508,2021-02-26T00:00:00,CHI vs. PHX,L,24.566666666666663,2.0,5.9,0.333,0.0,0.0,0.0,0.0,0.0,0.0,0.0,9.8,9.8,3.9,7.8,2.0,0.0,0.0,5.9,0.0,3.9,-9.8,19.5,0,0,21.5,1,11623,1,11623,10746,19493,20958,15094,12591,17891,12591,12008,12752,12008,11150,5372,8328,10564,1223,7025,7210,7735,5604,16020,20232,14716,20291,1849,143,19647,1,24:34,2020,2021
2020-21,1627853,Ryan Arcidiacono,Ryan,1610612741,CHI,Chicago Bulls,22000508,2021-02-26T00:00:00,CHI vs. PHX,L,11.388333333333334,4.2,4.2,1.0,4.2,4.2,1.0,0.0,0.0,0.0,0.0,0.0,0.0,4.2,0.0,0.0,0.0,0.0,4.2,4.2,12.6,-12.6,19.0,0,0,21.1,1,11623,1,11623,19156,16576,21490,1,4873,14273,1,12008,12752,12008,11150,19725,20503,9872,14317,10665,7210,7735,9295,8072,16188,15572,20414,1849,143,19761,1,11:23,2020,2021
2020-21,203107,Tomas Satoransky,Tomas,1610612741,CHI,Chicago Bulls,22000508,2021-02-26T00:00:00,CHI vs. PHX,L,20.566666666666663,11.7,14.0,0.833,4.7,4.7,1.0,0.0,0.0,0.0,0.0,4.7,4.7,2.3,4.7,0.0,0.0,0.0,2.3,2.3,28.0,9.3,32.4,0,0,39.7,1,11623,1,11623,13781,4522,14088,1305,4126,13638,1,12008,12752,12008,11150,13973,16318,14138,4258,10665,7210,7735,14885,12886,6123,7854,15924,1849,143,11824,1,20:34,2020,2021
2020-21,203107,Tomas Satoransky,Tomas,1610612741,CHI,Chicago Bulls,22000493,2021-02-24T00:00:00,CHI vs. MIN,W,25.581666666666667,11.3,13.1,0.857,3.8,5.6,0.667,3.8,5.6,0.667,1.9,7.5,9.4,7.5,3.8,0.0,0.0,0.0,0.0,3.8,30.0,18.8,48.8,0,0,50.7,1,1,11433,1,10005,5008,15064,1219,5854,12096,1828,7522,6598,8322,8289,8605,8828,4940,6154,10665,7210,7735,18137,9203,5056,5082,8290,1849,143,6632,1,25:35,2020,2021
2020-21,203897,Zach LaVine,Zach,1610612741,CHI,Chicago Bulls,22000493,2021-02-24T00:00:00,CHI vs. MIN,W,41.18333333333333,16.3,24.5,0.667,5.8,9.3,0.625,2.3,2.3,1.0,0.0,2.3,2.3,2.3,8.2,0.0,0.0,1.2,1.2,4.7,40.8,-4.7,38.9,0,0,51.3,1,1,11433,1,270,1153,3713,2900,2518,6618,2645,10095,11793,1,11150,18337,19632,14149,1086,10665,7210,7647,18099,7166,1537,12964,12853,1849,143,6364,1,41:11,2020,2021
2020-21,201152,Thaddeus Young,Thaddeus,1610612741,CHI,Chicago Bulls,22000493,2021-02-24T00:00:00,CHI vs. MIN,W,28.516666666666666,11.8,23.6,0.5,0.0,1.7,0.0,0.0,1.7,0.0,1.7,1.7,3.4,10.1,1.7,6.7,0.0,1.7,5.0,5.0,23.6,5.0,61.3,0,0,50.5,1,1,11433,1,7713,4408,4382,7582,12591,17459,12591,12008,12271,12008,8911,19184,18308,2603,12282,608,7210,5326,7280,6449,8757,9337,3831,1849,143,6697,1,28:31,2020,2021
2020-21,1627853,Ryan Arcidiacono,Ryan,1610612741,CHI,Chicago Bulls,22000493,2021-02-24T00:00:00,CHI vs. MIN,W,9.3,5.2,5.2,1.0,5.2,5.2,1.0,0.0,0.0,0.0,0.0,15.5,15.5,0.0,5.2,0.0,0.0,0.0,5.2,5.2,15.5,15.5,28.9,0,0,36.1,1,1,11433,1,19838,15024,21208,1,3402,12854,1,12008,12752,12008,11150,1456,3293,16819,3547,10665,7210,7735,7024,6232,14306,5983,17331,1849,143,13619,1,9:18,2020,2021
2020-21,1628976,Wendell Carter Jr.,Wendell,1610612741,CHI,Chicago Bulls,22000493,2021-02-24T00:00:00,CHI vs. MIN,W,31.651666666666667,9.1,12.1,0.75,1.5,3.0,0.5,6.1,6.1,1.0,0.0,15.2,15.2,3.0,1.5,3.0,3.0,1.5,7.6,9.1,25.8,-3.0,65.2,1,0,57.6,1,1,11433,1,5310,8191,16156,1826,11502,15865,3573,4261,6072,1,11150,1579,3494,12428,13011,4005,2522,6055,3243,1717,7399,12393,2838,1,143,4083,1,31:39,2020,2021
2020-21,1627756,Denzel Valentine,Denzel,1610612741,CHI,Chicago Bulls,22000493,2021-02-24T00:00:00,CHI vs. MIN,W,19.75,12.2,24.3,0.5,0.0,0.0,0.0,0.0,0.0,0.0,4.9,7.3,12.2,7.3,0.0,7.3,0.0,2.4,2.4,0.0,24.3,17.0,71.7,0,0,58.3,1,1,11433,1,14367,3993,3848,7582,12591,17891,12591,12008,12752,12008,3113,8979,5768,5148,14317,478,7210,3476,14647,16020,8286,5564,1706,1849,143,3869,1,19:45,2020,2021
2020-21,1629632,Coby White,Coby,1610612741,CHI,Chicago Bulls,22000493,2021-02-24T00:00:00,CHI vs. MIN,W,32.501666666666665,13.3,25.1,0.529,0.0,8.9,0.0,3.0,3.0,1.0,1.5,10.3,11.8,8.9,10.3,0.0,0.0,0.0,3.0,4.4,29.5,14.8,46.7,0,0,50.2,1,1,11433,1,4690,2930,3317,7342,12591,7272,12591,8898,10801,1,9751,4803,6086,3556,540,10665,7210,7735,12872,7625,5301,6173,9235,1849,143,6822,1,32:30,2020,2021
2020-21,1630172,Patrick Williams,Patrick,1610612741,CHI,Chicago Bulls,22000493,2021-02-24T00:00:00,CHI vs. MIN,W,27.331666666666667,8.8,14.0,0.625,1.8,3.5,0.5,3.5,3.5,1.0,1.8,5.3,7.0,3.5,1.8,3.5,1.8,0.0,3.5,3.5,22.8,3.5,50.6,0,0,45.7,1,1,11433,1,8634,8681,14033,4319,10687,15262,3573,7902,9794,1,8668,12821,12420,11349,11974,3074,4965,7735,11331,9750,9198,9914,7556,1849,143,8909,1,27:20,2020,2021
2020-21,202066,Garrett Temple,Garrett,1610612741,CHI,Chicago Bulls,22000493,2021-02-24T00:00:00,CHI vs. MIN,W,37.48333333333333,2.6,7.7,0.333,0.0,1.3,0.0,1.3,2.6,0.5,1.3,3.8,5.1,2.6,1.3,0.0,0.0,0.0,0.0,2.6,6.4,-5.1,15.1,0,0,14.1,1,1,11433,1,1350,18853,19958,15094,12591,17838,12591,11885,11532,9461,10730,15645,15596,13626,14023,10665,7210,7735,18137,12261,19441,13113,21132,1849,143,21270,1,37:29,2020,2021
2020-21,1628436,Luke Kornet,Luke,1610612741,CHI,Chicago Bulls,22000493,2021-02-24T00:00:00,CHI vs. MIN,W,11.7,0.0,4.1,0.0,0.0,4.1,0.0,0.0,0.0,0.0,0.0,0.0,0.0,4.1,0.0,0.0,8.2,0.0,0.0,4.1,0.0,41.0,30.8,0,0,20.5,1,1,11433,1,19055,19893,21530,19893,12591,14447,12591,12008,12752,12008,11150,19725,20503,10108,14317,10665,320,7735,18137,8311,20448,1527,16608,1849,143,19937,1,11:42,2020,2021
2020-21,1629632,Coby White,Coby,1610612741,CHI,Chicago Bulls,22000474,2021-02-22T00:00:00,CHI @ HOU,W,30.8,15.6,24.9,0.625,6.2,10.9,0.571,0.0,0.0,0.0,1.6,14.0,15.6,3.1,0.0,0.0,1.6,0.0,6.2,1.6,37.4,3.1,65.5,1,0,65.5,1,1,11433,1,5963,1470,3427,4319,2150,4680,3225,12008,12752,12008,9390,2082,3243,12201,14317,10665,5617,7735,4965,15026,2286,10034,2779,1,143,2141,1,30:48,2020,2021
2020-21,202066,Garrett Temple,Garrett,1610612741,CHI,Chicago Bulls,22000474,2021-02-22T00:00:00,CHI @ HOU,W,28.58333333333333,5.0,11.8,0.429,3.4,6.7,0.5,1.7,3.4,0.5,1.7,5.0,6.7,6.7,0.0,0.0,0.0,0.0,0.0,5.0,15.1,65.5,33.3,0,0,31.9,1,1,11433,1,7639,15236,16544,11933,6632,10440,3573,11071,10050,9461,8936,13263,12919,5848,14317,10665,7210,7735,18137,6470,14552,481,15553,1849,143,15678,1,28:35,2020,2021
2020-21,1629655,Daniel Gafford,Daniel,1610612741,CHI,Chicago Bulls,22000474,2021-02-22T00:00:00,CHI @ HOU,W,2.55,0.0,0.0,0.0,0.0,0.0,0.0,0.0,0.0,0.0,0.0,0.0,0.0,0.0,0.0,0.0,0.0,0.0,0.0,0.0,0.0,-56.5,0.0,0,0,0.0,1,1,11433,1,22171,19893,21894,19893,12591,17891,12591,12008,12752,12008,11150,19725,20503,16819,14317,10665,7210,7735,18137,16020,20448,21883,22167,1849,143,22207,1,2:33,2020,2021
2020-21,203107,Tomas Satoransky,Tomas,1610612741,CHI,Chicago Bulls,22000474,2021-02-22T00:00:00,CHI @ HOU,W,29.383333333333333,6.5,14.7,0.444,3.3,6.5,0.5,0.0,0.0,0.0,0.0,0.0,0.0,6.5,3.3,1.6,0.0,0.0,0.0,0.0,16.3,-3.3,27.8,0,0,29.4,1,1,11433,1,7048,12642,13309,11399,6817,10731,3573,12008,12752,12008,11150,19725,20503,6069,7221,8261,7210,7735,18137,16020,13692,12469,17757,1849,143,16798,1,29:23,2020,2021
2020-21,1627853,Ryan Arcidiacono,Ryan,1610612741,CHI,Chicago Bulls,22000474,2021-02-22T00:00:00,CHI @ HOU,W,15.05,3.2,15.9,0.2,0.0,12.8,0.0,0.0,0.0,0.0,0.0,6.4,6.4,0.0,3.2,0.0,0.0,0.0,3.2,3.2,6.4,-12.8,10.8,0,0,12.8,1,1,11433,1,17451,18022,11881,18781,12591,2942,12591,12008,12752,12008,11150,10634,13460,16819,7438,10665,7210,7735,12162,10513,19446,15606,21671,1849,143,21459,1,15:03,2020,2021
2020-21,1627756,Denzel Valentine,Denzel,1610612741,CHI,Chicago Bulls,22000474,2021-02-22T00:00:00,CHI @ HOU,W,18.7,5.1,23.1,0.222,2.6,18.0,0.143,0.0,0.0,0.0,0.0,15.4,15.4,2.6,0.0,2.6,0.0,0.0,5.1,0.0,12.8,-41.1,42.9,0,0,38.5,1,1,11433,1,15135,15082,4711,18584,8651,708,12315,12008,12752,12008,11150,1485,3344,13615,14317,5286,7210,7735,7090,16020,16069,20917,10988,1849,143,12416,1,18:42,2020,2021
2020-21,1630172,Patrick Williams,Patrick,1610612741,CHI,Chicago Bulls,22000474,2021-02-22T00:00:00,CHI @ HOU,W,34.2,8.4,11.2,0.75,2.8,5.6,0.5,0.0,0.0,0.0,1.4,8.4,9.8,1.4,1.4,1.4,1.4,0.0,2.8,0.0,19.6,39.3,40.6,0,0,39.3,1,1,11433,1,3453,9251,17062,1826,7922,12120,3573,12008,12752,12008,10137,7154,8269,16470,13551,9474,6266,7735,13367,16020,11424,1683,12082,1849,143,12023,1,34:12,2020,2021
2020-21,201152,Thaddeus Young,Thaddeus,1610612741,CHI,Chicago Bulls,22000474,2021-02-22T00:00:00,CHI @ HOU,W,20.116666666666667,19.1,21.5,0.889,0.0,0.0,0.0,2.4,7.2,0.333,2.4,16.7,19.1,11.9,4.8,0.0,0.0,2.4,2.4,4.8,40.6,35.8,76.6,0,0,71.6,1,1,11433,1,14110,506,6075,1139,12591,17891,12591,10021,4864,11706,7084,1066,1719,1610,4102,10665,7210,3556,14768,6951,1580,2027,1144,1849,143,1271,1,20:07,2020,2021
2020-21,1628976,Wendell Carter Jr.,Wendell,1610612741,CHI,Chicago Bulls,22000474,2021-02-22T00:00:00,CHI @ HOU,W,28.816666666666663,13.3,23.3,0.571,0.0,0.0,0.0,3.3,3.3,1.0,6.7,15.0,21.7,1.7,5.0,3.3,5.0,1.7,6.7,8.3,30.0,8.3,78.5,1,0,70.0,1,1,11433,1,7471,2898,4550,5826,12591,17891,12591,8184,10089,1,1841,1650,1098,15769,3782,3398,982,5403,4313,2266,5069,8190,976,1,143,1451,1,28:49,2020,2021
2020-21,203897,Zach LaVine,Zach,1610612741,CHI,Chicago Bulls,22000474,2021-02-22T00:00:00,CHI @ HOU,W,31.8,10.6,21.1,0.5,6.0,9.1,0.667,4.5,4.5,1.0,0.0,7.5,7.5,9.1,3.0,0.0,0.0,3.0,4.5,6.0,31.7,54.3,51.3,0,0,54.3,1,1,11433,1,5209,5943,6388,7582,2318,6996,1828,6245,8156,1,11150,8534,11522,3392,7920,10665,7210,2278,8504,4771,4317,770,7231,1849,143,5165,1,31:48,2020,2021
2020-21,1627853,Ryan Arcidiacono,Ryan,1610612741,CHI,Chicago Bulls,22000460,2021-02-20T00:00:00,CHI vs. SAC,W,14.666666666666666,6.5,6.5,1.0,3.3,3.3,1.0,0.0,0.0,0.0,0.0,3.3,3.3,0.0,0.0,0.0,0.0,0.0,6.5,3.3,16.4,-3.3,20.3,0,0,22.9,1,1,11433,1,17664,12614,20629,1,6804,15555,1,12008,12752,12008,11150,16644,18433,16819,14317,10665,7210,7735,4487,10290,13669,12473,20101,1849,143,19199,1,14:40,2020,2021
2020-21,1627756,Denzel Valentine,Denzel,1610612741,CHI,Chicago Bulls,22000460,2021-02-20T00:00:00,CHI vs. SAC,W,15.303333333333333,0.0,12.5,0.0,0.0,6.3,0.0,0.0,0.0,0.0,0.0,15.7,15.7,6.3,9.4,0.0,0.0,3.1,3.1,0.0,0.0,-12.5,18.8,0,0,22.0,1,1,11433,1,17299,19893,15696,19893,12591,11158,12591,12008,12752,12008,11150,1396,3186,6422,722,10665,7210,2118,12320,16020,20448,15541,20438,1849,143,19509,1,15:18,2020,2021
2020-21,1628976,Wendell Carter Jr.,Wendell,1610612741,CHI,Chicago Bulls,22000460,2021-02-20T00:00:00,CHI vs. SAC,W,33.13333333333333,4.3,10.1,0.429,0.0,0.0,0.0,1.4,2.9,0.5,0.0,7.2,7.2,7.2,2.9,0.0,2.9,1.4,5.8,4.3,10.1,2.9,35.5,0,0,30.4,1,1,11433,1,4238,16353,18086,11933,12591,17891,12591,11536,10902,9461,11150,9049,12048,5201,8270,10665,2752,6379,5722,7793,17663,10124,14491,1849,143,16353,1,33:08,2020,2021
2020-21,203897,Zach LaVine,Zach,1610612741,CHI,Chicago Bulls,22000460,2021-02-20T00:00:00,CHI vs. SAC,W,35.86666666666667,20.1,26.8,0.75,4.0,8.0,0.5,6.7,6.7,1.0,0.0,5.4,5.4,4.0,4.0,2.7,0.0,0.0,4.0,6.7,50.9,20.1,67.3,0,0,69.6,1,1,11433,1,2335,373,2410,1826,5287,8432,3573,3628,5338,1,11150,12638,15217,10316,5495,4946,7210,7735,9859,3870,474,4745,2396,1849,143,1508,1,35:52,2020,2021
2020-21,202066,Garrett Temple,Garrett,1610612741,CHI,Chicago Bulls,22000460,2021-02-20T00:00:00,CHI vs. SAC,W,29.846666666666668,9.6,14.5,0.667,1.6,4.8,0.333,1.6,1.6,1.0,0.0,6.4,6.4,1.6,1.6,1.6,3.2,0.0,4.8,3.2,22.5,16.1,45.5,0,0,41.8,1,1,11433,1,6686,7264,13561,2900,11180,13392,7875,11221,12351,1,11150,10538,13369,15912,12601,8396,2278,7735,7816,10447,9419,5828,9787,1849,143,10719,1,29:51,2020,2021
2020-21,201152,Thaddeus Young,Thaddeus,1610612741,CHI,Chicago Bulls,22000460,2021-02-20T00:00:00,CHI vs. SAC,W,21.95,17.5,26.2,0.667,0.0,0.0,0.0,4.4,6.6,0.667,0.0,6.6,6.6,8.7,0.0,0.0,4.4,0.0,4.4,6.6,39.4,15.3,73.5,0,0,63.4,1,1,11433,1,12716,814,2654,2900,12591,17891,12591,6471,5483,8322,11150,10314,13187,3658,14317,10665,1298,7735,8885,4056,1823,6040,1486,1849,143,2544,1,21:57,2020,2021
2020-21,1629632,Coby White,Coby,1610612741,CHI,Chicago Bulls,22000460,2021-02-20T00:00:00,CHI vs. SAC,W,35.06666666666667,8.2,19.2,0.429,6.8,11.0,0.625,2.7,2.7,1.0,1.4,2.7,4.1,2.7,0.0,1.4,1.4,0.0,4.1,4.1,26.0,12.3,43.3,0,0,45.2,1,1,11433,1,2845,9621,8378,11933,1679,4633,2645,9359,11221,1,10320,17642,17237,13183,14317,9682,6443,7735,9603,8305,7268,6886,10796,1849,143,9157,1,35:04,2020,2021
2020-21,203107,Tomas Satoransky,Tomas,1610612741,CHI,Chicago Bulls,22000460,2021-02-20T00:00:00,CHI vs. SAC,W,18.83333333333333,10.2,10.2,1.0,0.0,0.0,0.0,5.1,5.1,1.0,0.0,5.1,5.1,10.2,5.1,0.0,2.5,0.0,2.5,2.5,25.5,7.6,49.4,0,0,45.9,1,1,11433,1,15045,6433,18050,1,12591,17891,12591,5424,7349,1,11150,13138,15632,2531,3632,10665,3363,7735,14296,12300,7571,8418,8005,1849,143,8799,1,18:50,2020,2021
2020-21,1630172,Patrick Williams,Patrick,1610612741,CHI,Chicago Bulls,22000460,2021-02-20T00:00:00,CHI vs. SAC,W,35.333333333333336,6.8,13.6,0.5,1.4,4.1,0.333,0.0,0.0,0.0,1.4,13.6,14.9,4.1,4.1,1.4,0.0,1.4,5.4,0.0,14.9,-1.4,39.0,1,0,38.0,1,1,11433,1,2669,12172,14564,7582,12059,14496,7875,12008,12752,12008,10368,2303,3619,10182,5362,9750,7210,6871,6431,16020,14672,11802,12826,1,143,12659,1,35:20,2020,2021
2020-21,203897,Zach LaVine,Zach,1610612741,CHI,Chicago Bulls,22000450,2021-02-19T00:00:00,CHI @ PHI,L,37.95,11.4,35.4,0.321,2.5,12.6,0.2,12.6,12.6,1.0,1.3,5.1,6.3,6.3,5.1,2.5,1.3,5.1,5.1,7.6,37.9,-16.4,61.3,0,0,60.7,1,11623,1,11623,1119,4843,419,16712,8760,3033,11380,755,1505,1,10798,13211,13557,6350,3689,5398,6908,698,7257,2909,2144,16691,3805,1849,143,3195,1,37:57,2020,2021
2020-21,1629632,Coby White,Coby,1610612741,CHI,Chicago Bulls,22000450,2021-02-19T00:00:00,CHI @ PHI,L,26.9,7.1,19.6,0.364,1.8,8.9,0.2,0.0,0.0,0.0,3.6,7.1,10.7,8.9,0.0,0.0,0.0,3.6,5.4,1.8,16.1,-17.8,42.3,0,0,37.5,1,11623,1,11623,8941,11554,7925,14681,10595,7190,11380,12008,12752,12008,4713,9244,7241,3493,14317,10665,7210,1653,6600,14330,13884,17035,11263,1849,143,12947,1,26:54,2020,2021
2020-21,201152,Thaddeus Young,Thaddeus,1610612741,CHI,Chicago Bulls,22000450,2021-02-19T00:00:00,CHI @ PHI,L,20.35,14.2,21.2,0.667,0.0,0.0,0.0,0.0,0.0,0.0,14.2,7.1,21.2,7.1,4.7,0.0,2.4,0.0,9.4,0.0,28.3,2.4,66.8,0,0,61.3,1,11623,1,11623,13935,2272,6302,2900,12591,17891,12591,12008,12752,12008,232,9364,1165,5383,4190,10665,3674,7735,1858,16020,5961,10350,2512,1849,143,3043,1,20:21,2020,2021
2020-21,1627756,Denzel Valentine,Denzel,1610612741,CHI,Chicago Bulls,22000450,2021-02-19T00:00:00,CHI @ PHI,L,15.555,3.1,12.3,0.25,3.1,12.3,0.25,0.0,0.0,0.0,0.0,9.3,9.3,0.0,0.0,0.0,0.0,0.0,3.1,0.0,9.3,21.6,20.4,0,0,21.6,1,11623,1,11623,17154,18165,15910,17720,7216,3262,10244,12008,12752,12008,11150,6029,9000,16819,14317,10665,7210,7735,12458,16020,18129,4421,20091,1849,143,19613,1,15:33,2020,2021
2020-21,1627853,Ryan Arcidiacono,Ryan,1610612741,CHI,Chicago Bulls,22000450,2021-02-19T00:00:00,CHI @ PHI,L,17.616666666666667,10.9,27.2,0.4,0.0,8.2,0.0,5.4,5.4,1.0,2.7,5.4,8.2,10.9,0.0,2.7,0.0,0.0,0.0,5.4,27.2,0.0,61.6,0,0,51.8,1,11623,1,11623,15862,5452,2203,12966,12591,8225,12591,4944,6839,1,6246,12433,10550,2116,14317,4801,7210,7735,18137,5715,6557,10797,3737,1849,143,6157,1,17:37,2020,2021
2020-21,1628436,Luke Kornet,Luke,1610612741,CHI,Chicago Bulls,22000450,2021-02-19T00:00:00,CHI @ PHI,L,5.65,0.0,17.0,0.0,0.0,17.0,0.0,0.0,0.0,0.0,0.0,8.5,8.5,0.0,0.0,0.0,0.0,0.0,0.0,0.0,0.0,34.0,10.2,0,0,8.5,1,11623,1,11623,20925,19893,10726,19893,12591,910,12591,12008,12752,12008,11150,7062,10097,16819,14317,10665,7210,7735,18137,16020,20448,2253,21718,1849,143,21934,1,5:39,2020,2021
2020-21,1629655,Daniel Gafford,Daniel,1610612741,CHI,Chicago Bulls,22000450,2021-02-19T00:00:00,CHI @ PHI,L,4.915,0.0,9.8,0.0,0.0,0.0,0.0,0.0,0.0,0.0,0.0,9.8,9.8,0.0,9.8,0.0,19.5,0.0,0.0,0.0,0.0,48.8,60.5,0,0,48.8,1,11623,1,11623,21227,19893,18389,19893,12591,17891,12591,12008,12752,12008,11150,5377,8331,16819,621,10665,25,7735,18137,16020,20448,1033,4033,1849,143,7412,1,4:55,2020,2021
2020-21,203107,Tomas Satoransky,Tomas,1610612741,CHI,Chicago Bulls,22000450,2021-02-19T00:00:00,CHI @ PHI,L,21.266666666666666,6.8,9.0,0.75,2.3,4.5,0.5,6.8,6.8,1.0,2.3,2.3,4.5,4.5,0.0,0.0,0.0,0.0,2.3,13.5,22.6,20.3,34.8,0,0,33.9,1,11623,1,11623,13248,12210,18989,1826,9442,13846,3573,3548,5247,1,7351,18420,16570,9290,14317,10665,7210,7735,15067,372,9383,4688,14827,1849,143,14720,1,21:16,2020,2021
2020-21,202066,Garrett Temple,Garrett,1610612741,CHI,Chicago Bulls,22000450,2021-02-19T00:00:00,CHI @ PHI,L,33.483333333333334,5.7,11.5,0.5,1.4,4.3,0.333,1.4,1.4,1.0,2.9,4.3,7.2,2.9,0.0,1.4,2.9,0.0,2.9,2.9,14.3,-17.2,40.1,0,0,34.4,1,11623,1,11623,3997,14011,16828,7582,11797,14160,7875,11568,12538,1,5929,14694,12164,12829,14317,9277,2805,7735,13155,11379,15073,16877,12288,1849,143,14479,1,33:29,2020,2021
2020-21,1628976,Wendell Carter Jr.,Wendell,1610612741,CHI,Chicago Bulls,22000450,2021-02-19T00:00:00,CHI @ PHI,L,24.918333333333333,13.5,25.0,0.538,1.9,3.9,0.5,0.0,0.0,0.0,0.0,7.7,7.7,1.9,1.9,0.0,0.0,1.9,5.8,0.0,28.9,-32.7,39.1,0,0,40.5,1,11623,1,11623,10498,2769,3376,7057,10213,14824,3573,12008,12752,12008,11150,8269,11283,15089,11348,10665,7210,4587,5758,16020,5635,19941,12776,1849,143,11421,1,24:55,2020,2021
2020-21,1630172,Patrick Williams,Patrick,1610612741,CHI,Chicago Bulls,22000450,2021-02-19T00:00:00,CHI @ PHI,L,31.395,3.1,7.6,0.4,0.0,1.5,0.0,3.1,3.1,1.0,0.0,4.6,4.6,3.1,4.6,1.5,0.0,0.0,3.1,1.5,9.2,-13.8,19.3,0,0,19.9,1,11623,1,11623,5519,18214,19974,12966,12591,17605,12591,8678,10579,1,11150,14128,16450,12355,4401,8778,7210,7735,12549,15130,18173,15916,20358,1849,143,20099,1,31:24,2020,2021
2020-21,1628436,Luke Kornet,Luke,1610612741,CHI,Chicago Bulls,22000564,2021-02-17T00:00:00,CHI vs. DET,W,5.733333333333333,0.0,8.4,0.0,0.0,8.4,0.0,0.0,0.0,0.0,0.0,8.4,8.4,8.4,0.0,8.4,8.4,0.0,0.0,0.0,0.0,-33.5,72.8,0,0,50.2,1,1,11433,1,20902,19893,19495,19893,12591,7945,12591,12008,12752,12008,11150,7233,10264,3971,14317,299,304,7735,18137,16020,20448,20047,1562,1849,143,6815,1,5:44,2020,2021
2020-21,201152,Thaddeus Young,Thaddeus,1610612741,CHI,Chicago Bulls,22000564,2021-02-17T00:00:00,CHI vs. DET,W,23.95,8.0,20.0,0.4,0.0,2.0,0.0,2.0,8.0,0.25,8.0,12.0,20.0,14.0,6.0,4.0,2.0,0.0,12.0,4.0,18.0,6.0,75.2,0,0,64.1,1,1,11433,1,11216,9960,7497,12966,12591,17135,12591,10508,4009,11895,1245,3313,1442,936,2532,2364,4306,7735,945,8532,12530,9005,1281,1849,143,2399,1,23:57,2020,2021
2020-21,1627756,Denzel Valentine,Denzel,1610612741,CHI,Chicago Bulls,22000564,2021-02-17T00:00:00,CHI vs. DET,W,25.831666666666667,1.9,20.4,0.091,1.9,14.9,0.125,0.0,0.0,0.0,0.0,14.9,14.9,5.6,0.0,0.0,0.0,0.0,1.9,1.9,5.6,16.7,31.8,0,0,27.9,1,1,11433,1,9789,19582,7052,19865,10387,1671,12466,12008,12752,12008,11150,1686,3662,7406,14317,10665,7210,7735,16016,14094,19755,5642,16195,1849,143,17440,1,25:50,2020,2021
2020-21,1630172,Patrick Williams,Patrick,1610612741,CHI,Chicago Bulls,22000564,2021-02-17T00:00:00,CHI vs. DET,W,29.501666666666665,8.1,11.4,0.714,1.6,3.3,0.5,6.5,8.1,0.8,1.6,6.5,8.1,3.3,0.0,1.6,1.6,0.0,4.9,6.5,24.4,-16.3,48.8,0,0,43.9,1,1,11433,1,6963,9757,16896,2429,11117,15576,3573,3827,3907,6837,9106,10392,10605,11887,14317,8295,5375,7735,7688,4130,8230,16641,8281,1849,143,9697,1,29:30,2020,2021
2020-21,1629632,Coby White,Coby,1610612741,CHI,Chicago Bulls,22000564,2021-02-17T00:00:00,CHI vs. DET,W,24.266666666666666,5.9,19.8,0.3,2.0,11.9,0.167,2.0,4.0,0.5,0.0,11.9,11.9,7.9,5.9,0.0,0.0,0.0,4.0,2.0,15.8,-4.0,36.0,0,0,37.6,1,1,11433,1,10980,13685,7772,16897,10080,3704,12017,10555,9068,9461,11150,3428,6032,4440,2615,10665,7210,7735,10057,13778,14056,12714,14255,1849,143,12894,1,24:16,2020,2021
2020-21,202066,Garrett Temple,Garrett,1610612741,CHI,Chicago Bulls,22000564,2021-02-17T00:00:00,CHI vs. DET,W,34.483333333333334,5.6,8.4,0.667,1.4,2.8,0.5,0.0,0.0,0.0,0.0,4.2,4.2,0.0,1.4,0.0,2.8,0.0,2.8,0.0,12.5,18.1,24.5,0,0,23.7,1,1,11433,1,3256,14305,19508,2900,11948,16162,3573,12008,12752,12008,11150,14934,17114,16819,13602,10665,2929,7735,13459,16020,16256,5265,18894,1849,143,18967,1,34:29,2020,2021
2020-21,203107,Tomas Satoransky,Tomas,1610612741,CHI,Chicago Bulls,22000564,2021-02-17T00:00:00,CHI vs. DET,W,26.863333333333333,3.6,12.5,0.286,0.0,1.8,0.0,0.0,0.0,0.0,1.8,3.6,5.4,8.9,1.8,0.0,0.0,0.0,5.4,1.8,7.1,12.5,25.2,0,0,21.4,1,1,11433,1,8979,17507,15753,17105,12591,17341,12591,12008,12752,12008,8573,16153,15199,3482,11860,10665,7210,7735,6584,14322,19157,6825,18664,1849,143,19673,1,26:52,2020,2021
2020-21,1627853,Ryan Arcidiacono,Ryan,1610612741,CHI,Chicago Bulls,22000564,2021-02-17T00:00:00,CHI vs. DET,W,7.366666666666666,6.5,13.0,0.5,0.0,6.5,0.0,0.0,0.0,0.0,0.0,13.0,13.0,13.0,0.0,0.0,0.0,0.0,0.0,0.0,13.0,0.0,48.2,0,0,39.1,1,1,11433,1,20367,12676,15169,7582,12591,10759,12591,12008,12752,12008,11150,2613,4993,1199,14317,10665,7210,7735,18137,16020,15922,10797,8550,1849,143,12121,1,7:22,2020,2021
2020-21,203897,Zach LaVine,Zach,1610612741,CHI,Chicago Bulls,22000564,2021-02-17T00:00:00,CHI vs. DET,W,35.266666666666666,19.1,29.9,0.636,5.4,8.2,0.667,6.8,9.5,0.714,1.4,5.4,6.8,6.8,6.8,4.1,0.0,2.7,4.1,9.5,50.4,1.4,74.2,0,0,77.6,1,1,11433,1,2715,511,1276,4151,3012,8239,1828,3513,2894,8162,10352,12443,12769,5718,1844,2256,7210,2838,9668,1463,506,10690,1402,1849,143,756,1,35:16,2020,2021
2020-21,1628976,Wendell Carter Jr.,Wendell,1610612741,CHI,Chicago Bulls,22000564,2021-02-17T00:00:00,CHI vs. DET,W,26.736666666666668,12.6,16.2,0.778,0.0,0.0,0.0,7.2,10.8,0.667,1.8,3.6,5.4,0.0,0.0,1.8,3.6,0.0,0.0,9.0,32.3,-3.6,54.9,0,0,48.5,1,1,11433,1,9088,3570,11643,1717,12591,17891,12591,3198,2245,8322,8539,16116,15151,16819,14317,7605,1895,7735,18137,1785,4032,12582,5864,1849,143,7557,1,26:44,2020,2021
2020-21,1628436,Luke Kornet,Luke,1610612741,CHI,Chicago Bulls,22000420,2021-02-15T00:00:00,CHI @ IND,W,8.983333333333333,0.0,26.7,0.0,0.0,26.7,0.0,0.0,0.0,0.0,0.0,10.7,10.7,0.0,0.0,0.0,0.0,0.0,5.3,0.0,0.0,-5.3,12.8,0,0,10.7,1,1,11433,1,19938,19893,2435,19893,12591,148,12591,12008,12752,12008,11150,4462,7262,16819,14317,10665,7210,7735,6628,16020,20448,13197,21457,1849,143,21705,1,8:59,2020,2021
2020-21,201152,Thaddeus Young,Thaddeus,1610612741,CHI,Chicago Bulls,22000420,2021-02-15T00:00:00,CHI @ IND,W,29.766666666666666,9.7,12.9,0.75,0.0,0.0,0.0,1.6,1.6,1.0,8.1,9.7,17.7,6.5,4.8,3.2,0.0,0.0,6.5,6.5,21.0,4.8,56.8,1,0,51.6,1,1,11433,1,6761,7212,15324,1826,12591,17891,12591,11206,12344,1,1221,5480,2172,6206,3998,3589,7210,7735,4645,4209,10487,9399,5228,1,143,6220,1,29:46,2020,2021
2020-21,203897,Zach LaVine,Zach,1610612741,CHI,Chicago Bulls,22000420,2021-02-15T00:00:00,CHI @ IND,W,38.35,13.8,31.3,0.44,5.0,11.3,0.444,5.0,7.5,0.667,3.8,7.5,11.3,3.8,5.0,0.0,0.0,5.0,3.8,5.0,37.5,6.3,51.7,0,0,57.6,1,1,11433,1,948,2554,962,11814,3624,4290,6201,5567,4497,8322,4450,8599,6642,10876,3768,10665,7210,720,10660,6542,2254,8921,7095,1849,143,4099,1,38:21,2020,2021
2020-21,1628976,Wendell Carter Jr.,Wendell,1610612741,CHI,Chicago Bulls,22000420,2021-02-15T00:00:00,CHI @ IND,W,20.98333333333333,9.2,16.0,0.571,0.0,0.0,0.0,6.9,9.2,0.75,2.3,18.3,20.6,2.3,9.2,2.3,0.0,2.3,11.4,6.9,25.2,9.2,51.0,0,0,52.6,1,1,11433,1,13441,8101,11806,5826,12591,17891,12591,3461,3143,7245,7291,709,1301,14252,793,6119,7210,3744,1092,3640,7756,7918,7374,1849,143,5819,1,20:59,2020,2021
2020-21,1627853,Ryan Arcidiacono,Ryan,1610612741,CHI,Chicago Bulls,22000420,2021-02-15T00:00:00,CHI @ IND,W,4.283333333333333,0.0,0.0,0.0,0.0,0.0,0.0,0.0,0.0,0.0,0.0,22.4,22.4,11.2,0.0,0.0,0.0,0.0,0.0,0.0,0.0,0.0,43.7,0,0,33.6,1,1,11433,1,21446,19893,21894,19893,12591,17891,12591,12008,12752,12008,11150,284,965,1955,14317,10665,7210,7735,18137,16020,20448,10797,10577,1849,143,14824,1,4:17,2020,2021
2020-21,1627756,Denzel Valentine,Denzel,1610612741,CHI,Chicago Bulls,22000420,2021-02-15T00:00:00,CHI @ IND,W,32.63666666666666,4.4,13.2,0.333,4.4,7.4,0.6,2.9,2.9,1.0,1.5,4.4,5.9,2.9,1.5,0.0,0.0,0.0,4.4,1.5,16.2,0.0,26.2,0,0,29.4,1,1,11433,1,4602,16256,14968,15094,4540,9463,2762,8915,10818,1,9784,14477,14315,12653,13209,10665,7210,7735,8795,15339,13805,10797,18331,1849,143,16792,1,32:38,2020,2021
2020-21,202066,Garrett Temple,Garrett,1610612741,CHI,Chicago Bulls,22000420,2021-02-15T00:00:00,CHI @ IND,W,38.71666666666667,7.4,13.6,0.545,2.5,5.0,0.5,2.5,2.5,1.0,1.2,3.7,5.0,1.2,0.0,2.5,1.2,2.5,6.2,2.5,19.8,23.6,38.8,0,0,36.0,1,1,11433,1,807,10986,14524,6794,8913,13200,3573,9874,11641,1,10888,15898,15871,16753,14317,5562,6997,3379,5019,12506,11279,3951,12916,1849,143,13722,1,38:43,2020,2021
2020-21,1630172,Patrick Williams,Patrick,1610612741,CHI,Chicago Bulls,22000420,2021-02-15T00:00:00,CHI @ IND,W,26.53,3.6,18.1,0.2,1.8,3.6,0.5,3.6,3.6,1.0,3.6,12.7,16.3,1.8,5.4,0.0,1.8,7.2,0.0,3.6,12.7,-10.9,34.9,0,0,36.2,1,1,11433,1,9240,17446,9479,18781,10522,15109,3573,7730,9620,1,4633,2853,2838,15384,3175,10665,4798,284,18137,9497,16181,15045,14746,1849,143,13592,1,26:32,2020,2021
2020-21,203107,Tomas Satoransky,Tomas,1610612741,CHI,Chicago Bulls,22000420,2021-02-15T00:00:00,CHI @ IND,W,21.066666666666663,11.4,20.5,0.556,4.6,4.6,1.0,2.3,2.3,1.0,0.0,6.8,6.8,9.1,0.0,2.3,0.0,2.3,2.3,2.3,29.6,0.0,58.3,0,0,54.7,1,1,11433,1,13375,4839,6981,6415,4307,13792,1,10158,11845,1,11150,9794,12720,3346,14317,6146,7210,3764,15023,13036,5268,10797,4706,1849,143,5067,1,21:04,2020,2021
2020-21,1629632,Coby White,Coby,1610612741,CHI,Chicago Bulls,22000420,2021-02-15T00:00:00,CHI @ IND,W,43.68333333333333,7.7,19.8,0.389,1.1,6.6,0.167,4.4,4.4,1.0,0.0,7.7,7.7,8.8,3.3,0.0,0.0,2.2,2.2,6.6,20.9,17.6,40.0,0,0,38.5,1,1,11433,1,85,10521,7774,13924,12571,10646,12017,6443,8370,1,11150,8291,11301,3620,7146,10665,7210,3943,15203,4004,10548,5404,12378,1849,143,12440,1,43:41,2020,2021
2020-21,1629632,Coby White,Coby,1610612741,CHI,Chicago Bulls,22000400,2021-02-12T00:00:00,CHI vs. LAC,L,33.75,10.0,19.9,0.5,4.3,11.4,0.375,0.0,0.0,0.0,0.0,4.3,4.3,5.7,2.8,0.0,1.4,1.4,4.3,2.8,24.2,-12.8,39.3,0,0,41.2,1,11623,1,11623,3803,6773,7645,7582,4782,4164,7570,12008,12752,12008,11150,14746,16967,7214,8444,10665,6180,6516,9149,11443,8366,15621,12705,1849,143,11022,1,33:45,2020,2021
2020-21,203107,Tomas Satoransky,Tomas,1610612741,CHI,Chicago Bulls,22000400,2021-02-12T00:00:00,CHI vs. LAC,L,29.516666666666666,8.1,13.0,0.625,0.0,3.3,0.0,11.4,11.4,1.0,0.0,6.5,6.5,11.4,1.6,0.0,0.0,0.0,3.3,4.9,27.6,-13.0,50.9,0,0,45.5,1,11623,1,11623,6951,9760,15195,4319,12591,15577,12591,1042,1947,1,11150,10398,13257,1867,12526,10665,7210,7735,12001,6769,6331,15689,7417,1849,143,8975,1,29:31,2020,2021
2020-21,203897,Zach LaVine,Zach,1610612741,CHI,Chicago Bulls,22000400,2021-02-12T00:00:00,CHI vs. LAC,L,34.2,15.4,29.5,0.524,5.6,9.8,0.571,0.0,0.0,0.0,2.8,9.8,12.6,8.4,2.8,0.0,0.0,4.2,2.8,2.8,36.5,-23.9,61.5,0,0,63.2,1,11623,1,11623,3453,1533,1424,7494,2781,5968,3225,12008,12752,12008,6051,5325,5335,3933,8564,10665,7210,1088,13367,11570,2546,18417,3769,1849,143,2602,1,34:12,2020,2021
2020-21,1630172,Patrick Williams,Patrick,1610612741,CHI,Chicago Bulls,22000400,2021-02-12T00:00:00,CHI vs. LAC,L,34.983333333333334,1.4,6.9,0.2,0.0,1.4,0.0,1.4,2.7,0.5,0.0,5.5,5.5,1.4,1.4,0.0,1.4,0.0,2.7,2.7,4.1,-26.1,15.5,0,0,13.7,1,11623,1,11623,2907,19863,20459,18781,12591,17764,12591,11717,11214,9461,11150,12349,14981,16534,13688,10665,6422,7735,13619,11759,20187,18866,21064,1849,143,21333,1,34:59,2020,2021
2020-21,1629690,Adam Mokoka,Adam,1610612741,CHI,Chicago Bulls,22000400,2021-02-12T00:00:00,CHI vs. LAC,L,1.25,0.0,0.0,0.0,0.0,0.0,0.0,0.0,0.0,0.0,0.0,0.0,0.0,0.0,0.0,0.0,0.0,0.0,0.0,0.0,0.0,0.0,0.0,0,0,0.0,1,11623,1,11623,22740,19893,21894,19893,12591,17891,12591,12008,12752,12008,11150,19725,20503,16819,14317,10665,7210,7735,18137,16020,20448,10797,22167,1849,143,22207,1,1:15,2020,2021
2020-21,201152,Thaddeus Young,Thaddeus,1610612741,CHI,Chicago Bulls,22000400,2021-02-12T00:00:00,CHI vs. LAC,L,25.466666666666665,11.3,20.7,0.545,0.0,0.0,0.0,3.8,3.8,1.0,5.7,5.7,11.3,5.7,3.8,1.9,0.0,0.0,3.8,1.9,26.4,-17.0,50.3,0,0,47.1,1,11623,1,11623,10090,4939,6799,6794,12591,17891,12591,7485,9377,1,2432,12011,6593,7267,6103,7243,7210,7735,10617,14012,7053,16823,7634,1849,143,8238,1,25:28,2020,2021
2020-21,1627756,Denzel Valentine,Denzel,1610612741,CHI,Chicago Bulls,22000400,2021-02-12T00:00:00,CHI vs. LAC,L,22.65,6.4,19.1,0.333,4.2,12.7,0.333,4.2,4.2,1.0,2.1,4.2,6.4,0.0,2.1,2.1,0.0,2.1,2.1,2.1,21.2,-14.8,33.1,0,0,36.0,1,11623,1,11623,12219,12937,8472,15094,4835,2983,7875,6668,8600,1,7640,14809,13500,16819,10750,6524,7210,4103,15366,13423,10336,16234,15635,1849,143,13670,1,22:39,2020,2021
2020-21,1628436,Luke Kornet,Luke,1610612741,CHI,Chicago Bulls,22000400,2021-02-12T00:00:00,CHI vs. LAC,L,14.75,9.8,19.5,0.5,3.3,9.8,0.333,0.0,0.0,0.0,0.0,9.8,9.8,0.0,0.0,0.0,0.0,3.3,0.0,0.0,22.8,-13.0,34.5,0,0,35.8,1,11623,1,11623,17617,7076,8016,7582,6838,6043,7875,12008,12752,12008,11150,5380,8334,16819,14317,10665,7210,1973,18137,16020,9239,15692,14955,1849,143,13789,1,14:45,2020,2021
2020-21,1629655,Daniel Gafford,Daniel,1610612741,CHI,Chicago Bulls,22000400,2021-02-12T00:00:00,CHI vs. LAC,L,7.783333333333333,0.0,6.2,0.0,0.0,0.0,0.0,12.3,12.3,1.0,6.2,6.2,12.3,6.2,24.7,6.2,6.2,6.2,12.3,6.2,12.3,-37.0,48.7,0,0,55.5,1,11623,1,11623,20256,19893,20821,19893,12591,17891,12591,820,1603,1,2107,11044,5609,6555,55,787,643,421,872,4593,16396,20510,8318,1849,143,4778,1,7:47,2020,2021
2020-21,1626245,Cristiano Felicio,Cristiano,1610612741,CHI,Chicago Bulls,22000400,2021-02-12T00:00:00,CHI vs. LAC,L,1.25,0.0,0.0,0.0,0.0,0.0,0.0,0.0,0.0,0.0,38.4,0.0,38.4,0.0,0.0,0.0,0.0,0.0,0.0,0.0,0.0,0.0,46.1,0,0,38.4,1,11623,1,11623,22740,19893,21894,19893,12591,17891,12591,12008,12752,12008,12,19725,92,16819,14317,10665,7210,7735,18137,16020,20448,10797,9532,1849,143,12468,1,1:15,2020,2021
2020-21,202066,Garrett Temple,Garrett,1610612741,CHI,Chicago Bulls,22000400,2021-02-12T00:00:00,CHI vs. LAC,L,30.133333333333333,6.4,12.7,0.5,3.2,4.8,0.667,0.0,0.0,0.0,0.0,8.0,8.0,1.6,0.0,1.6,0.0,0.0,1.6,1.6,15.9,-35.0,32.7,0,0,31.9,1,11623,1,11623,6472,12921,15493,7582,6980,13464,1828,12008,12752,12008,11150,7862,10866,15954,14317,8459,7210,7735,16790,14910,13979,20256,15830,1849,143,15705,1,30:08,2020,2021
2020-21,1627853,Ryan Arcidiacono,Ryan,1610612741,CHI,Chicago Bulls,22000400,2021-02-12T00:00:00,CHI vs. LAC,L,4.266666666666667,0.0,22.5,0.0,0.0,22.5,0.0,0.0,0.0,0.0,0.0,11.3,11.3,0.0,0.0,0.0,0.0,0.0,11.3,0.0,0.0,67.5,13.5,0,0,11.3,1,11623,1,11623,21452,19893,5140,19893,12591,269,12591,12008,12752,12008,11150,3957,6655,16819,14317,10665,7210,7735,1143,16020,20448,439,21377,1849,143,21658,1,4:16,2020,2021
2020-21,1630172,Patrick Williams,Patrick,1610612741,CHI,Chicago Bulls,22000385,2021-02-10T00:00:00,CHI vs. NOP,W,34.7,2.8,9.7,0.286,1.4,2.8,0.5,2.8,5.5,0.5,1.4,5.5,6.9,1.4,1.4,2.8,2.8,1.4,5.5,2.8,9.7,9.7,35.3,0,0,30.4,1,1,11433,1,3099,18575,18469,17105,11981,16197,3573,9307,6735,9461,10239,12257,12588,16507,13642,4666,2964,6734,6251,11696,17932,7735,14594,1849,143,16349,1,34:42,2020,2021
2020-21,1627853,Ryan Arcidiacono,Ryan,1610612741,CHI,Chicago Bulls,22000385,2021-02-10T00:00:00,CHI vs. NOP,W,8.116666666666667,0.0,0.0,0.0,0.0,0.0,0.0,0.0,0.0,0.0,5.9,5.9,11.8,0.0,0.0,0.0,0.0,0.0,5.9,5.9,0.0,-47.3,14.2,0,0,11.8,1,1,11433,1,20183,19893,21894,19893,12591,17891,12591,12008,12752,12008,2272,11507,6073,16819,14317,10665,7210,7735,5517,4965,20448,21435,21275,1849,143,21578,1,8:07,2020,2021
2020-21,203897,Zach LaVine,Zach,1610612741,CHI,Chicago Bulls,22000385,2021-02-10T00:00:00,CHI vs. NOP,W,37.56666666666667,21.7,31.9,0.68,11.5,17.9,0.643,3.8,3.8,1.0,1.3,7.7,8.9,5.1,6.4,0.0,1.3,0.0,0.0,2.6,58.8,25.6,74.6,0,0,86.9,1,1,11433,1,1309,237,823,2899,272,721,2622,7375,9277,1,10742,8326,9468,8192,2198,10665,6841,7735,18137,12279,226,3561,1341,1849,143,357,1,37:34,2020,2021
2020-21,1627756,Denzel Valentine,Denzel,1610612741,CHI,Chicago Bulls,22000385,2021-02-10T00:00:00,CHI vs. NOP,W,22.5,12.8,23.5,0.545,8.5,17.1,0.5,0.0,0.0,0.0,2.1,4.3,6.4,4.3,0.0,0.0,0.0,0.0,4.3,0.0,34.1,0.0,48.2,0,0,53.3,1,1,11433,1,12317,3345,4452,6794,839,890,3573,12008,12752,12008,7615,14746,13416,9755,14317,10665,7210,7735,9149,16020,3266,10797,8552,1849,143,5547,1,22:30,2020,2021
2020-21,1629632,Coby White,Coby,1610612741,CHI,Chicago Bulls,22000385,2021-02-10T00:00:00,CHI vs. NOP,W,34.45,13.9,27.9,0.5,11.1,23.7,0.471,2.8,2.8,1.0,0.0,2.8,2.8,9.8,2.8,0.0,0.0,0.0,2.8,2.8,41.8,-2.8,57.0,0,0,65.5,1,1,11433,1,3277,2426,1959,7582,317,231,6132,9262,11119,1,11150,17538,19057,2824,8631,10665,7210,7735,13452,11635,1362,12312,5139,1849,143,2137,1,34:27,2020,2021
2020-21,203107,Tomas Satoransky,Tomas,1610612741,CHI,Chicago Bulls,22000385,2021-02-10T00:00:00,CHI vs. NOP,W,19.166666666666668,2.5,5.0,0.5,2.5,5.0,0.5,0.0,0.0,0.0,0.0,5.0,5.0,20.0,7.5,0.0,0.0,0.0,7.5,5.0,7.5,42.6,36.1,0,0,35.1,1,1,11433,1,14796,18921,21275,7582,8838,13128,3573,12008,12752,12008,11150,13322,15791,207,1394,10665,7210,7735,3314,6539,18996,1399,14232,1849,143,14149,1,19:10,2020,2021
2020-21,202066,Garrett Temple,Garrett,1610612741,CHI,Chicago Bulls,22000385,2021-02-10T00:00:00,CHI vs. NOP,W,35.5,5.4,6.8,0.8,2.7,4.1,0.667,0.0,0.0,0.0,0.0,4.1,4.1,9.5,1.4,1.4,0.0,0.0,4.1,0.0,13.5,24.3,35.3,0,0,32.5,1,1,11433,1,2570,14593,20520,1469,8223,14524,1828,12008,12752,12008,11150,15207,17324,3058,13771,9784,7210,7735,9741,16020,15623,3793,14589,1849,143,15419,1,35:30,2020,2021
2020-21,201152,Thaddeus Young,Thaddeus,1610612741,CHI,Chicago Bulls,22000385,2021-02-10T00:00:00,CHI vs. NOP,W,27.0,7.1,10.7,0.667,0.0,1.8,0.0,0.0,0.0,0.0,3.6,8.9,12.4,7.1,3.6,1.8,0.0,0.0,5.3,3.6,14.2,21.3,41.6,0,0,37.3,1,1,11433,1,8868,11588,17589,2900,12591,17350,12591,12008,12752,12008,4729,6535,5508,5339,6573,7666,7210,7735,6648,9647,15152,4473,11604,1849,143,13019,1,27:00,2020,2021
2020-21,1629655,Daniel Gafford,Daniel,1610612741,CHI,Chicago Bulls,22000385,2021-02-10T00:00:00,CHI vs. NOP,W,16.583333333333332,11.6,14.5,0.8,0.0,0.0,0.0,2.9,5.8,0.5,2.9,2.9,5.8,5.8,5.8,0.0,8.7,0.0,5.8,2.9,26.1,8.7,61.9,0,0,55.0,1,1,11433,1,16529,4640,13562,1469,12591,17891,12591,9012,6392,9461,5871,17319,14456,7060,2745,10665,268,7735,5737,11309,7252,8084,3629,1849,143,4955,1,16:35,2020,2021
2020-21,1628436,Luke Kornet,Luke,1610612741,CHI,Chicago Bulls,22000385,2021-02-10T00:00:00,CHI vs. NOP,W,4.416666666666667,0.0,0.0,0.0,0.0,0.0,0.0,0.0,0.0,0.0,0.0,21.7,21.7,10.9,0.0,0.0,0.0,0.0,0.0,0.0,0.0,-21.7,42.4,0,0,32.6,1,1,11433,1,21397,19893,21894,19893,12591,17891,12591,12008,12752,12008,11150,330,1086,2130,14317,10665,7210,7735,18137,16020,20448,17950,11222,1849,143,15347,1,4:25,2020,2021
2020-21,1627853,Ryan Arcidiacono,Ryan,1610612741,CHI,Chicago Bulls,22000368,2021-02-08T00:00:00,CHI vs. WAS,L,6.065,0.0,0.0,0.0,0.0,0.0,0.0,0.0,0.0,0.0,0.0,0.0,0.0,0.0,0.0,0.0,0.0,0.0,7.9,0.0,0.0,-63.3,0.0,0,0,0.0,1,11623,1,11623,20791,19893,21894,19893,12591,17891,12591,12008,12752,12008,11150,19725,20503,16819,14317,10665,7210,7735,2917,16020,20448,22110,22167,1849,143,22207,1,6:04,2020,2021
2020-21,1626245,Cristiano Felicio,Cristiano,1610612741,CHI,Chicago Bulls,22000368,2021-02-08T00:00:00,CHI vs. WAS,L,9.233333333333333,0.0,0.0,0.0,0.0,0.0,0.0,10.4,10.4,1.0,5.2,5.2,10.4,0.0,10.4,0.0,0.0,0.0,0.0,10.4,10.4,-20.8,12.5,0,0,20.8,1,11623,1,11623,19858,19893,21894,19893,12591,17891,12591,1370,2413,1,2809,12942,7588,16819,531,10665,7210,7735,18137,1080,17519,17751,21495,1849,143,19850,1,9:14,2020,2021
2020-21,203897,Zach LaVine,Zach,1610612741,CHI,Chicago Bulls,22000368,2021-02-08T00:00:00,CHI vs. WAS,L,37.56666666666667,15.3,33.2,0.462,3.8,10.2,0.375,10.2,14.1,0.727,1.3,1.3,2.6,7.7,3.8,1.3,0.0,1.3,5.1,8.9,44.7,-8.9,59.3,0,0,61.3,1,11623,1,11623,1309,1589,627,10881,5679,5490,7570,1444,1103,8139,10742,19661,19386,4736,5949,10234,7210,7307,7141,1806,977,14447,4406,1849,143,3041,1,37:34,2020,2021
2020-21,1627756,Denzel Valentine,Denzel,1610612741,CHI,Chicago Bulls,22000368,2021-02-08T00:00:00,CHI vs. WAS,L,27.76333333333333,6.9,22.5,0.308,5.2,13.8,0.375,0.0,0.0,0.0,0.0,10.4,10.4,1.7,1.7,0.0,0.0,0.0,8.6,1.7,19.0,-6.9,32.3,0,0,36.3,1,11623,1,11623,8311,11927,5175,16796,3369,2244,7570,12008,12752,12008,11150,4778,7622,15596,12088,10665,7210,7735,2339,14509,11827,13766,15967,1849,143,13536,1,27:46,2020,2021
2020-21,202066,Garrett Temple,Garrett,1610612741,CHI,Chicago Bulls,22000368,2021-02-08T00:00:00,CHI vs. WAS,L,27.85,1.7,13.8,0.125,0.0,8.6,0.0,0.0,0.0,0.0,1.7,13.8,15.5,1.7,1.7,1.7,0.0,1.7,5.2,1.7,3.4,5.2,28.1,0,0,24.1,1,11623,1,11623,8247,19691,14325,19716,12591,7622,12591,12008,12752,12008,8762,2196,3281,15602,12108,7869,7210,5167,7007,14521,20321,9306,17616,1849,143,18828,1,27:51,2020,2021
2020-21,1630172,Patrick Williams,Patrick,1610612741,CHI,Chicago Bulls,22000368,2021-02-08T00:00:00,CHI vs. WAS,L,35.37166666666667,2.7,9.5,0.286,2.7,4.1,0.667,5.4,5.4,1.0,0.0,8.1,8.1,1.4,2.7,0.0,0.0,0.0,4.1,2.7,13.6,8.1,22.7,0,0,25.8,1,11623,1,11623,2642,18647,18621,17105,8203,14507,1828,4976,6872,1,11150,7564,10593,16564,8882,10665,7210,7735,9704,11862,15593,8256,19449,1849,143,18255,1,35:22,2020,2021
2020-21,1629632,Coby White,Coby,1610612741,CHI,Chicago Bulls,22000368,2021-02-08T00:00:00,CHI vs. WAS,L,30.15,4.8,15.9,0.3,0.0,6.4,0.0,3.2,3.2,1.0,1.6,11.1,12.7,4.8,1.6,0.0,0.0,1.6,3.2,3.2,12.7,1.6,33.6,0,0,30.2,1,11623,1,11623,6464,15672,11906,16897,12591,11009,12591,8453,10360,1,9248,4058,5254,8810,12659,10665,7210,5689,12176,10529,16136,10568,15403,1849,143,16434,1,30:09,2020,2021
2020-21,201152,Thaddeus Young,Thaddeus,1610612741,CHI,Chicago Bulls,22000368,2021-02-08T00:00:00,CHI vs. WAS,L,27.766666666666666,12.1,19.0,0.636,0.0,0.0,0.0,0.0,1.7,0.0,5.2,3.5,8.6,10.4,6.9,3.5,1.7,1.7,3.5,1.7,24.2,-1.7,58.8,0,0,53.6,1,11623,1,11623,8302,4048,8528,4151,12591,17891,12591,12008,12234,12008,2823,16339,9902,2420,1748,3160,5041,5154,11460,14510,8344,11954,4561,1849,143,5460,1,27:46,2020,2021
2020-21,1629655,Daniel Gafford,Daniel,1610612741,CHI,Chicago Bulls,22000368,2021-02-08T00:00:00,CHI vs. WAS,L,14.866666666666667,12.9,12.9,1.0,0.0,0.0,0.0,6.5,6.5,1.0,9.7,6.5,16.1,6.5,3.2,3.2,6.5,0.0,16.1,6.5,32.3,-6.5,87.2,0,0,74.3,1,11623,1,11623,17547,3245,15296,1,12591,17891,12591,3873,5609,1,777,10491,2917,6196,7312,3579,571,7735,415,4199,4047,13602,501,1849,143,1029,1,14:52,2020,2021
2020-21,203107,Tomas Satoransky,Tomas,1610612741,CHI,Chicago Bulls,22000368,2021-02-08T00:00:00,CHI vs. WAS,L,23.366666666666667,6.2,12.3,0.5,2.1,4.1,0.5,4.1,4.1,1.0,0.0,14.4,14.4,6.2,2.1,2.1,0.0,0.0,2.1,6.2,18.5,-8.2,49.1,0,0,45.2,1,11623,1,11623,11666,13295,15933,7582,9891,14440,3573,6887,8817,1,11150,1884,3974,6565,10949,6713,7210,7735,15530,4604,12216,14233,8156,1849,143,9147,1,23:22,2020,2021
2020-21,203897,Zach LaVine,Zach,1610612741,CHI,Chicago Bulls,22000353,2021-02-06T00:00:00,CHI @ ORL,W,33.18333333333333,23.1,36.2,0.64,7.2,8.7,0.833,2.9,7.2,0.4,2.9,7.2,10.1,5.8,2.9,0.0,0.0,4.3,2.9,2.9,56.4,37.6,74.4,0,0,79.6,1,1,11433,1,4201,173,354,4147,1451,7528,1311,9016,4792,11642,5873,9067,7904,7062,8284,10665,7210,1012,13055,11313,267,1844,1379,1849,143,650,1,33:11,2020,2021
2020-21,1629655,Daniel Gafford,Daniel,1610612741,CHI,Chicago Bulls,22000353,2021-02-06T00:00:00,CHI @ ORL,W,12.8,3.8,11.3,0.333,0.0,0.0,0.0,0.0,0.0,0.0,3.8,15.0,18.8,3.8,3.8,0.0,11.3,3.8,11.3,3.8,7.5,45.0,65.6,0,0,52.5,1,1,11433,1,18560,17286,17033,15094,12591,17891,12591,12008,12752,12008,4453,1641,1820,10885,6159,10665,120,1468,1143,9208,19003,1238,2749,1849,143,5868,1,12:48,2020,2021
2020-21,202066,Garrett Temple,Garrett,1610612741,CHI,Chicago Bulls,22000353,2021-02-06T00:00:00,CHI @ ORL,W,20.183333333333334,2.4,11.9,0.2,2.4,9.5,0.25,7.1,9.5,0.75,0.0,7.1,7.1,2.4,2.4,2.4,4.8,0.0,2.4,4.8,14.3,-14.3,45.4,0,0,40.4,1,1,11433,1,14050,19056,16434,18781,9168,6356,10244,3242,2906,7245,11150,9247,12240,14042,10043,5860,1102,7735,14786,6983,15121,16075,9831,1849,143,11431,1,20:11,2020,2021
2020-21,203107,Tomas Satoransky,Tomas,1610612741,CHI,Chicago Bulls,22000353,2021-02-06T00:00:00,CHI @ ORL,W,27.016666666666666,5.3,8.9,0.6,3.6,3.6,1.0,1.8,1.8,1.0,3.6,5.3,8.9,10.7,0.0,1.8,3.6,0.0,1.8,1.8,16.0,23.1,58.6,0,0,49.7,1,1,11433,1,8857,14730,19110,4810,6262,15196,1,10880,12187,1,4734,12690,9557,2250,14317,7670,1928,7735,16241,14352,13940,4060,4607,1849,143,7058,1,27:01,2020,2021
2020-21,1629632,Coby White,Coby,1610612741,CHI,Chicago Bulls,22000353,2021-02-06T00:00:00,CHI @ ORL,W,27.366666666666667,8.8,21.0,0.417,3.5,10.5,0.333,1.8,1.8,1.0,0.0,12.3,12.3,5.3,1.8,1.8,0.0,3.5,3.5,1.8,22.8,33.3,48.9,0,0,47.4,1,1,11433,1,8599,8703,6477,12627,6357,5134,7875,10921,12211,1,11150,3128,5659,7951,11987,7750,7210,1712,11347,14424,9223,2339,8225,1849,143,8131,1,27:22,2020,2021
2020-21,1626245,Cristiano Felicio,Cristiano,1610612741,CHI,Chicago Bulls,22000353,2021-02-06T00:00:00,CHI @ ORL,W,9.466666666666669,5.1,5.1,1.0,0.0,0.0,0.0,0.0,0.0,0.0,5.1,0.0,5.1,10.1,5.1,0.0,0.0,0.0,5.1,5.1,10.1,20.3,26.4,0,0,25.4,1,1,11433,1,19783,15167,21241,1,12591,17891,12591,12008,12752,12008,2921,19725,15677,2569,3668,10665,7210,7735,7235,6409,17663,4696,18261,1849,143,18412,1,9:28,2020,2021
2020-21,1627756,Denzel Valentine,Denzel,1610612741,CHI,Chicago Bulls,22000353,2021-02-06T00:00:00,CHI @ ORL,W,36.6,10.5,22.3,0.471,5.2,13.1,0.4,0.0,0.0,0.0,2.6,1.3,3.9,5.2,0.0,1.3,0.0,2.6,1.3,0.0,26.2,31.5,42.8,0,0,43.3,1,1,11433,1,1829,6030,5326,10674,3271,2682,6751,12008,12752,12008,6482,19632,17538,7976,14317,10057,7210,3047,17792,16020,7137,2597,11039,1849,143,10008,1,36:36,2020,2021
2020-21,1630172,Patrick Williams,Patrick,1610612741,CHI,Chicago Bulls,22000353,2021-02-06T00:00:00,CHI @ ORL,W,33.45,10.0,18.7,0.538,1.4,2.9,0.5,1.4,1.4,1.0,1.4,12.9,14.3,1.4,2.9,0.0,1.4,2.9,1.4,1.4,23.0,31.6,43.8,1,0,43.0,1,1,11433,1,4022,6648,8906,7057,11792,16049,3573,11564,12533,1,9965,2702,3993,16385,8367,10665,6121,2537,17334,15444,9116,2580,10552,1,143,10122,1,33:27,2020,2021
2020-21,1627853,Ryan Arcidiacono,Ryan,1610612741,CHI,Chicago Bulls,22000353,2021-02-06T00:00:00,CHI @ ORL,W,12.716666666666669,0.0,0.0,0.0,0.0,0.0,0.0,0.0,0.0,0.0,0.0,11.3,11.3,7.5,0.0,3.8,0.0,0.0,0.0,0.0,0.0,22.6,36.2,0,0,26.4,1,1,11433,1,18587,19893,21894,19893,12591,17891,12591,12008,12752,12008,11150,3894,6576,4880,14317,2686,7210,7735,18137,16020,20448,4155,14151,1849,143,18008,1,12:43,2020,2021
2020-21,1628436,Luke Kornet,Luke,1610612741,CHI,Chicago Bulls,22000353,2021-02-06T00:00:00,CHI @ ORL,W,1.4833333333333334,0.0,0.0,0.0,0.0,0.0,0.0,0.0,0.0,0.0,0.0,0.0,0.0,0.0,0.0,0.0,0.0,0.0,0.0,0.0,0.0,0.0,0.0,0,0,0.0,1,1,11433,1,22637,19893,21894,19893,12591,17891,12591,12008,12752,12008,11150,19725,20503,16819,14317,10665,7210,7735,18137,16020,20448,10797,22167,1849,143,22207,1,1:29,2020,2021
2020-21,201152,Thaddeus Young,Thaddeus,1610612741,CHI,Chicago Bulls,22000353,2021-02-06T00:00:00,CHI @ ORL,W,25.73333333333333,9.3,18.7,0.5,0.0,0.0,0.0,1.9,1.9,1.0,3.7,1.9,5.6,7.5,3.7,1.9,3.7,0.0,0.0,1.9,20.5,18.7,51.5,0,0,44.8,1,1,11433,1,9856,7784,8908,7582,12591,17891,12591,10729,12116,1,4484,18930,14801,4976,6205,7329,1764,7735,18137,14076,10769,5108,7169,1849,143,9324,1,25:44,2020,2021
2020-21,203107,Tomas Satoransky,Tomas,1610612741,CHI,Chicago Bulls,22000344,2021-02-05T00:00:00,CHI @ ORL,L,21.183333333333334,4.5,9.1,0.5,0.0,0.0,0.0,4.5,4.5,1.0,0.0,9.1,9.1,9.1,2.3,0.0,0.0,2.3,2.3,4.5,13.6,43.1,35.8,0,0,31.7,1,11623,1,11623,13315,16053,18961,7582,12591,17891,12591,6242,8150,1,11150,6316,9286,3390,10346,10665,7210,3789,15050,7407,15578,1353,14366,1849,143,15754,1,21:11,2020,2021
2020-21,1628990,Chandler Hutchison,Chandler,1610612741,CHI,Chicago Bulls,22000344,2021-02-05T00:00:00,CHI @ ORL,L,3.933333333333333,0.0,0.0,0.0,0.0,0.0,0.0,0.0,0.0,0.0,0.0,12.2,12.2,0.0,12.2,0.0,0.0,0.0,24.4,0.0,0.0,12.2,2.4,0,0,12.2,1,11623,1,11623,21579,19893,21894,19893,12591,17891,12591,12008,12752,12008,11150,3180,5719,16819,343,10665,7210,7735,130,16020,20448,6914,22119,1849,143,21527,1,3:56,2020,2021
2020-21,1630172,Patrick Williams,Patrick,1610612741,CHI,Chicago Bulls,22000344,2021-02-05T00:00:00,CHI @ ORL,L,33.86,9.9,15.6,0.636,0.0,1.4,0.0,8.5,8.5,1.0,2.8,7.1,9.9,1.4,1.4,2.8,1.4,0.0,4.3,7.1,28.4,-11.3,53.7,0,0,48.2,1,11623,1,11623,3731,6840,12284,4151,12591,17715,12591,2255,3590,1,5988,9350,8150,16432,13470,4475,6192,7735,9195,3399,5933,15196,6303,1849,143,7682,1,33:52,2020,2021
2020-21,203897,Zach LaVine,Zach,1610612741,CHI,Chicago Bulls,22000344,2021-02-05T00:00:00,CHI @ ORL,L,36.35,11.9,27.7,0.429,1.3,6.6,0.2,9.2,9.2,1.0,0.0,5.3,5.3,10.6,1.3,1.3,0.0,1.3,2.6,7.9,34.3,-2.6,59.2,0,0,54.1,1,11623,1,11623,2002,4284,2004,11933,12215,10629,11380,1886,3078,1,11150,12791,15329,2299,13888,9990,7210,7083,13993,2615,3210,12244,4442,1849,143,5257,1,36:21,2020,2021
2020-21,1627756,Denzel Valentine,Denzel,1610612741,CHI,Chicago Bulls,22000344,2021-02-05T00:00:00,CHI @ ORL,L,20.44,14.1,28.2,0.5,4.7,14.1,0.333,0.0,0.0,0.0,0.0,9.4,9.4,2.3,0.0,4.7,0.0,0.0,4.7,7.0,32.9,2.3,61.8,0,0,58.7,1,11623,1,11623,13872,2317,1842,7582,4086,2081,7875,12008,12752,12008,11150,5852,8812,14109,14317,1626,7210,7735,8109,3446,3777,10355,3684,1849,143,3745,1,20:26,2020,2021
2020-21,201152,Thaddeus Young,Thaddeus,1610612741,CHI,Chicago Bulls,22000344,2021-02-05T00:00:00,CHI @ ORL,L,32.333333333333336,10.4,14.8,0.7,0.0,0.0,0.0,1.5,3.0,0.5,4.5,5.9,10.4,7.4,1.5,3.0,0.0,0.0,7.4,3.0,22.3,14.8,53.3,0,0,46.0,1,11623,1,11623,4828,6172,13152,2696,12591,17891,12591,11469,10766,9461,3503,11448,7605,5019,13141,4132,7210,7735,3409,11106,9578,6156,6467,1849,143,8719,1,32:20,2020,2021
2020-21,1628374,Lauri Markkanen,Lauri,1610612741,CHI,Chicago Bulls,22000344,2021-02-05T00:00:00,CHI @ ORL,L,17.15,14.0,25.2,0.556,5.6,14.0,0.4,2.8,2.8,1.0,0.0,14.0,14.0,0.0,2.8,0.0,0.0,0.0,5.6,2.8,36.4,-44.8,50.4,0,0,56.0,1,11623,1,11623,16176,2383,3251,6415,2802,2143,6751,9227,11093,1,11150,2091,4243,16819,8596,10665,7210,7735,6107,11593,2577,21225,7614,1849,143,4601,1,17:09,2020,2021
2020-21,1629632,Coby White,Coby,1610612741,CHI,Chicago Bulls,22000344,2021-02-05T00:00:00,CHI @ ORL,L,33.666666666666664,8.6,24.2,0.353,5.7,12.8,0.444,0.0,0.0,0.0,0.0,1.4,1.4,4.3,1.4,0.0,1.4,0.0,2.9,1.4,22.8,-21.4,33.8,0,0,37.1,1,11623,1,11623,3863,9034,3904,15003,2657,2893,6201,12008,12752,12008,11150,19518,20386,9733,13437,10665,6157,7735,13202,15475,9215,17878,15304,1849,143,13143,1,33:40,2020,2021
2020-21,1629655,Daniel Gafford,Daniel,1610612741,CHI,Chicago Bulls,22000344,2021-02-05T00:00:00,CHI @ ORL,L,10.716666666666669,9.0,9.0,1.0,0.0,0.0,0.0,0.0,0.0,0.0,9.0,9.0,17.9,0.0,0.0,0.0,4.5,0.0,4.5,0.0,17.9,-80.6,52.9,0,0,44.8,1,11623,1,11623,19390,8394,19049,1,12591,17891,12591,12008,12752,12008,964,6448,2093,16819,14317,10665,1239,7735,8616,16020,12610,22475,6623,1849,143,9314,1,10:43,2020,2021
2020-21,202066,Garrett Temple,Garrett,1610612741,CHI,Chicago Bulls,22000344,2021-02-05T00:00:00,CHI @ ORL,L,30.366666666666667,3.2,15.8,0.2,0.0,6.3,0.0,1.6,3.2,0.5,4.7,0.0,4.7,7.9,1.6,3.2,3.2,0.0,3.2,3.2,7.9,12.6,42.8,0,0,33.2,1,11623,1,11623,6286,18058,12026,18781,12591,11060,12591,11268,10402,9461,3232,19725,16216,4463,12714,3706,2343,7735,12251,10583,18823,6782,11004,1849,143,15035,1,30:22,2020,2021
2020-21,202066,Garrett Temple,Garrett,1610612741,CHI,Chicago Bulls,22000332,2021-02-03T00:00:00,CHI vs. NYK,L,23.45,2.0,14.3,0.143,2.0,10.2,0.2,0.0,0.0,0.0,2.0,4.1,6.1,4.1,0.0,2.0,2.0,0.0,0.0,2.0,6.1,-4.1,31.9,0,0,26.6,1,11623,1,11623,11594,19398,13712,19554,9912,5472,11380,12008,12752,12008,7841,15125,13900,10130,14317,6740,4219,7735,18137,13618,19545,12766,16134,1849,143,17934,1,23:27,2020,2021
2020-21,1629655,Daniel Gafford,Daniel,1610612741,CHI,Chicago Bulls,22000332,2021-02-03T00:00:00,CHI vs. NYK,L,19.5,4.9,4.9,1.0,0.0,0.0,0.0,0.0,0.0,0.0,0.0,14.8,14.8,2.5,0.0,2.5,2.5,0.0,2.5,0.0,9.8,2.5,46.0,0,0,36.9,1,11623,1,11623,14565,15423,21300,1,12591,17891,12591,12008,12752,12008,11150,1727,3721,13843,14317,5608,3517,7735,14556,16020,17823,10317,9559,1849,143,13195,1,19:30,2020,2021
2020-21,1630172,Patrick Williams,Patrick,1610612741,CHI,Chicago Bulls,22000332,2021-02-03T00:00:00,CHI vs. NYK,L,32.16833333333334,9.0,17.9,0.5,0.0,4.5,0.0,0.0,1.5,0.0,0.0,10.4,10.4,1.5,3.0,1.5,0.0,1.5,1.5,6.0,17.9,7.5,34.2,0,0,32.8,1,11623,1,11623,4962,8407,9675,7582,12591,13899,12591,12008,12474,12008,11150,4692,7533,16239,8021,8941,7210,6165,17134,4884,12617,8491,15123,1849,143,15224,1,32:10,2020,2021
2020-21,1628374,Lauri Markkanen,Lauri,1610612741,CHI,Chicago Bulls,22000332,2021-02-03T00:00:00,CHI vs. NYK,L,35.615,4.0,10.8,0.375,0.0,5.4,0.0,4.0,5.4,0.75,0.0,5.4,5.4,0.0,0.0,0.0,0.0,1.3,4.0,6.7,12.1,-10.8,18.6,0,0,17.5,1,11623,1,11623,2504,16849,17482,14155,12591,12475,12591,7002,6918,7245,11150,12550,15145,16819,14317,10665,7210,6929,9784,3798,16519,15020,20494,1849,143,20669,1,35:37,2020,2021
2020-21,1629632,Coby White,Coby,1610612741,CHI,Chicago Bulls,22000332,2021-02-03T00:00:00,CHI vs. NYK,L,32.25666666666667,6.0,19.3,0.308,3.0,11.9,0.25,4.5,6.0,0.75,0.0,4.5,4.5,8.9,3.0,1.5,0.0,1.5,3.0,3.0,19.3,-11.9,39.6,0,0,38.7,1,11623,1,11623,4885,13652,8198,16796,7474,3676,10244,6335,6192,7245,11150,14363,16650,3487,8039,8966,7210,6200,12789,11089,11627,15357,12551,1849,143,12315,1,32:15,2020,2021
2020-21,203107,Tomas Satoransky,Tomas,1610612741,CHI,Chicago Bulls,22000332,2021-02-03T00:00:00,CHI vs. NYK,L,13.7,10.5,14.0,0.75,0.0,3.5,0.0,0.0,0.0,0.0,0.0,0.0,0.0,10.5,3.5,0.0,0.0,0.0,0.0,0.0,21.0,14.0,33.3,0,0,31.5,1,11623,1,11623,18131,6007,14072,1826,12591,15273,12591,12008,12752,12008,11150,19725,20503,2329,6690,10665,7210,7735,18137,16020,10441,6398,15536,1849,143,15839,1,13:42,2020,2021
2020-21,201152,Thaddeus Young,Thaddeus,1610612741,CHI,Chicago Bulls,22000332,2021-02-03T00:00:00,CHI vs. NYK,L,25.866666666666667,16.7,20.4,0.818,0.0,1.9,0.0,1.9,5.6,0.333,5.6,1.9,7.4,3.7,3.7,9.3,1.9,0.0,5.6,3.7,35.3,-16.7,79.4,0,0,68.7,1,11623,1,11623,9748,1023,7087,1440,12591,17284,12591,10744,6684,11706,2508,18939,11735,10975,6245,204,4659,7735,6173,9302,2893,16754,913,1849,143,1646,1,25:52,2020,2021
2020-21,1627756,Denzel Valentine,Denzel,1610612741,CHI,Chicago Bulls,22000332,2021-02-03T00:00:00,CHI vs. NYK,L,19.5,12.3,24.6,0.5,7.4,17.2,0.429,0.0,0.0,0.0,0.0,14.8,14.8,7.4,0.0,4.9,0.0,0.0,4.9,0.0,32.0,12.3,75.6,0,0,71.4,1,11623,1,11623,14565,3835,3632,7582,1367,849,6364,12008,12752,12008,11150,1727,3721,5052,14317,1430,7210,7735,7588,16020,4175,6889,1231,1849,143,1299,1,19:30,2020,2021
2020-21,203897,Zach LaVine,Zach,1610612741,CHI,Chicago Bulls,22000332,2021-02-03T00:00:00,CHI vs. NYK,L,37.943333333333335,12.7,26.6,0.476,0.0,8.9,0.0,5.1,5.1,1.0,2.5,3.8,6.3,8.9,2.5,0.0,0.0,1.3,2.5,5.1,30.4,-10.1,48.7,0,0,45.5,1,11623,1,11623,1123,3498,2500,10564,12591,7280,12591,5479,7413,1,6753,15725,13553,3563,9556,10665,7210,7367,14355,6430,4885,14819,8328,1849,143,8972,1,37:57,2020,2021
2020-21,201152,Thaddeus Young,Thaddeus,1610612741,CHI,Chicago Bulls,22000315,2021-02-01T00:00:00,CHI vs. NYK,W,30.635,9.4,15.7,0.6,1.6,1.6,1.0,0.0,1.6,0.0,0.0,12.5,12.5,12.5,1.6,1.6,1.6,1.6,7.8,4.7,20.4,9.4,62.0,0,0,53.3,1,1,11433,1,6096,7668,12200,4810,11317,17574,1,12008,12395,12008,11150,2933,5424,1377,12775,8574,5592,5810,2984,7090,10877,7824,3605,1849,143,5578,1,30:38,2020,2021
2020-21,1629655,Daniel Gafford,Daniel,1610612741,CHI,Chicago Bulls,22000315,2021-02-01T00:00:00,CHI vs. NYK,W,21.816666666666663,13.2,17.6,0.75,0.0,0.0,0.0,0.0,2.2,0.0,11.0,8.8,19.8,0.0,0.0,0.0,0.0,0.0,8.8,8.8,26.4,2.2,50.2,0,0,46.2,1,1,11433,1,12800,2992,10038,1826,12591,17891,12591,12008,11890,12008,554,6651,1515,16819,14317,10665,7210,7735,2237,1904,7039,10402,7711,1849,143,8630,1,21:49,2020,2021
2020-21,1628374,Lauri Markkanen,Lauri,1610612741,CHI,Chicago Bulls,22000315,2021-02-01T00:00:00,CHI vs. NYK,W,33.6,15.7,25.7,0.611,8.6,17.1,0.5,2.9,2.9,1.0,0.0,7.1,7.1,2.9,5.7,1.4,0.0,1.4,1.4,1.4,42.9,22.9,54.3,0,0,64.3,1,1,11433,1,3917,1409,2932,4761,825,868,3573,9080,10972,1,11150,9234,12230,12853,2823,9311,7210,6481,17356,15466,1210,4104,6113,1849,143,2371,1,33:36,2020,2021
2020-21,203490,Otto Porter Jr.,Otto,1610612741,CHI,Chicago Bulls,22000315,2021-02-01T00:00:00,CHI vs. NYK,W,18.15,0.0,13.2,0.0,0.0,2.6,0.0,7.9,10.6,0.75,2.6,10.6,13.2,2.6,0.0,0.0,0.0,2.6,2.6,7.9,7.9,5.3,27.8,0,0,23.8,1,1,11433,1,15497,19893,14983,19893,12591,16374,12591,2609,2324,7245,6437,4551,4829,13430,14317,10665,7210,3011,13985,2600,18805,9257,17759,1849,143,18927,1,18:09,2020,2021
2020-21,203107,Tomas Satoransky,Tomas,1610612741,CHI,Chicago Bulls,22000315,2021-02-01T00:00:00,CHI vs. NYK,W,10.1,0.0,4.8,0.0,0.0,4.8,0.0,0.0,0.0,0.0,0.0,9.5,9.5,19.0,9.5,0.0,0.0,0.0,4.8,0.0,0.0,-28.5,30.4,0,0,28.5,1,1,11433,1,19577,19893,21353,19893,12591,13515,12591,12008,12752,12008,11150,5695,8667,266,692,10665,7210,7735,7978,16020,20448,19304,16746,1849,143,17173,1,10:06,2020,2021
2020-21,1628990,Chandler Hutchison,Chandler,1610612741,CHI,Chicago Bulls,22000315,2021-02-01T00:00:00,CHI vs. NYK,W,0.2466666666666666,0.0,0.0,0.0,0.0,0.0,0.0,0.0,0.0,0.0,0.0,0.0,0.0,0.0,0.0,0.0,0.0,0.0,0.0,0.0,0.0,-389.2,0.0,0,0,0.0,1,1,11433,1,23007,19893,21894,19893,12591,17891,12591,12008,12752,12008,11150,19725,20503,16819,14317,10665,7210,7735,18137,16020,20448,23033,22167,1849,143,22207,1,0:15,2020,2021
2020-21,202066,Garrett Temple,Garrett,1610612741,CHI,Chicago Bulls,22000315,2021-02-01T00:00:00,CHI vs. NYK,W,24.633333333333333,3.9,15.6,0.25,0.0,9.7,0.0,3.9,3.9,1.0,1.9,0.0,1.9,7.8,0.0,0.0,0.0,0.0,3.9,1.9,11.7,27.3,25.7,0,0,21.4,1,1,11433,1,10689,17087,12290,17720,12591,6061,12591,7268,9182,1,8099,19725,19938,4591,14317,10665,7210,7735,10231,13851,16792,3257,18487,1849,143,19676,1,24:38,2020,2021
2020-21,203897,Zach LaVine,Zach,1610612741,CHI,Chicago Bulls,22000315,2021-02-01T00:00:00,CHI vs. NYK,W,32.185,11.9,23.9,0.5,4.5,8.9,0.5,3.0,3.0,1.0,0.0,7.5,7.5,4.5,1.5,1.5,0.0,1.5,6.0,3.0,31.3,-1.5,50.0,0,0,50.7,1,1,11433,1,4949,4231,4167,7582,4433,7145,3573,8838,10736,1,11150,8686,11677,9368,13106,8947,7210,6170,5413,11072,4477,11870,7786,1849,143,6606,1,32:11,2020,2021
2020-21,1629632,Coby White,Coby,1610612741,CHI,Chicago Bulls,22000315,2021-02-01T00:00:00,CHI vs. NYK,W,37.46666666666667,6.4,15.4,0.417,1.3,5.1,0.25,2.6,2.6,1.0,0.0,5.1,5.1,7.7,5.1,0.0,0.0,1.3,0.0,1.3,16.7,16.7,29.2,0,0,30.7,1,1,11433,1,1361,12860,12545,12627,12330,12923,10244,9735,11528,1,11150,13088,15591,4713,3596,10665,7210,7286,18137,15866,13473,5671,17223,1849,143,16196,1,37:28,2020,2021
2020-21,1630172,Patrick Williams,Patrick,1610612741,CHI,Chicago Bulls,22000315,2021-02-01T00:00:00,CHI vs. NYK,W,28.016666666666666,5.1,13.7,0.375,0.0,5.1,0.0,6.9,10.3,0.667,0.0,1.7,1.7,3.4,0.0,0.0,0.0,1.7,1.7,6.9,17.1,-1.7,24.3,0,0,22.3,1,1,11433,1,8115,15072,14417,14155,12591,12899,12591,3470,2479,8322,11150,19126,20139,11533,14317,10665,7210,5206,16427,3659,13151,11945,18940,1849,143,19413,1,28:01,2020,2021
2020-21,1627756,Denzel Valentine,Denzel,1610612741,CHI,Chicago Bulls,22000315,2021-02-01T00:00:00,CHI vs. NYK,W,3.15,15.2,30.5,0.5,0.0,15.2,0.0,0.0,0.0,0.0,0.0,0.0,0.0,0.0,0.0,0.0,0.0,0.0,0.0,0.0,30.5,-30.5,30.5,0,0,30.5,1,1,11433,1,21923,1639,1130,7582,12591,1497,12591,12008,12752,12008,11150,19725,20503,16819,14317,10665,7210,7735,18137,16020,4823,19604,16710,1849,143,16319,1,3:09,2020,2021
2020-21,1628374,Lauri Markkanen,Lauri,1610612741,CHI,Chicago Bulls,22000298,2021-01-30T00:00:00,CHI vs. POR,L,35.75,16.1,24.2,0.667,8.1,14.8,0.545,1.3,1.3,1.0,0.0,8.1,8.1,0.0,2.7,0.0,1.3,0.0,1.3,1.3,41.6,10.7,52.6,0,0,60.4,1,11623,1,11623,2410,1231,3954,2900,1027,1708,3508,11773,12643,1,11150,7683,10715,16819,8975,10665,6555,7735,17675,15712,1397,7399,6721,1849,143,3266,1,35:45,2020,2021
2020-21,1626245,Cristiano Felicio,Cristiano,1610612741,CHI,Chicago Bulls,22000298,2021-01-30T00:00:00,CHI vs. POR,L,4.8,0.0,0.0,0.0,0.0,0.0,0.0,0.0,0.0,0.0,0.0,30.0,30.0,10.0,0.0,10.0,0.0,0.0,10.0,10.0,0.0,-10.0,81.0,0,0,60.0,1,11623,1,11623,21257,19893,21894,19893,12591,17891,12591,12008,12752,12008,11150,94,259,2664,14317,162,7210,7735,1591,1246,20448,14780,814,1849,143,3393,1,4:48,2020,2021
2020-21,1627756,Denzel Valentine,Denzel,1610612741,CHI,Chicago Bulls,22000298,2021-01-30T00:00:00,CHI vs. POR,L,4.933333333333334,0.0,19.5,0.0,0.0,19.5,0.0,0.0,0.0,0.0,0.0,0.0,0.0,9.7,0.0,0.0,0.0,0.0,9.7,0.0,0.0,38.9,14.6,0,0,9.7,1,11623,1,11623,21214,19893,8089,19893,12591,499,12591,12008,12752,12008,11150,19725,20503,2838,14317,10665,7210,7735,1709,16020,20448,1720,21207,1849,143,21813,1,4:56,2020,2021
2020-21,1630172,Patrick Williams,Patrick,1610612741,CHI,Chicago Bulls,22000298,2021-01-30T00:00:00,CHI vs. POR,L,24.3,7.9,13.8,0.571,2.0,5.9,0.333,4.0,4.0,1.0,0.0,2.0,2.0,2.0,2.0,2.0,0.0,0.0,0.0,2.0,21.7,-23.7,31.0,0,0,31.6,1,11623,1,11623,10946,10164,14276,5826,10090,11676,7875,7165,9077,1,11150,18796,19918,14966,11213,6956,7210,7735,18137,13790,9980,18387,16517,1849,143,15808,1,24:18,2020,2021
2020-21,202066,Garrett Temple,Garrett,1610612741,CHI,Chicago Bulls,22000298,2021-01-30T00:00:00,CHI vs. POR,L,24.85,5.8,17.4,0.333,5.8,13.5,0.429,0.0,0.0,0.0,0.0,1.9,1.9,0.0,1.9,0.0,1.9,0.0,1.9,1.9,17.4,34.8,23.6,0,0,29.0,1,11623,1,11623,10554,13915,10288,15094,2559,2410,6364,12008,12752,12008,11150,18843,19948,16819,11328,10665,4469,7735,15813,13888,12969,2152,19175,1849,143,16985,1,24:51,2020,2021
2020-21,203107,Tomas Satoransky,Tomas,1610612741,CHI,Chicago Bulls,22000298,2021-01-30T00:00:00,CHI vs. POR,L,13.3,7.2,10.8,0.667,3.6,7.2,0.5,3.6,3.6,1.0,0.0,10.8,10.8,10.8,7.2,0.0,0.0,0.0,0.0,3.6,21.7,10.8,43.7,0,0,46.9,1,11623,1,11623,18339,11407,17438,2900,6132,9675,3573,7746,9637,1,11150,4339,7105,2146,1561,10665,7210,7735,18137,9522,10027,7363,10593,1849,143,8327,1,13:18,2020,2021
2020-21,201152,Thaddeus Young,Thaddeus,1610612741,CHI,Chicago Bulls,22000298,2021-01-30T00:00:00,CHI vs. POR,L,28.95,5.0,16.6,0.3,0.0,0.0,0.0,3.3,3.3,1.0,11.6,6.6,18.2,18.2,1.7,1.7,0.0,0.0,6.6,8.3,13.3,21.6,65.8,1,0,53.1,1,11623,1,11623,7369,15332,11190,16897,12591,17891,12591,8214,10119,1,450,10186,1979,311,12397,8148,7210,7735,4363,2295,15777,4432,2707,1,143,5655,1,28:57,2020,2021
2020-21,1629655,Daniel Gafford,Daniel,1610612741,CHI,Chicago Bulls,22000298,2021-01-30T00:00:00,CHI vs. POR,L,10.1,9.5,19.0,0.5,0.0,0.0,0.0,0.0,0.0,0.0,9.5,14.3,23.8,4.8,0.0,0.0,0.0,0.0,4.8,0.0,19.0,-71.3,54.7,0,0,47.5,1,11623,1,11623,19577,7493,8532,7582,12591,17891,12591,12008,12752,12008,825,1961,765,8851,14317,10665,7210,7735,7978,16020,11832,22327,5949,1849,143,8046,1,10:06,2020,2021
2020-21,1629632,Coby White,Coby,1610612741,CHI,Chicago Bulls,22000298,2021-01-30T00:00:00,CHI vs. POR,L,33.91833333333334,8.5,15.6,0.545,4.2,8.5,0.5,7.1,7.1,1.0,0.0,4.2,4.2,8.5,1.4,0.0,0.0,0.0,2.8,5.7,28.3,-24.1,44.7,0,0,45.3,1,11623,1,11623,3665,9141,12330,6794,4822,7791,3573,3286,4953,1,11150,14795,17003,3884,13489,10665,7210,7735,13291,5339,5965,18462,10158,1849,143,9087,1,33:55,2020,2021
2020-21,203897,Zach LaVine,Zach,1610612741,CHI,Chicago Bulls,22000298,2021-01-30T00:00:00,CHI vs. POR,L,34.94833333333333,12.4,16.5,0.75,8.2,11.0,0.75,2.7,2.7,1.0,0.0,9.6,9.6,5.5,8.2,2.7,0.0,1.4,1.4,2.7,35.7,8.2,55.5,0,0,64.6,1,11623,1,11623,2942,3777,11299,1826,934,4592,1455,9342,11203,1,11150,5549,8515,7545,1059,4732,7210,6785,17554,11750,2751,8225,5685,1849,143,2322,1,34:57,2020,2021
2020-21,203490,Otto Porter Jr.,Otto,1610612741,CHI,Chicago Bulls,22000298,2021-01-30T00:00:00,CHI vs. POR,L,24.15,4.0,17.9,0.222,2.0,11.9,0.167,4.0,4.0,1.0,4.0,2.0,6.0,6.0,2.0,0.0,0.0,0.0,4.0,2.0,13.9,-23.9,28.0,0,0,27.8,1,11623,1,11623,11058,16970,9693,18584,10061,3652,12017,7128,9042,1,4133,18782,14178,6807,11166,10665,7210,7735,9992,13752,15358,18416,17644,1849,143,17454,1,24:09,2020,2021
2020-21,203490,Otto Porter Jr.,Otto,1610612741,CHI,Chicago Bulls,22000262,2021-01-25T00:00:00,CHI vs. BOS,L,22.916666666666668,8.4,16.8,0.5,8.4,14.7,0.571,2.1,4.2,0.5,0.0,10.5,10.5,6.3,0.0,0.0,4.2,0.0,2.1,2.1,27.2,-2.1,61.8,0,0,60.7,1,11623,1,11623,12030,9334,10985,7582,892,1757,3225,10384,8677,9461,11150,4652,7500,6408,14317,10665,1411,7735,15425,13483,6569,12063,3670,1849,143,3188,1,22:55,2020,2021
2020-21,202066,Garrett Temple,Garrett,1610612741,CHI,Chicago Bulls,22000262,2021-01-25T00:00:00,CHI vs. BOS,L,26.05,7.4,16.6,0.444,0.0,1.8,0.0,0.0,0.0,0.0,0.0,9.2,9.2,3.7,1.8,3.7,1.8,1.8,1.8,0.0,14.7,16.6,46.1,0,0,38.7,1,11623,1,11623,9601,11098,11185,11399,12591,17294,12591,12008,12752,12008,11150,6093,9056,11029,11639,2808,4692,4817,16066,16020,14790,5688,9542,1849,143,12306,1,26:03,2020,2021
2020-21,1630172,Patrick Williams,Patrick,1610612741,CHI,Chicago Bulls,22000262,2021-01-25T00:00:00,CHI vs. BOS,L,10.033333333333331,4.8,19.1,0.25,0.0,9.6,0.0,0.0,0.0,0.0,0.0,0.0,0.0,4.8,9.6,4.8,0.0,0.0,9.6,4.8,9.6,-95.7,21.5,0,0,23.9,1,11623,1,11623,19606,15660,8408,17720,12591,6290,12591,12008,12752,12008,11150,19725,20503,8799,678,1555,7210,7735,1770,6935,17983,22645,19790,1849,143,18896,1,10:02,2020,2021
2020-21,1628374,Lauri Markkanen,Lauri,1610612741,CHI,Chicago Bulls,22000262,2021-01-25T00:00:00,CHI vs. BOS,L,31.1,10.8,18.5,0.583,4.6,9.3,0.5,1.5,3.1,0.5,1.5,7.7,9.3,1.5,1.5,0.0,0.0,1.5,4.6,6.2,27.8,-23.2,39.7,0,0,43.2,1,11623,1,11623,5746,5593,9026,5615,4182,6693,3573,11349,10529,9461,9447,8251,8991,16103,12879,10665,7210,5903,8257,4586,6248,18254,12518,1849,143,10046,1,31:06,2020,2021
2020-21,203107,Tomas Satoransky,Tomas,1610612741,CHI,Chicago Bulls,22000262,2021-01-25T00:00:00,CHI vs. BOS,L,24.016666666666666,2.0,14.0,0.143,2.0,6.0,0.333,0.0,0.0,0.0,0.0,4.0,4.0,12.0,4.0,0.0,0.0,0.0,2.0,4.0,6.0,12.0,24.8,0,0,24.0,1,11623,1,11623,11158,19447,14102,19554,10031,11566,7875,12008,12752,12008,11150,15321,17425,1588,5558,10665,7210,7735,15664,8567,19602,6998,18791,1849,143,18868,1,24:01,2020,2021
2020-21,201152,Thaddeus Young,Thaddeus,1610612741,CHI,Chicago Bulls,22000262,2021-01-25T00:00:00,CHI vs. BOS,L,31.28333333333333,12.3,16.9,0.727,0.0,1.5,0.0,0.0,3.1,0.0,6.1,7.7,13.8,13.8,3.1,1.5,1.5,1.5,3.1,9.2,24.5,6.1,68.0,0,0,58.3,1,11623,1,11623,5613,3872,10852,2334,12591,17600,12591,12008,10558,12008,2123,8318,4397,995,7763,8748,5719,5956,12513,1652,8145,8955,2299,1849,143,3876,1,31:17,2020,2021
2020-21,203897,Zach LaVine,Zach,1610612741,CHI,Chicago Bulls,22000262,2021-01-25T00:00:00,CHI vs. BOS,L,34.25,15.4,26.6,0.579,8.4,14.0,0.6,2.8,2.8,1.0,1.4,7.0,8.4,4.2,8.4,0.0,2.8,1.4,2.8,1.4,42.0,-29.4,58.4,0,0,68.7,1,11623,1,11623,3422,1543,2472,5785,882,2128,2762,9219,11088,1,10147,9488,10196,9898,1004,10665,2899,6625,13382,15558,1335,19444,4670,1849,143,1645,1,34:15,2020,2021
2020-21,1629655,Daniel Gafford,Daniel,1610612741,CHI,Chicago Bulls,22000262,2021-01-25T00:00:00,CHI vs. BOS,L,10.7,0.0,9.0,0.0,0.0,0.0,0.0,0.0,9.0,0.0,13.5,0.0,13.5,4.5,4.5,0.0,4.5,0.0,0.0,9.0,0.0,-89.7,31.9,0,0,26.9,1,11623,1,11623,19395,19893,19033,19893,12591,17891,12591,12008,3246,12008,281,19725,4648,9340,4557,10665,1234,7735,18137,1786,20448,22584,16160,1849,143,17821,1,10:42,2020,2021
2020-21,1627756,Denzel Valentine,Denzel,1610612741,CHI,Chicago Bulls,22000262,2021-01-25T00:00:00,CHI vs. BOS,L,25.666666666666668,5.6,18.7,0.3,3.7,11.2,0.333,0.0,0.0,0.0,0.0,5.6,5.6,1.9,1.9,0.0,0.0,1.9,1.9,0.0,15.0,0.0,22.6,0,0,26.2,1,11623,1,11623,9910,14214,8848,16897,5881,4341,7875,12008,12752,12008,11150,12111,14780,15231,11542,10665,7210,4742,15982,16020,14657,10797,19460,1849,143,18108,1,25:40,2020,2021
2020-21,1629632,Coby White,Coby,1610612741,CHI,Chicago Bulls,22000262,2021-01-25T00:00:00,CHI vs. BOS,L,23.98333333333333,4.0,12.0,0.333,2.0,6.0,0.333,0.0,0.0,0.0,0.0,4.0,4.0,2.0,4.0,0.0,0.0,2.0,6.0,2.0,10.0,-44.0,13.8,0,0,18.0,1,11623,1,11623,11194,16915,16295,15094,10026,11559,7875,12008,12752,12008,11150,15296,17406,14897,5525,10665,7210,4379,5347,13724,17733,21164,21325,1849,143,20559,1,23:59,2020,2021
2020-21,1630172,Patrick Williams,Patrick,1610612741,CHI,Chicago Bulls,22000245,2021-01-23T00:00:00,CHI vs. LAL,L,30.84,7.8,18.7,0.417,3.1,6.2,0.5,1.6,3.1,0.5,6.2,6.2,12.5,1.6,1.6,0.0,1.6,1.6,3.1,1.6,20.2,-4.7,40.6,0,0,40.5,1,11623,1,11623,5940,10384,8880,12627,7156,11232,3573,11329,10481,9461,2075,10934,5504,16071,12820,10665,5626,5851,12380,15035,10970,12967,12043,1849,143,11413,1,30:50,2020,2021
2020-21,203107,Tomas Satoransky,Tomas,1610612741,CHI,Chicago Bulls,22000245,2021-01-23T00:00:00,CHI vs. LAL,L,11.55,4.2,4.2,1.0,4.2,4.2,1.0,8.3,16.6,0.5,0.0,4.2,4.2,12.5,4.2,4.2,0.0,0.0,4.2,12.5,20.8,33.2,52.8,0,0,49.9,1,11623,1,11623,19104,16670,21518,1,5007,14372,1,2369,636,9461,11150,14979,17145,1407,5191,2166,7210,7735,9465,548,10595,2354,6658,1849,143,6999,1,11:33,2020,2021
2020-21,203897,Zach LaVine,Zach,1610612741,CHI,Chicago Bulls,22000245,2021-01-23T00:00:00,CHI vs. LAL,L,36.23333333333333,11.9,30.5,0.391,1.3,7.9,0.167,2.6,2.6,1.0,4.0,9.3,13.2,5.3,9.3,1.3,0.0,1.3,6.6,2.6,27.8,-18.5,46.4,1,0,50.3,1,11623,1,11623,2086,4239,1137,13903,12195,8562,12017,9537,11369,1,4137,6009,4813,7878,759,9967,7210,7054,4374,12016,6226,17200,9388,1,143,6763,1,36:14,2020,2021
2020-21,1629632,Coby White,Coby,1610612741,CHI,Chicago Bulls,22000245,2021-01-23T00:00:00,CHI vs. LAL,L,32.1,7.5,19.4,0.385,3.0,6.0,0.5,3.0,3.0,1.0,0.0,10.5,10.5,6.0,3.0,0.0,0.0,1.5,6.0,1.5,20.9,-13.5,39.5,0,0,40.4,1,11623,1,11623,5004,10927,8118,13990,7441,11586,3573,8819,10715,1,11150,4668,7515,6788,8000,10665,7210,6146,5388,15258,10504,15825,12602,1849,143,11458,1,32:06,2020,2021
2020-21,1629655,Daniel Gafford,Daniel,1610612741,CHI,Chicago Bulls,22000245,2021-01-23T00:00:00,CHI vs. LAL,L,18.0,2.7,5.3,0.5,0.0,0.0,0.0,5.3,5.3,1.0,2.7,0.0,2.7,0.0,2.7,0.0,0.0,0.0,10.7,2.7,10.7,-13.3,11.2,0,0,13.3,1,11623,1,11623,15596,18707,21153,7582,12591,17891,12591,5100,7001,1,6373,19725,19226,16819,9065,10665,7210,7735,1336,11966,17364,15782,21639,1849,143,21389,1,18:00,2020,2021
2020-21,1628374,Lauri Markkanen,Lauri,1610612741,CHI,Chicago Bulls,22000245,2021-01-23T00:00:00,CHI vs. LAL,L,35.916666666666664,6.7,18.7,0.357,0.0,6.7,0.0,2.7,2.7,1.0,0.0,9.4,9.4,1.3,2.7,1.3,0.0,1.3,4.0,4.0,16.0,-18.7,30.6,0,0,29.4,1,11623,1,11623,2294,12370,8842,14900,12591,10506,12591,9495,11327,1,11150,5905,8867,16606,9047,9888,7210,6995,9878,8529,13894,17244,16662,1849,143,16801,1,35:55,2020,2021
2020-21,1627756,Denzel Valentine,Denzel,1610612741,CHI,Chicago Bulls,22000245,2021-01-23T00:00:00,CHI vs. LAL,L,13.433333333333334,3.6,21.4,0.167,3.6,10.7,0.333,0.0,0.0,0.0,0.0,3.6,3.6,3.6,3.6,3.6,0.0,0.0,3.6,0.0,10.7,3.6,27.5,0,0,28.6,1,11623,1,11623,18264,17508,6103,19313,6217,4895,7875,12008,12752,12008,11150,16155,18061,11245,6542,2980,7210,7735,11184,16020,17337,9897,17865,1849,143,17148,1,13:26,2020,2021
2020-21,201152,Thaddeus Young,Thaddeus,1610612741,CHI,Chicago Bulls,22000245,2021-01-23T00:00:00,CHI vs. LAL,L,22.65,6.4,10.6,0.6,0.0,0.0,0.0,0.0,4.2,0.0,2.1,6.4,8.5,4.2,4.2,6.4,0.0,0.0,8.5,4.2,12.7,-36.0,44.1,0,0,38.1,1,11623,1,11623,12219,12937,17655,4810,12591,17891,12591,12008,8600,12008,7640,10676,10119,9815,5036,717,7210,7735,2467,8021,16149,20382,10428,1849,143,12597,1,22:39,2020,2021
2020-21,202066,Garrett Temple,Garrett,1610612741,CHI,Chicago Bulls,22000245,2021-01-23T00:00:00,CHI vs. LAL,L,21.89333333333333,0.0,6.6,0.0,0.0,2.2,0.0,4.4,4.4,1.0,0.0,4.4,4.4,2.2,0.0,0.0,0.0,0.0,6.6,4.4,4.4,-43.8,12.9,0,0,11.0,1,11623,1,11623,12759,19893,20618,19893,12591,16918,12591,6460,8381,1,11150,14528,16779,14456,14317,10665,7210,7735,4447,7711,20122,21157,21447,1849,143,21681,1,21:54,2020,2021
2020-21,1628990,Chandler Hutchison,Chandler,1610612741,CHI,Chicago Bulls,22000245,2021-01-23T00:00:00,CHI vs. LAL,L,7.433333333333334,0.0,12.9,0.0,0.0,0.0,0.0,0.0,0.0,0.0,0.0,12.9,12.9,0.0,6.5,0.0,0.0,0.0,0.0,0.0,0.0,25.8,9.0,0,0,12.9,1,11623,1,11623,20345,19893,15296,19893,12591,17891,12591,12008,12752,12008,11150,2693,5091,16819,2139,10665,7210,7735,18137,16020,20448,3500,21809,1849,143,21442,1,7:26,2020,2021
2020-21,1627853,Ryan Arcidiacono,Ryan,1610612741,CHI,Chicago Bulls,22000245,2021-01-23T00:00:00,CHI vs. LAL,L,2.9,16.6,16.6,1.0,16.6,16.6,1.0,0.0,0.0,0.0,0.0,0.0,0.0,16.6,0.0,0.0,0.0,0.0,0.0,16.6,49.7,132.4,74.5,0,0,82.8,1,11623,1,11623,22035,1068,11213,1,91,1018,1,12008,12752,12008,11150,19725,20503,473,14317,10665,7210,7735,18137,171,543,83,1363,1849,143,486,1,2:54,2020,2021
2020-21,1626245,Cristiano Felicio,Cristiano,1610612741,CHI,Chicago Bulls,22000245,2021-01-23T00:00:00,CHI vs. LAL,L,7.05,13.6,13.6,1.0,0.0,0.0,0.0,20.4,27.2,0.75,6.8,6.8,13.6,0.0,0.0,6.8,0.0,0.0,6.8,13.6,47.7,40.9,84.4,0,0,74.9,1,11623,1,11623,20472,2655,14530,1,12591,17891,12591,165,159,7245,1765,9847,4533,16819,14317,583,7210,7735,4105,367,688,1536,615,1849,143,968,1,7:03,2020,2021
2020-21,203490,Otto Porter Jr.,Otto,1610612741,CHI,Chicago Bulls,22000229,2021-01-22T00:00:00,CHI @ CHA,W,22.83333333333333,12.6,18.9,0.667,2.1,6.3,0.333,0.0,0.0,0.0,4.2,10.5,14.7,4.2,0.0,0.0,0.0,0.0,4.2,2.1,27.3,31.5,51.3,0,0,48.4,1,1,11433,1,12093,3528,8620,2900,9771,11093,7875,12008,12752,12008,3818,4609,3757,9898,14317,10665,7210,7735,9325,13466,6518,2587,7244,1849,143,7609,1,22:50,2020,2021
2020-21,202066,Garrett Temple,Garrett,1610612741,CHI,Chicago Bulls,22000229,2021-01-22T00:00:00,CHI @ CHA,W,30.63833333333333,9.4,21.9,0.429,4.7,14.1,0.333,0.0,0.0,0.0,0.0,7.8,7.8,1.6,7.8,6.3,0.0,0.0,4.7,1.6,23.5,23.5,46.2,0,0,50.1,1,1,11433,1,6095,7670,5646,11933,4083,2078,7875,12008,12752,12008,11150,8079,11090,16039,1214,751,7210,7735,8097,14990,8793,3964,9467,1849,143,6867,1,30:38,2020,2021
2020-21,203107,Tomas Satoransky,Tomas,1610612741,CHI,Chicago Bulls,22000229,2021-01-22T00:00:00,CHI @ CHA,W,11.2,4.3,4.3,1.0,0.0,0.0,0.0,0.0,0.0,0.0,0.0,0.0,0.0,17.1,4.3,8.6,0.0,0.0,17.1,4.3,8.6,17.1,55.7,0,0,42.9,1,1,11433,1,19230,16464,21479,1,12591,17891,12591,12008,12752,12008,11150,19725,20503,407,4946,272,7210,7735,345,7919,18483,5521,5607,1849,143,10217,1,11:12,2020,2021
2020-21,1630172,Patrick Williams,Patrick,1610612741,CHI,Chicago Bulls,22000229,2021-01-22T00:00:00,CHI @ CHA,W,16.066666666666666,6.0,20.9,0.286,0.0,6.0,0.0,0.0,3.0,0.0,6.0,12.0,17.9,0.0,3.0,0.0,0.0,0.0,6.0,3.0,12.0,3.0,30.5,0,0,29.9,1,1,11433,1,16845,13615,6624,17105,12591,11602,12591,12008,10722,12008,2229,3363,2089,16819,8009,10665,7210,7735,5398,11057,16632,10082,16714,1849,143,16605,1,16:04,2020,2021
2020-21,201152,Thaddeus Young,Thaddeus,1610612741,CHI,Chicago Bulls,22000229,2021-01-22T00:00:00,CHI @ CHA,W,24.816666666666663,7.7,15.5,0.5,0.0,3.9,0.0,0.0,0.0,0.0,7.7,3.9,11.6,11.6,0.0,1.9,0.0,0.0,3.9,3.9,15.5,36.7,52.6,0,0,42.6,1,1,11433,1,10576,10461,12429,7582,12591,14798,12591,12008,12752,12008,1343,15586,6292,1756,14317,7090,7210,7735,10313,8889,14317,1937,6729,1849,143,10367,1,24:49,2020,2021
2020-21,1629655,Daniel Gafford,Daniel,1610612741,CHI,Chicago Bulls,22000229,2021-01-22T00:00:00,CHI @ CHA,W,18.58333333333333,7.7,12.9,0.6,0.0,0.0,0.0,2.6,2.6,1.0,7.7,7.7,15.5,0.0,5.2,0.0,5.2,0.0,2.6,2.6,18.1,-12.9,47.0,0,0,43.9,1,1,11433,1,15228,10438,15296,4810,12591,17891,12591,9694,11492,1,1338,8194,3286,16819,3539,10665,921,7735,14181,12192,12504,15661,9072,1849,143,9707,1,18:35,2020,2021
2020-21,1627756,Denzel Valentine,Denzel,1610612741,CHI,Chicago Bulls,22000229,2021-01-22T00:00:00,CHI @ CHA,W,17.35,8.3,22.1,0.375,5.5,13.8,0.4,0.0,0.0,0.0,2.8,5.5,8.3,8.3,2.8,0.0,0.0,0.0,2.8,0.0,22.1,11.1,41.8,0,0,44.3,1,1,11433,1,16030,9486,5477,14155,2888,2241,6751,12008,12752,12008,6148,12257,10369,4040,8709,10665,7210,7735,13528,16020,9692,7273,11504,1849,143,9527,1,17:21,2020,2021
2020-21,203897,Zach LaVine,Zach,1610612741,CHI,Chicago Bulls,22000229,2021-01-22T00:00:00,CHI @ CHA,W,36.2,10.6,15.9,0.667,4.0,8.0,0.5,8.0,8.0,1.0,2.7,5.3,8.0,11.9,2.7,1.3,1.3,0.0,1.3,4.0,33.1,10.6,65.9,0,0,62.3,1,1,11433,1,2111,5882,11917,2900,5389,8551,3573,2599,4076,1,6411,12733,10881,1608,9124,9955,6641,7735,17735,8616,3665,7433,2696,1849,143,2786,1,36:12,2020,2021
2020-21,1629632,Coby White,Coby,1610612741,CHI,Chicago Bulls,22000229,2021-01-22T00:00:00,CHI @ CHA,W,32.75,8.8,22.0,0.4,4.4,11.7,0.375,4.4,5.9,0.75,0.0,2.9,2.9,11.7,1.5,2.9,0.0,0.0,4.4,2.9,26.4,13.2,54.8,0,0,51.3,1,1,11433,1,4534,8665,5596,12966,4565,3843,7570,6440,6284,7245,11150,17244,18854,1699,13228,4213,7210,7735,8831,11204,7059,6621,5899,1849,143,6354,1,32:45,2020,2021
2020-21,1628374,Lauri Markkanen,Lauri,1610612741,CHI,Chicago Bulls,22000229,2021-01-22T00:00:00,CHI @ CHA,W,29.561666666666667,16.2,27.6,0.588,4.9,13.0,0.375,0.0,0.0,0.0,1.6,1.6,3.2,0.0,1.6,1.6,1.6,1.6,3.2,0.0,37.3,-8.1,49.4,0,0,52.0,1,1,11433,1,6923,1184,2055,5559,3829,2768,7570,12008,12752,12008,9112,19272,18472,16819,12538,8314,5386,5563,12017,16020,2306,14192,8052,1849,143,6091,1,29:34,2020,2021
2020-21,1627853,Ryan Arcidiacono,Ryan,1610612741,CHI,Chicago Bulls,22000211,2021-01-18T00:00:00,CHI vs. HOU,W,16.716666666666665,8.6,20.1,0.429,8.6,11.5,0.75,0.0,0.0,0.0,0.0,5.7,5.7,5.7,0.0,0.0,0.0,0.0,8.6,2.9,25.8,28.7,41.3,0,0,45.9,1,1,11433,1,16438,8951,7433,11933,811,4062,1455,12008,12752,12008,11150,11842,14550,7134,14317,10665,7210,7735,2369,11361,7360,3036,11713,1849,143,8755,1,16:43,2020,2021
2020-21,1629655,Daniel Gafford,Daniel,1610612741,CHI,Chicago Bulls,22000211,2021-01-18T00:00:00,CHI vs. HOU,W,16.276666666666667,5.9,14.7,0.4,0.0,0.0,0.0,8.8,8.8,1.0,2.9,5.9,8.8,2.9,0.0,2.9,5.9,2.9,5.9,5.9,20.6,14.7,62.2,0,0,50.1,1,1,11433,1,16737,13750,13265,12966,12591,17891,12591,2077,3341,1,5761,11539,9614,12627,14317,4171,706,2394,5538,4992,10679,6180,3566,1849,143,6868,1,16:17,2020,2021
2020-21,1629690,Adam Mokoka,Adam,1610612741,CHI,Chicago Bulls,22000211,2021-01-18T00:00:00,CHI vs. HOU,W,2.14,0.0,0.0,0.0,0.0,0.0,0.0,0.0,0.0,0.0,0.0,0.0,0.0,0.0,0.0,0.0,0.0,0.0,0.0,0.0,0.0,-157.0,0.0,0,0,0.0,1,1,11433,1,22356,19893,21894,19893,12591,17891,12591,12008,12752,12008,11150,19725,20503,16819,14317,10665,7210,7735,18137,16020,20448,22921,22167,1849,143,22207,1,2:08,2020,2021
2020-21,1629632,Coby White,Coby,1610612741,CHI,Chicago Bulls,22000211,2021-01-18T00:00:00,CHI vs. HOU,W,31.7,6.1,18.2,0.333,3.0,10.6,0.286,0.0,0.0,0.0,1.5,4.5,6.1,6.1,4.5,3.0,0.0,0.0,6.1,6.1,15.1,3.0,36.0,0,0,36.3,1,1,11433,1,5275,13478,9402,15094,7362,5041,9877,12008,12752,12008,9575,14213,14032,6700,4469,4014,7210,7735,5252,4743,14533,10069,14242,1849,143,13518,1,31:42,2020,2021
2020-21,1628374,Lauri Markkanen,Lauri,1610612741,CHI,Chicago Bulls,22000211,2021-01-18T00:00:00,CHI vs. HOU,W,33.67333333333333,7.1,17.1,0.417,5.7,15.7,0.364,5.7,5.7,1.0,0.0,10.0,10.0,0.0,2.9,2.9,0.0,0.0,4.3,7.1,25.7,-8.6,43.3,0,0,47.0,1,1,11433,1,3860,11571,10602,12627,2659,1302,7804,4650,6495,1,11150,5158,8092,16819,8423,4431,7210,7735,9127,3363,7478,14330,10757,1849,143,8275,1,33:40,2020,2021
2020-21,202066,Garrett Temple,Garrett,1610612741,CHI,Chicago Bulls,22000211,2021-01-18T00:00:00,CHI vs. HOU,W,32.25,6.0,13.4,0.444,4.5,10.4,0.429,3.0,3.0,1.0,0.0,3.0,3.0,3.0,3.0,1.5,0.0,0.0,3.0,1.5,19.3,-1.5,28.9,0,0,32.7,1,1,11433,1,4889,13649,14760,11399,4442,5253,6364,8849,10750,1,11150,17161,18798,12552,8034,8962,7210,7735,12784,15282,11624,11869,17340,1849,143,15273,1,32:15,2020,2021
2020-21,201152,Thaddeus Young,Thaddeus,1610612741,CHI,Chicago Bulls,22000211,2021-01-18T00:00:00,CHI vs. HOU,W,25.266666666666666,9.5,20.9,0.455,1.9,3.8,0.5,1.9,3.8,0.5,9.5,7.6,17.1,5.7,1.9,1.9,0.0,0.0,1.9,1.9,22.8,28.5,55.7,0,0,51.3,1,1,11433,1,10234,7515,6638,11074,10284,14898,3573,10666,9342,9461,829,8434,2452,7201,11440,7200,7210,7735,15893,13978,9225,3071,5624,1849,143,6359,1,25:16,2020,2021
2020-21,1628976,Wendell Carter Jr.,Wendell,1610612741,CHI,Chicago Bulls,22000211,2021-01-18T00:00:00,CHI vs. HOU,W,20.78333333333333,9.2,16.2,0.571,0.0,0.0,0.0,4.6,4.6,1.0,6.9,11.5,18.5,2.3,6.9,2.3,0.0,0.0,4.6,2.3,23.1,-9.2,48.7,0,0,48.5,1,1,11433,1,13598,7941,11639,5826,12591,17891,12591,6109,8038,1,1699,3706,1890,14198,1738,6054,7210,7735,8293,12953,9035,14557,8312,1849,143,7550,1,20:47,2020,2021
2020-21,203897,Zach LaVine,Zach,1610612741,CHI,Chicago Bulls,22000211,2021-01-18T00:00:00,CHI vs. HOU,W,36.71666666666667,14.4,20.9,0.688,5.2,10.5,0.5,9.2,10.5,0.875,0.0,5.2,5.2,9.2,6.5,2.6,1.3,0.0,2.6,5.2,43.1,-3.9,68.4,0,0,70.6,1,1,11433,1,1755,2128,6620,2869,3299,5208,3573,1929,2385,6179,11150,12899,15423,3320,2075,5138,6729,7735,14083,6095,1159,12699,2227,1849,143,1391,1,36:43,2020,2021
2020-21,1627756,Denzel Valentine,Denzel,1610612741,CHI,Chicago Bulls,22000211,2021-01-18T00:00:00,CHI vs. HOU,W,24.476666666666667,9.8,25.5,0.385,5.9,11.8,0.5,0.0,0.0,0.0,0.0,15.7,15.7,5.9,2.0,0.0,0.0,0.0,0.0,2.0,25.5,27.5,51.2,0,0,52.9,1,1,11433,1,10812,7032,3054,13990,2454,3804,3573,12008,12752,12008,11150,1393,3181,6927,11255,10665,7210,7735,18137,13824,7570,3223,7297,1849,143,5702,1,24:29,2020,2021
2020-21,202066,Garrett Temple,Garrett,1610612741,CHI,Chicago Bulls,22000198,2021-01-17T00:00:00,CHI @ DAL,W,28.766666666666666,15.0,25.0,0.6,3.3,6.7,0.5,1.7,3.3,0.5,0.0,5.0,5.0,5.0,0.0,3.3,1.7,0.0,6.7,1.7,35.0,23.4,63.6,0,0,58.4,1,1,11433,1,7506,1750,3378,4810,6674,10518,3573,11096,10074,9461,11150,13327,15793,8408,14317,3384,5246,7735,4294,14683,2966,4002,3232,1849,143,3852,1,28:46,2020,2021
2020-21,1628976,Wendell Carter Jr.,Wendell,1610612741,CHI,Chicago Bulls,22000198,2021-01-17T00:00:00,CHI @ DAL,W,26.55,5.4,12.7,0.429,1.8,1.8,1.0,9.0,14.5,0.625,3.6,9.0,12.7,1.8,3.6,9.0,1.8,1.8,1.8,10.8,21.7,-1.8,68.5,0,0,59.7,1,1,11433,1,9215,14569,15578,11933,10527,17324,1,1985,1006,9117,4637,6352,5319,15392,6459,226,4801,4910,16163,916,9996,11979,2208,1849,143,3484,1,26:33,2020,2021
2020-21,201152,Thaddeus Young,Thaddeus,1610612741,CHI,Chicago Bulls,22000198,2021-01-17T00:00:00,CHI @ DAL,W,19.466666666666665,17.3,24.7,0.7,0.0,2.5,0.0,2.5,4.9,0.5,2.5,4.9,7.4,7.4,2.5,4.9,4.9,0.0,7.4,4.9,37.0,32.1,84.1,0,0,71.5,1,1,11433,1,14593,880,3609,2696,12591,16598,12591,9900,7608,9461,6912,13468,11782,5039,9770,1421,1008,7735,3426,6683,2411,2504,627,1849,143,1279,1,19:28,2020,2021
2020-21,1628374,Lauri Markkanen,Lauri,1610612741,CHI,Chicago Bulls,22000198,2021-01-17T00:00:00,CHI @ DAL,W,32.93333333333333,14.6,27.7,0.526,2.9,10.2,0.286,10.2,11.7,0.875,1.5,13.1,14.6,4.4,2.9,0.0,0.0,0.0,2.9,5.8,42.3,7.3,63.4,1,0,64.1,1,1,11433,1,4400,2003,2009,7428,7615,5519,9877,1448,1832,6179,9847,2559,3831,9542,8213,10665,7210,7735,12984,5085,1295,8548,3273,1,143,2400,1,32:56,2020,2021
2020-21,1629632,Coby White,Coby,1610612741,CHI,Chicago Bulls,22000198,2021-01-17T00:00:00,CHI @ DAL,W,25.3,0.0,9.5,0.0,0.0,3.8,0.0,0.0,0.0,0.0,0.0,5.7,5.7,7.6,1.9,1.9,0.0,0.0,1.9,0.0,0.0,-5.7,22.0,0,0,17.1,1,1,11433,1,10213,19893,18627,19893,12591,14902,12591,12008,12752,12008,11150,11931,14628,4831,11446,7207,7210,7735,15900,16020,20448,13327,19651,1849,143,20760,1,25:18,2020,2021
2020-21,1630172,Patrick Williams,Patrick,1610612741,CHI,Chicago Bulls,22000198,2021-01-17T00:00:00,CHI @ DAL,W,22.58333333333333,4.3,10.6,0.4,2.1,2.1,1.0,0.0,0.0,0.0,0.0,10.6,10.6,2.1,2.1,0.0,0.0,2.1,8.5,0.0,10.6,0.0,24.4,0,0,25.5,1,1,11433,1,12257,16518,17628,12966,9718,17001,1,12008,12752,12008,11150,4504,7324,14596,10736,10665,7210,4090,2451,16020,17386,10797,18911,1849,143,18348,1,22:35,2020,2021
2020-21,203490,Otto Porter Jr.,Otto,1610612741,CHI,Chicago Bulls,22000198,2021-01-17T00:00:00,CHI @ DAL,W,23.03833333333333,14.6,20.8,0.7,0.0,2.1,0.0,0.0,2.1,0.0,2.1,16.7,18.8,4.2,4.2,2.1,0.0,0.0,2.1,4.2,29.2,25.0,60.0,0,0,56.3,1,1,11433,1,11925,1999,6701,2696,12591,17054,12591,12008,11963,12008,7739,1076,1819,9984,5169,6626,7210,7735,15458,8169,5474,3653,4181,1849,143,4519,1,23:02,2020,2021
2020-21,1629655,Daniel Gafford,Daniel,1610612741,CHI,Chicago Bulls,22000198,2021-01-17T00:00:00,CHI @ DAL,W,13.145,11.0,11.0,1.0,0.0,0.0,0.0,3.7,7.3,0.5,0.0,11.0,11.0,0.0,0.0,0.0,7.3,0.0,7.3,7.3,25.6,51.1,60.6,0,0,51.1,1,1,11433,1,18414,5387,17328,1,12591,17891,12591,7672,4708,9461,11150,4243,6971,16819,14317,10665,422,7735,3542,3180,7528,909,4016,1849,143,6443,1,13:09,2020,2021
2020-21,1627853,Ryan Arcidiacono,Ryan,1610612741,CHI,Chicago Bulls,22000198,2021-01-17T00:00:00,CHI @ DAL,W,16.906666666666666,2.8,8.5,0.333,2.8,8.5,0.333,2.8,5.7,0.5,0.0,11.4,11.4,14.2,5.7,0.0,0.0,0.0,5.7,2.8,11.4,42.6,40.6,0,0,39.7,1,1,11433,1,16326,18494,19379,15094,7823,7753,7875,9119,6526,9461,11150,3871,6544,899,2862,10665,7210,7735,5937,11461,17004,1395,12054,1849,143,11784,1,16:54,2020,2021
2020-21,203897,Zach LaVine,Zach,1610612741,CHI,Chicago Bulls,22000198,2021-01-17T00:00:00,CHI @ DAL,W,31.31,1.5,12.3,0.125,0.0,7.7,0.0,12.3,12.3,1.0,0.0,0.0,0.0,15.3,3.1,4.6,0.0,0.0,4.6,7.7,15.3,16.9,49.1,1,0,39.9,1,1,11433,1,5595,19799,16011,19716,12591,8974,12591,836,1628,1,11150,19725,20503,643,7771,1709,7210,7735,8345,2831,14414,5606,8173,1,143,11736,1,31:19,2020,2021
2020-21,201152,Thaddeus Young,Thaddeus,1610612741,CHI,Chicago Bulls,22000184,2021-01-15T00:00:00,CHI @ OKC,L,13.416666666666666,3.6,14.3,0.25,0.0,3.6,0.0,0.0,7.2,0.0,0.0,3.6,3.6,14.3,10.7,3.6,0.0,0.0,7.2,3.6,7.2,32.2,32.9,0,0,32.2,1,11623,1,11623,18273,17499,13735,17720,12591,15164,12591,12008,4868,12008,11150,16145,18054,869,493,2967,7210,7735,3695,9599,19151,2486,15712,1849,143,15544,1,13:25,2020,2021
2020-21,1630172,Patrick Williams,Patrick,1610612741,CHI,Chicago Bulls,22000184,2021-01-15T00:00:00,CHI @ OKC,L,35.983333333333334,6.7,9.3,0.714,2.7,4.0,0.667,2.7,2.7,1.0,2.7,6.7,9.3,2.7,4.0,0.0,2.7,0.0,4.0,1.3,18.7,-9.3,37.9,0,0,38.7,1,11623,1,11623,2249,12400,18745,2429,8313,14610,1828,9504,11336,1,6371,10108,8887,13370,5529,10665,3140,7735,9895,15733,12082,14594,13379,1849,143,12318,1,35:59,2020,2021
2020-21,1628976,Wendell Carter Jr.,Wendell,1610612741,CHI,Chicago Bulls,22000184,2021-01-15T00:00:00,CHI @ OKC,L,32.89666666666667,8.8,13.1,0.667,0.0,0.0,0.0,5.8,7.3,0.8,5.8,10.2,16.1,2.9,2.9,0.0,4.4,0.0,2.9,7.3,23.3,-5.8,57.2,1,0,51.1,1,11623,1,11623,4435,8717,15066,2900,12591,17891,12591,4504,4719,6837,2320,4908,2977,12701,8201,10665,1295,7735,12975,3190,8887,13385,5069,1,143,6455,1,32:54,2020,2021
2020-21,1628374,Lauri Markkanen,Lauri,1610612741,CHI,Chicago Bulls,22000184,2021-01-15T00:00:00,CHI @ OKC,L,35.016666666666666,6.9,19.2,0.357,4.1,12.3,0.333,4.1,4.1,1.0,1.4,6.9,8.2,0.0,2.7,1.4,2.7,1.4,6.9,2.7,21.9,-11.0,41.4,0,0,42.5,1,11623,1,11623,2880,12053,8355,14900,5086,3272,7875,6882,8811,1,10310,9768,10482,16819,8797,9671,3008,6804,4046,11773,9840,15077,11701,1849,143,10400,1,35:01,2020,2021
2020-21,202066,Garrett Temple,Garrett,1610612741,CHI,Chicago Bulls,22000184,2021-01-15T00:00:00,CHI @ OKC,L,20.188333333333333,4.8,9.5,0.5,4.8,7.1,0.667,4.8,4.8,1.0,0.0,7.1,7.1,4.8,0.0,0.0,0.0,0.0,4.8,2.4,19.0,7.1,34.7,0,0,35.7,1,11623,1,11623,14049,15706,18609,7582,4004,9799,1828,5923,7846,1,11150,9250,12245,8848,14317,10665,7210,7735,7970,12777,11825,8588,14850,1849,143,13854,1,20:11,2020,2021
2020-21,203897,Zach LaVine,Zach,1610612741,CHI,Chicago Bulls,22000184,2021-01-15T00:00:00,CHI @ OKC,L,42.516666666666666,12.4,21.5,0.579,9.0,15.8,0.571,5.6,10.2,0.556,1.1,6.8,7.9,6.8,6.8,1.1,0.0,0.0,3.4,5.6,39.5,-15.8,55.8,0,0,65.5,1,11623,1,11623,137,3722,6094,5785,682,1258,3225,4711,2539,9429,11103,9911,10972,5766,1873,10617,7210,7735,11645,5374,1786,16494,5588,1849,143,2139,1,42:31,2020,2021
2020-21,1629632,Coby White,Coby,1610612741,CHI,Chicago Bulls,22000184,2021-01-15T00:00:00,CHI @ OKC,L,44.4,8.6,21.6,0.4,4.3,9.7,0.444,2.2,2.2,1.0,1.1,8.6,9.7,7.6,4.3,0.0,0.0,1.1,5.4,5.4,23.8,-6.5,42.5,0,0,45.4,1,11623,1,11623,59,8900,5937,12966,4694,6077,6201,10302,11916,1,11132,6843,8370,4858,4866,10665,7210,7714,6488,5785,8617,13616,11157,1849,143,9039,1,44:24,2020,2021
2020-21,203490,Otto Porter Jr.,Otto,1610612741,CHI,Chicago Bulls,22000184,2021-01-15T00:00:00,CHI @ OKC,L,25.145,5.7,13.4,0.429,3.8,7.6,0.5,0.0,0.0,0.0,0.0,15.3,15.3,1.9,3.8,0.0,1.9,0.0,1.9,1.9,15.3,5.7,38.4,0,0,40.1,1,11623,1,11623,10344,14020,14811,11933,5716,9025,3573,12008,12752,12008,11150,1539,3425,15131,5990,10665,4521,7735,15870,13952,14452,9097,13132,1849,143,11607,1,25:09,2020,2021
2020-21,1627756,Denzel Valentine,Denzel,1610612741,CHI,Chicago Bulls,22000184,2021-01-15T00:00:00,CHI @ OKC,L,15.436666666666667,6.2,21.8,0.286,0.0,9.3,0.0,0.0,0.0,0.0,0.0,12.4,12.4,9.3,6.2,6.2,0.0,0.0,6.2,6.2,12.4,43.5,53.8,0,0,46.6,1,11623,1,11623,17234,13187,5797,17105,12591,6612,12591,12008,12752,12008,11150,3006,5514,3169,2358,771,7210,7735,4995,4523,16318,1322,6274,1849,143,8435,1,15:26,2020,2021
2020-21,1630172,Patrick Williams,Patrick,1610612741,CHI,Chicago Bulls,22000142,2021-01-10T00:00:00,CHI @ LAC,L,35.77333333333333,8.1,12.1,0.667,4.0,6.7,0.6,2.7,2.7,1.0,1.3,1.3,2.7,2.7,2.7,2.7,0.0,0.0,1.3,4.0,22.8,12.1,35.4,0,0,37.6,1,11623,1,11623,2395,9895,16221,2900,5266,10460,2762,9474,11314,1,10454,19599,19202,13327,8992,4924,7210,7735,17678,8491,9216,6961,14524,1849,143,12897,1,35:46,2020,2021
2020-21,201152,Thaddeus Young,Thaddeus,1610612741,CHI,Chicago Bulls,22000142,2021-01-10T00:00:00,CHI @ LAC,L,25.33333333333333,11.4,13.3,0.857,0.0,0.0,0.0,3.8,5.7,0.667,0.0,9.5,9.5,3.8,0.0,0.0,0.0,0.0,3.8,5.7,26.5,-9.5,43.6,0,0,39.8,1,11623,1,11623,10178,4856,14930,1219,12591,17891,12591,7459,6517,8322,11150,5741,8711,10794,14317,10665,7210,7735,10554,5306,6973,14638,10644,1849,143,11767,1,25:20,2020,2021
2020-21,1629632,Coby White,Coby,1610612741,CHI,Chicago Bulls,22000142,2021-01-10T00:00:00,CHI @ LAC,L,42.91666666666666,4.5,12.3,0.364,0.0,4.5,0.0,1.1,2.2,0.5,1.1,7.8,8.9,14.5,5.6,1.1,0.0,2.2,4.5,2.2,10.1,-2.2,40.4,0,0,35.8,1,11623,1,11623,120,16148,15965,14681,12591,13904,12591,11999,11868,9461,11112,8088,9461,810,2975,10623,7210,3851,8628,13136,17700,12100,12176,1849,143,13791,1,42:55,2020,2021
2020-21,202066,Garrett Temple,Garrett,1610612741,CHI,Chicago Bulls,22000142,2021-01-10T00:00:00,CHI @ LAC,L,36.115,9.3,10.6,0.875,4.0,5.3,0.75,1.3,1.3,1.0,0.0,8.0,8.0,1.3,2.7,2.7,0.0,0.0,5.3,1.3,23.9,4.0,40.8,0,0,42.5,1,11623,1,11623,2173,7823,17626,1164,5363,12617,1455,11800,12656,1,11150,7850,10852,16620,9101,5012,7210,7735,6685,15752,8520,9740,11956,1849,143,10378,1,36:07,2020,2021
2020-21,203897,Zach LaVine,Zach,1610612741,CHI,Chicago Bulls,22000142,2021-01-10T00:00:00,CHI @ LAC,L,41.93333333333333,17.2,29.8,0.577,11.4,18.3,0.625,5.7,5.7,1.0,0.0,8.0,8.0,8.0,5.7,0.0,0.0,1.1,4.6,8.0,51.5,-3.4,67.4,0,0,79.0,1,11623,1,11623,188,896,1322,5820,280,652,2645,4613,6461,1,11150,7764,10782,4328,2816,10665,7210,7674,8391,2527,439,12528,2377,1849,143,683,1,41:56,2020,2021
2020-21,1629655,Daniel Gafford,Daniel,1610612741,CHI,Chicago Bulls,22000142,2021-01-10T00:00:00,CHI @ LAC,L,10.55,4.5,9.1,0.5,0.0,0.0,0.0,0.0,0.0,0.0,0.0,4.5,4.5,0.0,9.1,4.5,9.1,4.5,4.5,4.5,9.1,-13.6,46.4,0,0,40.9,1,11623,1,11623,19447,16026,18934,7582,12591,17891,12591,12008,12752,12008,11150,14203,16510,16819,807,1758,230,906,8458,7369,18218,15887,9369,1849,143,11184,1,10:33,2020,2021
2020-21,1627756,Denzel Valentine,Denzel,1610612741,CHI,Chicago Bulls,22000142,2021-01-10T00:00:00,CHI @ LAC,L,20.17,9.5,14.3,0.667,4.8,7.1,0.667,0.0,0.0,0.0,0.0,9.5,9.5,7.1,4.8,0.0,0.0,0.0,2.4,0.0,23.8,-19.0,41.2,0,0,45.2,1,11623,1,11623,14064,7480,13776,2900,3998,9789,1828,12008,12752,12008,11150,5677,8651,5303,4125,10665,7210,7735,14784,16020,8610,17313,11810,1849,143,9133,1,20:10,2020,2021
2020-21,1628976,Wendell Carter Jr.,Wendell,1610612741,CHI,Chicago Bulls,22000142,2021-01-10T00:00:00,CHI @ LAC,L,26.8,7.2,14.3,0.5,0.0,1.8,0.0,7.2,7.2,1.0,1.8,7.2,9.0,3.6,7.2,0.0,0.0,1.8,3.6,3.6,21.5,-5.4,30.4,0,0,34.0,1,11623,1,11623,9031,11488,13712,7582,12591,17338,12591,3208,4854,1,8552,9182,9447,11220,1589,10665,7210,4960,11150,9579,10125,13213,16729,1849,143,14636,1,26:48,2020,2021
2020-21,1629690,Adam Mokoka,Adam,1610612741,CHI,Chicago Bulls,22000142,2021-01-10T00:00:00,CHI @ LAC,L,0.4083333333333333,0.0,0.0,0.0,0.0,0.0,0.0,0.0,0.0,0.0,0.0,0.0,0.0,0.0,0.0,0.0,0.0,0.0,0.0,0.0,0.0,-352.7,0.0,0,0,0.0,1,11623,1,11623,22988,19893,21894,19893,12591,17891,12591,12008,12752,12008,11150,19725,20503,16819,14317,10665,7210,7735,18137,16020,20448,23032,22167,1849,143,22207,1,0:25,2020,2021
2020-21,201152,Thaddeus Young,Thaddeus,1610612741,CHI,Chicago Bulls,22000131,2021-01-08T00:00:00,CHI @ LAL,L,29.866666666666667,11.3,19.3,0.583,0.0,1.6,0.0,1.6,1.6,1.0,4.8,6.4,11.3,8.0,3.2,1.6,0.0,1.6,6.4,3.2,24.1,-3.2,51.3,0,0,46.6,1,11623,1,11623,6661,5016,8251,5615,12591,17536,12591,11223,12353,1,3154,10543,6655,4305,7359,8398,7210,5633,4673,10450,8411,12447,7256,1849,143,8454,1,29:52,2020,2021
2020-21,1629690,Adam Mokoka,Adam,1610612741,CHI,Chicago Bulls,22000131,2021-01-08T00:00:00,CHI @ LAL,L,6.85,7.0,21.0,0.333,7.0,14.0,0.5,0.0,0.0,0.0,0.0,7.0,7.0,7.0,7.0,0.0,0.0,0.0,0.0,0.0,21.0,-21.0,32.9,0,0,42.0,1,11623,1,11623,20538,11752,6503,15094,1581,2128,3573,12008,12752,12008,11150,9488,12446,5465,1677,10665,7210,7735,18137,16020,10441,17789,15699,1849,143,10596,1,6:51,2020,2021
2020-21,202066,Garrett Temple,Garrett,1610612741,CHI,Chicago Bulls,22000131,2021-01-08T00:00:00,CHI @ LAL,L,27.15,5.3,8.8,0.6,3.5,5.3,0.667,1.8,1.8,1.0,0.0,5.3,5.3,1.8,1.8,1.8,1.8,0.0,3.5,1.8,15.9,-3.5,33.8,0,0,33.6,1,11623,1,11623,8766,14774,19150,4810,6296,12639,1828,10896,12196,1,11150,12731,15284,15490,11931,7696,4925,7735,11274,14378,13986,12561,15312,1849,143,14839,1,27:09,2020,2021
2020-21,1629632,Coby White,Coby,1610612741,CHI,Chicago Bulls,22000131,2021-01-08T00:00:00,CHI @ LAL,L,31.776666666666667,9.1,21.1,0.429,3.0,7.6,0.4,0.0,0.0,0.0,0.0,4.5,4.5,7.6,4.5,0.0,0.0,3.0,4.5,3.0,21.1,-27.2,33.4,0,0,36.3,1,11623,1,11623,5235,8245,6366,11933,7380,9133,6751,12008,12752,12008,11150,14227,16532,4877,4480,10665,7210,2275,8496,10971,10363,19073,15495,1849,143,13557,1,31:47,2020,2021
2020-21,203490,Otto Porter Jr.,Otto,1610612741,CHI,Chicago Bulls,22000131,2021-01-08T00:00:00,CHI @ LAL,L,6.416666666666667,7.5,15.0,0.5,0.0,0.0,0.0,0.0,0.0,0.0,7.5,0.0,7.5,15.0,0.0,0.0,0.0,0.0,0.0,0.0,15.0,-15.0,46.4,0,0,37.4,1,11623,1,11623,20667,10912,13010,7582,12591,17891,12591,12008,12752,12008,1432,19725,11636,701,14317,10665,7210,7735,18137,16020,14657,16258,9384,1849,143,12977,1,6:25,2020,2021
2020-21,1628976,Wendell Carter Jr.,Wendell,1610612741,CHI,Chicago Bulls,22000131,2021-01-08T00:00:00,CHI @ LAL,L,25.25,17.1,28.5,0.6,0.0,1.9,0.0,9.5,11.4,0.833,5.7,7.6,13.3,5.7,1.9,0.0,0.0,1.9,7.6,7.6,43.7,0.0,66.3,0,0,62.7,1,11623,1,11623,10250,909,1718,4810,12591,17234,12591,1747,1937,6476,2399,8426,4764,7194,11433,10665,7210,4640,3219,2900,1084,10797,2585,1849,143,2700,1,25:15,2020,2021
2020-21,1629655,Daniel Gafford,Daniel,1610612741,CHI,Chicago Bulls,22000131,2021-01-08T00:00:00,CHI @ LAL,L,15.566666666666666,0.0,0.0,0.0,0.0,0.0,0.0,0.0,0.0,0.0,0.0,6.2,6.2,6.2,6.2,6.2,6.2,0.0,9.3,3.1,0.0,0.0,47.5,0,0,37.0,1,11623,1,11623,17143,19893,21894,19893,12591,17891,12591,12008,12752,12008,11150,11044,13841,6555,2400,787,643,7735,1947,10775,20448,10797,8848,1849,143,13168,1,15:34,2020,2021
2020-21,1630172,Patrick Williams,Patrick,1610612741,CHI,Chicago Bulls,22000131,2021-01-08T00:00:00,CHI @ LAL,L,34.251666666666665,4.2,14.0,0.3,0.0,2.8,0.0,0.0,0.0,0.0,2.8,8.4,11.2,0.0,2.8,5.6,0.0,2.8,7.0,0.0,8.4,0.0,35.9,0,0,30.8,1,11623,1,11623,3421,16599,14078,16897,12591,16138,12591,12008,12752,12008,6059,7174,6709,16819,8582,1010,7210,2675,3853,16020,18565,10797,14323,1849,143,16144,1,34:15,2020,2021
2020-21,1627756,Denzel Valentine,Denzel,1610612741,CHI,Chicago Bulls,22000131,2021-01-08T00:00:00,CHI @ LAL,L,24.505,3.9,15.7,0.25,2.0,9.8,0.2,0.0,0.0,0.0,0.0,7.8,7.8,2.0,0.0,0.0,0.0,2.0,2.0,2.0,9.8,17.6,22.1,0,0,21.5,1,11623,1,11623,10797,17058,12198,17720,10132,6008,11380,12008,12752,12008,11150,8075,11086,15014,14317,10665,7210,4498,15746,13828,17856,5390,19614,1849,143,19631,1,24:30,2020,2021
2020-21,203897,Zach LaVine,Zach,1610612741,CHI,Chicago Bulls,22000131,2021-01-08T00:00:00,CHI @ LAL,L,38.36666666666667,17.5,27.5,0.636,5.0,8.8,0.571,7.5,7.5,1.0,0.0,6.3,6.3,7.5,0.0,2.5,0.0,1.3,1.3,5.0,47.5,10.0,73.8,0,0,71.3,1,11623,1,11623,940,806,2082,4151,3627,7409,3225,2932,4503,1,11150,10884,13688,4935,14317,5482,7210,7423,17984,6545,694,7624,1449,1849,143,1309,1,38:22,2020,2021
2020-21,1628976,Wendell Carter Jr.,Wendell,1610612741,CHI,Chicago Bulls,22000117,2021-01-06T00:00:00,CHI @ SAC,L,29.95,6.4,14.4,0.444,0.0,0.0,0.0,4.8,6.4,0.75,9.6,17.6,27.2,6.4,1.6,0.0,0.0,0.0,1.6,3.2,17.6,3.2,58.3,1,0,51.3,1,11623,1,11623,6604,12848,13619,11399,12591,17891,12591,5863,5667,7245,793,835,427,6256,12618,10665,7210,7735,16765,10475,12812,10006,4704,1,143,6361,1,29:57,2020,2021
2020-21,201152,Thaddeus Young,Thaddeus,1610612741,CHI,Chicago Bulls,22000117,2021-01-06T00:00:00,CHI @ SAC,L,20.75,9.3,11.6,0.8,0.0,2.3,0.0,0.0,0.0,0.0,0.0,4.6,4.6,0.0,6.9,0.0,0.0,0.0,4.6,0.0,18.5,-4.6,17.1,0,0,23.1,1,11623,1,11623,13626,7912,16735,1469,12591,16773,12591,12008,12752,12008,11150,14049,16385,16819,1726,10665,7210,7735,8272,16020,12206,12953,20790,1849,143,19127,1,20:45,2020,2021
2020-21,203490,Otto Porter Jr.,Otto,1610612741,CHI,Chicago Bulls,22000117,2021-01-06T00:00:00,CHI @ SAC,L,26.383333333333333,1.8,14.6,0.125,1.8,9.1,0.2,0.0,0.0,0.0,1.8,9.1,10.9,5.5,0.0,0.0,0.0,0.0,1.8,0.0,5.5,-25.5,26.7,0,0,23.7,1,11623,1,11623,9330,19613,13469,19716,10490,6953,11380,12008,12752,12008,8469,6287,7006,7603,14317,10665,7210,7735,16133,16020,19789,18725,18123,1849,143,18968,1,26:23,2020,2021
2020-21,202066,Garrett Temple,Garrett,1610612741,CHI,Chicago Bulls,22000117,2021-01-06T00:00:00,CHI @ SAC,L,32.583333333333336,4.4,8.8,0.5,4.4,7.4,0.6,2.9,2.9,1.0,2.9,0.0,2.9,5.9,5.9,0.0,0.0,1.5,4.4,1.5,16.2,-11.8,22.7,0,0,29.5,1,11623,1,11623,4634,16243,19152,7582,4525,9434,2762,8906,10808,1,5765,19725,18836,6910,2653,10665,7210,6266,8783,15332,13784,15323,19439,1849,143,16770,1,32:35,2020,2021
2020-21,1629655,Daniel Gafford,Daniel,1610612741,CHI,Chicago Bulls,22000117,2021-01-06T00:00:00,CHI @ SAC,L,10.9,8.8,8.8,1.0,0.0,0.0,0.0,0.0,0.0,0.0,0.0,0.0,0.0,0.0,0.0,0.0,4.4,0.0,13.2,0.0,17.6,-4.4,30.8,0,0,26.4,1,11623,1,11623,19342,8643,19173,1,12591,17891,12591,12008,12752,12008,11150,19725,20503,16819,14317,10665,1282,7735,723,16020,12823,12869,16583,1849,143,18014,1,10:54,2020,2021
2020-21,1630172,Patrick Williams,Patrick,1610612741,CHI,Chicago Bulls,22000117,2021-01-06T00:00:00,CHI @ SAC,L,22.183333333333334,6.5,13.0,0.5,2.2,4.3,0.5,4.3,4.3,1.0,2.2,2.2,4.3,2.2,0.0,2.2,0.0,0.0,10.8,6.5,19.5,4.3,34.4,0,0,32.5,1,11623,1,11623,12544,12725,15224,7582,9631,14112,3573,6538,8457,1,7554,18549,16880,14521,14317,6418,7210,7735,1279,4147,11546,9594,15008,1849,143,15418,1,22:11,2020,2021
2020-21,1627756,Denzel Valentine,Denzel,1610612741,CHI,Chicago Bulls,22000117,2021-01-06T00:00:00,CHI @ SAC,L,21.23333333333333,9.0,22.6,0.4,4.5,15.8,0.286,0.0,0.0,0.0,0.0,9.0,9.0,11.3,0.0,4.5,0.0,0.0,4.5,0.0,22.6,22.6,64.0,0,0,56.5,1,11623,1,11623,13276,8284,5056,12966,4365,1251,9877,12008,12752,12008,11150,6342,9312,1919,14317,1782,7210,7735,8521,16020,9359,4171,3152,1849,143,4435,1,21:14,2020,2021
2020-21,203897,Zach LaVine,Zach,1610612741,CHI,Chicago Bulls,22000117,2021-01-06T00:00:00,CHI @ SAC,L,36.38333333333333,17.2,31.7,0.542,4.0,14.5,0.273,4.0,6.6,0.6,0.0,9.2,9.2,4.0,7.9,0.0,1.3,0.0,4.0,6.6,42.2,-5.3,55.3,0,0,62.0,1,11623,1,11623,1981,903,881,7041,5438,1838,10201,7156,5435,9174,11150,6059,9028,10461,1174,10665,6674,7735,10052,4000,1304,13167,5757,1849,143,2869,1,36:23,2020,2021
2020-21,1629632,Coby White,Coby,1610612741,CHI,Chicago Bulls,22000117,2021-01-06T00:00:00,CHI @ SAC,L,39.63333333333333,18.2,27.9,0.652,4.8,10.9,0.444,2.4,2.4,1.0,0.0,3.6,3.6,8.5,0.0,0.0,0.0,2.4,1.2,6.1,43.6,-6.1,60.7,0,0,60.6,1,11623,1,11623,541,665,1962,4017,3864,4691,6201,9967,11710,1,11150,16043,17986,3895,14317,10665,7210,3494,18054,4747,1104,13457,4000,1849,143,3229,1,39:38,2020,2021
2020-21,203490,Otto Porter Jr.,Otto,1610612741,CHI,Chicago Bulls,22000106,2021-01-05T00:00:00,CHI @ POR,W,28.23333333333333,11.9,23.8,0.5,6.8,11.9,0.571,1.7,3.4,0.5,3.4,18.7,22.1,1.7,0.0,0.0,0.0,0.0,3.4,5.1,32.3,6.8,61.4,1,0,62.9,1,1,11433,1,7928,4268,4218,7582,1702,3687,3225,11022,9978,9461,4962,643,1018,15667,14317,10665,7210,7735,11621,6352,4039,8711,3797,1,143,2657,1,28:14,2020,2021
2020-21,1630172,Patrick Williams,Patrick,1610612741,CHI,Chicago Bulls,22000106,2021-01-05T00:00:00,CHI @ POR,W,24.883333333333333,9.6,15.4,0.625,3.9,3.9,1.0,3.9,3.9,1.0,1.9,3.9,5.8,1.9,3.9,0.0,0.0,1.9,3.9,1.9,27.0,-7.7,33.0,0,0,38.6,1,1,11433,1,10531,7275,12472,4319,5638,14811,1,7335,9235,1,8138,15610,14459,15081,5883,10665,7210,4573,10341,13894,6696,14051,15682,1849,143,12374,1,24:53,2020,2021
2020-21,1629655,Daniel Gafford,Daniel,1610612741,CHI,Chicago Bulls,22000106,2021-01-05T00:00:00,CHI @ POR,W,9.533333333333331,5.0,10.1,0.5,0.0,0.0,0.0,0.0,0.0,0.0,10.1,0.0,10.1,0.0,0.0,0.0,5.0,0.0,5.0,5.0,10.1,-15.1,37.3,0,0,30.2,1,1,11433,1,19757,15239,18128,7582,12591,17891,12591,12008,12752,12008,703,19725,7980,16819,14317,10665,963,7735,7312,6476,17699,16301,13676,1849,143,16445,1,9:32,2020,2021
2020-21,203897,Zach LaVine,Zach,1610612741,CHI,Chicago Bulls,22000106,2021-01-05T00:00:00,CHI @ POR,W,42.65,6.8,20.3,0.333,3.4,11.3,0.3,3.4,3.4,1.0,0.0,4.5,4.5,10.1,4.5,0.0,2.3,0.0,2.3,2.3,20.3,1.1,43.1,0,0,42.8,1,1,11433,1,129,12248,7253,15094,6594,4298,9784,8120,10013,1,11150,14288,16592,2586,4533,10665,3850,7735,15088,13105,10947,10792,10870,1849,143,10261,1,42:39,2020,2021
2020-21,1627756,Denzel Valentine,Denzel,1610612741,CHI,Chicago Bulls,22000106,2021-01-05T00:00:00,CHI @ POR,W,19.19333333333333,0.0,7.5,0.0,0.0,5.0,0.0,0.0,0.0,0.0,0.0,20.0,20.0,5.0,2.5,2.5,0.0,0.0,0.0,0.0,0.0,25.0,36.5,0,0,30.0,1,1,11433,1,14779,19893,20066,19893,12591,13141,12591,12008,12752,12008,11150,476,1454,8415,9659,5488,7210,7735,18137,16020,20448,3651,14024,1849,143,16551,1,19:12,2020,2021
2020-21,1629632,Coby White,Coby,1610612741,CHI,Chicago Bulls,22000106,2021-01-05T00:00:00,CHI @ POR,W,38.65,9.9,23.6,0.421,2.5,8.7,0.286,3.7,5.0,0.75,2.5,9.9,12.4,6.2,2.5,0.0,0.0,1.2,2.5,3.7,26.1,-1.2,47.8,1,0,47.2,1,1,11433,1,831,6814,4360,12562,8901,7507,9877,7560,7556,7245,6868,5198,5532,6498,9716,10665,7210,7469,14504,9268,7230,11732,8722,1,143,8207,1,38:39,2020,2021
2020-21,1628976,Wendell Carter Jr.,Wendell,1610612741,CHI,Chicago Bulls,22000106,2021-01-05T00:00:00,CHI @ POR,W,25.23333333333333,7.6,17.1,0.444,0.0,3.8,0.0,9.5,11.4,0.833,3.8,1.9,5.7,9.5,1.9,1.9,1.9,0.0,9.5,5.7,24.7,1.9,55.4,0,0,47.6,1,1,11433,1,10267,10680,10588,11399,12591,14888,12591,1742,1933,6476,4382,18883,14606,3010,11425,7187,4535,7735,1809,5269,8033,10485,5729,1849,143,8026,1,25:14,2020,2021
2020-21,201152,Thaddeus Young,Thaddeus,1610612741,CHI,Chicago Bulls,22000106,2021-01-05T00:00:00,CHI @ POR,W,23.2,8.3,16.6,0.5,2.1,4.1,0.5,2.1,2.1,1.0,4.1,12.4,16.6,8.3,6.2,0.0,0.0,2.1,8.3,6.2,20.7,4.1,46.8,0,0,47.6,1,1,11433,1,11782,9524,11213,7582,9863,14396,3573,10428,11975,1,3902,3021,2708,4069,2371,10665,7210,4220,2624,4540,10647,9669,9197,1849,143,8005,1,23:12,2020,2021
2020-21,202066,Garrett Temple,Garrett,1610612741,CHI,Chicago Bulls,22000106,2021-01-05T00:00:00,CHI @ POR,W,28.42333333333333,8.4,16.9,0.5,6.8,15.2,0.444,0.0,0.0,0.0,0.0,1.7,1.7,0.0,3.4,5.1,1.7,0.0,1.7,0.0,23.6,8.4,42.6,0,0,45.6,1,1,11433,1,7795,9212,10840,7582,1743,1522,6201,12008,12752,12008,11150,19170,20160,16819,6961,1323,5177,7735,16500,16020,8711,8164,11128,1849,143,8943,1,28:25,2020,2021
2020-21,203490,Otto Porter Jr.,Otto,1610612741,CHI,Chicago Bulls,22000090,2021-01-03T00:00:00,CHI vs. DAL,W,28.633333333333333,6.7,18.4,0.364,3.4,10.1,0.333,8.4,8.4,1.0,1.7,10.1,11.7,3.4,3.4,3.4,0.0,0.0,5.0,6.7,25.1,-6.7,51.0,0,0,50.3,1,1,11433,1,7608,12324,9125,14681,6649,5694,7875,2335,3677,1,8943,5082,6171,11685,7019,3356,7210,7735,7329,3843,7772,13695,7395,1849,143,6790,1,28:38,2020,2021
2020-21,1627756,Denzel Valentine,Denzel,1610612741,CHI,Chicago Bulls,22000090,2021-01-03T00:00:00,CHI vs. DAL,W,15.783333333333331,6.1,12.2,0.5,6.1,12.2,0.5,0.0,0.0,0.0,0.0,12.2,12.2,3.0,0.0,3.0,0.0,0.0,0.0,0.0,18.2,12.2,46.5,0,0,45.6,1,1,11433,1,17000,13427,16133,7582,2275,3439,3573,12008,12752,12008,11150,3206,5761,12404,14317,3975,7210,7735,18137,16020,12389,6927,9311,1849,143,8936,1,15:47,2020,2021
2020-21,1629655,Daniel Gafford,Daniel,1610612741,CHI,Chicago Bulls,22000090,2021-01-03T00:00:00,CHI vs. DAL,W,19.08333333333333,7.5,7.5,1.0,0.0,0.0,0.0,15.1,15.1,1.0,5.0,2.5,7.5,2.5,2.5,0.0,0.0,0.0,7.5,12.6,30.2,30.2,40.5,0,0,40.2,1,1,11433,1,14864,10788,20043,1,12591,17891,12591,422,888,1,2962,18062,11524,13727,9607,10665,7210,7735,3276,519,4979,2787,12123,1849,143,11522,1,19:05,2020,2021
2020-21,1628976,Wendell Carter Jr.,Wendell,1610612741,CHI,Chicago Bulls,22000090,2021-01-03T00:00:00,CHI vs. DAL,W,22.83333333333333,4.2,16.8,0.25,0.0,2.1,0.0,6.3,10.5,0.6,4.2,10.5,14.7,2.1,2.1,2.1,0.0,6.3,6.3,6.3,14.7,-4.2,39.7,0,0,35.7,1,1,11433,1,12093,16591,10913,17720,12591,17021,12591,4022,2363,9174,3818,4609,3757,14642,10792,6563,7210,398,4853,4400,14809,12804,12494,1849,143,13815,1,22:50,2020,2021
2020-21,202066,Garrett Temple,Garrett,1610612741,CHI,Chicago Bulls,22000090,2021-01-03T00:00:00,CHI vs. DAL,W,25.33333333333333,1.9,11.4,0.167,1.9,9.5,0.2,0.0,0.0,0.0,3.8,5.7,9.5,0.0,1.9,0.0,0.0,0.0,3.8,0.0,5.7,15.2,15.2,0,0,17.1,1,1,11433,1,10178,19543,16918,19313,10298,6410,11380,12008,12752,12008,4401,11952,8711,16819,11458,10665,7210,7735,10554,16020,19716,6080,21123,1849,143,20767,1,25:20,2020,2021
2020-21,201152,Thaddeus Young,Thaddeus,1610612741,CHI,Chicago Bulls,22000090,2021-01-03T00:00:00,CHI vs. DAL,W,28.433333333333334,5.1,10.1,0.5,1.7,3.4,0.5,0.0,0.0,0.0,5.1,1.7,6.8,1.7,5.1,1.7,0.0,0.0,5.1,0.0,11.8,21.9,22.5,0,0,25.3,1,1,11433,1,7779,15181,18100,7582,10884,15406,3573,12008,12752,12008,2928,19171,12863,15702,3681,8024,7210,7735,7246,16020,16713,4353,19517,1849,143,18420,1,28:26,2020,2021
2020-21,1629632,Coby White,Coby,1610612741,CHI,Chicago Bulls,22000090,2021-01-03T00:00:00,CHI vs. DAL,W,32.833333333333336,10.2,20.5,0.5,5.8,13.2,0.444,7.3,7.3,1.0,1.5,8.8,10.2,5.8,5.8,0.0,0.0,1.5,7.3,7.3,33.6,10.2,48.8,0,0,55.6,1,1,11433,1,4469,6373,7018,7582,2499,2656,6201,3097,4701,1,9826,6688,7772,6976,2688,10665,7210,6312,3534,3174,3459,7558,8272,1849,143,4763,1,32:50,2020,2021
2020-21,1630172,Patrick Williams,Patrick,1610612741,CHI,Chicago Bulls,22000090,2021-01-03T00:00:00,CHI vs. DAL,W,28.4,5.1,13.5,0.375,0.0,1.7,0.0,0.0,0.0,0.0,0.0,8.5,8.5,1.7,0.0,5.1,3.4,0.0,1.7,1.7,10.1,10.1,48.2,0,0,37.2,1,1,11433,1,7808,15167,14615,14155,12591,17449,12591,12008,12752,12008,11150,7120,10156,15694,14317,1316,2097,7735,16496,14616,17663,7590,8572,1849,143,13095,1,28:24,2020,2021
2020-21,203897,Zach LaVine,Zach,1610612741,CHI,Chicago Bulls,22000090,2021-01-03T00:00:00,CHI vs. DAL,W,38.66666666666666,17.4,31.0,0.56,3.7,11.2,0.333,9.9,11.2,0.889,0.0,7.4,7.4,6.2,5.0,3.7,0.0,0.0,5.0,11.2,48.4,7.4,72.9,0,0,73.2,1,1,11433,1,828,849,1000,6407,5910,4386,7875,1554,2052,6110,11150,8700,11690,6500,3821,2755,7210,7735,7488,817,624,8496,1555,1849,143,1110,1,38:40,2020,2021
2020-21,1629690,Adam Mokoka,Adam,1610612741,CHI,Chicago Bulls,22000073,2021-01-01T00:00:00,CHI @ MIL,L,9.95,9.6,19.3,0.5,0.0,9.6,0.0,0.0,0.0,0.0,0.0,4.8,4.8,4.8,0.0,4.8,0.0,0.0,9.6,0.0,19.3,-9.6,46.8,0,0,38.6,1,11623,1,11623,19630,7265,8243,7582,12591,6188,12591,12008,12752,12008,11150,13688,16089,8747,14317,1523,7210,7735,1741,16020,11664,14684,9176,1849,143,12365,1,9:57,2020,2021
2020-21,203897,Zach LaVine,Zach,1610612741,CHI,Chicago Bulls,22000073,2021-01-01T00:00:00,CHI @ MIL,L,27.183333333333334,12.4,28.3,0.438,1.8,7.1,0.25,1.8,1.8,1.0,0.0,10.6,10.6,3.5,8.8,1.8,1.8,1.8,0.0,0.0,28.3,-44.1,48.0,0,0,51.2,1,11623,1,11623,8735,3778,1816,11830,10652,9918,10244,10902,12200,1,11150,4530,7365,11315,886,7706,4931,5033,18137,16020,5999,21170,8611,1849,143,6406,1,27:11,2020,2021
2020-21,1630172,Patrick Williams,Patrick,1610612741,CHI,Chicago Bulls,22000073,2021-01-01T00:00:00,CHI @ MIL,L,25.433333333333334,7.5,20.8,0.364,0.0,3.8,0.0,0.0,1.9,0.0,0.0,11.3,11.3,0.0,5.7,0.0,1.9,1.9,7.5,3.8,15.1,-20.8,28.7,0,0,30.2,1,11623,1,11623,10114,10784,6776,14681,12591,14922,12591,12008,12095,12008,11150,3894,6576,16819,2885,10665,4575,4677,3275,9141,14562,17744,17403,1849,143,16458,1,25:26,2020,2021
2020-21,203490,Otto Porter Jr.,Otto,1610612741,CHI,Chicago Bulls,22000073,2021-01-01T00:00:00,CHI @ MIL,L,22.116666666666667,6.5,23.9,0.273,2.2,6.5,0.333,4.3,4.3,1.0,2.2,6.5,8.7,4.3,0.0,2.2,0.0,2.2,4.3,6.5,19.5,-54.3,43.0,0,0,39.1,1,11623,1,11623,12593,12691,4160,17532,9619,10771,7875,6513,8438,1,7540,10387,9849,9608,14317,6402,7210,3991,8969,4120,11500,21793,10932,1849,143,12140,1,22:07,2020,2021
2020-21,1627756,Denzel Valentine,Denzel,1610612741,CHI,Chicago Bulls,22000073,2021-01-01T00:00:00,CHI @ MIL,L,20.53333333333333,11.7,18.7,0.625,4.7,7.0,0.667,4.7,4.7,1.0,2.3,9.4,11.7,0.0,2.3,4.7,0.0,0.0,0.0,2.3,32.7,-7.0,58.4,0,0,58.4,1,11623,1,11623,13810,4505,8848,4319,4111,9996,1828,6020,7957,1,7185,5909,6218,16819,10157,1637,7210,7735,18137,12879,3831,13810,4669,1849,143,3831,1,20:32,2020,2021
2020-21,202066,Garrett Temple,Garrett,1610612741,CHI,Chicago Bulls,22000073,2021-01-01T00:00:00,CHI @ MIL,L,19.53333333333333,4.9,7.4,0.667,0.0,2.5,0.0,0.0,0.0,0.0,0.0,4.9,4.9,4.9,2.5,2.5,0.0,0.0,7.4,0.0,9.8,-24.6,28.0,0,0,24.6,1,11623,1,11623,14538,15438,20149,2900,12591,16607,12591,12008,12752,12008,11150,13502,15937,8581,9803,5624,7210,7735,3464,16020,17836,18557,17652,1849,143,18681,1,19:32,2020,2021
2020-21,1629653,Devon Dotson,Devon,1610612741,CHI,Chicago Bulls,22000073,2021-01-01T00:00:00,CHI @ MIL,L,9.533333333333331,10.1,20.1,0.5,0.0,0.0,0.0,0.0,0.0,0.0,0.0,5.0,5.0,0.0,0.0,0.0,0.0,5.0,5.0,5.0,20.1,-10.1,26.2,0,0,25.2,1,11623,1,11623,19757,6607,7367,7582,12591,17891,12591,12008,12752,12008,11150,13268,15740,16819,14317,10665,7210,710,7312,6476,11023,14807,18326,1849,143,18465,1,9:32,2020,2021
2020-21,1629655,Daniel Gafford,Daniel,1610612741,CHI,Chicago Bulls,22000073,2021-01-01T00:00:00,CHI @ MIL,L,15.616666666666667,6.1,6.1,1.0,0.0,0.0,0.0,3.1,6.1,0.5,3.1,6.1,9.2,3.1,0.0,6.1,3.1,0.0,3.1,3.1,15.4,-43.0,58.7,0,0,46.1,1,11623,1,11623,17108,13321,20831,1,12591,17891,12591,8652,5963,9461,5497,11091,9045,12304,14317,798,2460,7735,12491,10806,14398,21096,4584,1849,143,8683,1,15:37,2020,2021
2020-21,201152,Thaddeus Young,Thaddeus,1610612741,CHI,Chicago Bulls,22000073,2021-01-01T00:00:00,CHI @ MIL,L,22.566666666666663,4.3,10.6,0.4,0.0,4.3,0.0,4.3,4.3,1.0,0.0,2.1,2.1,4.3,8.5,2.1,4.3,0.0,4.3,6.4,12.8,-40.4,32.3,0,0,31.9,1,11623,1,11623,12271,16509,17620,12966,12591,14220,12591,6644,8571,1,11150,18602,19794,9780,973,6509,1367,7735,9190,4298,16126,20860,15966,1849,143,15680,1,22:34,2020,2021
2020-21,1628436,Luke Kornet,Luke,1610612741,CHI,Chicago Bulls,22000073,2021-01-01T00:00:00,CHI @ MIL,L,7.25,0.0,13.2,0.0,0.0,13.2,0.0,13.2,13.2,1.0,0.0,6.6,6.6,0.0,6.6,6.6,0.0,0.0,0.0,6.6,13.2,0.0,34.4,0,0,33.1,1,11623,1,11623,20407,19893,14956,19893,12591,2586,12591,656,1325,1,11150,10203,13094,16819,1997,642,7210,7735,18137,3967,15792,10797,14989,1849,143,15076,1,7:15,2020,2021
2020-21,1629632,Coby White,Coby,1610612741,CHI,Chicago Bulls,22000073,2021-01-01T00:00:00,CHI @ MIL,L,28.85,6.7,21.6,0.308,1.7,8.3,0.2,5.0,6.7,0.75,0.0,6.7,6.7,5.0,6.7,0.0,0.0,3.3,3.3,3.3,20.0,-34.9,28.8,0,0,33.3,1,11623,1,11623,7451,12431,5925,16796,10984,8036,11380,5597,5377,7245,11150,10142,13034,8433,1968,10665,7210,1887,11802,10163,11174,20243,17371,1849,143,14991,1,28:51,2020,2021
2020-21,1626245,Cristiano Felicio,Cristiano,1610612741,CHI,Chicago Bulls,22000073,2021-01-01T00:00:00,CHI @ MIL,L,6.3,0.0,7.6,0.0,0.0,0.0,0.0,0.0,15.2,0.0,15.2,7.6,22.9,15.2,0.0,0.0,0.0,0.0,0.0,7.6,0.0,-15.2,50.3,0,0,38.1,1,11623,1,11623,20707,19893,19992,19893,12591,17891,12591,12008,853,12008,185,8398,887,654,14317,10665,7210,7735,18137,2879,20448,16339,7649,1849,143,12623,1,6:18,2020,2021
2020-21,1628976,Wendell Carter Jr.,Wendell,1610612741,CHI,Chicago Bulls,22000073,2021-01-01T00:00:00,CHI @ MIL,L,25.133333333333333,9.5,13.4,0.714,1.9,3.8,0.5,1.9,3.8,0.5,1.9,7.6,9.5,5.7,1.9,0.0,1.9,0.0,7.6,7.6,22.9,-30.6,46.8,0,0,43.9,1,11623,1,11623,10348,7426,14801,2429,10256,14866,3573,10648,9302,9461,8198,8364,8604,7151,11395,10665,4518,7735,3178,2856,9139,19620,9177,1849,143,9698,1,25:08,2020,2021
2020-21,1629655,Daniel Gafford,Daniel,1610612741,CHI,Chicago Bulls,22000063,2020-12-31T00:00:00,CHI @ WAS,W,22.266666666666666,15.1,17.2,0.875,0.0,0.0,0.0,2.2,4.3,0.5,6.5,4.3,10.8,4.3,2.2,4.3,2.2,0.0,6.5,8.6,32.3,49.6,69.0,0,0,60.4,1,1,11433,1,12482,1712,10438,1164,12591,17891,12591,10311,8486,9461,1954,14670,7160,9660,10642,2003,4028,7735,4618,2042,4025,987,2135,1849,143,3284,1,22:16,2020,2021
2020-21,1628976,Wendell Carter Jr.,Wendell,1610612741,CHI,Chicago Bulls,22000063,2020-12-31T00:00:00,CHI @ WAS,W,22.966666666666665,14.6,23.0,0.636,2.1,2.1,1.0,2.1,4.2,0.5,2.1,8.4,10.4,2.1,4.2,2.1,2.1,0.0,10.4,4.2,33.4,-50.2,57.5,0,0,56.4,1,1,11433,1,11993,1959,4785,4151,9802,17038,1,10388,8691,9461,7706,7245,7527,14674,5133,6602,4129,7735,1414,8135,3535,21617,4969,1849,143,4458,1,22:58,2020,2021
2020-21,1630172,Patrick Williams,Patrick,1610612741,CHI,Chicago Bulls,22000063,2020-12-31T00:00:00,CHI @ WAS,W,18.4,10.4,13.0,0.8,2.6,5.2,0.5,2.6,5.2,0.5,0.0,2.6,2.6,0.0,5.2,0.0,0.0,0.0,10.4,2.6,26.1,-39.1,24.0,0,0,31.3,1,1,11433,1,15338,6106,15161,1469,8530,12775,3573,9638,7168,9461,11150,17874,19298,16819,3465,10665,7210,7735,1417,12127,7225,20741,19049,1849,143,15928,1,18:24,2020,2021
2020-21,203897,Zach LaVine,Zach,1610612741,CHI,Chicago Bulls,22000063,2020-12-31T00:00:00,CHI @ WAS,W,34.88333333333333,8.3,23.4,0.353,1.4,9.6,0.143,12.4,13.8,0.9,0.0,8.3,8.3,9.6,4.1,0.0,1.4,4.1,5.5,8.3,30.3,-4.1,54.6,0,0,52.3,1,1,11433,1,2982,9556,4507,15003,11995,6204,12315,809,1176,6064,11150,7397,10428,2920,5252,10665,6399,1145,6298,2329,4934,12780,5957,1849,143,5953,1,34:53,2020,2021
2020-21,201152,Thaddeus Young,Thaddeus,1610612741,CHI,Chicago Bulls,22000063,2020-12-31T00:00:00,CHI @ WAS,W,27.03333333333333,12.4,21.3,0.583,1.8,3.6,0.5,0.0,0.0,0.0,1.8,3.6,5.3,10.7,3.6,3.6,0.0,0.0,3.6,1.8,26.6,33.7,56.1,0,0,51.5,1,1,11433,1,8848,3713,6228,5615,10621,15198,3573,12008,12752,12008,8608,16187,15265,2253,6582,3013,7210,7735,11237,14358,6901,2285,5462,1849,143,6259,1,27:02,2020,2021
2020-21,1629632,Coby White,Coby,1610612741,CHI,Chicago Bulls,22000063,2020-12-31T00:00:00,CHI @ WAS,W,40.16666666666666,6.0,19.1,0.313,3.6,10.8,0.333,3.6,6.0,0.6,1.2,6.0,7.2,12.0,3.6,0.0,0.0,1.2,4.8,6.0,19.1,16.7,42.1,1,0,41.8,1,1,11433,1,436,13615,8431,16742,6191,4843,7875,7789,6164,9174,11015,11394,12162,1601,6524,10665,7210,7595,7916,4869,11774,5640,11360,1,143,10714,1,40:10,2020,2021
2020-21,202066,Garrett Temple,Garrett,1610612741,CHI,Chicago Bulls,22000063,2020-12-31T00:00:00,CHI @ WAS,W,28.391666666666666,5.1,10.1,0.5,1.7,6.8,0.25,1.7,1.7,1.0,1.7,1.7,3.4,6.8,3.4,0.0,0.0,0.0,5.1,5.1,13.5,-5.1,24.3,0,0,25.4,1,1,11433,1,7822,15164,18085,7582,10875,10358,10244,11042,12263,1,8881,19165,18286,5776,6952,10665,7210,7735,7232,6407,15620,13100,18935,1849,143,18409,1,28:24,2020,2021
2020-21,1627756,Denzel Valentine,Denzel,1610612741,CHI,Chicago Bulls,22000063,2020-12-31T00:00:00,CHI @ WAS,W,14.983333333333333,3.2,9.6,0.333,3.2,6.4,0.5,0.0,0.0,0.0,3.2,9.6,12.8,3.2,0.0,3.2,0.0,0.0,6.4,3.2,9.6,12.8,39.4,0,0,35.2,1,1,11433,1,17488,18002,18536,15094,6935,10945,3573,12008,12752,12008,5258,5551,5194,12014,14317,3624,7210,7735,4712,10481,17965,6731,12640,1849,143,14063,1,14:59,2020,2021
2020-21,203490,Otto Porter Jr.,Otto,1610612741,CHI,Chicago Bulls,22000063,2020-12-31T00:00:00,CHI @ WAS,W,30.90833333333333,15.5,21.7,0.714,7.8,14.0,0.556,4.7,4.7,1.0,1.6,17.1,18.6,4.7,0.0,4.7,0.0,0.0,0.0,6.2,43.5,0.0,86.8,1,0,83.9,1,1,11433,1,5894,1489,5819,2429,1164,2161,3417,6057,7987,1,9408,968,1846,9003,14317,1656,7210,7735,18137,4532,1112,10797,516,1,143,448,1,30:55,2020,2021
2020-21,1628976,Wendell Carter Jr.,Wendell,1610612741,CHI,Chicago Bulls,22000050,2020-12-29T00:00:00,CHI @ WAS,W,34.18333333333333,7.0,11.2,0.625,0.0,1.4,0.0,0.0,2.8,0.0,0.0,16.9,16.9,4.2,2.8,0.0,0.0,1.4,7.0,2.8,14.0,19.7,37.8,1,0,35.1,1,1,11433,1,3466,11733,17059,4319,12591,17729,12591,12008,11077,12008,11150,1036,2567,9882,8556,10665,7210,6613,3832,11566,15278,4852,13443,1,143,14125,1,34:11,2020,2021
2020-21,1628374,Lauri Markkanen,Lauri,1610612741,CHI,Chicago Bulls,22000050,2020-12-29T00:00:00,CHI @ WAS,W,19.25,7.5,19.9,0.375,2.5,5.0,0.5,5.0,7.5,0.667,2.5,7.5,10.0,0.0,2.5,0.0,0.0,2.5,5.0,7.5,22.4,-5.0,31.9,0,0,34.9,1,1,11433,1,14733,10912,7608,14155,8870,13159,3573,5602,4533,8322,6843,8648,8100,16819,9687,10665,7210,3345,7429,3015,9470,13065,16143,1849,143,14217,1,19:15,2020,2021
2020-21,1630172,Patrick Williams,Patrick,1610612741,CHI,Chicago Bulls,22000050,2020-12-29T00:00:00,CHI @ WAS,W,20.35,11.8,23.6,0.5,4.7,7.1,0.667,0.0,0.0,0.0,2.4,0.0,2.4,4.7,2.4,0.0,0.0,2.4,7.1,0.0,28.3,2.4,35.9,0,0,40.1,1,1,11433,1,13935,4399,4364,7582,4056,9901,1828,12008,12752,12008,7148,19725,19603,8908,10107,10665,7210,3607,3766,16020,5961,10350,14338,1849,143,11599,1,20:21,2020,2021
2020-21,1629632,Coby White,Coby,1610612741,CHI,Chicago Bulls,22000050,2020-12-29T00:00:00,CHI @ WAS,W,36.95666666666666,7.8,18.2,0.429,2.6,6.5,0.4,5.2,5.2,1.0,0.0,6.5,6.5,7.8,2.6,0.0,0.0,0.0,0.0,5.2,23.4,13.0,40.3,0,0,40.3,1,1,11433,1,1623,10370,9393,11933,8557,10797,6751,5274,7196,1,11150,10414,13273,4596,9341,10665,7210,7735,18137,6173,8878,6677,12236,1849,143,11514,1,36:57,2020,2021
2020-21,202066,Garrett Temple,Garrett,1610612741,CHI,Chicago Bulls,22000050,2020-12-29T00:00:00,CHI @ WAS,W,28.6,6.7,16.8,0.4,3.4,10.1,0.333,3.4,6.7,0.5,0.0,1.7,1.7,3.4,0.0,1.7,0.0,1.7,5.0,6.7,20.1,23.5,32.2,0,0,31.9,1,1,11433,1,7626,12316,10961,12966,6638,5675,7875,8148,5305,9461,11150,19195,20170,11677,14317,8065,7210,5353,7312,3829,11023,3965,16006,1849,143,15691,1,28:36,2020,2021
2020-21,203490,Otto Porter Jr.,Otto,1610612741,CHI,Chicago Bulls,22000050,2020-12-29T00:00:00,CHI @ WAS,W,29.35,6.5,16.4,0.4,4.9,11.4,0.429,8.2,9.8,0.833,1.6,3.3,4.9,1.6,3.3,0.0,0.0,0.0,6.5,4.9,26.2,-4.9,31.2,0,0,37.6,1,1,11433,1,7073,12625,11448,12966,3770,4104,6364,2444,2729,6476,9074,16650,15958,15844,7208,10665,7210,7735,4495,6725,7186,13042,16428,1849,143,12869,1,29:21,2020,2021
2020-21,203897,Zach LaVine,Zach,1610612741,CHI,Chicago Bulls,22000050,2020-12-29T00:00:00,CHI @ WAS,W,38.28333333333333,7.5,18.8,0.4,3.8,8.8,0.429,10.0,11.3,0.889,2.5,3.8,6.3,7.5,3.8,5.0,0.0,1.3,2.5,11.3,28.8,13.8,58.9,0,0,56.4,1,1,11433,1,974,10841,8735,12966,5842,7388,6364,1517,1992,6110,6814,15793,13662,4920,6127,1365,7210,7411,14432,795,5664,6449,4517,1849,143,4461,1,38:17,2020,2021
2020-21,1628990,Chandler Hutchison,Chandler,1610612741,CHI,Chicago Bulls,22000050,2020-12-29T00:00:00,CHI @ WAS,W,6.416666666666667,7.5,29.9,0.25,0.0,7.5,0.0,0.0,0.0,0.0,0.0,22.4,22.4,0.0,7.5,0.0,0.0,0.0,7.5,0.0,15.0,-15.0,34.4,0,0,37.4,1,1,11433,1,20667,10912,1280,17720,12591,9253,12591,12008,12752,12008,11150,282,959,16819,1407,10665,7210,7735,3339,16020,14657,16258,15005,1849,143,12977,1,6:25,2020,2021
2020-21,1629655,Daniel Gafford,Daniel,1610612741,CHI,Chicago Bulls,22000050,2020-12-29T00:00:00,CHI @ WAS,W,6.51,0.0,7.4,0.0,0.0,0.0,0.0,22.1,29.5,0.75,0.0,7.4,7.4,0.0,0.0,0.0,7.4,0.0,22.1,14.7,22.1,-7.4,53.1,0,0,44.2,1,1,11433,1,20645,19893,20148,19893,12591,17891,12591,137,126,7245,11150,8828,11817,16819,14317,10665,414,7735,170,265,9697,13943,6540,1849,143,9541,1,6:31,2020,2021
2020-21,203107,Tomas Satoransky,Tomas,1610612741,CHI,Chicago Bulls,22000050,2020-12-29T00:00:00,CHI @ WAS,W,20.1,9.6,16.7,0.571,4.8,9.6,0.5,0.0,0.0,0.0,0.0,4.8,4.8,14.3,4.8,4.8,0.0,2.4,0.0,2.4,23.9,-4.8,60.7,0,0,57.3,1,1,11433,1,14122,7417,11033,5826,3968,6309,3573,12008,12752,12008,11150,13776,16165,865,4097,1562,7210,3553,18137,12744,8551,12996,4007,1849,143,4177,1,20:06,2020,2021
2020-21,202066,Garrett Temple,Garrett,1610612741,CHI,Chicago Bulls,22000038,2020-12-27T00:00:00,CHI vs. GSW,L,19.466666666666665,2.5,12.3,0.2,0.0,7.4,0.0,0.0,0.0,0.0,0.0,2.5,2.5,4.9,0.0,0.0,0.0,0.0,14.8,0.0,4.9,-17.3,15.3,0,0,12.3,1,11623,1,11623,14593,18964,15928,18781,12591,9379,12591,12008,12752,12008,11150,18140,19489,8541,14317,10665,7210,7735,521,16020,19963,16894,21099,1849,143,21510,1,19:28,2020,2021
2020-21,1629632,Coby White,Coby,1610612741,CHI,Chicago Bulls,22000038,2020-12-27T00:00:00,CHI vs. GSW,L,35.63333333333333,10.8,25.6,0.421,5.4,12.1,0.444,0.0,0.0,0.0,0.0,9.4,9.4,6.7,4.0,0.0,0.0,1.3,1.3,1.3,26.9,-9.4,44.3,0,0,48.5,1,11623,1,11623,2482,5632,3001,12562,3074,3467,6201,12008,12752,12008,11150,5801,8766,5824,5432,10665,7210,6934,17661,15697,6740,14623,10326,1849,143,7551,1,35:38,2020,2021
2020-21,203897,Zach LaVine,Zach,1610612741,CHI,Chicago Bulls,22000038,2020-12-27T00:00:00,CHI vs. GSW,L,34.8,15.2,31.7,0.478,5.5,16.6,0.333,9.7,12.4,0.778,0.0,9.7,9.7,4.1,9.7,2.8,2.8,0.0,4.1,5.5,45.5,-6.9,70.2,0,0,75.9,1,11623,1,11623,3046,1666,870,10537,2908,1018,7875,1686,1581,7189,11150,5498,8456,10040,648,4686,2977,7735,9505,5603,888,13760,1922,1849,143,887,1,34:48,2020,2021
2020-21,1628990,Chandler Hutchison,Chandler,1610612741,CHI,Chicago Bulls,22000038,2020-12-27T00:00:00,CHI vs. GSW,L,19.45,7.4,12.3,0.6,2.5,4.9,0.5,0.0,0.0,0.0,0.0,19.7,19.7,9.9,2.5,2.5,0.0,0.0,4.9,2.5,17.3,9.9,60.7,0,0,54.3,1,11623,1,11623,14605,11043,15914,4810,8949,13247,3573,12008,12752,12008,11150,510,1532,2744,9762,5594,7210,7735,7555,12533,13050,7665,3991,1849,143,5195,1,19:27,2020,2021
2020-21,1628374,Lauri Markkanen,Lauri,1610612741,CHI,Chicago Bulls,22000038,2020-12-27T00:00:00,CHI vs. GSW,L,29.25,11.5,21.3,0.538,6.6,11.5,0.571,8.2,11.5,0.714,0.0,11.5,11.5,1.6,3.3,1.6,1.6,1.6,1.6,9.8,37.7,21.3,60.6,0,0,64.0,1,11623,1,11623,7145,4731,6188,7057,1872,4061,3225,2423,1906,8162,11150,3753,6410,15831,7177,8226,5330,5499,16657,1327,2199,4473,4031,1849,143,2425,1,29:15,2020,2021
2020-21,203107,Tomas Satoransky,Tomas,1610612741,CHI,Chicago Bulls,22000038,2020-12-27T00:00:00,CHI vs. GSW,L,22.83333333333333,2.1,6.3,0.333,0.0,2.1,0.0,2.1,2.1,1.0,0.0,2.1,2.1,6.3,6.3,0.0,0.0,2.1,4.2,4.2,6.3,-6.3,12.0,0,0,14.7,1,11623,1,11623,12093,19331,20756,15094,12591,17021,12591,10376,11947,1,11150,18624,19811,6385,2281,10665,7210,4135,9325,8089,19473,13553,21559,1849,143,21181,1,22:50,2020,2021
2020-21,1630172,Patrick Williams,Patrick,1610612741,CHI,Chicago Bulls,22000038,2020-12-27T00:00:00,CHI vs. GSW,L,26.35,3.6,9.1,0.4,0.0,1.8,0.0,3.6,3.6,1.0,1.8,5.5,7.3,3.6,3.6,0.0,5.5,1.8,1.8,1.8,10.9,10.9,37.9,0,0,32.8,1,11623,1,11623,9360,17415,18926,12966,12591,17314,12591,7686,9582,1,8458,12398,11975,11102,6403,10665,828,4874,16126,14213,17206,7323,13376,1849,143,15245,1,26:21,2020,2021
2020-21,1628976,Wendell Carter Jr.,Wendell,1610612741,CHI,Chicago Bulls,22000038,2020-12-27T00:00:00,CHI vs. GSW,L,31.466666666666665,12.2,13.7,0.889,1.5,3.1,0.5,7.6,12.2,0.625,6.1,13.7,19.8,6.1,4.6,0.0,0.0,0.0,4.6,7.6,33.6,-6.1,61.9,1,0,61.0,1,11623,1,11623,5455,3942,14391,1139,11462,15831,3573,2839,1646,9117,2142,2231,1505,6639,4420,10665,7210,7735,8398,2872,3479,13482,3633,1,143,3120,1,31:28,2020,2021
2020-21,203490,Otto Porter Jr.,Otto,1610612741,CHI,Chicago Bulls,22000038,2020-12-27T00:00:00,CHI vs. GSW,L,20.75,6.9,9.3,0.75,6.9,9.3,0.75,6.9,9.3,0.75,4.6,9.3,13.9,6.9,6.9,0.0,0.0,0.0,4.6,6.9,27.8,-4.6,47.9,0,0,55.5,1,11623,1,11623,13626,11871,18810,1826,1617,6714,1455,3397,3065,7245,3337,6033,4333,5537,1726,10665,7210,7735,8272,3555,6262,12953,8692,1849,143,4775,1,20:45,2020,2021
2020-21,1629632,Coby White,Coby,1610612741,CHI,Chicago Bulls,22000026,2020-12-26T00:00:00,CHI vs. IND,L,24.95,7.7,19.2,0.4,7.7,13.5,0.571,0.0,0.0,0.0,1.9,1.9,3.8,5.8,7.7,0.0,1.9,3.8,3.8,0.0,23.1,-30.8,34.4,0,0,44.2,1,11623,1,11623,10480,10511,8310,12966,1201,2445,3225,12008,12752,12008,8153,18854,17676,7087,1290,10665,4493,1375,10378,16020,9043,19658,14983,1849,143,9534,1,24:57,2020,2021
2020-21,1628976,Wendell Carter Jr.,Wendell,1610612741,CHI,Chicago Bulls,22000026,2020-12-26T00:00:00,CHI vs. IND,L,27.35,3.5,17.6,0.2,0.0,1.8,0.0,8.8,10.5,0.833,5.3,5.3,10.5,3.5,1.8,0.0,3.5,1.8,5.3,8.8,15.8,-35.1,42.5,0,0,36.9,1,11623,1,11623,8609,17598,10100,18781,12591,17373,12591,2113,2352,6476,2758,12824,7445,11359,11983,10665,1973,5073,6805,1927,14082,20262,11168,1849,143,13237,1,27:21,2020,2021
2020-21,1630172,Patrick Williams,Patrick,1610612741,CHI,Chicago Bulls,22000026,2020-12-26T00:00:00,CHI vs. IND,L,22.066666666666663,4.4,13.1,0.333,2.2,2.2,1.0,8.7,8.7,1.0,2.2,2.2,4.4,2.2,8.7,0.0,2.2,0.0,0.0,8.7,19.6,-30.5,25.9,0,0,32.6,1,11623,1,11623,12636,16344,15152,15094,9606,16943,1,2145,3437,1,7524,18530,16838,14494,923,10665,3994,7735,18137,1985,11468,19600,18434,1849,143,15338,1,22:04,2020,2021
2020-21,202066,Garrett Temple,Garrett,1610612741,CHI,Chicago Bulls,22000026,2020-12-26T00:00:00,CHI vs. IND,L,19.85,4.8,16.9,0.286,4.8,9.7,0.5,0.0,0.0,0.0,2.4,2.4,4.8,4.8,0.0,4.8,0.0,0.0,2.4,2.4,14.5,16.9,42.1,0,0,38.7,1,11623,1,11623,14284,15580,10799,17105,3877,6164,3573,12008,12752,12008,7031,18224,16075,8729,14317,1511,7210,7735,14687,12670,14971,5592,11352,1849,143,12313,1,19:51,2020,2021
2020-21,1629655,Daniel Gafford,Daniel,1610612741,CHI,Chicago Bulls,22000026,2020-12-26T00:00:00,CHI vs. IND,L,11.95,4.0,12.1,0.333,0.0,0.0,0.0,4.0,8.0,0.5,8.0,8.0,16.1,0.0,0.0,0.0,4.0,0.0,0.0,12.1,12.1,-12.1,43.4,0,0,36.2,1,11623,1,11623,18954,16889,16248,15094,12591,17891,12591,7047,3993,9461,1234,7731,2966,16819,14317,10665,1523,7735,18137,616,16564,15388,10736,1849,143,13608,1,11:57,2020,2021
2020-21,1627756,Denzel Valentine,Denzel,1610612741,CHI,Chicago Bulls,22000026,2020-12-26T00:00:00,CHI vs. IND,L,12.9,14.9,22.3,0.667,11.2,14.9,0.75,0.0,0.0,0.0,0.0,3.7,3.7,0.0,0.0,3.7,3.7,0.0,0.0,3.7,40.9,-37.2,67.7,0,0,70.7,1,11623,1,11623,18516,1818,5291,2900,314,1658,1455,12008,12752,12008,11150,15893,17869,16819,14317,2759,1772,7735,18137,9279,1519,20535,2335,1849,143,1376,1,12:54,2020,2021
2020-21,1627853,Ryan Arcidiacono,Ryan,1610612741,CHI,Chicago Bulls,22000026,2020-12-26T00:00:00,CHI vs. IND,L,8.433333333333334,5.7,17.1,0.333,0.0,5.7,0.0,17.1,17.1,1.0,0.0,17.1,17.1,11.4,0.0,5.7,0.0,0.0,0.0,11.4,28.5,17.1,83.1,0,0,68.3,1,11623,1,11623,20103,14088,10636,15094,12591,11992,12591,278,588,1,11150,972,2462,1867,14317,960,7210,7735,18137,766,5881,5546,683,1849,143,1684,1,8:26,2020,2021
2020-21,1628374,Lauri Markkanen,Lauri,1610612741,CHI,Chicago Bulls,22000026,2020-12-26T00:00:00,CHI vs. IND,L,27.15,10.6,24.8,0.429,3.5,14.1,0.25,3.5,5.3,0.667,3.5,12.4,15.9,0.0,3.5,0.0,0.0,0.0,3.5,7.1,28.3,-26.5,43.8,0,0,47.7,1,11623,1,11623,8766,5880,3554,11933,6296,2056,10244,7862,7042,8322,4762,3055,3060,16819,6622,10665,7210,7735,11274,3415,5974,18948,10520,1849,143,7914,1,27:09,2020,2021
2020-21,203490,Otto Porter Jr.,Otto,1610612741,CHI,Chicago Bulls,22000026,2020-12-26T00:00:00,CHI vs. IND,L,19.116666666666667,10.0,30.1,0.333,2.5,12.6,0.2,2.5,2.5,1.0,2.5,12.6,15.1,5.0,5.0,0.0,0.0,2.5,2.5,2.5,25.1,-15.1,45.7,0,0,47.7,1,11623,1,11623,14838,6651,1225,15094,8819,3102,11380,9819,11601,1,6803,2918,3556,8369,3747,10665,7210,3307,14421,12417,7798,16291,9692,1849,143,7931,1,19:07,2020,2021
2020-21,203107,Tomas Satoransky,Tomas,1610612741,CHI,Chicago Bulls,22000026,2020-12-26T00:00:00,CHI vs. IND,L,24.9,3.9,9.6,0.4,0.0,1.9,0.0,3.9,3.9,1.0,3.9,3.9,7.7,17.3,5.8,3.9,1.9,0.0,0.0,1.9,11.6,-1.9,58.4,0,0,48.2,1,11623,1,11623,10510,17152,18509,12966,12591,17210,12591,7340,9241,1,4320,15613,11269,390,2751,2575,4479,7735,18137,13898,16873,12025,4682,1849,143,7684,1,24:54,2020,2021
2020-21,203897,Zach LaVine,Zach,1610612741,CHI,Chicago Bulls,22000026,2020-12-26T00:00:00,CHI vs. IND,L,28.83333333333333,10.0,21.6,0.462,5.0,10.0,0.5,3.3,3.3,1.0,0.0,1.7,1.7,3.3,5.0,1.7,0.0,0.0,6.7,5.0,28.3,-33.3,35.3,0,0,41.6,1,11623,1,11623,7460,6732,5910,10881,3651,5762,3573,8188,10092,1,11150,19208,20180,11725,3786,8120,7210,7735,4320,6573,5968,20019,14587,1849,143,10819,1,28:50,2020,2021
2020-21,1628990,Chandler Hutchison,Chandler,1610612741,CHI,Chicago Bulls,22000026,2020-12-26T00:00:00,CHI vs. IND,L,7.516666666666667,0.0,6.4,0.0,0.0,0.0,0.0,12.8,12.8,1.0,0.0,6.4,6.4,0.0,0.0,0.0,0.0,0.0,6.4,6.4,12.8,12.8,20.4,0,0,19.2,1,11623,1,11623,20323,19893,20722,19893,12591,17891,12591,738,1468,1,11150,10618,13450,16819,14317,10665,7210,7735,4742,4289,16122,6741,20074,1849,143,20289,1,7:31,2020,2021
2020-21,1629690,Adam Mokoka,Adam,1610612741,CHI,Chicago Bulls,22000026,2020-12-26T00:00:00,CHI vs. IND,L,4.983333333333333,0.0,9.6,0.0,0.0,9.6,0.0,0.0,0.0,0.0,0.0,0.0,0.0,0.0,9.6,0.0,0.0,0.0,19.3,0.0,0.0,-19.3,-9.6,0,0,0.0,1,11623,1,11623,21197,19893,18513,19893,12591,6204,12591,12008,12752,12008,11150,19725,20503,16819,653,10665,7210,7735,247,16020,20448,17367,22974,1849,143,22207,1,4:59,2020,2021
2020-21,1628374,Lauri Markkanen,Lauri,1610612741,CHI,Chicago Bulls,22000015,2020-12-23T00:00:00,CHI vs. ATL,L,30.2,9.5,14.3,0.667,6.4,9.5,0.667,7.9,7.9,1.0,1.6,9.5,11.1,6.4,3.2,3.2,0.0,0.0,1.6,3.2,33.4,-54.0,62.6,0,0,63.6,1,11623,1,11623,6430,7440,13741,2900,2040,6331,1828,2603,4084,1,9256,5644,6785,6313,7461,3671,7210,7735,16802,10542,3563,21780,3473,1849,143,2515,1,30:12,2020,2021
2020-21,203490,Otto Porter Jr.,Otto,1610612741,CHI,Chicago Bulls,22000015,2020-12-23T00:00:00,CHI vs. ATL,L,23.366666666666667,10.3,20.5,0.5,0.0,4.1,0.0,8.2,8.2,1.0,6.2,4.1,10.3,2.1,2.1,4.1,0.0,0.0,4.1,6.2,28.8,-18.5,54.4,0,0,49.3,1,11623,1,11623,11666,6316,6958,7582,12591,14440,12591,2415,3820,1,2114,15099,7730,14772,10949,2229,7210,7735,9596,4604,5703,17184,6046,1849,143,7220,1,23:22,2020,2021
2020-21,1629690,Adam Mokoka,Adam,1610612741,CHI,Chicago Bulls,22000015,2020-12-23T00:00:00,CHI vs. ATL,L,16.783333333333335,5.7,17.2,0.333,0.0,8.6,0.0,0.0,0.0,0.0,2.9,2.9,5.7,5.7,0.0,2.9,2.9,0.0,2.9,0.0,11.4,17.2,44.0,0,0,34.3,1,11623,1,11623,16403,14031,10542,15094,12591,7671,12591,12008,12752,12008,5944,17387,14585,7167,14317,4404,2810,7735,13176,16020,16954,5513,10447,1849,143,14509,1,16:47,2020,2021
2020-21,1628990,Chandler Hutchison,Chandler,1610612741,CHI,Chicago Bulls,22000015,2020-12-23T00:00:00,CHI vs. ATL,L,18.58333333333333,2.6,15.5,0.167,0.0,0.0,0.0,0.0,0.0,0.0,2.6,10.3,12.9,0.0,2.6,0.0,0.0,2.6,7.7,0.0,5.2,10.3,18.1,0,0,18.1,1,11623,1,11623,15228,18819,12394,19313,12591,17891,12591,12008,12752,12008,6578,4808,5091,16819,9383,10665,7210,3144,3065,16020,19881,7524,20599,1849,143,20550,1,18:35,2020,2021
2020-21,1628976,Wendell Carter Jr.,Wendell,1610612741,CHI,Chicago Bulls,22000015,2020-12-23T00:00:00,CHI vs. ATL,L,25.766666666666666,3.7,9.3,0.4,0.0,3.7,0.0,3.7,3.7,1.0,1.9,9.3,11.2,3.7,5.6,0.0,0.0,0.0,5.6,5.6,11.2,-24.2,24.6,0,0,26.1,1,11623,1,11623,9833,17313,18763,12966,12591,14984,12591,7560,9450,1,8332,5959,6739,10944,2985,10665,7210,7735,6124,5471,17084,18489,18861,1849,143,18134,1,25:46,2020,2021
2020-21,1629632,Coby White,Coby,1610612741,CHI,Chicago Bulls,22000015,2020-12-23T00:00:00,CHI vs. ATL,L,30.466666666666665,3.2,17.3,0.182,1.6,11.0,0.143,6.3,6.3,1.0,0.0,3.2,3.2,11.0,4.7,3.2,0.0,1.6,3.2,6.3,14.2,-20.5,39.2,0,0,36.2,1,11623,1,11623,6214,18069,10348,19269,11281,4548,12315,4025,5793,1,11150,16835,18588,2057,4177,3737,7210,5772,12283,4404,15183,17663,12715,1849,143,13565,1,30:28,2020,2021
2020-21,1630172,Patrick Williams,Patrick,1610612741,CHI,Chicago Bulls,22000015,2020-12-23T00:00:00,CHI vs. ATL,L,33.04333333333334,7.3,16.0,0.455,1.5,4.4,0.333,7.3,8.7,0.833,0.0,5.8,5.8,1.5,0.0,1.5,1.5,1.5,2.9,10.2,23.2,-33.4,41.1,0,0,37.8,1,11623,1,11623,4315,11328,11858,11074,11734,14076,7875,3138,3425,6476,11150,11707,14430,16337,14317,9169,6059,6362,13012,1178,8944,20033,11835,1849,143,12790,1,33:03,2020,2021
2020-21,1627853,Ryan Arcidiacono,Ryan,1610612741,CHI,Chicago Bulls,22000015,2020-12-23T00:00:00,CHI vs. ATL,L,19.58333333333333,4.9,14.7,0.333,2.5,9.8,0.25,0.0,0.0,0.0,0.0,7.4,7.4,4.9,0.0,2.5,0.0,0.0,4.9,12.3,12.3,14.7,35.8,0,0,31.9,1,11623,1,11623,14507,15454,13306,15094,8994,5990,10244,12008,12752,12008,11150,8862,11848,8605,14317,5641,7210,7735,7634,585,16446,6187,14374,1849,143,15703,1,19:35,2020,2021
2020-21,1629655,Daniel Gafford,Daniel,1610612741,CHI,Chicago Bulls,22000015,2020-12-23T00:00:00,CHI vs. ATL,L,16.9,5.7,11.4,0.5,0.0,0.0,0.0,2.8,11.4,0.25,0.0,2.8,2.8,0.0,0.0,0.0,2.8,0.0,2.8,5.7,14.2,5.7,26.1,0,0,22.7,1,11623,1,11623,16327,14105,16925,7582,12591,17891,12591,9112,1953,11895,11150,17433,18982,16819,14317,10665,2839,7735,13246,5309,15169,9114,18351,1849,143,19264,1,16:54,2020,2021
2020-21,203897,Zach LaVine,Zach,1610612741,CHI,Chicago Bulls,22000015,2020-12-23T00:00:00,CHI vs. ATL,L,25.30666666666667,17.1,36.0,0.474,1.9,15.2,0.125,5.7,5.7,1.0,1.9,1.9,3.8,1.9,9.5,1.9,0.0,0.0,9.5,5.7,41.7,-49.3,45.3,0,0,53.1,1,11623,1,11623,10211,917,363,10609,10290,1539,12466,4665,6510,1,8230,18892,17753,15166,702,7210,7210,7735,1826,5294,1375,21572,9885,1849,143,5637,1,25:18,2020,2021
