season,player_id,player,nickname,team_id,team,team_name,game_id,game_date,matchup,wl,min,fgm,fga,fg_pct,fg3m,fg3a,fg3_pct,ftm,fta,ft_pct,oreb,dreb,reb,ast,tov,stl,blk,blka,pf,pfd,pts,plus_minus,nba_fantasy_pts,dd2,td3,wnba_fantasy_pts,gp_rank,w_rank,l_rank,w_pct_rank,min_rank,fgm_rank,fga_rank,fg_pct_rank,fg3m_rank,fg3a_rank,fg3_pct_rank,ftm_rank,fta_rank,ft_pct_rank,oreb_rank,dreb_rank,reb_rank,ast_rank,tov_rank,stl_rank,blk_rank,blka_rank,pf_rank,pfd_rank,pts_rank,plus_minus_rank,nba_fantasy_pts_rank,dd2_rank,td3_rank,wnba_fantasy_pts_rank,available_flag,min_sec,season_start,season_end
2020-21,203648,Thanasis Antetokounmpo,Thanasis,1610612749,MIL,Milwaukee Bucks,22001068,2021-05-16T00:00:00,MIL @ CHI,L,15.0,0.0,4.0,0.0,0.0,2.0,0.0,0.0,0.0,0.0,0.0,1.0,1.0,1.0,1.0,1.0,0.0,1.0,2.0,1.0,0.0,-3.0,4.7,0,0,4.0,1,11623,1,11623,17459,19893,15987,19893,12591,11825,12591,12008,12752,12008,11150,15987,17542,11678,7632,4032,7210,2107,6924,10308,20448,13536,20053,1849,143,20179,1,15:02,2020,2021
2020-21,1629670,Jordan Nwora,Jordan,1610612749,MIL,Milwaukee Bucks,22001068,2021-05-16T00:00:00,MIL @ CHI,L,35.9,14.0,23.0,0.609,4.0,8.0,0.5,2.0,4.0,0.5,4.0,10.0,14.0,0.0,3.0,2.0,3.0,2.0,3.0,4.0,34.0,-9.0,62.8,1,0,62.0,1,11623,1,11623,2319,114,385,4797,910,1505,3573,5395,3346,9461,564,470,317,16819,1707,1208,231,534,3130,2281,322,18135,172,1,143,136,1,35:53,2020,2021
2020-21,201952,Jeff Teague,Jeff,1610612749,MIL,Milwaukee Bucks,22001068,2021-05-16T00:00:00,MIL @ CHI,L,33.6,5.0,11.0,0.455,3.0,3.0,1.0,10.0,12.0,0.833,0.0,3.0,3.0,7.0,2.0,3.0,1.0,2.0,0.0,6.0,23.0,3.0,47.1,0,0,44.0,1,11623,1,11623,3892,6152,6027,11074,1926,9118,1,161,170,6476,11150,8835,11352,1198,3645,347,2271,534,18137,795,2060,8138,1283,1849,143,1463,1,33:38,2020,2021
2020-21,1629091,Elijah Bryant,Elijah,1610612749,MIL,Milwaukee Bucks,22001068,2021-05-16T00:00:00,MIL @ CHI,L,31.6,6.0,13.0,0.462,1.0,5.0,0.2,3.0,3.0,1.0,2.0,4.0,6.0,3.0,4.0,0.0,1.0,0.0,4.0,3.0,16.0,11.0,26.7,0,0,28.0,1,11623,1,11623,5381,4526,4300,10881,7373,4922,11380,3646,5327,1,2547,6156,4746,5509,764,10665,2271,7735,1059,3793,5102,3454,7337,1849,143,6101,1,31:34,2020,2021
2020-21,1629603,Mamadi Diakite,Mamadi,1610612749,MIL,Milwaukee Bucks,22001068,2021-05-16T00:00:00,MIL @ CHI,L,38.2,4.0,11.0,0.364,0.0,1.0,0.0,5.0,8.0,0.625,2.0,5.0,7.0,1.0,0.0,2.0,0.0,1.0,4.0,4.0,13.0,-10.0,28.9,0,0,25.0,1,11623,1,11623,999,8251,6027,14681,12591,14655,12591,1513,763,9117,2547,4091,3435,11678,14317,1208,7210,2107,1059,2281,7127,18716,6298,1849,143,7461,1,38:13,2020,2021
2020-21,1626192,Pat Connaughton,Pat,1610612749,MIL,Milwaukee Bucks,22001068,2021-05-16T00:00:00,MIL @ CHI,L,25.3,5.0,10.0,0.5,2.0,7.0,0.286,3.0,3.0,1.0,0.0,1.0,1.0,0.0,0.0,2.0,0.0,0.0,0.0,1.0,15.0,-11.0,22.2,0,0,22.0,1,11623,1,11623,10234,6152,7133,7582,3957,2331,9877,3646,5327,1,11150,15987,17542,16819,14317,1208,7210,7735,18137,10308,5723,19248,9735,1849,143,9111,1,25:16,2020,2021
2020-21,1628382,Justin Jackson,Justin,1610612749,MIL,Milwaukee Bucks,22001068,2021-05-16T00:00:00,MIL @ CHI,L,32.6,3.0,9.0,0.333,2.0,6.0,0.333,1.0,2.0,0.5,2.0,4.0,6.0,1.0,1.0,0.0,0.0,0.0,1.0,1.0,9.0,4.0,16.7,0,0,18.0,1,11623,1,11623,4612,10694,8309,15094,3957,3460,7875,9085,6645,9461,2547,6156,4746,11678,7632,10665,7210,7735,12223,10308,10740,7366,13164,1849,143,11539,1,32:37,2020,2021
2020-21,1630241,Sam Merrill,Sam,1610612749,MIL,Milwaukee Bucks,22001068,2021-05-16T00:00:00,MIL @ CHI,L,27.8,1.0,9.0,0.111,0.0,5.0,0.0,0.0,0.0,0.0,0.0,3.0,3.0,1.0,0.0,3.0,0.0,2.0,2.0,0.0,2.0,-15.0,16.1,0,0,12.0,1,11623,1,11623,8299,16702,8309,19785,12591,4922,12591,12008,12752,12008,11150,8835,11352,11678,14317,347,7210,534,6924,16020,18664,20857,13538,1849,143,15506,1,27:47,2020,2021
2020-21,1626192,Pat Connaughton,Pat,1610612749,MIL,Milwaukee Bucks,22001062,2021-05-15T00:00:00,MIL vs. MIA,W,17.9,0.0,4.0,0.0,0.0,4.0,0.0,0.0,0.0,0.0,1.0,5.0,6.0,0.0,1.0,0.0,1.0,0.0,1.0,0.0,0.0,3.0,9.2,0,0,8.0,1,1,11433,1,15684,19893,15987,19893,12591,6909,12591,12008,12752,12008,5246,4091,4746,16819,7632,10665,2271,7735,12223,16020,20448,8138,17692,1849,143,17996,1,17:53,2020,2021
2020-21,200782,P.J. Tucker,P.J.,1610612749,MIL,Milwaukee Bucks,22001062,2021-05-15T00:00:00,MIL vs. MIA,W,24.1,0.0,3.0,0.0,0.0,3.0,0.0,2.0,2.0,1.0,0.0,2.0,2.0,1.0,0.0,1.0,0.0,0.0,1.0,1.0,2.0,13.0,8.9,0,0,7.0,1,1,11433,1,11134,19893,17566,19893,12591,9118,12591,5395,6645,1,11150,12139,14385,11678,14317,4032,7210,7735,12223,10308,18664,2707,17894,1849,143,18556,1,24:03,2020,2021
2020-21,1630241,Sam Merrill,Sam,1610612749,MIL,Milwaukee Bucks,22001062,2021-05-15T00:00:00,MIL vs. MIA,W,1.0,0.0,0.0,0.0,0.0,0.0,0.0,0.0,0.0,0.0,0.0,0.0,0.0,0.0,0.0,0.0,0.0,0.0,0.0,0.0,0.0,-3.0,0.0,0,0,0.0,1,1,11433,1,22836,19893,21894,19893,12591,17891,12591,12008,12752,12008,11150,19725,20503,16819,14317,10665,7210,7735,18137,16020,20448,13536,22167,1849,143,22207,1,1:00,2020,2021
2020-21,201572,Brook Lopez,Brook,1610612749,MIL,Milwaukee Bucks,22001062,2021-05-15T00:00:00,MIL vs. MIA,W,26.7,9.0,10.0,0.9,0.0,0.0,0.0,0.0,0.0,0.0,1.0,5.0,6.0,0.0,1.0,0.0,1.0,0.0,0.0,2.0,18.0,8.0,27.2,0,0,26.0,1,1,11433,1,9098,1450,7133,1127,12591,17891,12591,12008,12752,12008,5246,4091,4746,16819,7632,10665,2271,7735,18137,6289,3974,4875,7088,1849,143,6966,1,26:43,2020,2021
2020-21,203507,Giannis Antetokounmpo,Giannis,1610612749,MIL,Milwaukee Bucks,22001062,2021-05-15T00:00:00,MIL vs. MIA,W,33.7,6.0,12.0,0.5,1.0,3.0,0.333,2.0,6.0,0.333,0.0,9.0,9.0,4.0,1.0,0.0,1.0,1.0,1.0,6.0,15.0,19.0,33.8,0,0,31.0,1,1,11433,1,3877,4526,5097,7582,7373,9118,7875,5395,1600,11706,11150,746,1852,3751,7632,10665,2271,2107,12223,795,5723,1175,4424,1849,143,4847,1,33:39,2020,2021
2020-21,1627854,Bryn Forbes,Bryn,1610612749,MIL,Milwaukee Bucks,22001062,2021-05-15T00:00:00,MIL vs. MIA,W,19.7,7.0,9.0,0.778,5.0,6.0,0.833,2.0,3.0,0.667,0.0,0.0,0.0,0.0,1.0,0.0,0.0,0.0,1.0,1.0,21.0,0.0,20.0,0,0,26.0,1,1,11433,1,14415,3206,8309,1717,414,3460,1311,5395,5327,8322,11150,19725,20503,16819,7632,10665,7210,7735,12223,10308,2727,10797,11085,1849,143,6966,1,19:42,2020,2021
2020-21,201950,Jrue Holiday,Jrue,1610612749,MIL,Milwaukee Bucks,22001062,2021-05-15T00:00:00,MIL vs. MIA,W,33.8,8.0,17.0,0.471,2.0,4.0,0.5,2.0,2.0,1.0,0.0,5.0,5.0,10.0,1.0,1.0,0.0,1.0,1.0,2.0,20.0,14.0,43.0,1,0,39.0,1,1,11433,1,3803,2196,1960,10674,3957,6909,3573,5395,6645,1,11150,4091,6466,345,7632,4032,7210,2107,12223,6289,3090,2360,1961,1,143,2395,1,33:45,2020,2021
2020-21,203648,Thanasis Antetokounmpo,Thanasis,1610612749,MIL,Milwaukee Bucks,22001062,2021-05-15T00:00:00,MIL vs. MIA,W,1.8,0.0,0.0,0.0,0.0,0.0,0.0,0.0,0.0,0.0,0.0,0.0,0.0,1.0,0.0,0.0,0.0,0.0,0.0,0.0,0.0,-3.0,1.5,0,0,1.0,1,1,11433,1,22495,19893,21894,19893,12591,17891,12591,12008,12752,12008,11150,19725,20503,11678,14317,10665,7210,7735,18137,16020,20448,13536,21554,1849,143,21671,1,1:46,2020,2021
2020-21,1629670,Jordan Nwora,Jordan,1610612749,MIL,Milwaukee Bucks,22001062,2021-05-15T00:00:00,MIL vs. MIA,W,1.8,0.0,1.0,0.0,0.0,0.0,0.0,0.0,0.0,0.0,1.0,0.0,1.0,0.0,0.0,0.0,0.0,1.0,0.0,0.0,0.0,-3.0,1.2,0,0,1.0,1,1,11433,1,22495,19893,20551,19893,12591,17891,12591,12008,12752,12008,5246,19725,17542,16819,14317,10665,7210,2107,18137,16020,20448,13536,21714,1849,143,21671,1,1:46,2020,2021
2020-21,1629603,Mamadi Diakite,Mamadi,1610612749,MIL,Milwaukee Bucks,22001062,2021-05-15T00:00:00,MIL vs. MIA,W,1.0,0.0,0.0,0.0,0.0,0.0,0.0,0.0,0.0,0.0,0.0,0.0,0.0,1.0,0.0,0.0,0.0,0.0,0.0,0.0,0.0,-3.0,1.5,0,0,1.0,1,1,11433,1,22836,19893,21894,19893,12591,17891,12591,12008,12752,12008,11150,19725,20503,11678,14317,10665,7210,7735,18137,16020,20448,13536,21554,1849,143,21671,1,1:00,2020,2021
2020-21,1628978,Donte DiVincenzo,Donte,1610612749,MIL,Milwaukee Bucks,22001062,2021-05-15T00:00:00,MIL vs. MIA,W,27.6,3.0,10.0,0.3,3.0,8.0,0.375,2.0,4.0,0.5,0.0,9.0,9.0,4.0,1.0,1.0,0.0,0.0,3.0,2.0,11.0,11.0,29.8,0,0,29.0,1,1,11433,1,8435,10694,7133,16897,1926,1505,7570,5395,3346,9461,11150,746,1852,3751,7632,4032,7210,7735,3130,6289,8773,3454,5927,1849,143,5681,1,27:36,2020,2021
2020-21,203114,Khris Middleton,Khris,1610612749,MIL,Milwaukee Bucks,22001062,2021-05-15T00:00:00,MIL vs. MIA,W,31.9,8.0,12.0,0.667,1.0,4.0,0.25,4.0,4.0,1.0,1.0,6.0,7.0,7.0,4.0,0.0,0.0,0.0,4.0,2.0,21.0,3.0,35.9,0,0,36.0,1,1,11433,1,5173,2196,5097,2900,7373,6909,10244,2293,3346,1,5246,2732,3435,1198,764,10665,7210,7735,1059,6289,2727,8138,3739,1849,143,3205,1,31:51,2020,2021
2020-21,1626171,Bobby Portis,Bobby,1610612749,MIL,Milwaukee Bucks,22001062,2021-05-15T00:00:00,MIL vs. MIA,W,19.3,5.0,8.0,0.625,1.0,3.0,0.333,3.0,3.0,1.0,1.0,2.0,3.0,1.0,1.0,1.0,0.0,0.0,3.0,2.0,14.0,11.0,21.1,0,0,21.0,1,1,11433,1,14723,6152,9686,4319,7373,9118,7875,3646,5327,1,5246,12139,11352,11678,7632,4032,7210,7735,3130,6289,6406,3454,10398,1849,143,9724,1,19:16,2020,2021
2020-21,1628978,Donte DiVincenzo,Donte,1610612749,MIL,Milwaukee Bucks,22001048,2021-05-13T00:00:00,MIL @ IND,W,32.4,2.0,5.0,0.4,2.0,5.0,0.4,2.0,2.0,1.0,1.0,8.0,9.0,2.0,1.0,1.0,1.0,0.0,0.0,1.0,8.0,5.0,26.8,0,0,25.0,1,1,11433,1,4821,13638,14368,12966,3957,4922,6751,5395,6645,1,5246,1175,1852,7995,7632,4032,2271,7735,18137,10308,11759,6667,7291,1849,143,7461,1,32:21,2020,2021
2020-21,201952,Jeff Teague,Jeff,1610612749,MIL,Milwaukee Bucks,22001048,2021-05-13T00:00:00,MIL @ IND,W,9.9,3.0,6.0,0.5,2.0,2.0,1.0,0.0,0.0,0.0,0.0,1.0,1.0,1.0,2.0,0.0,0.0,0.0,0.0,0.0,8.0,-8.0,8.7,0,0,12.0,1,1,11433,1,19652,10694,12753,7582,3957,11825,1,12008,12752,12008,11150,15987,17542,11678,3645,10665,7210,7735,18137,16020,11759,17520,18004,1849,143,15506,1,9:53,2020,2021
2020-21,1627854,Bryn Forbes,Bryn,1610612749,MIL,Milwaukee Bucks,22001048,2021-05-13T00:00:00,MIL @ IND,W,12.5,1.0,6.0,0.167,0.0,4.0,0.0,0.0,0.0,0.0,0.0,0.0,0.0,1.0,2.0,0.0,0.0,1.0,1.0,0.0,2.0,-1.0,1.5,0,0,3.0,1,1,11433,1,18661,16702,12753,19313,12591,6909,12591,12008,12752,12008,11150,19725,20503,11678,3645,10665,7210,2107,12223,16020,18664,11703,21554,1849,143,20717,1,12:32,2020,2021
2020-21,200782,P.J. Tucker,P.J.,1610612749,MIL,Milwaukee Bucks,22001048,2021-05-13T00:00:00,MIL @ IND,W,18.1,1.0,3.0,0.333,0.0,1.0,0.0,1.0,2.0,0.5,1.0,1.0,2.0,2.0,0.0,0.0,0.0,0.0,1.0,1.0,3.0,0.0,8.4,0,0,7.0,1,1,11433,1,15554,16702,17566,15094,12591,14655,12591,9085,6645,9461,5246,15987,14385,7995,14317,10665,7210,7735,12223,10308,17485,10797,18172,1849,143,18556,1,18:04,2020,2021
2020-21,1626192,Pat Connaughton,Pat,1610612749,MIL,Milwaukee Bucks,22001048,2021-05-13T00:00:00,MIL @ IND,W,17.3,2.0,4.0,0.5,2.0,3.0,0.667,0.0,0.0,0.0,0.0,4.0,4.0,1.0,0.0,1.0,0.0,0.0,0.0,1.0,6.0,5.0,15.3,0,0,15.0,1,1,11433,1,16107,13638,15987,7582,3957,9118,1828,12008,12752,12008,11150,6156,8731,11678,14317,4032,7210,7735,18137,10308,13920,6667,14061,1849,143,13541,1,17:16,2020,2021
2020-21,201572,Brook Lopez,Brook,1610612749,MIL,Milwaukee Bucks,22001048,2021-05-13T00:00:00,MIL @ IND,W,29.9,9.0,15.0,0.6,0.0,1.0,0.0,3.0,4.0,0.75,4.0,4.0,8.0,0.0,3.0,0.0,1.0,0.0,3.0,4.0,21.0,13.0,30.6,0,0,31.0,1,1,11433,1,6678,1450,2946,4810,12591,14655,12591,3646,3346,7245,564,6156,2498,16819,1707,10665,2271,7735,3130,2281,2727,2707,5570,1849,143,4847,1,29:51,2020,2021
2020-21,201950,Jrue Holiday,Jrue,1610612749,MIL,Milwaukee Bucks,22001048,2021-05-13T00:00:00,MIL @ IND,W,34.0,8.0,14.0,0.571,0.0,4.0,0.0,4.0,5.0,0.8,1.0,3.0,4.0,14.0,1.0,0.0,4.0,0.0,0.0,3.0,20.0,18.0,56.8,1,0,46.0,1,1,11433,1,3590,2196,3568,5826,12591,6909,12591,2293,2536,6837,5246,8835,8731,59,7632,10665,77,7735,18137,3793,3090,1368,396,1,143,1183,1,34:02,2020,2021
2020-21,203114,Khris Middleton,Khris,1610612749,MIL,Milwaukee Bucks,22001048,2021-05-13T00:00:00,MIL @ IND,W,34.0,9.0,17.0,0.529,2.0,7.0,0.286,2.0,2.0,1.0,0.0,4.0,4.0,6.0,2.0,2.0,0.0,1.0,3.0,3.0,22.0,19.0,39.8,0,0,38.0,1,1,11433,1,3646,1450,1960,7342,3957,2331,9877,5395,6645,1,11150,6156,8731,1788,3645,1208,7210,2107,3130,3793,2373,1175,2650,1849,143,2667,1,33:57,2020,2021
2020-21,203507,Giannis Antetokounmpo,Giannis,1610612749,MIL,Milwaukee Bucks,22001048,2021-05-13T00:00:00,MIL @ IND,W,35.1,14.0,18.0,0.778,1.0,1.0,1.0,11.0,16.0,0.688,3.0,12.0,15.0,6.0,1.0,1.0,0.0,0.0,1.0,9.0,40.0,1.0,69.0,1,0,64.0,1,1,11433,1,2843,114,1562,1717,7373,14655,1,105,26,8317,1214,169,201,1788,7632,4032,7210,7735,12223,96,104,9911,77,1,143,106,1,35:04,2020,2021
2020-21,1626171,Bobby Portis,Bobby,1610612749,MIL,Milwaukee Bucks,22001048,2021-05-13T00:00:00,MIL @ IND,W,17.0,5.0,6.0,0.833,2.0,2.0,1.0,0.0,0.0,0.0,0.0,4.0,4.0,1.0,0.0,0.0,0.0,0.0,1.0,0.0,12.0,-7.0,18.3,0,0,19.0,1,1,11433,1,16267,6152,12753,1305,3957,11825,1,12008,12752,12008,11150,6156,8731,11678,14317,10665,7210,7735,12223,16020,7920,16841,12126,1849,143,10964,1,17:00,2020,2021
2020-21,201952,Jeff Teague,Jeff,1610612749,MIL,Milwaukee Bucks,22001038,2021-05-11T00:00:00,MIL vs. ORL,W,8.4,3.0,5.0,0.6,0.0,0.0,0.0,0.0,0.0,0.0,1.0,0.0,1.0,0.0,1.0,1.0,0.0,0.0,0.0,0.0,6.0,-1.0,9.2,0,0,9.0,1,1,11433,1,20107,10694,14368,4810,12591,17891,12591,12008,12752,12008,5246,19725,17542,16819,7632,4032,7210,7735,18137,16020,13920,11703,17692,1849,143,17389,1,8:25,2020,2021
2020-21,1629670,Jordan Nwora,Jordan,1610612749,MIL,Milwaukee Bucks,22001038,2021-05-11T00:00:00,MIL vs. ORL,W,0.8,0.0,0.0,0.0,0.0,0.0,0.0,0.0,0.0,0.0,0.0,0.0,0.0,0.0,0.0,0.0,0.0,0.0,0.0,0.0,0.0,-2.0,0.0,0,0,0.0,1,1,11433,1,22913,19893,21894,19893,12591,17891,12591,12008,12752,12008,11150,19725,20503,16819,14317,10665,7210,7735,18137,16020,20448,12607,22167,1849,143,22207,1,0:48,2020,2021
2020-21,201572,Brook Lopez,Brook,1610612749,MIL,Milwaukee Bucks,22001038,2021-05-11T00:00:00,MIL vs. ORL,W,27.3,7.0,14.0,0.5,1.0,5.0,0.2,2.0,3.0,0.667,2.0,4.0,6.0,0.0,0.0,1.0,0.0,1.0,1.0,3.0,17.0,15.0,27.2,0,0,26.0,1,1,11433,1,8625,3206,3568,7582,7373,4922,11380,5395,5327,8322,2547,6156,4746,16819,14317,4032,7210,2107,12223,3793,4514,2093,7088,1849,143,6966,1,27:20,2020,2021
2020-21,203507,Giannis Antetokounmpo,Giannis,1610612749,MIL,Milwaukee Bucks,22001038,2021-05-11T00:00:00,MIL vs. ORL,W,32.3,11.0,18.0,0.611,0.0,3.0,0.0,5.0,8.0,0.625,2.0,10.0,12.0,5.0,2.0,3.0,0.0,1.0,5.0,5.0,27.0,14.0,55.9,1,0,50.0,1,1,11433,1,4886,575,1562,4761,12591,9118,12591,1513,763,9117,2547,470,644,2585,3645,347,7210,2107,202,1350,1108,2360,451,1,143,712,1,32:15,2020,2021
2020-21,201950,Jrue Holiday,Jrue,1610612749,MIL,Milwaukee Bucks,22001038,2021-05-11T00:00:00,MIL vs. ORL,W,34.5,5.0,15.0,0.333,1.0,4.0,0.25,4.0,4.0,1.0,3.0,1.0,4.0,2.0,0.0,2.0,0.0,0.0,1.0,3.0,15.0,11.0,28.8,0,0,26.0,1,1,11433,1,3229,6152,2946,15094,7373,6909,10244,2293,3346,1,1214,15987,8731,7995,14317,1208,7210,7735,12223,3793,5723,3454,6336,1849,143,6966,1,34:31,2020,2021
2020-21,1627854,Bryn Forbes,Bryn,1610612749,MIL,Milwaukee Bucks,22001038,2021-05-11T00:00:00,MIL vs. ORL,W,12.0,2.0,6.0,0.333,2.0,5.0,0.4,0.0,0.0,0.0,0.0,2.0,2.0,0.0,2.0,0.0,0.0,0.0,2.0,0.0,6.0,-4.0,6.4,0,0,10.0,1,1,11433,1,18878,13638,12753,15094,3957,4922,6751,12008,12752,12008,11150,12139,14385,16819,3645,10665,7210,7735,6924,16020,13920,14475,19227,1849,143,16754,1,12:02,2020,2021
2020-21,203648,Thanasis Antetokounmpo,Thanasis,1610612749,MIL,Milwaukee Bucks,22001038,2021-05-11T00:00:00,MIL vs. ORL,W,0.8,0.0,0.0,0.0,0.0,0.0,0.0,0.0,0.0,0.0,0.0,0.0,0.0,0.0,0.0,0.0,0.0,0.0,0.0,0.0,0.0,-2.0,0.0,0,0,0.0,1,1,11433,1,22913,19893,21894,19893,12591,17891,12591,12008,12752,12008,11150,19725,20503,16819,14317,10665,7210,7735,18137,16020,20448,12607,22167,1849,143,22207,1,0:48,2020,2021
2020-21,200782,P.J. Tucker,P.J.,1610612749,MIL,Milwaukee Bucks,22001038,2021-05-11T00:00:00,MIL vs. ORL,W,20.1,0.0,0.0,0.0,0.0,0.0,0.0,0.0,0.0,0.0,0.0,5.0,5.0,0.0,0.0,0.0,0.0,0.0,1.0,1.0,0.0,7.0,6.0,0,0,5.0,1,1,11433,1,14095,19893,21894,19893,12591,17891,12591,12008,12752,12008,11150,4091,6466,16819,14317,10665,7210,7735,12223,10308,20448,5432,19432,1849,143,19629,1,20:09,2020,2021
2020-21,203114,Khris Middleton,Khris,1610612749,MIL,Milwaukee Bucks,22001038,2021-05-11T00:00:00,MIL vs. ORL,W,29.5,3.0,15.0,0.2,0.0,5.0,0.0,5.0,6.0,0.833,0.0,7.0,7.0,5.0,1.0,0.0,0.0,0.0,2.0,3.0,11.0,17.0,25.9,0,0,23.0,1,1,11433,1,6938,10694,2946,18781,12591,4922,12591,1513,1600,6476,11150,1742,3435,2585,7632,10665,7210,7735,6924,3793,8773,1579,7747,1849,143,8568,1,29:32,2020,2021
2020-21,1628978,Donte DiVincenzo,Donte,1610612749,MIL,Milwaukee Bucks,22001038,2021-05-11T00:00:00,MIL vs. ORL,W,28.7,7.0,12.0,0.583,3.0,7.0,0.429,2.0,2.0,1.0,0.0,2.0,2.0,2.0,1.0,1.0,0.0,0.0,1.0,3.0,19.0,5.0,26.4,0,0,28.0,1,1,11433,1,7543,3206,5097,5615,1926,2331,6364,5395,6645,1,11150,12139,14385,7995,7632,4032,7210,7735,12223,3793,3538,6667,7501,1849,143,6101,1,28:43,2020,2021
2020-21,1626171,Bobby Portis,Bobby,1610612749,MIL,Milwaukee Bucks,22001038,2021-05-11T00:00:00,MIL vs. ORL,W,20.8,4.0,11.0,0.364,0.0,1.0,0.0,2.0,4.0,0.5,8.0,7.0,15.0,1.0,1.0,1.0,1.0,0.0,1.0,2.0,10.0,-2.0,34.5,1,0,30.0,1,1,11433,1,13621,8251,6027,14681,12591,14655,12591,5395,3346,9461,25,1742,201,11678,7632,4032,2271,7735,12223,6289,9732,12607,4172,1,143,5266,1,20:46,2020,2021
2020-21,1626192,Pat Connaughton,Pat,1610612749,MIL,Milwaukee Bucks,22001038,2021-05-11T00:00:00,MIL vs. ORL,W,24.7,1.0,5.0,0.2,1.0,3.0,0.333,0.0,0.0,0.0,1.0,8.0,9.0,1.0,1.0,1.0,0.0,0.0,1.0,0.0,3.0,2.0,17.3,0,0,16.0,1,1,11433,1,10654,16702,14368,18781,7373,9118,7875,12008,12752,12008,5246,1175,1852,11678,7632,4032,7210,7735,12223,16020,17485,8969,12783,1849,143,12891,1,24:42,2020,2021
2020-21,201950,Jrue Holiday,Jrue,1610612749,MIL,Milwaukee Bucks,22001029,2021-05-10T00:00:00,MIL @ SAS,L,30.9,9.0,14.0,0.643,2.0,5.0,0.4,0.0,0.0,0.0,1.0,1.0,2.0,6.0,2.0,0.0,0.0,0.0,1.0,1.0,20.0,-12.0,29.4,0,0,30.0,1,11623,1,11623,5875,1450,3568,4072,3957,4922,6751,12008,12752,12008,5246,15987,14385,1788,3645,10665,7210,7735,12223,10308,3090,19709,6086,1849,143,5266,1,30:55,2020,2021
2020-21,203114,Khris Middleton,Khris,1610612749,MIL,Milwaukee Bucks,22001029,2021-05-10T00:00:00,MIL @ SAS,L,32.4,10.0,15.0,0.667,2.0,7.0,0.286,1.0,1.0,1.0,2.0,5.0,7.0,5.0,3.0,0.0,0.0,0.0,2.0,2.0,23.0,-14.0,35.9,0,0,37.0,1,11623,1,11623,4756,935,2946,2900,3957,2331,9877,9085,11390,1,2547,4091,3435,2585,1707,10665,7210,7735,6924,6289,2060,20507,3739,1849,143,2922,1,32:25,2020,2021
2020-21,201572,Brook Lopez,Brook,1610612749,MIL,Milwaukee Bucks,22001029,2021-05-10T00:00:00,MIL @ SAS,L,22.7,4.0,10.0,0.4,1.0,5.0,0.2,3.0,4.0,0.75,2.0,1.0,3.0,0.0,0.0,0.0,2.0,0.0,0.0,2.0,12.0,-11.0,21.6,0,0,20.0,1,11623,1,11623,12193,8251,7133,12966,7373,4922,11380,3646,3346,7245,2547,15987,11352,16819,14317,10665,697,7735,18137,6289,7920,19248,10104,1849,143,10341,1,22:41,2020,2021
2020-21,1629670,Jordan Nwora,Jordan,1610612749,MIL,Milwaukee Bucks,22001029,2021-05-10T00:00:00,MIL @ SAS,L,4.8,0.0,2.0,0.0,0.0,1.0,0.0,0.0,0.0,0.0,0.0,1.0,1.0,0.0,1.0,1.0,0.0,1.0,0.0,0.0,0.0,3.0,3.2,0,0,3.0,1,11623,1,11623,21263,19893,19102,19893,12591,14655,12591,12008,12752,12008,11150,15987,17542,16819,7632,4032,7210,2107,18137,16020,20448,8138,20731,1849,143,20717,1,4:46,2020,2021
2020-21,203648,Thanasis Antetokounmpo,Thanasis,1610612749,MIL,Milwaukee Bucks,22001029,2021-05-10T00:00:00,MIL @ SAS,L,7.0,0.0,1.0,0.0,0.0,0.0,0.0,3.0,4.0,0.75,0.0,0.0,0.0,0.0,0.0,2.0,0.0,0.0,0.0,2.0,3.0,2.0,9.0,0,0,7.0,1,11623,1,11623,20490,19893,20551,19893,12591,17891,12591,3646,3346,7245,11150,19725,20503,16819,14317,1208,7210,7735,18137,6289,17485,8969,17831,1849,143,18556,1,6:60,2020,2021
2020-21,201952,Jeff Teague,Jeff,1610612749,MIL,Milwaukee Bucks,22001029,2021-05-10T00:00:00,MIL @ SAS,L,6.6,0.0,3.0,0.0,0.0,1.0,0.0,0.0,0.0,0.0,0.0,0.0,0.0,1.0,1.0,0.0,1.0,0.0,0.0,0.0,0.0,2.0,3.5,0,0,3.0,1,11623,1,11623,20599,19893,17566,19893,12591,14655,12591,12008,12752,12008,11150,19725,20503,11678,7632,10665,2271,7735,18137,16020,20448,8969,20631,1849,143,20717,1,6:37,2020,2021
2020-21,203507,Giannis Antetokounmpo,Giannis,1610612749,MIL,Milwaukee Bucks,22001029,2021-05-10T00:00:00,MIL @ SAS,L,29.3,11.0,16.0,0.688,0.0,2.0,0.0,6.0,7.0,0.857,0.0,3.0,3.0,4.0,0.0,0.0,0.0,0.0,4.0,5.0,28.0,-22.0,37.6,0,0,35.0,1,11623,1,11623,7096,575,2412,2869,12591,11825,12591,990,1176,6327,11150,8835,11352,3751,14317,10665,7210,7735,1059,1350,931,22369,3237,1849,143,3483,1,29:20,2020,2021
2020-21,1630241,Sam Merrill,Sam,1610612749,MIL,Milwaukee Bucks,22001029,2021-05-10T00:00:00,MIL @ SAS,L,4.8,1.0,1.0,1.0,1.0,1.0,1.0,0.0,0.0,0.0,0.0,0.0,0.0,0.0,0.0,0.0,0.0,0.0,0.0,0.0,3.0,3.0,3.0,0,0,4.0,1,11623,1,11623,21263,16702,20551,1,7373,14655,1,12008,12752,12008,11150,19725,20503,16819,14317,10665,7210,7735,18137,16020,17485,8138,20875,1849,143,20179,1,4:46,2020,2021
2020-21,1627854,Bryn Forbes,Bryn,1610612749,MIL,Milwaukee Bucks,22001029,2021-05-10T00:00:00,MIL @ SAS,L,21.3,2.0,4.0,0.5,2.0,3.0,0.667,2.0,3.0,0.667,0.0,1.0,1.0,2.0,0.0,1.0,1.0,0.0,2.0,1.0,8.0,-10.0,18.2,0,0,17.0,1,11623,1,11623,13257,13638,15987,7582,3957,9118,1828,5395,5327,8322,11150,15987,17542,7995,14317,4032,2271,7735,6924,10308,11759,18716,12184,1849,143,12215,1,21:15,2020,2021
2020-21,1626192,Pat Connaughton,Pat,1610612749,MIL,Milwaukee Bucks,22001029,2021-05-10T00:00:00,MIL @ SAS,L,17.7,0.0,4.0,0.0,0.0,3.0,0.0,0.0,0.0,0.0,1.0,5.0,6.0,1.0,0.0,1.0,0.0,0.0,2.0,0.0,0.0,-3.0,11.7,0,0,9.0,1,11623,1,11623,15818,19893,15987,19893,12591,9118,12591,12008,12752,12008,5246,4091,4746,11678,14317,4032,7210,7735,6924,16020,20448,13536,16251,1849,143,17389,1,17:41,2020,2021
2020-21,200782,P.J. Tucker,P.J.,1610612749,MIL,Milwaukee Bucks,22001029,2021-05-10T00:00:00,MIL @ SAS,L,20.5,1.0,4.0,0.25,1.0,3.0,0.333,0.0,0.0,0.0,0.0,0.0,0.0,1.0,0.0,0.0,0.0,1.0,0.0,1.0,3.0,-14.0,4.5,0,0,5.0,1,11623,1,11623,13842,16702,15987,17720,7373,9118,7875,12008,12752,12008,11150,19725,20503,11678,14317,10665,7210,2107,18137,10308,17485,20507,20142,1849,143,19629,1,20:30,2020,2021
2020-21,1628978,Donte DiVincenzo,Donte,1610612749,MIL,Milwaukee Bucks,22001029,2021-05-10T00:00:00,MIL @ SAS,L,25.8,4.0,9.0,0.444,3.0,8.0,0.375,1.0,2.0,0.5,0.0,6.0,6.0,6.0,0.0,0.0,1.0,0.0,1.0,1.0,12.0,-20.0,31.2,0,0,29.0,1,11623,1,11623,9820,8251,8309,11399,1926,1505,7570,9085,6645,9461,11150,2732,4746,1788,14317,10665,2271,7735,12223,10308,7920,22072,5345,1849,143,5681,1,25:47,2020,2021
2020-21,1626171,Bobby Portis,Bobby,1610612749,MIL,Milwaukee Bucks,22001029,2021-05-10T00:00:00,MIL @ SAS,L,16.3,5.0,11.0,0.455,1.0,2.0,0.5,2.0,2.0,1.0,2.0,3.0,5.0,0.0,0.0,1.0,1.0,3.0,1.0,1.0,13.0,-9.0,25.0,0,0,23.0,1,11623,1,11623,16719,6152,6027,11074,7373,11825,3573,5395,6645,1,2547,8835,6466,16819,14317,4032,2271,122,12223,10308,7127,18135,8204,1849,143,8568,1,16:18,2020,2021
2020-21,200782,P.J. Tucker,P.J.,1610612749,MIL,Milwaukee Bucks,22001006,2021-05-07T00:00:00,MIL vs. HOU,W,18.7,1.0,2.0,0.5,1.0,2.0,0.5,0.0,0.0,0.0,1.0,1.0,2.0,3.0,1.0,0.0,0.0,0.0,2.0,2.0,3.0,3.0,8.9,0,0,9.0,1,1,11433,1,15111,16702,19102,7582,7373,11825,3573,12008,12752,12008,5246,15987,14385,5509,7632,10665,7210,7735,6924,6289,17485,8138,17894,1849,143,17389,1,18:44,2020,2021
2020-21,201952,Jeff Teague,Jeff,1610612749,MIL,Milwaukee Bucks,22001006,2021-05-07T00:00:00,MIL vs. HOU,W,8.1,1.0,1.0,1.0,0.0,0.0,0.0,0.0,0.0,0.0,0.0,0.0,0.0,1.0,3.0,1.0,0.0,0.0,0.0,0.0,2.0,-1.0,3.5,0,0,5.0,1,1,11433,1,20197,16702,20551,1,12591,17891,12591,12008,12752,12008,11150,19725,20503,11678,1707,4032,7210,7735,18137,16020,18664,11703,20631,1849,143,19629,1,8:03,2020,2021
2020-21,201950,Jrue Holiday,Jrue,1610612749,MIL,Milwaukee Bucks,22001006,2021-05-07T00:00:00,MIL vs. HOU,W,33.9,7.0,17.0,0.412,4.0,9.0,0.444,2.0,2.0,1.0,1.0,3.0,4.0,8.0,3.0,2.0,2.0,2.0,2.0,1.0,20.0,17.0,45.8,0,0,44.0,1,1,11433,1,3717,3206,1960,12852,910,930,6201,5395,6645,1,5246,8835,8731,803,1707,1208,697,534,6924,10308,3090,1579,1492,1849,143,1463,1,33:52,2020,2021
2020-21,1626171,Bobby Portis,Bobby,1610612749,MIL,Milwaukee Bucks,22001006,2021-05-07T00:00:00,MIL vs. HOU,W,15.1,7.0,14.0,0.5,1.0,2.0,0.5,1.0,2.0,0.5,5.0,3.0,8.0,1.0,2.0,0.0,0.0,2.0,0.0,2.0,16.0,-13.0,25.1,0,0,26.0,1,1,11433,1,17430,3206,3568,7582,7373,11825,3573,9085,6645,9461,296,8835,2498,11678,3645,10665,7210,534,18137,6289,5102,20143,8146,1849,143,6966,1,15:05,2020,2021
2020-21,203114,Khris Middleton,Khris,1610612749,MIL,Milwaukee Bucks,22001006,2021-05-07T00:00:00,MIL vs. HOU,W,32.2,6.0,15.0,0.4,4.0,8.0,0.5,7.0,7.0,1.0,0.0,2.0,2.0,3.0,1.0,0.0,0.0,0.0,0.0,4.0,23.0,14.0,28.9,0,0,32.0,1,1,11433,1,4905,4526,2946,12966,910,1505,3573,650,1176,1,11150,12139,14385,5509,7632,10665,7210,7735,18137,2281,2060,2360,6298,1849,143,4492,1,32:14,2020,2021
2020-21,1626192,Pat Connaughton,Pat,1610612749,MIL,Milwaukee Bucks,22001006,2021-05-07T00:00:00,MIL vs. HOU,W,27.7,3.0,8.0,0.375,1.0,6.0,0.167,0.0,0.0,0.0,1.0,8.0,9.0,2.0,1.0,0.0,0.0,0.0,0.0,1.0,7.0,1.0,19.8,0,0,19.0,1,1,11433,1,8330,10694,9686,14155,7373,3460,12017,12008,12752,12008,5246,1175,1852,7995,7632,10665,7210,7735,18137,10308,12975,9911,11215,1849,143,10964,1,27:44,2020,2021
2020-21,203507,Giannis Antetokounmpo,Giannis,1610612749,MIL,Milwaukee Bucks,22001006,2021-05-07T00:00:00,MIL vs. HOU,W,28.6,8.0,11.0,0.727,0.0,3.0,0.0,1.0,2.0,0.5,0.0,11.0,11.0,7.0,1.0,2.0,1.0,0.0,3.0,5.0,17.0,5.0,48.7,1,0,41.0,1,1,11433,1,7660,2196,6027,2334,12591,9118,12591,9085,6645,9461,11150,284,897,1198,7632,1208,2271,7735,3130,1350,4514,6667,1083,1,143,1987,1,28:34,2020,2021
2020-21,201572,Brook Lopez,Brook,1610612749,MIL,Milwaukee Bucks,22001006,2021-05-07T00:00:00,MIL vs. HOU,W,24.4,7.0,8.0,0.875,1.0,2.0,0.5,9.0,10.0,0.9,3.0,4.0,7.0,1.0,1.0,0.0,2.0,0.0,3.0,5.0,24.0,20.0,38.9,0,0,37.0,1,1,11433,1,10852,3206,9686,1164,7373,11825,3573,264,360,6064,1214,6156,3435,11678,7632,10665,697,7735,3130,1350,1773,998,2879,1849,143,2922,1,24:25,2020,2021
2020-21,1628978,Donte DiVincenzo,Donte,1610612749,MIL,Milwaukee Bucks,22001006,2021-05-07T00:00:00,MIL vs. HOU,W,33.5,7.0,14.0,0.5,4.0,10.0,0.4,0.0,0.0,0.0,2.0,5.0,7.0,4.0,3.0,2.0,0.0,1.0,3.0,1.0,18.0,0.0,35.4,0,0,37.0,1,1,11433,1,3981,3206,3568,7582,910,556,6751,12008,12752,12008,2547,4091,3435,3751,1707,1208,7210,2107,3130,10308,3974,10797,3881,1849,143,2922,1,33:32,2020,2021
2020-21,1627854,Bryn Forbes,Bryn,1610612749,MIL,Milwaukee Bucks,22001006,2021-05-07T00:00:00,MIL vs. HOU,W,17.8,4.0,5.0,0.8,3.0,4.0,0.75,0.0,0.0,0.0,0.0,3.0,3.0,0.0,1.0,1.0,0.0,0.0,1.0,0.0,11.0,-6.0,16.6,0,0,19.0,1,1,11433,1,15743,8251,14368,1469,1926,6909,1455,12008,12752,12008,11150,8835,11352,16819,7632,4032,7210,7735,12223,16020,8773,16140,13226,1849,143,10964,1,17:47,2020,2021
2020-21,1627854,Bryn Forbes,Bryn,1610612749,MIL,Milwaukee Bucks,22000235,2021-05-05T00:00:00,MIL vs. WAS,W,25.9,6.0,10.0,0.6,2.0,5.0,0.4,0.0,0.0,0.0,0.0,4.0,4.0,3.0,0.0,0.0,0.0,0.0,3.0,0.0,14.0,0.0,23.3,0,0,23.0,1,1,11433,1,9705,4526,7133,4810,3957,4922,6751,12008,12752,12008,11150,6156,8731,5509,14317,10665,7210,7735,3130,16020,6406,10797,9107,1849,143,8568,1,25:55,2020,2021
2020-21,200782,P.J. Tucker,P.J.,1610612749,MIL,Milwaukee Bucks,22000235,2021-05-05T00:00:00,MIL vs. WAS,W,20.5,0.0,1.0,0.0,0.0,1.0,0.0,0.0,0.0,0.0,0.0,1.0,1.0,0.0,2.0,1.0,0.0,0.0,3.0,1.0,0.0,-1.0,2.2,0,0,3.0,1,1,11433,1,13867,19893,20551,19893,12591,14655,12591,12008,12752,12008,11150,15987,17542,16819,3645,4032,7210,7735,3130,10308,20448,11703,21279,1849,143,20717,1,20:27,2020,2021
2020-21,201952,Jeff Teague,Jeff,1610612749,MIL,Milwaukee Bucks,22000235,2021-05-05T00:00:00,MIL vs. WAS,W,22.7,4.0,6.0,0.667,1.0,2.0,0.5,2.0,3.0,0.667,1.0,1.0,2.0,4.0,1.0,1.0,0.0,0.0,2.0,3.0,11.0,14.0,21.4,0,0,20.0,1,1,11433,1,12182,8251,12753,2900,7373,11825,3573,5395,5327,8322,5246,15987,14385,3751,7632,4032,7210,7735,6924,3793,8773,2360,10219,1849,143,10341,1,22:42,2020,2021
2020-21,203507,Giannis Antetokounmpo,Giannis,1610612749,MIL,Milwaukee Bucks,22000235,2021-05-05T00:00:00,MIL vs. WAS,W,29.7,8.0,15.0,0.533,0.0,2.0,0.0,7.0,8.0,0.875,2.0,7.0,9.0,8.0,6.0,0.0,2.0,1.0,6.0,7.0,23.0,-1.0,45.8,0,0,44.0,1,1,11433,1,6831,2196,2946,7229,12591,11825,12591,650,763,6179,2547,1742,1852,803,133,10665,697,2107,1,439,2060,11703,1492,1849,143,1463,1,29:40,2020,2021
2020-21,1626192,Pat Connaughton,Pat,1610612749,MIL,Milwaukee Bucks,22000235,2021-05-05T00:00:00,MIL vs. WAS,W,31.6,6.0,10.0,0.6,4.0,8.0,0.5,0.0,0.0,0.0,2.0,4.0,6.0,3.0,1.0,0.0,1.0,0.0,2.0,1.0,16.0,7.0,29.7,0,0,31.0,1,1,11433,1,5395,4526,7133,4810,910,1505,3573,12008,12752,12008,2547,6156,4746,5509,7632,10665,2271,7735,6924,10308,5102,5432,5977,1849,143,4847,1,31:33,2020,2021
2020-21,201950,Jrue Holiday,Jrue,1610612749,MIL,Milwaukee Bucks,22000235,2021-05-05T00:00:00,MIL vs. WAS,W,31.6,10.0,20.0,0.5,4.0,8.0,0.5,5.0,7.0,0.714,0.0,5.0,5.0,6.0,5.0,0.0,1.0,2.0,2.0,5.0,29.0,-3.0,42.0,0,0,46.0,1,1,11433,1,5369,935,933,7582,910,1505,3573,1513,1176,8162,11150,4091,6466,1788,321,10665,2271,534,6924,1350,787,13536,2171,1849,143,1183,1,31:35,2020,2021
2020-21,1626171,Bobby Portis,Bobby,1610612749,MIL,Milwaukee Bucks,22000235,2021-05-05T00:00:00,MIL vs. WAS,W,16.2,4.0,10.0,0.4,1.0,3.0,0.333,0.0,0.0,0.0,2.0,4.0,6.0,0.0,0.0,1.0,0.0,1.0,0.0,0.0,9.0,-6.0,19.2,0,0,18.0,1,1,11433,1,16789,8251,7133,12966,7373,9118,7875,12008,12752,12008,2547,6156,4746,16819,14317,4032,7210,2107,18137,16020,10740,16140,11562,1849,143,11539,1,16:11,2020,2021
2020-21,203648,Thanasis Antetokounmpo,Thanasis,1610612749,MIL,Milwaukee Bucks,22000235,2021-05-05T00:00:00,MIL vs. WAS,W,15.5,0.0,2.0,0.0,0.0,0.0,0.0,3.0,4.0,0.75,0.0,1.0,1.0,1.0,1.0,0.0,0.0,1.0,2.0,3.0,3.0,4.0,4.7,0,0,5.0,1,1,11433,1,17179,19893,19102,19893,12591,17891,12591,3646,3346,7245,11150,15987,17542,11678,7632,10665,7210,2107,6924,3793,17485,7366,20053,1849,143,19629,1,15:31,2020,2021
2020-21,1628978,Donte DiVincenzo,Donte,1610612749,MIL,Milwaukee Bucks,22000235,2021-05-05T00:00:00,MIL vs. WAS,W,20.2,6.0,8.0,0.75,5.0,7.0,0.714,2.0,3.0,0.667,1.0,2.0,3.0,4.0,2.0,1.0,0.0,0.0,6.0,1.0,19.0,-7.0,29.6,0,0,33.0,1,1,11433,1,14065,4526,9686,1826,414,2331,1734,5395,5327,8322,5246,12139,11352,3751,3645,4032,7210,7735,1,10308,3538,16841,6011,1849,143,4133,1,20:10,2020,2021
2020-21,201572,Brook Lopez,Brook,1610612749,MIL,Milwaukee Bucks,22000235,2021-05-05T00:00:00,MIL vs. WAS,W,26.3,4.0,7.0,0.571,1.0,1.0,1.0,2.0,3.0,0.667,2.0,6.0,8.0,1.0,1.0,0.0,2.0,1.0,5.0,2.0,11.0,-2.0,27.1,0,0,25.0,1,1,11433,1,9423,8251,11165,5826,7373,14655,1,5395,5327,8322,2547,2732,2498,11678,7632,10665,697,2107,202,6289,8773,12607,7141,1849,143,7461,1,26:16,2020,2021
2020-21,1628978,Donte DiVincenzo,Donte,1610612749,MIL,Milwaukee Bucks,22000985,2021-05-04T00:00:00,MIL vs. BKN,W,29.2,5.0,10.0,0.5,0.0,3.0,0.0,0.0,1.0,0.0,6.0,9.0,15.0,2.0,1.0,0.0,0.0,0.0,3.0,1.0,10.0,2.0,30.0,1,0,27.0,1,1,11433,1,7195,6152,7133,7582,12591,9118,12591,12008,11390,12008,133,746,201,7995,7632,10665,7210,7735,3130,10308,9732,8969,5838,1,143,6522,1,29:11,2020,2021
2020-21,201950,Jrue Holiday,Jrue,1610612749,MIL,Milwaukee Bucks,22000985,2021-05-04T00:00:00,MIL vs. BKN,W,36.2,8.0,13.0,0.615,4.0,6.0,0.667,3.0,4.0,0.75,2.0,6.0,8.0,10.0,2.0,1.0,1.0,0.0,2.0,3.0,23.0,5.0,51.6,1,0,49.0,1,1,11433,1,2121,2196,4300,4658,910,3460,1828,3646,3346,7245,2547,2732,2498,345,3645,4032,2271,7735,6924,3793,2060,6667,778,1,143,808,1,36:11,2020,2021
2020-21,203507,Giannis Antetokounmpo,Giannis,1610612749,MIL,Milwaukee Bucks,22000985,2021-05-04T00:00:00,MIL vs. BKN,W,37.4,11.0,30.0,0.367,4.0,12.0,0.333,10.0,12.0,0.833,2.0,10.0,12.0,4.0,5.0,1.0,0.0,2.0,3.0,11.0,36.0,8.0,54.4,1,0,58.0,1,1,11433,1,1374,575,31,14680,910,173,7875,161,170,6476,2547,470,644,3751,321,4032,7210,534,3130,23,219,4875,554,1,143,240,1,37:26,2020,2021
2020-21,203114,Khris Middleton,Khris,1610612749,MIL,Milwaukee Bucks,22000985,2021-05-04T00:00:00,MIL vs. BKN,W,36.2,9.0,18.0,0.5,1.0,3.0,0.333,4.0,4.0,1.0,1.0,6.0,7.0,4.0,2.0,2.0,0.0,1.0,2.0,6.0,23.0,6.0,41.4,0,0,39.0,1,1,11433,1,2084,1450,1562,7582,7373,9118,7875,2293,3346,1,5246,2732,3435,3751,3645,1208,7210,2107,6924,795,2060,6032,2304,1849,143,2395,1,36:14,2020,2021
2020-21,1627854,Bryn Forbes,Bryn,1610612749,MIL,Milwaukee Bucks,22000985,2021-05-04T00:00:00,MIL vs. BKN,W,26.7,5.0,10.0,0.5,4.0,7.0,0.571,0.0,0.0,0.0,0.0,1.0,1.0,1.0,1.0,0.0,0.0,2.0,1.0,0.0,14.0,20.0,15.7,0,0,20.0,1,1,11433,1,9129,6152,7133,7582,910,2331,3225,12008,12752,12008,11150,15987,17542,11678,7632,10665,7210,534,12223,16020,6406,998,13795,1849,143,10341,1,26:41,2020,2021
2020-21,1626192,Pat Connaughton,Pat,1610612749,MIL,Milwaukee Bucks,22000985,2021-05-04T00:00:00,MIL vs. BKN,W,13.7,0.0,1.0,0.0,0.0,1.0,0.0,2.0,2.0,1.0,0.0,3.0,3.0,0.0,0.0,0.0,0.0,0.0,2.0,1.0,2.0,-4.0,5.6,0,0,5.0,1,1,11433,1,18155,19893,20551,19893,12591,14655,12591,5395,6645,1,11150,8835,11352,16819,14317,10665,7210,7735,6924,10308,18664,14475,19646,1849,143,19629,1,13:40,2020,2021
2020-21,203648,Thanasis Antetokounmpo,Thanasis,1610612749,MIL,Milwaukee Bucks,22000985,2021-05-04T00:00:00,MIL vs. BKN,W,0.1,0.0,0.0,0.0,0.0,0.0,0.0,0.0,0.0,0.0,0.0,0.0,0.0,0.0,0.0,0.0,0.0,0.0,0.0,0.0,0.0,-1.0,0.0,0,0,0.0,1,1,11433,1,23046,19893,21894,19893,12591,17891,12591,12008,12752,12008,11150,19725,20503,16819,14317,10665,7210,7735,18137,16020,20448,11703,22167,1849,143,22207,1,0:04,2020,2021
2020-21,201572,Brook Lopez,Brook,1610612749,MIL,Milwaukee Bucks,22000985,2021-05-04T00:00:00,MIL vs. BKN,W,24.2,3.0,8.0,0.375,0.0,1.0,0.0,2.0,2.0,1.0,2.0,0.0,2.0,0.0,0.0,1.0,1.0,1.0,3.0,2.0,8.0,10.0,16.4,0,0,14.0,1,1,11433,1,11056,10694,9686,14155,12591,14655,12591,5395,6645,1,2547,19725,14385,16819,14317,4032,2271,2107,3130,6289,11759,3883,13350,1849,143,14223,1,24:09,2020,2021
2020-21,200782,P.J. Tucker,P.J.,1610612749,MIL,Milwaukee Bucks,22000985,2021-05-04T00:00:00,MIL vs. BKN,W,20.2,1.0,2.0,0.5,1.0,2.0,0.5,0.0,0.0,0.0,2.0,1.0,3.0,2.0,0.0,1.0,0.0,0.0,4.0,0.0,3.0,-9.0,12.6,0,0,11.0,1,1,11433,1,14081,16702,19102,7582,7373,11825,3573,12008,12752,12008,2547,15987,11352,7995,14317,4032,7210,7735,1059,16020,17485,18135,15734,1849,143,16119,1,20:09,2020,2021
2020-21,1626171,Bobby Portis,Bobby,1610612749,MIL,Milwaukee Bucks,22000985,2021-05-04T00:00:00,MIL vs. BKN,W,16.3,2.0,6.0,0.333,0.0,2.0,0.0,1.0,2.0,0.5,0.0,4.0,4.0,0.0,1.0,1.0,1.0,0.0,1.0,1.0,5.0,-7.0,14.8,0,0,13.0,1,1,11433,1,16745,13638,12753,15094,12591,11825,12591,9085,6645,9461,11150,6156,8731,16819,7632,4032,2271,7735,12223,10308,15263,16841,14356,1849,143,14865,1,16:15,2020,2021
2020-21,1628978,Donte DiVincenzo,Donte,1610612749,MIL,Milwaukee Bucks,22000967,2021-05-02T00:00:00,MIL vs. BKN,W,30.2,0.0,5.0,0.0,0.0,2.0,0.0,0.0,0.0,0.0,0.0,8.0,8.0,1.0,0.0,0.0,1.0,0.0,2.0,0.0,0.0,9.0,14.1,0,0,11.0,1,1,11433,1,6452,19893,14368,19893,12591,11825,12591,12008,12752,12008,11150,1175,2498,11678,14317,10665,2271,7735,6924,16020,20448,4365,14775,1849,143,16119,1,30:10,2020,2021
2020-21,1626192,Pat Connaughton,Pat,1610612749,MIL,Milwaukee Bucks,22000967,2021-05-02T00:00:00,MIL vs. BKN,W,23.5,1.0,2.0,0.5,1.0,2.0,0.5,0.0,0.0,0.0,0.0,2.0,2.0,2.0,1.0,3.0,1.0,0.0,1.0,0.0,3.0,1.0,19.4,0,0,16.0,1,1,11433,1,11553,16702,19102,7582,7373,11825,3573,12008,12752,12008,11150,12139,14385,7995,7632,347,2271,7735,12223,16020,17485,9911,11446,1849,143,12891,1,23:30,2020,2021
2020-21,200782,P.J. Tucker,P.J.,1610612749,MIL,Milwaukee Bucks,22000967,2021-05-02T00:00:00,MIL vs. BKN,W,23.4,1.0,1.0,1.0,1.0,1.0,1.0,0.0,0.0,0.0,2.0,0.0,2.0,2.0,1.0,1.0,0.0,0.0,5.0,1.0,3.0,-7.0,10.4,0,0,10.0,1,1,11433,1,11666,16702,20551,1,7373,14655,1,12008,12752,12008,2547,19725,14385,7995,7632,4032,7210,7735,202,10308,17485,16841,17007,1849,143,16754,1,23:22,2020,2021
2020-21,203507,Giannis Antetokounmpo,Giannis,1610612749,MIL,Milwaukee Bucks,22000967,2021-05-02T00:00:00,MIL vs. BKN,W,35.7,21.0,36.0,0.583,4.0,8.0,0.5,3.0,6.0,0.5,1.0,7.0,8.0,4.0,1.0,1.0,3.0,1.0,2.0,5.0,49.0,5.0,75.6,0,0,73.0,1,1,11433,1,2460,1,4,5615,910,1505,3573,3646,1600,9461,5246,1742,2498,3751,7632,4032,231,2107,6924,1350,15,6667,23,1849,143,22,1,35:41,2020,2021
2020-21,203114,Khris Middleton,Khris,1610612749,MIL,Milwaukee Bucks,22000967,2021-05-02T00:00:00,MIL vs. BKN,W,36.1,11.0,21.0,0.524,3.0,7.0,0.429,1.0,1.0,1.0,1.0,10.0,11.0,6.0,0.0,2.0,0.0,0.0,4.0,2.0,26.0,12.0,54.2,1,0,50.0,1,1,11433,1,2165,575,691,7494,1926,2331,6364,9085,11390,1,5246,470,897,1788,14317,1208,7210,7735,1059,6289,1304,3055,568,1,143,712,1,36:07,2020,2021
2020-21,201950,Jrue Holiday,Jrue,1610612749,MIL,Milwaukee Bucks,22000967,2021-05-02T00:00:00,MIL vs. BKN,W,36.2,7.0,16.0,0.438,3.0,8.0,0.375,1.0,4.0,0.25,2.0,3.0,5.0,4.0,4.0,1.0,1.0,0.0,2.0,2.0,18.0,-4.0,32.0,0,0,34.0,1,1,11433,1,2133,3206,2412,11830,1926,1505,7570,9085,3346,11895,2547,8835,6466,3751,764,4032,2271,7735,6924,6289,3974,14475,5051,1849,143,3790,1,36:10,2020,2021
2020-21,201572,Brook Lopez,Brook,1610612749,MIL,Milwaukee Bucks,22000967,2021-05-02T00:00:00,MIL vs. BKN,W,25.5,2.0,7.0,0.286,0.0,3.0,0.0,0.0,0.0,0.0,2.0,4.0,6.0,0.0,2.0,1.0,5.0,0.0,2.0,1.0,4.0,-2.0,27.2,0,0,22.0,1,1,11433,1,10090,13638,11165,17105,12591,9118,12591,12008,12752,12008,2547,6156,4746,16819,3645,4032,29,7735,6924,10308,16353,12607,7088,1849,143,9111,1,25:28,2020,2021
2020-21,1627854,Bryn Forbes,Bryn,1610612749,MIL,Milwaukee Bucks,22000967,2021-05-02T00:00:00,MIL vs. BKN,W,18.8,4.0,7.0,0.571,3.0,5.0,0.6,1.0,1.0,1.0,0.0,1.0,1.0,0.0,0.0,0.0,0.0,0.0,0.0,0.0,12.0,-3.0,13.2,0,0,16.0,1,1,11433,1,15045,8251,11165,5826,1926,4922,2762,9085,11390,1,11150,15987,17542,16819,14317,10665,7210,7735,18137,16020,7920,13536,15339,1849,143,12891,1,18:50,2020,2021
2020-21,201952,Jeff Teague,Jeff,1610612749,MIL,Milwaukee Bucks,22000967,2021-05-02T00:00:00,MIL vs. BKN,W,10.7,1.0,3.0,0.333,0.0,1.0,0.0,0.0,0.0,0.0,0.0,2.0,2.0,0.0,1.0,0.0,0.0,0.0,0.0,0.0,2.0,4.0,3.4,0,0,4.0,1,1,11433,1,19395,16702,17566,15094,12591,14655,12591,12008,12752,12008,11150,12139,14385,16819,7632,10665,7210,7735,18137,16020,18664,7366,20681,1849,143,20179,1,10:42,2020,2021
2020-21,1627854,Bryn Forbes,Bryn,1610612749,MIL,Milwaukee Bucks,22000954,2021-04-30T00:00:00,MIL @ CHI,W,26.6,4.0,9.0,0.444,2.0,4.0,0.5,0.0,0.0,0.0,1.0,12.0,13.0,1.0,0.0,1.0,0.0,0.0,2.0,0.0,10.0,21.0,30.1,1,0,28.0,1,1,11433,1,9190,8251,8309,11399,3957,6909,3573,12008,12752,12008,5246,169,466,11678,14317,4032,7210,7735,6924,16020,9732,844,5787,1,143,6101,1,26:36,2020,2021
2020-21,201950,Jrue Holiday,Jrue,1610612749,MIL,Milwaukee Bucks,22000954,2021-04-30T00:00:00,MIL @ CHI,W,29.8,7.0,17.0,0.412,1.0,5.0,0.2,1.0,2.0,0.5,1.0,1.0,2.0,7.0,4.0,1.0,0.0,2.0,2.0,1.0,16.0,31.0,27.9,0,0,28.0,1,1,11433,1,6727,3206,1960,12852,7373,4922,11380,9085,6645,9461,5246,15987,14385,1198,764,4032,7210,534,6924,10308,5102,110,6740,1849,143,6101,1,29:48,2020,2021
2020-21,201952,Jeff Teague,Jeff,1610612749,MIL,Milwaukee Bucks,22000954,2021-04-30T00:00:00,MIL @ CHI,W,23.1,3.0,5.0,0.6,0.0,0.0,0.0,5.0,5.0,1.0,0.0,0.0,0.0,4.0,2.0,0.0,0.0,0.0,0.0,3.0,11.0,-15.0,15.0,0,0,15.0,1,1,11433,1,11889,10694,14368,4810,12591,17891,12591,1513,2536,1,11150,19725,20503,3751,3645,10665,7210,7735,18137,3793,8773,20857,14235,1849,143,13541,1,23:06,2020,2021
2020-21,203648,Thanasis Antetokounmpo,Thanasis,1610612749,MIL,Milwaukee Bucks,22000954,2021-04-30T00:00:00,MIL @ CHI,W,13.1,1.0,2.0,0.5,0.0,1.0,0.0,1.0,2.0,0.5,1.0,2.0,3.0,1.0,1.0,0.0,0.0,0.0,3.0,1.0,3.0,3.0,7.1,0,0,7.0,1,1,11433,1,18444,16702,19102,7582,12591,14655,12591,9085,6645,9461,5246,12139,11352,11678,7632,10665,7210,7735,3130,10308,17485,8138,18891,1849,143,18556,1,13:03,2020,2021
2020-21,201572,Brook Lopez,Brook,1610612749,MIL,Milwaukee Bucks,22000954,2021-04-30T00:00:00,MIL @ CHI,W,34.0,9.0,15.0,0.6,0.0,1.0,0.0,4.0,5.0,0.8,1.0,1.0,2.0,3.0,1.0,0.0,4.0,1.0,3.0,4.0,22.0,30.0,39.9,0,0,35.0,1,1,11433,1,3648,1450,2946,4810,12591,14655,12591,2293,2536,6837,5246,15987,14385,5509,7632,10665,77,2107,3130,2281,2373,141,2627,1849,143,3483,1,33:57,2020,2021
2020-21,1626171,Bobby Portis,Bobby,1610612749,MIL,Milwaukee Bucks,22000954,2021-04-30T00:00:00,MIL @ CHI,W,28.4,7.0,10.0,0.7,1.0,2.0,0.5,1.0,2.0,0.5,2.0,12.0,14.0,1.0,0.0,2.0,1.0,0.0,5.0,2.0,16.0,-9.0,43.3,1,0,38.0,1,1,11433,1,7808,3206,7133,2696,7373,11825,3573,9085,6645,9461,2547,169,317,11678,14317,1208,2271,7735,202,6289,5102,18135,1895,1,143,2667,1,28:24,2020,2021
2020-21,203114,Khris Middleton,Khris,1610612749,MIL,Milwaukee Bucks,22000954,2021-04-30T00:00:00,MIL @ CHI,W,33.0,8.0,24.0,0.333,3.0,8.0,0.375,3.0,3.0,1.0,0.0,8.0,8.0,6.0,2.0,0.0,0.0,1.0,1.0,4.0,22.0,5.0,38.6,0,0,39.0,1,1,11433,1,4317,2196,273,15094,1926,1505,7570,3646,5327,1,11150,1175,2498,1788,3645,10665,7210,2107,12223,2281,2373,6667,2950,1849,143,2395,1,33:02,2020,2021
2020-21,200782,P.J. Tucker,P.J.,1610612749,MIL,Milwaukee Bucks,22000954,2021-04-30T00:00:00,MIL @ CHI,W,21.6,1.0,2.0,0.5,0.0,0.0,0.0,0.0,1.0,0.0,1.0,2.0,3.0,0.0,0.0,0.0,0.0,0.0,2.0,2.0,2.0,-4.0,5.6,0,0,5.0,1,1,11433,1,12949,16702,19102,7582,12591,17891,12591,12008,11390,12008,5246,12139,11352,16819,14317,10665,7210,7735,6924,6289,18664,14475,19646,1849,143,19629,1,21:38,2020,2021
2020-21,1626192,Pat Connaughton,Pat,1610612749,MIL,Milwaukee Bucks,22000954,2021-04-30T00:00:00,MIL @ CHI,W,26.6,2.0,5.0,0.4,2.0,3.0,0.667,0.0,0.0,0.0,1.0,5.0,6.0,1.0,0.0,1.0,0.0,1.0,1.0,1.0,6.0,5.0,17.7,0,0,17.0,1,1,11433,1,9165,13638,14368,12966,3957,9118,1828,12008,12752,12008,5246,4091,4746,11678,14317,4032,7210,2107,12223,10308,13920,6667,12528,1849,143,12215,1,26:39,2020,2021
2020-21,1629670,Jordan Nwora,Jordan,1610612749,MIL,Milwaukee Bucks,22000954,2021-04-30T00:00:00,MIL @ CHI,W,3.8,0.0,1.0,0.0,0.0,1.0,0.0,0.0,0.0,0.0,0.0,0.0,0.0,0.0,0.0,0.0,0.0,0.0,0.0,0.0,0.0,-17.0,0.0,0,0,0.0,1,1,11433,1,21646,19893,20551,19893,12591,14655,12591,12008,12752,12008,11150,19725,20503,16819,14317,10665,7210,7735,18137,16020,20448,21411,22167,1849,143,22207,1,3:48,2020,2021
2020-21,200782,P.J. Tucker,P.J.,1610612749,MIL,Milwaukee Bucks,22000945,2021-04-29T00:00:00,MIL @ HOU,L,30.0,2.0,3.0,0.667,2.0,3.0,0.667,0.0,0.0,0.0,1.0,5.0,6.0,0.0,1.0,2.0,0.0,0.0,4.0,2.0,6.0,-11.0,18.2,0,0,18.0,1,11623,1,11623,6541,13638,17566,2900,3957,9118,1828,12008,12752,12008,5246,4091,4746,16819,7632,1208,7210,7735,1059,6289,13920,19248,12184,1849,143,11539,1,30:02,2020,2021
2020-21,1627854,Bryn Forbes,Bryn,1610612749,MIL,Milwaukee Bucks,22000945,2021-04-29T00:00:00,MIL @ HOU,L,28.9,11.0,17.0,0.647,6.0,10.0,0.6,2.0,2.0,1.0,0.0,0.0,0.0,0.0,2.0,1.0,0.0,2.0,1.0,2.0,30.0,10.0,31.0,0,0,38.0,1,11623,1,11623,7419,575,1960,4040,160,556,2762,5395,6645,1,11150,19725,20503,16819,3645,4032,7210,534,12223,6289,656,3883,5417,1849,143,2667,1,28:53,2020,2021
2020-21,201572,Brook Lopez,Brook,1610612749,MIL,Milwaukee Bucks,22000945,2021-04-29T00:00:00,MIL @ HOU,L,30.9,7.0,11.0,0.636,0.0,1.0,0.0,1.0,1.0,1.0,2.0,2.0,4.0,1.0,3.0,0.0,1.0,1.0,5.0,2.0,15.0,-18.0,21.3,0,0,22.0,1,11623,1,11623,5915,3206,6027,4151,12591,14655,12591,9085,11390,1,2547,12139,8731,11678,1707,10665,2271,2107,202,6289,5723,21655,10288,1849,143,9111,1,30:52,2020,2021
2020-21,203114,Khris Middleton,Khris,1610612749,MIL,Milwaukee Bucks,22000945,2021-04-29T00:00:00,MIL @ HOU,L,37.1,9.0,21.0,0.429,5.0,10.0,0.5,10.0,10.0,1.0,0.0,4.0,4.0,8.0,4.0,1.0,0.0,1.0,3.0,6.0,33.0,-1.0,48.8,0,0,52.0,1,11623,1,11623,1512,1450,691,11933,414,556,3573,161,360,1,11150,6156,8731,803,764,4032,7210,2107,3130,795,385,11703,1072,1849,143,566,1,37:08,2020,2021
2020-21,1626171,Bobby Portis,Bobby,1610612749,MIL,Milwaukee Bucks,22000945,2021-04-29T00:00:00,MIL @ HOU,L,23.6,4.0,8.0,0.5,0.0,0.0,0.0,2.0,2.0,1.0,3.0,8.0,11.0,3.0,2.0,4.0,0.0,2.0,4.0,3.0,10.0,3.0,37.7,1,0,32.0,1,11623,1,11623,11469,8251,9686,7582,12591,17891,12591,5395,6645,1,1214,1175,897,5509,3645,82,7210,534,1059,3793,9732,8138,3209,1,143,4492,1,23:38,2020,2021
2020-21,201950,Jrue Holiday,Jrue,1610612749,MIL,Milwaukee Bucks,22000945,2021-04-29T00:00:00,MIL @ HOU,L,37.6,12.0,19.0,0.632,1.0,4.0,0.25,4.0,6.0,0.667,2.0,2.0,4.0,10.0,1.0,2.0,4.0,0.0,3.0,5.0,29.0,-6.0,65.8,1,0,56.0,1,11623,1,11623,1306,346,1220,4296,7373,6909,10244,2293,1600,8322,2547,12139,8731,345,7632,1208,77,7735,3130,1350,787,16140,110,1,143,321,1,37:35,2020,2021
2020-21,1628978,Donte DiVincenzo,Donte,1610612749,MIL,Milwaukee Bucks,22000945,2021-04-29T00:00:00,MIL @ HOU,L,21.3,1.0,5.0,0.2,1.0,4.0,0.25,0.0,0.0,0.0,0.0,5.0,5.0,2.0,0.0,0.0,0.0,0.0,1.0,1.0,3.0,-14.0,12.0,0,0,11.0,1,11623,1,11623,13228,16702,14368,18781,7373,6909,10244,12008,12752,12008,11150,4091,6466,7995,14317,10665,7210,7735,12223,10308,17485,20507,16072,1849,143,16119,1,21:18,2020,2021
2020-21,1626192,Pat Connaughton,Pat,1610612749,MIL,Milwaukee Bucks,22000945,2021-04-29T00:00:00,MIL @ HOU,L,17.2,1.0,6.0,0.167,1.0,6.0,0.167,0.0,0.0,0.0,0.0,3.0,3.0,0.0,0.0,1.0,0.0,0.0,0.0,0.0,3.0,3.0,9.6,0,0,9.0,1,11623,1,11623,16142,16702,12753,19313,7373,3460,12017,12008,12752,12008,11150,8835,11352,16819,14317,4032,7210,7735,18137,16020,17485,8138,17463,1849,143,17389,1,17:12,2020,2021
2020-21,203507,Giannis Antetokounmpo,Giannis,1610612749,MIL,Milwaukee Bucks,22000945,2021-04-29T00:00:00,MIL @ HOU,L,0.8,0.0,0.0,0.0,0.0,0.0,0.0,1.0,2.0,0.5,0.0,0.0,0.0,1.0,0.0,1.0,0.0,0.0,0.0,1.0,1.0,3.0,5.5,0,0,4.0,1,11623,1,11623,22920,19893,21894,19893,12591,17891,12591,9085,6645,9461,11150,19725,20503,11678,14317,4032,7210,7735,18137,10308,20270,8138,19696,1849,143,20179,1,0:46,2020,2021
2020-21,201952,Jeff Teague,Jeff,1610612749,MIL,Milwaukee Bucks,22000945,2021-04-29T00:00:00,MIL @ HOU,L,10.1,2.0,3.0,0.667,0.0,1.0,0.0,2.0,2.0,1.0,0.0,1.0,1.0,2.0,1.0,0.0,0.0,0.0,0.0,1.0,6.0,1.0,9.2,0,0,9.0,1,11623,1,11623,19565,13638,17566,2900,12591,14655,12591,5395,6645,1,11150,15987,17542,7995,7632,10665,7210,7735,18137,10308,13920,9911,17692,1849,143,17389,1,10:08,2020,2021
2020-21,203648,Thanasis Antetokounmpo,Thanasis,1610612749,MIL,Milwaukee Bucks,22000945,2021-04-29T00:00:00,MIL @ HOU,L,2.5,0.0,0.0,0.0,0.0,0.0,0.0,0.0,0.0,0.0,0.0,0.0,0.0,0.0,0.0,0.0,0.0,0.0,0.0,0.0,0.0,-5.0,0.0,0,0,0.0,1,11623,1,11623,22215,19893,21894,19893,12591,17891,12591,12008,12752,12008,11150,19725,20503,16819,14317,10665,7210,7735,18137,16020,20448,15340,22167,1849,143,22207,1,2:28,2020,2021
2020-21,203648,Thanasis Antetokounmpo,Thanasis,1610612749,MIL,Milwaukee Bucks,22000928,2021-04-27T00:00:00,MIL @ CHA,W,1.2,0.0,2.0,0.0,0.0,2.0,0.0,0.0,0.0,0.0,1.0,0.0,1.0,0.0,0.0,0.0,0.0,0.0,0.0,0.0,0.0,-3.0,1.2,0,0,1.0,1,1,11433,1,22759,19893,19102,19893,12591,11825,12591,12008,12752,12008,5246,19725,17542,16819,14317,10665,7210,7735,18137,16020,20448,13536,21714,1849,143,21671,1,1:13,2020,2021
2020-21,1626192,Pat Connaughton,Pat,1610612749,MIL,Milwaukee Bucks,22000928,2021-04-27T00:00:00,MIL @ CHA,W,14.5,0.0,2.0,0.0,0.0,2.0,0.0,0.0,0.0,0.0,0.0,2.0,2.0,0.0,0.0,1.0,1.0,0.0,2.0,0.0,0.0,3.0,8.4,0,0,6.0,1,1,11433,1,17745,19893,19102,19893,12591,11825,12591,12008,12752,12008,11150,12139,14385,16819,14317,4032,2271,7735,6924,16020,20448,8138,18172,1849,143,19107,1,14:32,2020,2021
2020-21,1626171,Bobby Portis,Bobby,1610612749,MIL,Milwaukee Bucks,22000928,2021-04-27T00:00:00,MIL @ CHA,W,13.3,2.0,6.0,0.333,0.0,2.0,0.0,1.0,2.0,0.5,1.0,4.0,5.0,3.0,1.0,0.0,0.0,1.0,3.0,1.0,5.0,8.0,14.5,0,0,13.0,1,1,11433,1,18337,13638,12753,15094,12591,11825,12591,9085,6645,9461,5246,6156,6466,5509,7632,10665,7210,2107,3130,10308,15263,4875,14536,1849,143,14865,1,13:19,2020,2021
2020-21,203114,Khris Middleton,Khris,1610612749,MIL,Milwaukee Bucks,22000928,2021-04-27T00:00:00,MIL @ CHA,W,37.9,7.0,15.0,0.467,2.0,8.0,0.25,1.0,3.0,0.333,0.0,5.0,5.0,6.0,3.0,2.0,0.0,0.0,3.0,3.0,17.0,14.0,35.0,0,0,34.0,1,1,11433,1,1162,3206,2946,10758,3957,1505,10244,9085,5327,11706,11150,4091,6466,1788,1707,1208,7210,7735,3130,3793,4514,2360,3987,1849,143,3790,1,37:52,2020,2021
2020-21,201572,Brook Lopez,Brook,1610612749,MIL,Milwaukee Bucks,22000928,2021-04-27T00:00:00,MIL @ CHA,W,26.7,9.0,12.0,0.75,0.0,2.0,0.0,4.0,4.0,1.0,2.0,2.0,4.0,2.0,1.0,2.0,0.0,0.0,5.0,2.0,22.0,2.0,34.8,0,0,32.0,1,1,11433,1,9113,1450,5097,1826,12591,11825,12591,2293,3346,1,2547,12139,8731,7995,7632,1208,7210,7735,202,6289,2373,8969,4067,1849,143,4492,1,26:42,2020,2021
2020-21,203507,Giannis Antetokounmpo,Giannis,1610612749,MIL,Milwaukee Bucks,22000928,2021-04-27T00:00:00,MIL @ CHA,W,37.5,11.0,19.0,0.579,2.0,4.0,0.5,5.0,5.0,1.0,1.0,11.0,12.0,8.0,4.0,3.0,1.0,1.0,4.0,6.0,29.0,8.0,63.4,1,0,59.0,1,1,11433,1,1361,575,1220,5785,3957,6909,3573,1513,2536,1,5246,284,644,803,764,347,2271,2107,1059,795,787,4875,161,1,143,207,1,37:28,2020,2021
2020-21,201950,Jrue Holiday,Jrue,1610612749,MIL,Milwaukee Bucks,22000928,2021-04-27T00:00:00,MIL @ CHA,W,36.1,6.0,15.0,0.4,0.0,3.0,0.0,0.0,0.0,0.0,2.0,8.0,10.0,5.0,4.0,1.0,0.0,2.0,4.0,2.0,12.0,4.0,30.5,1,0,29.0,1,1,11433,1,2177,4526,2946,12966,12591,9118,12591,12008,12752,12008,2547,1175,1298,2585,764,4032,7210,534,1059,6289,7920,7366,5614,1,143,5681,1,36:06,2020,2021
2020-21,1628978,Donte DiVincenzo,Donte,1610612749,MIL,Milwaukee Bucks,22000928,2021-04-27T00:00:00,MIL @ CHA,W,28.5,4.0,9.0,0.444,1.0,4.0,0.25,0.0,0.0,0.0,1.0,2.0,3.0,3.0,2.0,3.0,1.0,1.0,1.0,2.0,9.0,-1.0,27.1,0,0,24.0,1,1,11433,1,7698,8251,8309,11399,7373,6909,10244,12008,12752,12008,5246,12139,11352,5509,3645,347,2271,2107,12223,6289,10740,11703,7141,1849,143,8016,1,28:32,2020,2021
2020-21,200782,P.J. Tucker,P.J.,1610612749,MIL,Milwaukee Bucks,22000928,2021-04-27T00:00:00,MIL @ CHA,W,25.6,2.0,3.0,0.667,1.0,2.0,0.5,0.0,0.0,0.0,1.0,3.0,4.0,0.0,0.0,1.0,0.0,0.0,1.0,0.0,5.0,7.0,12.8,0,0,12.0,1,1,11433,1,9989,13638,17566,2900,7373,11825,3573,12008,12752,12008,5246,8835,8731,16819,14317,4032,7210,7735,12223,16020,15263,5432,15621,1849,143,15506,1,25:36,2020,2021
2020-21,1627854,Bryn Forbes,Bryn,1610612749,MIL,Milwaukee Bucks,22000928,2021-04-27T00:00:00,MIL @ CHA,W,18.7,6.0,10.0,0.6,3.0,6.0,0.5,0.0,0.0,0.0,0.0,2.0,2.0,1.0,0.0,0.0,0.0,2.0,1.0,1.0,15.0,8.0,18.9,0,0,21.0,1,1,11433,1,15156,4526,7133,4810,1926,3460,3573,12008,12752,12008,11150,12139,14385,11678,14317,10665,7210,534,12223,10308,5723,4875,11751,1849,143,9724,1,18:40,2020,2021
2020-21,201572,Brook Lopez,Brook,1610612749,MIL,Milwaukee Bucks,22000913,2021-04-25T00:00:00,MIL @ ATL,L,28.7,4.0,9.0,0.444,1.0,4.0,0.25,2.0,3.0,0.667,0.0,1.0,1.0,0.0,0.0,0.0,3.0,0.0,1.0,3.0,11.0,-12.0,21.2,0,0,19.0,1,11623,1,11623,7545,8251,8309,11399,7373,6909,10244,5395,5327,8322,11150,15987,17542,16819,14317,10665,231,7735,12223,3793,8773,19709,10324,1849,143,10964,1,28:43,2020,2021
2020-21,203114,Khris Middleton,Khris,1610612749,MIL,Milwaukee Bucks,22000913,2021-04-25T00:00:00,MIL @ ATL,L,34.0,9.0,18.0,0.5,3.0,5.0,0.6,2.0,2.0,1.0,3.0,3.0,6.0,2.0,3.0,1.0,0.0,1.0,1.0,5.0,23.0,-11.0,33.2,0,0,36.0,1,11623,1,11623,3644,1450,1562,7582,1926,4922,2762,5395,6645,1,1214,8835,4746,7995,1707,4032,7210,2107,12223,1350,2060,19248,4649,1849,143,3205,1,33:58,2020,2021
2020-21,201950,Jrue Holiday,Jrue,1610612749,MIL,Milwaukee Bucks,22000913,2021-04-25T00:00:00,MIL @ ATL,L,34.8,8.0,11.0,0.727,0.0,1.0,0.0,3.0,5.0,0.6,0.0,5.0,5.0,11.0,1.0,1.0,0.0,0.0,2.0,2.0,19.0,3.0,43.5,1,0,37.0,1,11623,1,11623,3030,2196,6027,2334,12591,14655,12591,3646,2536,9174,11150,4091,6466,214,7632,4032,7210,7735,6924,6289,3538,8138,1865,1,143,2922,1,34:50,2020,2021
2020-21,1626192,Pat Connaughton,Pat,1610612749,MIL,Milwaukee Bucks,22000913,2021-04-25T00:00:00,MIL @ ATL,L,23.2,2.0,5.0,0.4,1.0,3.0,0.333,0.0,0.0,0.0,0.0,0.0,0.0,1.0,1.0,0.0,0.0,0.0,2.0,0.0,5.0,1.0,5.5,0,0,7.0,1,11623,1,11623,11758,13638,14368,12966,7373,9118,7875,12008,12752,12008,11150,19725,20503,11678,7632,10665,7210,7735,6924,16020,15263,9911,19696,1849,143,18556,1,23:14,2020,2021
2020-21,201952,Jeff Teague,Jeff,1610612749,MIL,Milwaukee Bucks,22000913,2021-04-25T00:00:00,MIL @ ATL,L,12.9,0.0,2.0,0.0,0.0,2.0,0.0,0.0,0.0,0.0,0.0,2.0,2.0,2.0,1.0,0.0,0.0,0.0,1.0,0.0,0.0,-2.0,4.4,0,0,4.0,1,11623,1,11623,18501,19893,19102,19893,12591,11825,12591,12008,12752,12008,11150,12139,14385,7995,7632,10665,7210,7735,12223,16020,20448,12607,20215,1849,143,20179,1,12:57,2020,2021
2020-21,203507,Giannis Antetokounmpo,Giannis,1610612749,MIL,Milwaukee Bucks,22000913,2021-04-25T00:00:00,MIL @ ATL,L,35.3,11.0,17.0,0.647,1.0,3.0,0.333,8.0,10.0,0.8,0.0,14.0,14.0,4.0,2.0,1.0,2.0,0.0,3.0,7.0,31.0,-10.0,60.8,1,0,56.0,1,11623,1,11623,2663,575,1960,4040,7373,9118,7875,406,360,6837,11150,57,317,3751,3645,4032,697,7735,3130,439,560,18716,236,1,143,321,1,35:21,2020,2021
2020-21,1626171,Bobby Portis,Bobby,1610612749,MIL,Milwaukee Bucks,22000913,2021-04-25T00:00:00,MIL @ ATL,L,22.4,3.0,7.0,0.429,2.0,3.0,0.667,2.0,2.0,1.0,0.0,5.0,5.0,0.0,2.0,0.0,0.0,0.0,2.0,1.0,10.0,1.0,14.0,0,0,17.0,1,11623,1,11623,12395,10694,11165,11933,3957,9118,1828,5395,6645,1,11150,4091,6466,16819,3645,10665,7210,7735,6924,10308,9732,9911,14839,1849,143,12215,1,22:23,2020,2021
2020-21,1627854,Bryn Forbes,Bryn,1610612749,MIL,Milwaukee Bucks,22000913,2021-04-25T00:00:00,MIL @ ATL,L,14.4,0.0,5.0,0.0,0.0,4.0,0.0,0.0,0.0,0.0,0.0,1.0,1.0,0.0,0.0,2.0,0.0,0.0,1.0,0.0,0.0,12.0,7.2,0,0,5.0,1,11623,1,11623,17835,19893,14368,19893,12591,6909,12591,12008,12752,12008,11150,15987,17542,16819,14317,1208,7210,7735,12223,16020,20448,3055,18793,1849,143,19629,1,14:21,2020,2021
2020-21,203648,Thanasis Antetokounmpo,Thanasis,1610612749,MIL,Milwaukee Bucks,22000913,2021-04-25T00:00:00,MIL @ ATL,L,4.2,0.0,0.0,0.0,0.0,0.0,0.0,0.0,0.0,0.0,0.0,1.0,1.0,0.0,0.0,0.0,0.0,0.0,1.0,0.0,0.0,1.0,1.2,0,0,1.0,1,11623,1,11623,21493,19893,21894,19893,12591,17891,12591,12008,12752,12008,11150,15987,17542,16819,14317,10665,7210,7735,12223,16020,20448,9911,21714,1849,143,21671,1,4:10,2020,2021
2020-21,1628978,Donte DiVincenzo,Donte,1610612749,MIL,Milwaukee Bucks,22000913,2021-04-25T00:00:00,MIL @ ATL,L,30.1,2.0,7.0,0.286,0.0,3.0,0.0,1.0,1.0,1.0,1.0,5.0,6.0,0.0,2.0,1.0,1.0,0.0,4.0,2.0,5.0,-18.0,16.2,0,0,15.0,1,11623,1,11623,6528,13638,11165,17105,12591,9118,12591,9085,11390,1,5246,4091,4746,16819,3645,4032,2271,7735,1059,6289,15263,21655,13471,1849,143,13541,1,30:03,2020,2021
2020-21,1628978,Donte DiVincenzo,Donte,1610612749,MIL,Milwaukee Bucks,22000905,2021-04-24T00:00:00,MIL vs. PHI,W,21.9,4.0,7.0,0.571,3.0,5.0,0.6,0.0,0.0,0.0,1.0,3.0,4.0,2.0,1.0,1.0,1.0,0.0,0.0,1.0,11.0,16.0,23.8,0,0,24.0,1,1,11433,1,12769,8251,11165,5826,1926,4922,2762,12008,12752,12008,5246,8835,8731,7995,7632,4032,2271,7735,18137,10308,8773,1834,8834,1849,143,8016,1,21:52,2020,2021
2020-21,201950,Jrue Holiday,Jrue,1610612749,MIL,Milwaukee Bucks,22000905,2021-04-24T00:00:00,MIL vs. PHI,W,27.2,5.0,12.0,0.417,2.0,4.0,0.5,0.0,1.0,0.0,0.0,3.0,3.0,5.0,1.0,4.0,0.0,0.0,0.0,0.0,12.0,26.0,34.1,0,0,30.0,1,1,11433,1,8722,6152,5097,12627,3957,6909,3573,12008,11390,12008,11150,8835,11352,2585,7632,82,7210,7735,18137,16020,7920,336,4306,1849,143,5266,1,27:12,2020,2021
2020-21,203507,Giannis Antetokounmpo,Giannis,1610612749,MIL,Milwaukee Bucks,22000905,2021-04-24T00:00:00,MIL vs. PHI,W,23.7,9.0,12.0,0.75,1.0,3.0,0.333,5.0,10.0,0.5,1.0,13.0,14.0,7.0,4.0,2.0,1.0,0.0,2.0,7.0,24.0,18.0,56.3,1,0,52.0,1,1,11433,1,11398,1450,5097,1826,7373,9118,7875,1513,360,9461,5246,100,317,1198,764,1208,2271,7735,6924,439,1773,1368,424,1,143,566,1,23:43,2020,2021
2020-21,1626171,Bobby Portis,Bobby,1610612749,MIL,Milwaukee Bucks,22000905,2021-04-24T00:00:00,MIL vs. PHI,W,19.3,8.0,14.0,0.571,1.0,3.0,0.333,0.0,0.0,0.0,6.0,2.0,8.0,0.0,0.0,0.0,0.0,0.0,3.0,2.0,17.0,9.0,26.6,0,0,26.0,1,1,11433,1,14699,2196,3568,5826,7373,9118,7875,12008,12752,12008,133,12139,2498,16819,14317,10665,7210,7735,3130,6289,4514,4365,7388,1849,143,6966,1,19:18,2020,2021
2020-21,200782,P.J. Tucker,P.J.,1610612749,MIL,Milwaukee Bucks,22000905,2021-04-24T00:00:00,MIL vs. PHI,W,18.1,1.0,4.0,0.25,1.0,3.0,0.333,0.0,0.0,0.0,1.0,2.0,3.0,1.0,2.0,0.0,0.0,1.0,2.0,0.0,3.0,10.0,6.1,0,0,8.0,1,1,11433,1,15504,16702,15987,17720,7373,9118,7875,12008,12752,12008,5246,12139,11352,11678,3645,10665,7210,2107,6924,16020,17485,3883,19420,1849,143,17996,1,18:09,2020,2021
2020-21,203114,Khris Middleton,Khris,1610612749,MIL,Milwaukee Bucks,22000905,2021-04-24T00:00:00,MIL vs. PHI,W,20.0,0.0,6.0,0.0,0.0,2.0,0.0,4.0,4.0,1.0,0.0,2.0,2.0,1.0,0.0,0.0,0.0,1.0,3.0,1.0,4.0,12.0,7.9,0,0,7.0,1,1,11433,1,14214,19893,12753,19893,12591,11825,12591,2293,3346,1,11150,12139,14385,11678,14317,10665,7210,2107,3130,10308,16353,3055,18449,1849,143,18556,1,19:58,2020,2021
2020-21,201952,Jeff Teague,Jeff,1610612749,MIL,Milwaukee Bucks,22000905,2021-04-24T00:00:00,MIL vs. PHI,W,15.2,0.0,2.0,0.0,0.0,0.0,0.0,1.0,2.0,0.5,0.0,1.0,1.0,8.0,2.0,1.0,0.0,0.0,2.0,2.0,1.0,1.0,15.2,0,0,12.0,1,1,11433,1,17376,19893,19102,19893,12591,17891,12591,9085,6645,9461,11150,15987,17542,803,3645,4032,7210,7735,6924,6289,20270,9911,14110,1849,143,15506,1,15:11,2020,2021
2020-21,1626192,Pat Connaughton,Pat,1610612749,MIL,Milwaukee Bucks,22000905,2021-04-24T00:00:00,MIL vs. PHI,W,22.8,4.0,8.0,0.5,2.0,6.0,0.333,1.0,1.0,1.0,2.0,4.0,6.0,1.0,0.0,0.0,0.0,0.0,3.0,3.0,11.0,26.0,19.7,0,0,20.0,1,1,11433,1,12128,8251,9686,7582,3957,3460,7875,9085,11390,1,2547,6156,4746,11678,14317,10665,7210,7735,3130,3793,8773,336,11275,1849,143,10341,1,22:47,2020,2021
2020-21,201572,Brook Lopez,Brook,1610612749,MIL,Milwaukee Bucks,22000905,2021-04-24T00:00:00,MIL vs. PHI,W,18.5,2.0,7.0,0.286,1.0,4.0,0.25,0.0,0.0,0.0,1.0,1.0,2.0,1.0,0.0,0.0,2.0,1.0,1.0,0.0,5.0,2.0,14.9,0,0,13.0,1,1,11433,1,15311,13638,11165,17105,7373,6909,10244,12008,12752,12008,5246,15987,14385,11678,14317,10665,697,2107,12223,16020,15263,8969,14289,1849,143,14865,1,18:27,2020,2021
2020-21,1629670,Jordan Nwora,Jordan,1610612749,MIL,Milwaukee Bucks,22000905,2021-04-24T00:00:00,MIL vs. PHI,W,8.6,4.0,6.0,0.667,3.0,4.0,0.75,2.0,2.0,1.0,0.0,3.0,3.0,0.0,2.0,1.0,0.0,0.0,2.0,1.0,13.0,14.0,17.6,0,0,21.0,1,1,11433,1,20062,8251,12753,2900,1926,6909,1455,5395,6645,1,11150,8835,11352,16819,3645,4032,7210,7735,6924,10308,7127,2360,12582,1849,143,9724,1,8:33,2020,2021
2020-21,203648,Thanasis Antetokounmpo,Thanasis,1610612749,MIL,Milwaukee Bucks,22000905,2021-04-24T00:00:00,MIL vs. PHI,W,10.6,2.0,4.0,0.5,0.0,0.0,0.0,0.0,0.0,0.0,3.0,3.0,6.0,5.0,0.0,0.0,0.0,1.0,4.0,1.0,4.0,15.0,18.7,0,0,15.0,1,1,11433,1,19447,13638,15987,7582,12591,17891,12591,12008,12752,12008,1214,8835,4746,2585,14317,10665,7210,2107,1059,10308,16353,2093,11875,1849,143,13541,1,10:33,2020,2021
2020-21,1629066,Rodions Kurucs,Rodions,1610612749,MIL,Milwaukee Bucks,22000905,2021-04-24T00:00:00,MIL vs. PHI,W,3.9,0.0,0.0,0.0,0.0,0.0,0.0,2.0,2.0,1.0,0.0,0.0,0.0,0.0,1.0,0.0,0.0,0.0,3.0,1.0,2.0,7.0,1.0,0,0,2.0,1,1,11433,1,21610,19893,21894,19893,12591,17891,12591,5395,6645,1,11150,19725,20503,16819,7632,10665,7210,7735,3130,10308,18664,5432,22003,1849,143,21139,1,3:52,2020,2021
2020-21,1629603,Mamadi Diakite,Mamadi,1610612749,MIL,Milwaukee Bucks,22000905,2021-04-24T00:00:00,MIL vs. PHI,W,7.0,2.0,2.0,1.0,0.0,0.0,0.0,0.0,0.0,0.0,0.0,2.0,2.0,0.0,0.0,1.0,0.0,0.0,0.0,0.0,4.0,14.0,9.4,0,0,8.0,1,1,11433,1,20497,13638,19102,1,12591,17891,12591,12008,12752,12008,11150,12139,14385,16819,14317,4032,7210,7735,18137,16020,16353,2360,17597,1849,143,17996,1,6:58,2020,2021
2020-21,1627854,Bryn Forbes,Bryn,1610612749,MIL,Milwaukee Bucks,22000905,2021-04-24T00:00:00,MIL vs. PHI,W,17.5,5.0,8.0,0.625,2.0,4.0,0.5,1.0,2.0,0.5,1.0,0.0,1.0,1.0,2.0,0.0,0.0,0.0,2.0,1.0,13.0,9.0,13.7,0,0,17.0,1,1,11433,1,15913,6152,9686,4319,3957,6909,3573,9085,6645,9461,5246,19725,17542,11678,3645,10665,7210,7735,6924,10308,7127,4365,15044,1849,143,12215,1,17:32,2020,2021
2020-21,1630241,Sam Merrill,Sam,1610612749,MIL,Milwaukee Bucks,22000905,2021-04-24T00:00:00,MIL vs. PHI,W,5.9,3.0,3.0,1.0,2.0,2.0,1.0,0.0,0.0,0.0,0.0,0.0,0.0,1.0,0.0,0.0,0.0,0.0,1.0,0.0,8.0,11.0,9.5,0,0,11.0,1,1,11433,1,20829,10694,17566,1,3957,11825,1,12008,12752,12008,11150,19725,20503,11678,14317,10665,7210,7735,12223,16020,11759,3454,17539,1849,143,16119,1,5:55,2020,2021
2020-21,203648,Thanasis Antetokounmpo,Thanasis,1610612749,MIL,Milwaukee Bucks,22000894,2021-04-22T00:00:00,MIL vs. PHI,W,1.1,0.0,0.0,0.0,0.0,0.0,0.0,0.0,0.0,0.0,0.0,0.0,0.0,0.0,1.0,0.0,0.0,0.0,0.0,0.0,0.0,-7.0,-1.0,0,0,0.0,1,1,11433,1,22798,19893,21894,19893,12591,17891,12591,12008,12752,12008,11150,19725,20503,16819,7632,10665,7210,7735,18137,16020,20448,16841,22953,1849,143,22207,1,1:05,2020,2021
2020-21,1629670,Jordan Nwora,Jordan,1610612749,MIL,Milwaukee Bucks,22000894,2021-04-22T00:00:00,MIL vs. PHI,W,1.1,0.0,0.0,0.0,0.0,0.0,0.0,0.0,0.0,0.0,0.0,0.0,0.0,0.0,1.0,0.0,0.0,0.0,1.0,0.0,0.0,-7.0,-1.0,0,0,0.0,1,1,11433,1,22798,19893,21894,19893,12591,17891,12591,12008,12752,12008,11150,19725,20503,16819,7632,10665,7210,7735,12223,16020,20448,16841,22953,1849,143,22207,1,1:05,2020,2021
2020-21,200782,P.J. Tucker,P.J.,1610612749,MIL,Milwaukee Bucks,22000894,2021-04-22T00:00:00,MIL vs. PHI,W,22.8,0.0,2.0,0.0,0.0,1.0,0.0,0.0,0.0,0.0,1.0,1.0,2.0,1.0,0.0,1.0,0.0,0.0,3.0,0.0,0.0,-2.0,6.9,0,0,5.0,1,1,11433,1,12104,19893,19102,19893,12591,14655,12591,12008,12752,12008,5246,15987,14385,11678,14317,4032,7210,7735,3130,16020,20448,12607,18984,1849,143,19629,1,22:49,2020,2021
2020-21,1627854,Bryn Forbes,Bryn,1610612749,MIL,Milwaukee Bucks,22000894,2021-04-22T00:00:00,MIL vs. PHI,W,16.0,2.0,4.0,0.5,2.0,4.0,0.5,3.0,3.0,1.0,0.0,3.0,3.0,0.0,1.0,0.0,0.0,1.0,0.0,1.0,9.0,-4.0,11.6,0,0,14.0,1,1,11433,1,16901,13638,15987,7582,3957,6909,3573,3646,5327,1,11150,8835,11352,16819,7632,10665,7210,2107,18137,10308,10740,14475,16318,1849,143,14223,1,15:58,2020,2021
2020-21,203507,Giannis Antetokounmpo,Giannis,1610612749,MIL,Milwaukee Bucks,22000894,2021-04-22T00:00:00,MIL vs. PHI,W,35.4,8.0,15.0,0.533,1.0,2.0,0.5,10.0,18.0,0.556,2.0,14.0,16.0,6.0,3.0,2.0,1.0,2.0,2.0,12.0,27.0,25.0,61.2,1,0,56.0,1,1,11433,1,2613,2196,2946,7229,7373,11825,3573,161,9,9429,2547,57,130,1788,1707,1208,2271,534,6924,11,1108,405,221,1,143,321,1,35:27,2020,2021
2020-21,201950,Jrue Holiday,Jrue,1610612749,MIL,Milwaukee Bucks,22000894,2021-04-22T00:00:00,MIL vs. PHI,W,34.5,5.0,12.0,0.417,1.0,5.0,0.2,1.0,2.0,0.5,0.0,4.0,4.0,11.0,2.0,1.0,1.0,0.0,1.0,3.0,12.0,20.0,37.3,1,0,32.0,1,1,11433,1,3238,6152,5097,12627,7373,4922,11380,9085,6645,9461,11150,6156,8731,214,3645,4032,2271,7735,12223,3793,7920,998,3323,1,143,4492,1,34:31,2020,2021
2020-21,201572,Brook Lopez,Brook,1610612749,MIL,Milwaukee Bucks,22000894,2021-04-22T00:00:00,MIL vs. PHI,W,23.2,6.0,10.0,0.6,4.0,7.0,0.571,0.0,0.0,0.0,0.0,4.0,4.0,1.0,1.0,0.0,2.0,0.0,2.0,0.0,16.0,20.0,27.3,0,0,29.0,1,1,11433,1,11792,4526,7133,4810,910,2331,3225,12008,12752,12008,11150,6156,8731,11678,7632,10665,697,7735,6924,16020,5102,998,7049,1849,143,5681,1,23:12,2020,2021
2020-21,1626171,Bobby Portis,Bobby,1610612749,MIL,Milwaukee Bucks,22000894,2021-04-22T00:00:00,MIL vs. PHI,W,22.6,9.0,11.0,0.818,5.0,5.0,1.0,0.0,0.0,0.0,1.0,4.0,5.0,1.0,1.0,1.0,3.0,0.0,3.0,1.0,23.0,-10.0,41.5,0,0,42.0,1,1,11433,1,12270,1450,6027,1440,414,4922,1,12008,12752,12008,5246,6156,6466,11678,7632,4032,231,7735,3130,10308,2060,18716,2281,1849,143,1788,1,22:34,2020,2021
2020-21,203114,Khris Middleton,Khris,1610612749,MIL,Milwaukee Bucks,22000894,2021-04-22T00:00:00,MIL vs. PHI,W,33.5,10.0,16.0,0.625,4.0,7.0,0.571,0.0,0.0,0.0,0.0,1.0,1.0,5.0,2.0,1.0,0.0,0.0,1.0,0.0,24.0,8.0,33.7,0,0,36.0,1,1,11433,1,3992,935,2412,4319,910,2331,3225,12008,12752,12008,11150,15987,17542,2585,3645,4032,7210,7735,12223,16020,1773,4875,4467,1849,143,3205,1,33:31,2020,2021
2020-21,1626192,Pat Connaughton,Pat,1610612749,MIL,Milwaukee Bucks,22000894,2021-04-22T00:00:00,MIL vs. PHI,W,22.8,4.0,6.0,0.667,2.0,4.0,0.5,0.0,0.0,0.0,1.0,4.0,5.0,1.0,1.0,0.0,1.0,0.0,2.0,0.0,10.0,-5.0,19.5,0,0,20.0,1,1,11433,1,12090,8251,12753,2900,3957,6909,3573,12008,12752,12008,5246,6156,6466,11678,7632,10665,2271,7735,6924,16020,9732,15340,11386,1849,143,10341,1,22:51,2020,2021
2020-21,1630241,Sam Merrill,Sam,1610612749,MIL,Milwaukee Bucks,22000894,2021-04-22T00:00:00,MIL vs. PHI,W,1.1,0.0,0.0,0.0,0.0,0.0,0.0,0.0,0.0,0.0,0.0,0.0,0.0,0.0,0.0,0.0,0.0,0.0,0.0,0.0,0.0,-7.0,0.0,0,0,0.0,1,1,11433,1,22798,19893,21894,19893,12591,17891,12591,12008,12752,12008,11150,19725,20503,16819,14317,10665,7210,7735,18137,16020,20448,16841,22167,1849,143,22207,1,1:05,2020,2021
2020-21,1628978,Donte DiVincenzo,Donte,1610612749,MIL,Milwaukee Bucks,22000894,2021-04-22T00:00:00,MIL vs. PHI,W,25.9,1.0,5.0,0.2,1.0,5.0,0.2,0.0,0.0,0.0,1.0,4.0,5.0,6.0,3.0,0.0,0.0,0.0,1.0,0.0,3.0,4.0,15.0,0,0,15.0,1,1,11433,1,9761,16702,14368,18781,7373,4922,11380,12008,12752,12008,5246,6156,6466,1788,1707,10665,7210,7735,12223,16020,17485,7366,14235,1849,143,13541,1,25:52,2020,2021
2020-21,1628978,Donte DiVincenzo,Donte,1610612749,MIL,Milwaukee Bucks,22000873,2021-04-19T00:00:00,MIL vs. PHX,L,31.3,4.0,10.0,0.4,1.0,4.0,0.25,0.0,0.0,0.0,4.0,3.0,7.0,3.0,1.0,0.0,0.0,0.0,3.0,0.0,9.0,-6.0,20.9,0,0,20.0,1,11623,1,11623,5559,8251,7133,12966,7373,6909,10244,12008,12752,12008,564,8835,3435,5509,7632,10665,7210,7735,3130,16020,10740,16140,10534,1849,143,10341,1,31:21,2020,2021
2020-21,1626192,Pat Connaughton,Pat,1610612749,MIL,Milwaukee Bucks,22000873,2021-04-19T00:00:00,MIL vs. PHX,L,23.0,3.0,4.0,0.75,3.0,4.0,0.75,0.0,0.0,0.0,1.0,8.0,9.0,0.0,1.0,1.0,0.0,0.0,0.0,1.0,9.0,3.0,21.8,0,0,23.0,1,11623,1,11623,11924,10694,15987,1826,1926,6909,1455,12008,12752,12008,5246,1175,1852,16819,7632,4032,7210,7735,18137,10308,10740,8138,9978,1849,143,8568,1,23:03,2020,2021
2020-21,203507,Giannis Antetokounmpo,Giannis,1610612749,MIL,Milwaukee Bucks,22000873,2021-04-19T00:00:00,MIL vs. PHX,L,35.2,12.0,22.0,0.545,0.0,1.0,0.0,9.0,10.0,0.9,0.0,8.0,8.0,2.0,3.0,1.0,1.0,1.0,3.0,7.0,33.0,-3.0,48.6,0,0,47.0,1,11623,1,11623,2770,346,524,6794,12591,14655,12591,264,360,6064,11150,1175,2498,7995,1707,4032,2271,2107,3130,439,385,13536,1096,1849,143,1033,1,35:11,2020,2021
2020-21,201950,Jrue Holiday,Jrue,1610612749,MIL,Milwaukee Bucks,22000873,2021-04-19T00:00:00,MIL vs. PHX,L,40.5,10.0,19.0,0.526,2.0,6.0,0.333,3.0,3.0,1.0,1.0,3.0,4.0,8.0,2.0,2.0,1.0,1.0,3.0,2.0,25.0,1.0,48.8,0,0,45.0,1,11623,1,11623,389,935,1220,7428,3957,3460,7875,3646,5327,1,5246,8835,8731,803,3645,1208,2271,2107,3130,6289,1512,9911,1072,1849,143,1314,1,40:27,2020,2021
2020-21,203114,Khris Middleton,Khris,1610612749,MIL,Milwaukee Bucks,22000873,2021-04-19T00:00:00,MIL vs. PHX,L,38.4,10.0,22.0,0.455,2.0,9.0,0.222,4.0,4.0,1.0,1.0,6.0,7.0,5.0,2.0,2.0,0.0,0.0,2.0,4.0,26.0,-6.0,45.9,0,0,44.0,1,11623,1,11623,940,935,524,11074,3957,930,11295,2293,3346,1,5246,2732,3435,2585,3645,1208,7210,7735,6924,2281,1304,16140,1475,1849,143,1463,1,38:22,2020,2021
2020-21,200782,P.J. Tucker,P.J.,1610612749,MIL,Milwaukee Bucks,22000873,2021-04-19T00:00:00,MIL vs. PHX,L,21.5,1.0,2.0,0.5,1.0,1.0,1.0,0.0,0.0,0.0,0.0,3.0,3.0,0.0,0.0,0.0,0.0,0.0,1.0,0.0,3.0,3.0,6.6,0,0,7.0,1,11623,1,11623,13079,16702,19102,7582,7373,14655,1,12008,12752,12008,11150,8835,11352,16819,14317,10665,7210,7735,12223,16020,17485,8138,19129,1849,143,18556,1,21:29,2020,2021
2020-21,1627854,Bryn Forbes,Bryn,1610612749,MIL,Milwaukee Bucks,22000873,2021-04-19T00:00:00,MIL vs. PHX,L,14.5,1.0,4.0,0.25,1.0,3.0,0.333,0.0,0.0,0.0,0.0,2.0,2.0,1.0,0.0,0.0,0.0,0.0,0.0,0.0,3.0,3.0,6.9,0,0,7.0,1,11623,1,11623,17772,16702,15987,17720,7373,9118,7875,12008,12752,12008,11150,12139,14385,11678,14317,10665,7210,7735,18137,16020,17485,8138,18984,1849,143,18556,1,14:28,2020,2021
2020-21,201572,Brook Lopez,Brook,1610612749,MIL,Milwaukee Bucks,22000873,2021-04-19T00:00:00,MIL vs. PHX,L,33.2,3.0,8.0,0.375,1.0,3.0,0.333,0.0,0.0,0.0,1.0,4.0,5.0,0.0,0.0,1.0,1.0,0.0,0.0,1.0,7.0,0.0,19.0,0,0,17.0,1,11623,1,11623,4181,10694,9686,14155,7373,9118,7875,12008,12752,12008,5246,6156,6466,16819,14317,4032,2271,7735,18137,10308,12975,10797,11688,1849,143,12215,1,33:13,2020,2021
2020-21,1626171,Bobby Portis,Bobby,1610612749,MIL,Milwaukee Bucks,22000873,2021-04-19T00:00:00,MIL vs. PHX,L,14.5,2.0,5.0,0.4,0.0,1.0,0.0,2.0,2.0,1.0,0.0,2.0,2.0,0.0,1.0,0.0,0.0,1.0,2.0,1.0,6.0,-1.0,7.4,0,0,8.0,1,11623,1,11623,17774,13638,14368,12966,12591,14655,12591,5395,6645,1,11150,12139,14385,16819,7632,10665,7210,2107,6924,10308,13920,11703,18702,1849,143,17996,1,14:28,2020,2021
2020-21,203648,Thanasis Antetokounmpo,Thanasis,1610612749,MIL,Milwaukee Bucks,22000873,2021-04-19T00:00:00,MIL vs. PHX,L,1.0,0.0,0.0,0.0,0.0,0.0,0.0,0.0,0.0,0.0,0.0,0.0,0.0,0.0,0.0,0.0,0.0,0.0,1.0,0.0,0.0,0.0,0.0,0,0,0.0,1,11623,1,11623,22815,19893,21894,19893,12591,17891,12591,12008,12752,12008,11150,19725,20503,16819,14317,10665,7210,7735,12223,16020,20448,10797,22167,1849,143,22207,1,1:03,2020,2021
2020-21,201952,Jeff Teague,Jeff,1610612749,MIL,Milwaukee Bucks,22000873,2021-04-19T00:00:00,MIL vs. PHX,L,11.9,3.0,6.0,0.5,0.0,2.0,0.0,0.0,0.0,0.0,1.0,3.0,4.0,0.0,1.0,0.0,0.0,1.0,0.0,0.0,6.0,1.0,9.8,0,0,10.0,1,11623,1,11623,18966,10694,12753,7582,12591,11825,12591,12008,12752,12008,5246,8835,8731,16819,7632,10665,7210,2107,18137,16020,13920,9911,17358,1849,143,16754,1,11:55,2020,2021
2020-21,1629670,Jordan Nwora,Jordan,1610612749,MIL,Milwaukee Bucks,22000859,2021-04-17T00:00:00,MIL vs. MEM,L,1.5,0.0,0.0,0.0,0.0,0.0,0.0,0.0,0.0,0.0,0.0,0.0,0.0,0.0,0.0,0.0,0.0,0.0,0.0,0.0,0.0,0.0,0.0,0,0,0.0,1,11623,1,11623,22637,19893,21894,19893,12591,17891,12591,12008,12752,12008,11150,19725,20503,16819,14317,10665,7210,7735,18137,16020,20448,10797,22167,1849,143,22207,1,1:29,2020,2021
2020-21,1630241,Sam Merrill,Sam,1610612749,MIL,Milwaukee Bucks,22000859,2021-04-17T00:00:00,MIL vs. MEM,L,1.5,0.0,0.0,0.0,0.0,0.0,0.0,0.0,0.0,0.0,0.0,0.0,0.0,0.0,1.0,0.0,0.0,0.0,0.0,0.0,0.0,0.0,-1.0,0,0,0.0,1,11623,1,11623,22637,19893,21894,19893,12591,17891,12591,12008,12752,12008,11150,19725,20503,16819,7632,10665,7210,7735,18137,16020,20448,10797,22953,1849,143,22207,1,1:29,2020,2021
2020-21,1629066,Rodions Kurucs,Rodions,1610612749,MIL,Milwaukee Bucks,22000859,2021-04-17T00:00:00,MIL vs. MEM,L,1.5,0.0,1.0,0.0,0.0,1.0,0.0,0.0,0.0,0.0,0.0,0.0,0.0,0.0,0.0,0.0,0.0,0.0,0.0,0.0,0.0,0.0,0.0,0,0,0.0,1,11623,1,11623,22637,19893,20551,19893,12591,14655,12591,12008,12752,12008,11150,19725,20503,16819,14317,10665,7210,7735,18137,16020,20448,10797,22167,1849,143,22207,1,1:29,2020,2021
2020-21,1629603,Mamadi Diakite,Mamadi,1610612749,MIL,Milwaukee Bucks,22000859,2021-04-17T00:00:00,MIL vs. MEM,L,1.5,0.0,1.0,0.0,0.0,1.0,0.0,0.0,0.0,0.0,0.0,0.0,0.0,0.0,0.0,0.0,0.0,0.0,0.0,0.0,0.0,0.0,0.0,0,0,0.0,1,11623,1,11623,22637,19893,20551,19893,12591,14655,12591,12008,12752,12008,11150,19725,20503,16819,14317,10665,7210,7735,18137,16020,20448,10797,22167,1849,143,22207,1,1:29,2020,2021
2020-21,201952,Jeff Teague,Jeff,1610612749,MIL,Milwaukee Bucks,22000859,2021-04-17T00:00:00,MIL vs. MEM,L,13.2,0.0,1.0,0.0,0.0,0.0,0.0,0.0,0.0,0.0,1.0,2.0,3.0,1.0,1.0,0.0,0.0,0.0,0.0,0.0,0.0,-7.0,4.1,0,0,4.0,1,11623,1,11623,18366,19893,20551,19893,12591,17891,12591,12008,12752,12008,5246,12139,11352,11678,7632,10665,7210,7735,18137,16020,20448,16841,20464,1849,143,20179,1,13:14,2020,2021
2020-21,1626171,Bobby Portis,Bobby,1610612749,MIL,Milwaukee Bucks,22000859,2021-04-17T00:00:00,MIL vs. MEM,L,9.3,2.0,5.0,0.4,1.0,3.0,0.333,1.0,2.0,0.5,0.0,1.0,1.0,0.0,1.0,0.0,0.0,1.0,0.0,1.0,6.0,-9.0,6.2,0,0,8.0,1,11623,1,11623,19834,13638,14368,12966,7373,9118,7875,9085,6645,9461,11150,15987,17542,16819,7632,10665,7210,2107,18137,10308,13920,18135,19314,1849,143,17996,1,9:19,2020,2021
2020-21,200782,P.J. Tucker,P.J.,1610612749,MIL,Milwaukee Bucks,22000859,2021-04-17T00:00:00,MIL vs. MEM,L,21.8,2.0,6.0,0.333,1.0,3.0,0.333,0.0,0.0,0.0,3.0,3.0,6.0,0.0,0.0,1.0,0.0,0.0,1.0,1.0,5.0,-8.0,15.2,0,0,14.0,1,11623,1,11623,12844,13638,12753,15094,7373,9118,7875,12008,12752,12008,1214,8835,4746,16819,14317,4032,7210,7735,12223,10308,15263,17520,14110,1849,143,14223,1,21:45,2020,2021
2020-21,1626192,Pat Connaughton,Pat,1610612749,MIL,Milwaukee Bucks,22000859,2021-04-17T00:00:00,MIL vs. MEM,L,25.0,3.0,9.0,0.333,1.0,7.0,0.143,0.0,0.0,0.0,0.0,4.0,4.0,0.0,1.0,1.0,0.0,0.0,1.0,0.0,7.0,-14.0,13.8,0,0,14.0,1,11623,1,11623,10459,10694,8309,15094,7373,2331,12315,12008,12752,12008,11150,6156,8731,16819,7632,4032,7210,7735,12223,16020,12975,20507,14981,1849,143,14223,1,24:59,2020,2021
2020-21,203114,Khris Middleton,Khris,1610612749,MIL,Milwaukee Bucks,22000859,2021-04-17T00:00:00,MIL vs. MEM,L,35.0,5.0,13.0,0.385,3.0,6.0,0.5,3.0,4.0,0.75,1.0,4.0,5.0,10.0,3.0,2.0,0.0,1.0,3.0,4.0,16.0,-18.0,40.0,1,0,38.0,1,11623,1,11623,2922,6152,4300,13990,1926,3460,3573,3646,3346,7245,5246,6156,6466,345,1707,1208,7210,2107,3130,2281,5102,21655,2605,1,143,2667,1,34:58,2020,2021
2020-21,201572,Brook Lopez,Brook,1610612749,MIL,Milwaukee Bucks,22000859,2021-04-17T00:00:00,MIL vs. MEM,L,28.5,5.0,13.0,0.385,4.0,9.0,0.444,3.0,3.0,1.0,0.0,3.0,3.0,0.0,1.0,0.0,1.0,0.0,3.0,1.0,17.0,-3.0,22.6,0,0,26.0,1,11623,1,11623,7700,6152,4300,13990,910,930,6201,3646,5327,1,11150,8835,11352,16819,7632,10665,2271,7735,3130,10308,4514,13536,9516,1849,143,6966,1,28:32,2020,2021
2020-21,203507,Giannis Antetokounmpo,Giannis,1610612749,MIL,Milwaukee Bucks,22000859,2021-04-17T00:00:00,MIL vs. MEM,L,29.2,10.0,18.0,0.556,0.0,3.0,0.0,8.0,12.0,0.667,3.0,8.0,11.0,8.0,4.0,0.0,0.0,1.0,0.0,8.0,28.0,-5.0,49.2,1,0,47.0,1,11623,1,11623,7178,935,1562,6415,12591,9118,12591,406,170,8322,1214,1175,897,803,764,10665,7210,2107,18137,217,931,15340,1031,1,143,1033,1,29:12,2020,2021
2020-21,201950,Jrue Holiday,Jrue,1610612749,MIL,Milwaukee Bucks,22000859,2021-04-17T00:00:00,MIL vs. MEM,L,38.0,5.0,11.0,0.455,3.0,5.0,0.6,4.0,4.0,1.0,2.0,2.0,4.0,7.0,2.0,2.0,0.0,0.0,0.0,2.0,17.0,-1.0,36.3,0,0,35.0,1,11623,1,11623,1103,6152,6027,11074,1926,4922,2762,2293,3346,1,2547,12139,8731,1198,3645,1208,7210,7735,18137,6289,4514,11703,3605,1849,143,3483,1,37:59,2020,2021
2020-21,1627854,Bryn Forbes,Bryn,1610612749,MIL,Milwaukee Bucks,22000859,2021-04-17T00:00:00,MIL vs. MEM,L,31.0,7.0,13.0,0.538,3.0,9.0,0.333,2.0,2.0,1.0,1.0,5.0,6.0,1.0,1.0,0.0,0.0,0.0,0.0,1.0,19.0,1.0,26.7,0,0,29.0,1,11623,1,11623,5794,3206,4300,7057,1926,930,7875,5395,6645,1,5246,4091,4746,11678,7632,10665,7210,7735,18137,10308,3538,9911,7337,1849,143,5681,1,31:03,2020,2021
2020-21,203648,Thanasis Antetokounmpo,Thanasis,1610612749,MIL,Milwaukee Bucks,22000859,2021-04-17T00:00:00,MIL vs. MEM,L,3.0,0.0,0.0,0.0,0.0,0.0,0.0,0.0,0.0,0.0,2.0,0.0,2.0,0.0,1.0,1.0,0.0,0.0,0.0,0.0,0.0,-1.0,4.4,0,0,4.0,1,11623,1,11623,21974,19893,21894,19893,12591,17891,12591,12008,12752,12008,2547,19725,14385,16819,7632,4032,7210,7735,18137,16020,20448,11703,20215,1849,143,20179,1,3:03,2020,2021
2020-21,1626192,Pat Connaughton,Pat,1610612749,MIL,Milwaukee Bucks,22000840,2021-04-15T00:00:00,MIL @ ATL,W,26.1,5.0,12.0,0.417,4.0,11.0,0.364,0.0,0.0,0.0,1.0,6.0,7.0,0.0,0.0,1.0,0.0,0.0,2.0,0.0,14.0,21.0,25.4,0,0,27.0,1,1,11433,1,9601,6152,5097,12627,910,324,7804,12008,12752,12008,5246,2732,3435,16819,14317,4032,7210,7735,6924,16020,6406,844,7985,1849,143,6522,1,26:03,2020,2021
2020-21,201950,Jrue Holiday,Jrue,1610612749,MIL,Milwaukee Bucks,22000840,2021-04-15T00:00:00,MIL @ ATL,W,33.8,9.0,17.0,0.529,2.0,4.0,0.5,3.0,4.0,0.75,3.0,1.0,4.0,7.0,2.0,1.0,0.0,1.0,1.0,2.0,23.0,-5.0,39.3,0,0,38.0,1,1,11433,1,3775,1450,1960,7342,3957,6909,3573,3646,3346,7245,1214,15987,8731,1198,3645,4032,7210,2107,12223,6289,2060,15340,2773,1849,143,2667,1,33:48,2020,2021
2020-21,203114,Khris Middleton,Khris,1610612749,MIL,Milwaukee Bucks,22000840,2021-04-15T00:00:00,MIL @ ATL,W,33.8,4.0,14.0,0.286,2.0,7.0,0.286,0.0,0.0,0.0,2.0,7.0,9.0,7.0,1.0,1.0,0.0,0.0,3.0,0.0,10.0,-7.0,33.3,0,0,30.0,1,1,11433,1,3775,8251,3568,17105,3957,2331,9877,12008,12752,12008,2547,1742,1852,1198,7632,4032,7210,7735,3130,16020,9732,16841,4617,1849,143,5266,1,33:48,2020,2021
2020-21,201572,Brook Lopez,Brook,1610612749,MIL,Milwaukee Bucks,22000840,2021-04-15T00:00:00,MIL @ ATL,W,31.3,7.0,10.0,0.7,3.0,6.0,0.5,2.0,3.0,0.667,3.0,9.0,12.0,0.0,3.0,0.0,1.0,0.0,3.0,2.0,19.0,-4.0,33.4,1,0,36.0,1,1,11433,1,5613,3206,7133,2696,1926,3460,3573,5395,5327,8322,1214,746,644,16819,1707,10665,2271,7735,3130,6289,3538,14475,4580,1,143,3205,1,31:17,2020,2021
2020-21,203648,Thanasis Antetokounmpo,Thanasis,1610612749,MIL,Milwaukee Bucks,22000840,2021-04-15T00:00:00,MIL @ ATL,W,3.6,0.0,0.0,0.0,0.0,0.0,0.0,0.0,0.0,0.0,1.0,0.0,1.0,0.0,0.0,0.0,0.0,0.0,1.0,0.0,0.0,5.0,1.2,0,0,1.0,1,1,11433,1,21726,19893,21894,19893,12591,17891,12591,12008,12752,12008,5246,19725,17542,16819,14317,10665,7210,7735,12223,16020,20448,6667,21714,1849,143,21671,1,3:37,2020,2021
2020-21,1627854,Bryn Forbes,Bryn,1610612749,MIL,Milwaukee Bucks,22000840,2021-04-15T00:00:00,MIL @ ATL,W,22.0,4.0,9.0,0.444,1.0,6.0,0.167,0.0,0.0,0.0,0.0,1.0,1.0,1.0,0.0,1.0,0.0,0.0,2.0,2.0,9.0,-3.0,14.7,0,0,14.0,1,1,11433,1,12665,8251,8309,11399,7373,3460,12017,12008,12752,12008,11150,15987,17542,11678,14317,4032,7210,7735,6924,6289,10740,13536,14406,1849,143,14223,1,22:02,2020,2021
2020-21,200782,P.J. Tucker,P.J.,1610612749,MIL,Milwaukee Bucks,22000840,2021-04-15T00:00:00,MIL @ ATL,W,16.3,3.0,4.0,0.75,2.0,3.0,0.667,0.0,0.0,0.0,1.0,2.0,3.0,1.0,0.0,0.0,0.0,0.0,1.0,0.0,8.0,12.0,13.1,0,0,14.0,1,1,11433,1,16728,10694,15987,1826,3957,9118,1828,12008,12752,12008,5246,12139,11352,11678,14317,10665,7210,7735,12223,16020,11759,3055,15414,1849,143,14223,1,16:18,2020,2021
2020-21,203507,Giannis Antetokounmpo,Giannis,1610612749,MIL,Milwaukee Bucks,22000840,2021-04-15T00:00:00,MIL @ ATL,W,24.9,7.0,12.0,0.583,1.0,2.0,0.5,0.0,2.0,0.0,0.0,5.0,5.0,2.0,1.0,3.0,0.0,2.0,0.0,5.0,15.0,2.0,32.0,0,0,29.0,1,1,11433,1,10544,3206,5097,5615,7373,11825,3573,12008,6645,12008,11150,4091,6466,7995,7632,347,7210,534,18137,1350,5723,8969,5051,1849,143,5681,1,24:52,2020,2021
2020-21,201952,Jeff Teague,Jeff,1610612749,MIL,Milwaukee Bucks,22000840,2021-04-15T00:00:00,MIL @ ATL,W,26.6,3.0,8.0,0.375,0.0,2.0,0.0,5.0,6.0,0.833,1.0,1.0,2.0,5.0,1.0,0.0,0.0,1.0,2.0,3.0,11.0,18.0,19.9,0,0,18.0,1,1,11433,1,9177,10694,9686,14155,12591,11825,12591,1513,1600,6476,5246,15987,14385,2585,7632,10665,7210,2107,6924,3793,8773,1368,11153,1849,143,11539,1,26:37,2020,2021
2020-21,1626171,Bobby Portis,Bobby,1610612749,MIL,Milwaukee Bucks,22000840,2021-04-15T00:00:00,MIL @ ATL,W,21.6,4.0,9.0,0.444,1.0,2.0,0.5,2.0,2.0,1.0,2.0,5.0,7.0,2.0,0.0,1.0,0.0,0.0,1.0,1.0,11.0,16.0,25.4,0,0,23.0,1,1,11433,1,12949,8251,8309,11399,7373,11825,3573,5395,6645,1,2547,4091,3435,7995,14317,4032,7210,7735,12223,10308,8773,1834,7985,1849,143,8568,1,21:38,2020,2021
2020-21,1628978,Donte DiVincenzo,Donte,1610612749,MIL,Milwaukee Bucks,22000834,2021-04-14T00:00:00,MIL @ MIN,W,23.5,2.0,5.0,0.4,1.0,3.0,0.333,2.0,2.0,1.0,0.0,6.0,6.0,4.0,1.0,0.0,0.0,0.0,1.0,1.0,7.0,14.0,19.2,0,0,18.0,1,1,11433,1,11568,13638,14368,12966,7373,9118,7875,5395,6645,1,11150,2732,4746,3751,7632,10665,7210,7735,12223,10308,12975,2360,11562,1849,143,11539,1,23:30,2020,2021
2020-21,1626192,Pat Connaughton,Pat,1610612749,MIL,Milwaukee Bucks,22000834,2021-04-14T00:00:00,MIL @ MIN,W,21.6,5.0,10.0,0.5,4.0,8.0,0.5,0.0,0.0,0.0,0.0,4.0,4.0,0.0,1.0,0.0,0.0,1.0,3.0,0.0,14.0,13.0,17.8,0,0,22.0,1,1,11433,1,12978,6152,7133,7582,910,1505,3573,12008,12752,12008,11150,6156,8731,16819,7632,10665,7210,2107,3130,16020,6406,2707,12463,1849,143,9111,1,21:36,2020,2021
2020-21,203648,Thanasis Antetokounmpo,Thanasis,1610612749,MIL,Milwaukee Bucks,22000834,2021-04-14T00:00:00,MIL @ MIN,W,22.4,0.0,5.0,0.0,0.0,1.0,0.0,1.0,4.0,0.25,2.0,4.0,6.0,3.0,3.0,2.0,1.0,2.0,2.0,2.0,1.0,3.0,18.7,0,0,16.0,1,1,11433,1,12406,19893,14368,19893,12591,14655,12591,9085,3346,11895,2547,6156,4746,5509,1707,1208,2271,534,6924,6289,20270,8138,11875,1849,143,12891,1,22:22,2020,2021
2020-21,1626171,Bobby Portis,Bobby,1610612749,MIL,Milwaukee Bucks,22000834,2021-04-14T00:00:00,MIL @ MIN,W,24.7,6.0,13.0,0.462,1.0,2.0,0.5,0.0,0.0,0.0,3.0,4.0,7.0,5.0,0.0,2.0,0.0,1.0,2.0,1.0,13.0,14.0,34.9,0,0,30.0,1,1,11433,1,10657,4526,4300,10881,7373,11825,3573,12008,12752,12008,1214,6156,3435,2585,14317,1208,7210,2107,6924,10308,7127,2360,4026,1849,143,5266,1,24:41,2020,2021
2020-21,201950,Jrue Holiday,Jrue,1610612749,MIL,Milwaukee Bucks,22000834,2021-04-14T00:00:00,MIL @ MIN,W,25.5,7.0,15.0,0.467,1.0,3.0,0.333,0.0,0.0,0.0,0.0,4.0,4.0,4.0,2.0,3.0,0.0,0.0,1.0,0.0,15.0,30.0,32.8,0,0,30.0,1,1,11433,1,10059,3206,2946,10758,7373,9118,7875,12008,12752,12008,11150,6156,8731,3751,3645,347,7210,7735,12223,16020,5723,141,4790,1849,143,5266,1,25:30,2020,2021
2020-21,201572,Brook Lopez,Brook,1610612749,MIL,Milwaukee Bucks,22000834,2021-04-14T00:00:00,MIL @ MIN,W,22.8,6.0,9.0,0.667,2.0,4.0,0.5,4.0,4.0,1.0,1.0,7.0,8.0,0.0,0.0,2.0,2.0,1.0,3.0,4.0,18.0,28.0,39.6,0,0,36.0,1,1,11433,1,12093,4526,8309,2900,3957,6909,3573,2293,3346,1,5246,1742,2498,16819,14317,1208,697,2107,3130,2281,3974,229,2714,1849,143,3205,1,22:50,2020,2021
2020-21,203114,Khris Middleton,Khris,1610612749,MIL,Milwaukee Bucks,22000834,2021-04-14T00:00:00,MIL @ MIN,W,25.2,9.0,15.0,0.6,3.0,7.0,0.429,6.0,6.0,1.0,1.0,7.0,8.0,7.0,3.0,1.0,0.0,0.0,0.0,4.0,27.0,27.0,47.1,0,0,47.0,1,1,11433,1,10309,1450,2946,4810,1926,2331,6364,990,1600,1,5246,1742,2498,1198,1707,4032,7210,7735,18137,2281,1108,279,1283,1849,143,1033,1,25:11,2020,2021
2020-21,1629603,Mamadi Diakite,Mamadi,1610612749,MIL,Milwaukee Bucks,22000834,2021-04-14T00:00:00,MIL @ MIN,W,8.4,0.0,2.0,0.0,0.0,0.0,0.0,0.0,0.0,0.0,0.0,1.0,1.0,1.0,1.0,1.0,1.0,0.0,3.0,0.0,0.0,-4.0,7.7,0,0,6.0,1,1,11433,1,20123,19893,19102,19893,12591,17891,12591,12008,12752,12008,11150,15987,17542,11678,7632,4032,2271,7735,3130,16020,20448,14475,18539,1849,143,19107,1,8:21,2020,2021
2020-21,1629066,Rodions Kurucs,Rodions,1610612749,MIL,Milwaukee Bucks,22000834,2021-04-14T00:00:00,MIL @ MIN,W,6.4,3.0,4.0,0.75,2.0,2.0,1.0,0.0,0.0,0.0,0.0,1.0,1.0,0.0,2.0,1.0,0.0,0.0,2.0,0.0,8.0,-2.0,10.2,0,0,13.0,1,1,11433,1,20681,10694,15987,1826,3957,11825,1,12008,12752,12008,11150,15987,17542,16819,3645,4032,7210,7735,6924,16020,11759,12607,17113,1849,143,14865,1,6:22,2020,2021
2020-21,1627854,Bryn Forbes,Bryn,1610612749,MIL,Milwaukee Bucks,22000834,2021-04-14T00:00:00,MIL @ MIN,W,17.4,4.0,7.0,0.571,2.0,5.0,0.4,4.0,5.0,0.8,0.0,1.0,1.0,0.0,1.0,0.0,0.0,0.0,1.0,4.0,14.0,17.0,14.2,0,0,17.0,1,1,11433,1,16016,8251,11165,5826,3957,4922,6751,2293,2536,6837,11150,15987,17542,16819,7632,10665,7210,7735,12223,2281,6406,1579,14717,1849,143,12215,1,17:23,2020,2021
2020-21,201952,Jeff Teague,Jeff,1610612749,MIL,Milwaukee Bucks,22000834,2021-04-14T00:00:00,MIL @ MIN,W,16.4,1.0,6.0,0.167,1.0,2.0,0.5,2.0,2.0,1.0,0.0,1.0,1.0,1.0,1.0,0.0,0.0,1.0,0.0,1.0,5.0,-3.0,6.7,0,0,8.0,1,1,11433,1,16667,16702,12753,19313,7373,11825,3573,5395,6645,1,11150,15987,17542,11678,7632,10665,7210,2107,18137,10308,15263,13536,19087,1849,143,17996,1,16:23,2020,2021
2020-21,200782,P.J. Tucker,P.J.,1610612749,MIL,Milwaukee Bucks,22000834,2021-04-14T00:00:00,MIL @ MIN,W,10.0,0.0,0.0,0.0,0.0,0.0,0.0,0.0,0.0,0.0,0.0,3.0,3.0,1.0,0.0,1.0,0.0,0.0,0.0,0.0,0.0,-6.0,8.1,0,0,6.0,1,1,11433,1,19630,19893,21894,19893,12591,17891,12591,12008,12752,12008,11150,8835,11352,11678,14317,4032,7210,7735,18137,16020,20448,16140,18354,1849,143,19107,1,9:57,2020,2021
2020-21,1629670,Jordan Nwora,Jordan,1610612749,MIL,Milwaukee Bucks,22000834,2021-04-14T00:00:00,MIL @ MIN,W,8.5,3.0,7.0,0.429,2.0,3.0,0.667,0.0,0.0,0.0,0.0,1.0,1.0,0.0,1.0,1.0,0.0,1.0,1.0,0.0,8.0,-2.0,11.2,0,0,13.0,1,1,11433,1,20092,10694,11165,11933,3957,9118,1828,12008,12752,12008,11150,15987,17542,16819,7632,4032,7210,2107,12223,16020,11759,12607,16547,1849,143,14865,1,8:28,2020,2021
2020-21,1630241,Sam Merrill,Sam,1610612749,MIL,Milwaukee Bucks,22000834,2021-04-14T00:00:00,MIL @ MIN,W,7.4,0.0,0.0,0.0,0.0,0.0,0.0,0.0,0.0,0.0,0.0,1.0,1.0,0.0,0.0,0.0,0.0,0.0,1.0,0.0,0.0,-4.0,1.2,0,0,1.0,1,1,11433,1,20345,19893,21894,19893,12591,17891,12591,12008,12752,12008,11150,15987,17542,16819,14317,10665,7210,7735,12223,16020,20448,14475,21714,1849,143,21671,1,7:26,2020,2021
2020-21,201572,Brook Lopez,Brook,1610612749,MIL,Milwaukee Bucks,22000808,2021-04-11T00:00:00,MIL @ ORL,W,22.2,3.0,9.0,0.333,1.0,3.0,0.333,2.0,2.0,1.0,1.0,3.0,4.0,1.0,0.0,0.0,0.0,1.0,1.0,1.0,9.0,14.0,15.3,0,0,15.0,1,1,11433,1,12569,10694,8309,15094,7373,9118,7875,5395,6645,1,5246,8835,8731,11678,14317,10665,7210,2107,12223,10308,10740,2360,14061,1849,143,13541,1,22:09,2020,2021
2020-21,1630241,Sam Merrill,Sam,1610612749,MIL,Milwaukee Bucks,22000808,2021-04-11T00:00:00,MIL @ ORL,W,6.9,2.0,3.0,0.667,2.0,3.0,0.667,2.0,2.0,1.0,0.0,0.0,0.0,1.0,0.0,0.0,0.0,0.0,2.0,1.0,8.0,9.0,9.5,0,0,11.0,1,1,11433,1,20507,13638,17566,2900,3957,9118,1828,5395,6645,1,11150,19725,20503,11678,14317,10665,7210,7735,6924,10308,11759,4365,17539,1849,143,16119,1,6:56,2020,2021
2020-21,1629603,Mamadi Diakite,Mamadi,1610612749,MIL,Milwaukee Bucks,22000808,2021-04-11T00:00:00,MIL @ ORL,W,5.0,0.0,1.0,0.0,0.0,0.0,0.0,0.0,0.0,0.0,1.0,2.0,3.0,0.0,0.0,0.0,0.0,0.0,1.0,0.0,0.0,2.0,3.6,0,0,3.0,1,1,11433,1,21184,19893,20551,19893,12591,17891,12591,12008,12752,12008,5246,12139,11352,16819,14317,10665,7210,7735,12223,16020,20448,8969,20606,1849,143,20717,1,5:01,2020,2021
2020-21,201952,Jeff Teague,Jeff,1610612749,MIL,Milwaukee Bucks,22000808,2021-04-11T00:00:00,MIL @ ORL,W,14.4,0.0,1.0,0.0,0.0,1.0,0.0,2.0,2.0,1.0,0.0,2.0,2.0,3.0,1.0,0.0,1.0,0.0,0.0,1.0,2.0,13.0,10.9,0,0,9.0,1,1,11433,1,17826,19893,20551,19893,12591,14655,12591,5395,6645,1,11150,12139,14385,5509,7632,10665,2271,7735,18137,10308,18664,2707,16754,1849,143,17389,1,14:23,2020,2021
2020-21,1629066,Rodions Kurucs,Rodions,1610612749,MIL,Milwaukee Bucks,22000808,2021-04-11T00:00:00,MIL @ ORL,W,5.0,2.0,2.0,1.0,1.0,1.0,1.0,0.0,0.0,0.0,1.0,1.0,2.0,0.0,0.0,0.0,0.0,0.0,2.0,0.0,5.0,2.0,7.4,0,0,8.0,1,1,11433,1,21184,13638,19102,1,7373,14655,1,12008,12752,12008,5246,15987,14385,16819,14317,10665,7210,7735,6924,16020,15263,8969,18702,1849,143,17996,1,5:01,2020,2021
2020-21,203648,Thanasis Antetokounmpo,Thanasis,1610612749,MIL,Milwaukee Bucks,22000808,2021-04-11T00:00:00,MIL @ ORL,W,20.7,3.0,5.0,0.6,0.0,0.0,0.0,1.0,1.0,1.0,2.0,3.0,5.0,1.0,0.0,0.0,2.0,0.0,3.0,1.0,7.0,22.0,20.5,0,0,17.0,1,1,11433,1,13703,10694,14368,4810,12591,17891,12591,9085,11390,1,2547,8835,6466,11678,14317,10665,697,7735,3130,10308,12975,711,10779,1849,143,12215,1,20:39,2020,2021
2020-21,1627854,Bryn Forbes,Bryn,1610612749,MIL,Milwaukee Bucks,22000808,2021-04-11T00:00:00,MIL @ ORL,W,23.4,5.0,10.0,0.5,2.0,5.0,0.4,1.0,2.0,0.5,0.0,3.0,3.0,2.0,1.0,3.0,0.0,0.0,1.0,1.0,13.0,20.0,27.6,0,0,26.0,1,1,11433,1,11618,6152,7133,7582,3957,4922,6751,9085,6645,9461,11150,8835,11352,7995,7632,347,7210,7735,12223,10308,7127,998,6879,1849,143,6966,1,23:26,2020,2021
2020-21,203114,Khris Middleton,Khris,1610612749,MIL,Milwaukee Bucks,22000808,2021-04-11T00:00:00,MIL @ ORL,W,28.6,8.0,13.0,0.615,2.0,4.0,0.5,3.0,4.0,0.75,2.0,6.0,8.0,5.0,2.0,1.0,1.0,2.0,1.0,3.0,21.0,19.0,42.1,0,0,40.0,1,1,11433,1,7626,2196,4300,4658,3957,6909,3573,3646,3346,7245,2547,2732,2498,2585,3645,4032,2271,534,12223,3793,2727,1175,2151,1849,143,2161,1,28:36,2020,2021
2020-21,1626192,Pat Connaughton,Pat,1610612749,MIL,Milwaukee Bucks,22000808,2021-04-11T00:00:00,MIL @ ORL,W,17.4,4.0,4.0,1.0,3.0,3.0,1.0,0.0,0.0,0.0,1.0,3.0,4.0,2.0,1.0,0.0,0.0,0.0,0.0,0.0,11.0,7.0,17.8,0,0,20.0,1,1,11433,1,15977,8251,15987,1,1926,9118,1,12008,12752,12008,5246,8835,8731,7995,7632,10665,7210,7735,18137,16020,8773,5432,12463,1849,143,10341,1,17:26,2020,2021
2020-21,1626171,Bobby Portis,Bobby,1610612749,MIL,Milwaukee Bucks,22000808,2021-04-11T00:00:00,MIL @ ORL,W,23.5,6.0,12.0,0.5,4.0,6.0,0.667,0.0,0.0,0.0,1.0,9.0,10.0,1.0,2.0,1.0,0.0,1.0,1.0,1.0,16.0,23.0,30.5,1,0,33.0,1,1,11433,1,11572,4526,5097,7582,910,3460,1828,12008,12752,12008,5246,746,1298,11678,3645,4032,7210,2107,12223,10308,5102,597,5614,1,143,4133,1,23:29,2020,2021
2020-21,1628978,Donte DiVincenzo,Donte,1610612749,MIL,Milwaukee Bucks,22000808,2021-04-11T00:00:00,MIL @ ORL,W,26.2,4.0,12.0,0.333,1.0,7.0,0.143,0.0,0.0,0.0,0.0,7.0,7.0,4.0,1.0,1.0,0.0,1.0,1.0,0.0,9.0,16.0,25.4,0,0,23.0,1,1,11433,1,9525,8251,5097,15094,7373,2331,12315,12008,12752,12008,11150,1742,3435,3751,7632,4032,7210,2107,12223,16020,10740,1834,7985,1849,143,8568,1,26:10,2020,2021
2020-21,201950,Jrue Holiday,Jrue,1610612749,MIL,Milwaukee Bucks,22000808,2021-04-11T00:00:00,MIL @ ORL,W,26.7,4.0,10.0,0.4,2.0,2.0,1.0,2.0,2.0,1.0,2.0,3.0,5.0,7.0,2.0,1.0,1.0,1.0,0.0,3.0,12.0,15.0,32.5,0,0,30.0,1,1,11433,1,9129,8251,7133,12966,3957,11825,1,5395,6645,1,2547,8835,6466,1198,3645,4032,2271,2107,18137,3793,7920,2093,4891,1849,143,5266,1,26:41,2020,2021
2020-21,1629670,Jordan Nwora,Jordan,1610612749,MIL,Milwaukee Bucks,22000808,2021-04-11T00:00:00,MIL @ ORL,W,20.1,5.0,12.0,0.417,1.0,5.0,0.2,0.0,0.0,0.0,1.0,2.0,3.0,1.0,1.0,1.0,2.0,0.0,2.0,1.0,11.0,23.0,24.1,0,0,22.0,1,1,11433,1,14151,6152,5097,12627,7373,4922,11380,12008,12752,12008,5246,12139,11352,11678,7632,4032,697,7735,6924,10308,8773,597,8666,1849,143,9111,1,20:03,2020,2021
2020-21,1626171,Bobby Portis,Bobby,1610612749,MIL,Milwaukee Bucks,22000796,2021-04-09T00:00:00,MIL vs. CHA,L,25.2,5.0,15.0,0.333,0.0,2.0,0.0,0.0,0.0,0.0,7.0,6.0,13.0,1.0,6.0,0.0,2.0,3.0,2.0,2.0,10.0,-2.0,27.1,1,0,28.0,1,11623,1,11623,10331,6152,2946,15094,12591,11825,12591,12008,12752,12008,51,2732,466,11678,133,10665,697,122,6924,6289,9732,12607,7141,1,143,6101,1,25:09,2020,2021
2020-21,1629603,Mamadi Diakite,Mamadi,1610612749,MIL,Milwaukee Bucks,22000796,2021-04-09T00:00:00,MIL vs. CHA,L,22.9,2.0,5.0,0.4,0.0,2.0,0.0,6.0,6.0,1.0,0.0,5.0,5.0,1.0,1.0,2.0,0.0,0.0,1.0,6.0,10.0,-6.0,22.5,0,0,20.0,1,11623,1,11623,12080,13638,14368,12966,12591,11825,12591,990,1600,1,11150,4091,6466,11678,7632,1208,7210,7735,12223,795,9732,16140,9581,1849,143,10341,1,22:51,2020,2021
2020-21,1626253,Axel Toupane,Axel,1610612749,MIL,Milwaukee Bucks,22000796,2021-04-09T00:00:00,MIL vs. CHA,L,17.8,2.0,4.0,0.5,1.0,1.0,1.0,4.0,5.0,0.8,0.0,2.0,2.0,2.0,0.0,2.0,0.0,1.0,3.0,3.0,9.0,3.0,20.4,0,0,18.0,1,11623,1,11623,15769,13638,15987,7582,7373,14655,1,2293,2536,6837,11150,12139,14385,7995,14317,1208,7210,2107,3130,3793,10740,8138,10836,1849,143,11539,1,17:45,2020,2021
2020-21,201952,Jeff Teague,Jeff,1610612749,MIL,Milwaukee Bucks,22000796,2021-04-09T00:00:00,MIL vs. CHA,L,28.0,8.0,11.0,0.727,1.0,2.0,0.5,2.0,3.0,0.667,0.0,2.0,2.0,6.0,0.0,1.0,0.0,0.0,1.0,3.0,19.0,-9.0,33.4,0,0,30.0,1,11623,1,11623,8115,2196,6027,2334,7373,11825,3573,5395,5327,8322,11150,12139,14385,1788,14317,4032,7210,7735,12223,3793,3538,18135,4580,1849,143,5266,1,28:01,2020,2021
2020-21,1629670,Jordan Nwora,Jordan,1610612749,MIL,Milwaukee Bucks,22000796,2021-04-09T00:00:00,MIL vs. CHA,L,32.2,9.0,16.0,0.563,4.0,10.0,0.4,2.0,2.0,1.0,0.0,6.0,6.0,2.0,0.0,1.0,0.0,0.0,1.0,1.0,24.0,12.0,37.2,0,0,38.0,1,11623,1,11623,4974,1450,2412,6323,910,556,6751,5395,6645,1,11150,2732,4746,7995,14317,4032,7210,7735,12223,10308,1773,3055,3356,1849,143,2667,1,32:09,2020,2021
2020-21,1627854,Bryn Forbes,Bryn,1610612749,MIL,Milwaukee Bucks,22000796,2021-04-09T00:00:00,MIL vs. CHA,L,26.0,7.0,14.0,0.5,4.0,8.0,0.5,0.0,0.0,0.0,0.0,3.0,3.0,2.0,2.0,0.0,0.0,0.0,0.0,0.0,18.0,-15.0,22.6,0,0,27.0,1,11623,1,11623,9630,3206,3568,7582,910,1505,3573,12008,12752,12008,11150,8835,11352,7995,3645,10665,7210,7735,18137,16020,3974,20857,9516,1849,143,6522,1,26:01,2020,2021
2020-21,1630241,Sam Merrill,Sam,1610612749,MIL,Milwaukee Bucks,22000796,2021-04-09T00:00:00,MIL vs. CHA,L,26.7,5.0,13.0,0.385,3.0,8.0,0.375,0.0,0.0,0.0,0.0,6.0,6.0,2.0,1.0,0.0,0.0,2.0,3.0,0.0,13.0,3.0,22.2,0,0,24.0,1,11623,1,11623,9089,6152,4300,13990,1926,1505,7570,12008,12752,12008,11150,2732,4746,7995,7632,10665,7210,534,3130,16020,7127,8138,9735,1849,143,8016,1,26:44,2020,2021
2020-21,1626192,Pat Connaughton,Pat,1610612749,MIL,Milwaukee Bucks,22000796,2021-04-09T00:00:00,MIL vs. CHA,L,17.6,1.0,4.0,0.25,1.0,3.0,0.333,1.0,2.0,0.5,1.0,0.0,1.0,0.0,1.0,1.0,1.0,1.0,1.0,1.0,4.0,-20.0,10.2,0,0,10.0,1,11623,1,11623,15862,16702,15987,17720,7373,9118,7875,9085,6645,9461,5246,19725,17542,16819,7632,4032,2271,2107,12223,10308,16353,22072,17113,1849,143,16754,1,17:37,2020,2021
2020-21,203648,Thanasis Antetokounmpo,Thanasis,1610612749,MIL,Milwaukee Bucks,22000796,2021-04-09T00:00:00,MIL vs. CHA,L,26.8,5.0,15.0,0.333,0.0,2.0,0.0,2.0,5.0,0.4,3.0,1.0,4.0,3.0,5.0,1.0,0.0,2.0,1.0,3.0,12.0,-6.0,19.3,0,0,21.0,1,11623,1,11623,9057,6152,2946,15094,12591,11825,12591,5395,2536,11642,1214,15987,8731,5509,321,4032,7210,534,12223,3793,7920,16140,11515,1849,143,9724,1,26:46,2020,2021
2020-21,1629066,Rodions Kurucs,Rodions,1610612749,MIL,Milwaukee Bucks,22000796,2021-04-09T00:00:00,MIL vs. CHA,L,17.0,0.0,1.0,0.0,0.0,0.0,0.0,0.0,0.0,0.0,2.0,4.0,6.0,4.0,1.0,2.0,0.0,1.0,1.0,0.0,0.0,0.0,18.2,0,0,14.0,1,11623,1,11623,16296,19893,20551,19893,12591,17891,12591,12008,12752,12008,2547,6156,4746,3751,7632,1208,7210,2107,12223,16020,20448,10797,12184,1849,143,14223,1,16:57,2020,2021
2020-21,1629603,Mamadi Diakite,Mamadi,1610612749,MIL,Milwaukee Bucks,22000786,2021-04-08T00:00:00,MIL @ DAL,L,1.4,0.0,0.0,0.0,0.0,0.0,0.0,0.0,0.0,0.0,0.0,1.0,1.0,0.0,0.0,0.0,0.0,0.0,0.0,0.0,0.0,-2.0,1.2,0,0,1.0,1,11623,1,11623,22679,19893,21894,19893,12591,17891,12591,12008,12752,12008,11150,15987,17542,16819,14317,10665,7210,7735,18137,16020,20448,12607,21714,1849,143,21671,1,1:24,2020,2021
2020-21,1627854,Bryn Forbes,Bryn,1610612749,MIL,Milwaukee Bucks,22000786,2021-04-08T00:00:00,MIL @ DAL,L,15.9,0.0,4.0,0.0,0.0,4.0,0.0,3.0,4.0,0.75,0.0,2.0,2.0,0.0,0.0,0.0,0.0,0.0,2.0,2.0,3.0,3.0,5.4,0,0,5.0,1,11623,1,11623,16957,19893,15987,19893,12591,6909,12591,3646,3346,7245,11150,12139,14385,16819,14317,10665,7210,7735,6924,6289,17485,8138,19725,1849,143,19629,1,15:52,2020,2021
2020-21,201952,Jeff Teague,Jeff,1610612749,MIL,Milwaukee Bucks,22000786,2021-04-08T00:00:00,MIL @ DAL,L,15.5,1.0,3.0,0.333,0.0,1.0,0.0,4.0,4.0,1.0,0.0,1.0,1.0,3.0,2.0,0.0,0.0,0.0,2.0,2.0,6.0,-5.0,9.7,0,0,10.0,1,11623,1,11623,17186,16702,17566,15094,12591,14655,12591,2293,3346,1,11150,15987,17542,5509,3645,10665,7210,7735,6924,6289,13920,15340,17407,1849,143,16754,1,15:31,2020,2021
2020-21,203648,Thanasis Antetokounmpo,Thanasis,1610612749,MIL,Milwaukee Bucks,22000786,2021-04-08T00:00:00,MIL @ DAL,L,17.9,1.0,2.0,0.5,0.0,1.0,0.0,0.0,0.0,0.0,3.0,1.0,4.0,1.0,1.0,1.0,0.0,0.0,4.0,1.0,2.0,4.0,10.3,0,0,9.0,1,11623,1,11623,15672,16702,19102,7582,12591,14655,12591,12008,12752,12008,1214,15987,8731,11678,7632,4032,7210,7735,1059,10308,18664,7366,17092,1849,143,17389,1,17:54,2020,2021
2020-21,1626253,Axel Toupane,Axel,1610612749,MIL,Milwaukee Bucks,22000786,2021-04-08T00:00:00,MIL @ DAL,L,2.2,0.0,0.0,0.0,0.0,0.0,0.0,1.0,2.0,0.5,0.0,0.0,0.0,0.0,0.0,0.0,0.0,0.0,0.0,1.0,1.0,-1.0,1.0,0,0,1.0,1,11623,1,11623,22340,19893,21894,19893,12591,17891,12591,9085,6645,9461,11150,19725,20503,16819,14317,10665,7210,7735,18137,10308,20270,11703,22003,1849,143,21671,1,2:11,2020,2021
2020-21,201572,Brook Lopez,Brook,1610612749,MIL,Milwaukee Bucks,22000786,2021-04-08T00:00:00,MIL @ DAL,L,30.7,7.0,11.0,0.636,2.0,3.0,0.667,0.0,0.0,0.0,2.0,2.0,4.0,1.0,0.0,1.0,0.0,0.0,2.0,2.0,16.0,-11.0,25.3,0,0,25.0,1,11623,1,11623,6050,3206,6027,4151,3957,9118,1828,12008,12752,12008,2547,12139,8731,11678,14317,4032,7210,7735,6924,6289,5102,19248,8044,1849,143,7461,1,30:41,2020,2021
2020-21,201950,Jrue Holiday,Jrue,1610612749,MIL,Milwaukee Bucks,22000786,2021-04-08T00:00:00,MIL @ DAL,L,34.2,6.0,16.0,0.375,1.0,4.0,0.25,0.0,0.0,0.0,1.0,4.0,5.0,3.0,3.0,0.0,1.0,1.0,3.0,2.0,13.0,-24.0,23.5,0,0,24.0,1,11623,1,11623,3481,4526,2412,14155,7373,6909,10244,12008,12752,12008,5246,6156,6466,5509,1707,10665,2271,2107,3130,6289,7127,22607,8994,1849,143,8016,1,34:10,2020,2021
2020-21,1626171,Bobby Portis,Bobby,1610612749,MIL,Milwaukee Bucks,22000786,2021-04-08T00:00:00,MIL @ DAL,L,34.8,8.0,19.0,0.421,1.0,4.0,0.25,3.0,4.0,0.75,3.0,11.0,14.0,2.0,0.0,1.0,0.0,1.0,1.0,3.0,20.0,-17.0,42.8,1,0,39.0,1,11623,1,11623,3059,2196,1220,12562,7373,6909,10244,3646,3346,7245,1214,284,317,7995,14317,4032,7210,2107,12223,3793,3090,21411,2010,1,143,2395,1,34:47,2020,2021
2020-21,1628978,Donte DiVincenzo,Donte,1610612749,MIL,Milwaukee Bucks,22000786,2021-04-08T00:00:00,MIL @ DAL,L,29.5,7.0,13.0,0.538,6.0,10.0,0.6,2.0,2.0,1.0,0.0,6.0,6.0,2.0,2.0,2.0,0.0,0.0,2.0,1.0,22.0,-11.0,36.2,0,0,40.0,1,11623,1,11623,7004,3206,4300,7057,160,556,2762,5395,6645,1,11150,2732,4746,7995,3645,1208,7210,7735,6924,10308,2373,19248,3646,1849,143,2161,1,29:28,2020,2021
2020-21,1626192,Pat Connaughton,Pat,1610612749,MIL,Milwaukee Bucks,22000786,2021-04-08T00:00:00,MIL @ DAL,L,22.7,2.0,5.0,0.4,0.0,2.0,0.0,0.0,0.0,0.0,3.0,4.0,7.0,1.0,0.0,2.0,0.0,0.0,1.0,1.0,4.0,13.0,19.9,0,0,16.0,1,11623,1,11623,12168,13638,14368,12966,12591,11825,12591,12008,12752,12008,1214,6156,3435,11678,14317,1208,7210,7735,12223,10308,16353,2707,11153,1849,143,12891,1,22:43,2020,2021
2020-21,203114,Khris Middleton,Khris,1610612749,MIL,Milwaukee Bucks,22000786,2021-04-08T00:00:00,MIL @ DAL,L,35.3,6.0,27.0,0.222,2.0,4.0,0.5,0.0,0.0,0.0,2.0,6.0,8.0,3.0,1.0,1.0,0.0,6.0,3.0,0.0,14.0,-24.0,30.1,0,0,29.0,1,11623,1,11623,2669,4526,89,18584,3957,6909,3573,12008,12752,12008,2547,2732,2498,5509,7632,4032,7210,4,3130,16020,6406,22607,5787,1849,143,5681,1,35:20,2020,2021
2020-21,1627854,Bryn Forbes,Bryn,1610612749,MIL,Milwaukee Bucks,22000774,2021-04-06T00:00:00,MIL @ GSW,L,13.6,3.0,5.0,0.6,2.0,2.0,1.0,0.0,0.0,0.0,0.0,0.0,0.0,0.0,0.0,1.0,0.0,1.0,0.0,0.0,8.0,-3.0,11.0,0,0,12.0,1,11623,1,11623,18185,10694,14368,4810,3957,11825,1,12008,12752,12008,11150,19725,20503,16819,14317,4032,7210,2107,18137,16020,11759,13536,16679,1849,143,15506,1,13:35,2020,2021
2020-21,201952,Jeff Teague,Jeff,1610612749,MIL,Milwaukee Bucks,22000774,2021-04-06T00:00:00,MIL @ GSW,L,15.6,5.0,7.0,0.714,2.0,2.0,1.0,3.0,3.0,1.0,0.0,1.0,1.0,3.0,0.0,0.0,0.0,1.0,3.0,2.0,15.0,-2.0,20.7,0,0,21.0,1,11623,1,11623,17142,6152,11165,2429,3957,11825,1,3646,5327,1,11150,15987,17542,5509,14317,10665,7210,2107,3130,6289,5723,12607,10659,1849,143,9724,1,15:34,2020,2021
2020-21,1626192,Pat Connaughton,Pat,1610612749,MIL,Milwaukee Bucks,22000774,2021-04-06T00:00:00,MIL @ GSW,L,25.4,1.0,6.0,0.167,0.0,4.0,0.0,1.0,2.0,0.5,1.0,7.0,8.0,2.0,0.0,0.0,0.0,0.0,0.0,1.0,3.0,9.0,15.6,0,0,13.0,1,11623,1,11623,10124,16702,12753,19313,12591,6909,12591,9085,6645,9461,5246,1742,2498,7995,14317,10665,7210,7735,18137,10308,17485,4365,13857,1849,143,14865,1,25:25,2020,2021
2020-21,1626253,Axel Toupane,Axel,1610612749,MIL,Milwaukee Bucks,22000774,2021-04-06T00:00:00,MIL @ GSW,L,0.5,0.0,0.0,0.0,0.0,0.0,0.0,0.0,0.0,0.0,0.0,0.0,0.0,0.0,0.0,0.0,0.0,0.0,0.0,0.0,0.0,-3.0,0.0,0,0,0.0,1,11623,1,11623,22958,19893,21894,19893,12591,17891,12591,12008,12752,12008,11150,19725,20503,16819,14317,10665,7210,7735,18137,16020,20448,13536,22167,1849,143,22207,1,0:33,2020,2021
2020-21,1629670,Jordan Nwora,Jordan,1610612749,MIL,Milwaukee Bucks,22000774,2021-04-06T00:00:00,MIL @ GSW,L,2.7,0.0,0.0,0.0,0.0,0.0,0.0,0.0,0.0,0.0,0.0,0.0,0.0,0.0,0.0,0.0,0.0,0.0,0.0,0.0,0.0,-1.0,0.0,0,0,0.0,1,11623,1,11623,22106,19893,21894,19893,12591,17891,12591,12008,12752,12008,11150,19725,20503,16819,14317,10665,7210,7735,18137,16020,20448,11703,22167,1849,143,22207,1,2:44,2020,2021
2020-21,201950,Jrue Holiday,Jrue,1610612749,MIL,Milwaukee Bucks,22000774,2021-04-06T00:00:00,MIL @ GSW,L,34.0,11.0,18.0,0.611,4.0,7.0,0.571,3.0,3.0,1.0,2.0,1.0,3.0,5.0,8.0,1.0,0.0,1.0,4.0,2.0,29.0,-13.0,35.1,0,0,43.0,1,11623,1,11623,3616,575,1562,4761,910,2331,3225,3646,5327,1,2547,15987,11352,2585,13,4032,7210,2107,1059,6289,787,20143,3955,1849,143,1612,1,33:59,2020,2021
2020-21,203114,Khris Middleton,Khris,1610612749,MIL,Milwaukee Bucks,22000774,2021-04-06T00:00:00,MIL @ GSW,L,37.4,10.0,19.0,0.526,2.0,4.0,0.5,6.0,6.0,1.0,0.0,2.0,2.0,7.0,5.0,1.0,0.0,2.0,1.0,4.0,28.0,7.0,38.9,0,0,41.0,1,11623,1,11623,1402,935,1220,7428,3957,6909,3573,990,1600,1,11150,12139,14385,1198,321,4032,7210,534,12223,2281,931,5432,2879,1849,143,1987,1,37:22,2020,2021
2020-21,201572,Brook Lopez,Brook,1610612749,MIL,Milwaukee Bucks,22000774,2021-04-06T00:00:00,MIL @ GSW,L,33.2,3.0,9.0,0.333,0.0,4.0,0.0,3.0,3.0,1.0,1.0,2.0,3.0,2.0,0.0,0.0,2.0,0.0,2.0,4.0,9.0,-5.0,21.6,0,0,18.0,1,11623,1,11623,4182,10694,8309,15094,12591,6909,12591,3646,5327,1,5246,12139,11352,7995,14317,10665,697,7735,6924,2281,10740,15340,10104,1849,143,11539,1,33:13,2020,2021
2020-21,203648,Thanasis Antetokounmpo,Thanasis,1610612749,MIL,Milwaukee Bucks,22000774,2021-04-06T00:00:00,MIL @ GSW,L,19.7,4.0,4.0,1.0,0.0,0.0,0.0,2.0,3.0,0.667,0.0,5.0,5.0,1.0,0.0,0.0,0.0,0.0,2.0,2.0,10.0,4.0,17.5,0,0,16.0,1,11623,1,11623,14397,8251,15987,1,12591,17891,12591,5395,5327,8322,11150,4091,6466,11678,14317,10665,7210,7735,6924,6289,9732,7366,12662,1849,143,12891,1,19:43,2020,2021
2020-21,1628978,Donte DiVincenzo,Donte,1610612749,MIL,Milwaukee Bucks,22000774,2021-04-06T00:00:00,MIL @ GSW,L,29.6,2.0,8.0,0.25,2.0,6.0,0.333,0.0,0.0,0.0,2.0,3.0,5.0,5.0,1.0,3.0,0.0,0.0,1.0,1.0,6.0,-4.0,27.5,0,0,24.0,1,11623,1,11623,6881,13638,9686,17720,3957,3460,7875,12008,12752,12008,2547,8835,6466,2585,7632,347,7210,7735,12223,10308,13920,14475,6937,1849,143,8016,1,29:37,2020,2021
2020-21,1626171,Bobby Portis,Bobby,1610612749,MIL,Milwaukee Bucks,22000774,2021-04-06T00:00:00,MIL @ GSW,L,28.3,5.0,10.0,0.5,2.0,3.0,0.667,1.0,2.0,0.5,0.0,13.0,13.0,0.0,0.0,1.0,0.0,0.0,0.0,2.0,13.0,6.0,31.6,1,0,30.0,1,11623,1,11623,7924,6152,7133,7582,3957,9118,1828,9085,6645,9461,11150,100,466,16819,14317,4032,7210,7735,18137,6289,7127,6032,5191,1,143,5266,1,28:15,2020,2021
2020-21,201952,Jeff Teague,Jeff,1610612749,MIL,Milwaukee Bucks,22000754,2021-04-03T00:00:00,MIL @ SAC,W,17.6,1.0,5.0,0.2,0.0,2.0,0.0,0.0,0.0,0.0,0.0,1.0,1.0,5.0,0.0,0.0,0.0,1.0,0.0,0.0,2.0,2.0,10.7,0,0,8.0,1,1,11433,1,15872,16702,14368,18781,12591,11825,12591,12008,12752,12008,11150,15987,17542,2585,14317,10665,7210,2107,18137,16020,18664,8969,16848,1849,143,17996,1,17:36,2020,2021
2020-21,1629670,Jordan Nwora,Jordan,1610612749,MIL,Milwaukee Bucks,22000754,2021-04-03T00:00:00,MIL @ SAC,W,12.8,1.0,3.0,0.333,1.0,3.0,0.333,0.0,0.0,0.0,0.0,2.0,2.0,0.0,1.0,3.0,0.0,0.0,0.0,0.0,3.0,3.0,13.4,0,0,12.0,1,1,11433,1,18555,16702,17566,15094,7373,9118,7875,12008,12752,12008,11150,12139,14385,16819,7632,347,7210,7735,18137,16020,17485,8138,15209,1849,143,15506,1,12:49,2020,2021
2020-21,1626171,Bobby Portis,Bobby,1610612749,MIL,Milwaukee Bucks,22000754,2021-04-03T00:00:00,MIL @ SAC,W,20.3,8.0,9.0,0.889,0.0,0.0,0.0,2.0,2.0,1.0,1.0,5.0,6.0,1.0,1.0,0.0,0.0,0.0,0.0,1.0,18.0,8.0,25.7,0,0,25.0,1,1,11433,1,13965,2196,8309,1139,12591,17891,12591,5395,6645,1,5246,4091,4746,11678,7632,10665,7210,7735,18137,10308,3974,4875,7851,1849,143,7461,1,20:18,2020,2021
2020-21,203114,Khris Middleton,Khris,1610612749,MIL,Milwaukee Bucks,22000754,2021-04-03T00:00:00,MIL @ SAC,W,34.4,4.0,16.0,0.25,1.0,5.0,0.2,7.0,7.0,1.0,0.0,3.0,3.0,5.0,3.0,2.0,0.0,1.0,1.0,4.0,16.0,-15.0,30.1,0,0,29.0,1,1,11433,1,3286,8251,2412,17720,7373,4922,11380,650,1176,1,11150,8835,11352,2585,1707,1208,7210,2107,12223,2281,5102,20857,5787,1849,143,5681,1,34:26,2020,2021
2020-21,1626192,Pat Connaughton,Pat,1610612749,MIL,Milwaukee Bucks,22000754,2021-04-03T00:00:00,MIL @ SAC,W,31.2,3.0,8.0,0.375,0.0,3.0,0.0,3.0,4.0,0.75,0.0,6.0,6.0,2.0,0.0,1.0,0.0,0.0,0.0,2.0,9.0,-2.0,22.2,0,0,19.0,1,1,11433,1,5693,10694,9686,14155,12591,9118,12591,3646,3346,7245,11150,2732,4746,7995,14317,4032,7210,7735,18137,6289,10740,12607,9735,1849,143,10964,1,31:10,2020,2021
2020-21,201950,Jrue Holiday,Jrue,1610612749,MIL,Milwaukee Bucks,22000754,2021-04-03T00:00:00,MIL @ SAC,W,37.3,14.0,23.0,0.609,3.0,5.0,0.6,2.0,3.0,0.667,6.0,1.0,7.0,11.0,2.0,1.0,1.0,1.0,2.0,2.0,33.0,7.0,61.9,1,0,58.0,1,1,11433,1,1429,114,385,4797,1926,4922,2762,5395,5327,8322,133,15987,3435,214,3645,4032,2271,2107,6924,6289,385,5432,196,1,143,240,1,37:19,2020,2021
2020-21,201572,Brook Lopez,Brook,1610612749,MIL,Milwaukee Bucks,22000754,2021-04-03T00:00:00,MIL @ SAC,W,31.0,11.0,13.0,0.846,2.0,4.0,0.5,2.0,2.0,1.0,1.0,3.0,4.0,0.0,0.0,1.0,2.0,0.0,3.0,5.0,26.0,6.0,39.8,0,0,38.0,1,1,11433,1,5797,575,4300,1295,3957,6909,3573,5395,6645,1,5246,8835,8731,16819,14317,4032,697,7735,3130,1350,1304,6032,2650,1849,143,2667,1,31:02,2020,2021
2020-21,1628978,Donte DiVincenzo,Donte,1610612749,MIL,Milwaukee Bucks,22000754,2021-04-03T00:00:00,MIL @ SAC,W,31.1,4.0,9.0,0.444,2.0,4.0,0.5,2.0,2.0,1.0,3.0,11.0,14.0,7.0,3.0,1.0,0.0,1.0,4.0,3.0,12.0,1.0,39.3,1,0,37.0,1,1,11433,1,5732,8251,8309,11399,3957,6909,3573,5395,6645,1,1214,284,317,1198,1707,4032,7210,2107,1059,3793,7920,9911,2773,1,143,2922,1,31:07,2020,2021
2020-21,203648,Thanasis Antetokounmpo,Thanasis,1610612749,MIL,Milwaukee Bucks,22000754,2021-04-03T00:00:00,MIL @ SAC,W,8.5,1.0,2.0,0.5,0.0,1.0,0.0,0.0,0.0,0.0,1.0,3.0,4.0,0.0,2.0,0.0,0.0,0.0,2.0,0.0,2.0,-6.0,4.8,0,0,6.0,1,1,11433,1,20101,16702,19102,7582,12591,14655,12591,12008,12752,12008,5246,8835,8731,16819,3645,10665,7210,7735,6924,16020,18664,16140,20031,1849,143,19107,1,8:28,2020,2021
2020-21,1627854,Bryn Forbes,Bryn,1610612749,MIL,Milwaukee Bucks,22000754,2021-04-03T00:00:00,MIL @ SAC,W,15.8,3.0,5.0,0.6,2.0,4.0,0.5,0.0,0.0,0.0,0.0,0.0,0.0,0.0,1.0,1.0,0.0,0.0,3.0,0.0,8.0,1.0,10.0,0,0,12.0,1,1,11433,1,17028,10694,14368,4810,3957,6909,3573,12008,12752,12008,11150,19725,20503,16819,7632,4032,7210,7735,3130,16020,11759,9911,17252,1849,143,15506,1,15:45,2020,2021
2020-21,201952,Jeff Teague,Jeff,1610612749,MIL,Milwaukee Bucks,22000745,2021-04-02T00:00:00,MIL @ POR,W,13.3,1.0,1.0,1.0,0.0,0.0,0.0,0.0,0.0,0.0,0.0,1.0,1.0,2.0,1.0,0.0,2.0,0.0,0.0,1.0,2.0,-7.0,11.2,0,0,9.0,1,1,11433,1,18350,16702,20551,1,12591,17891,12591,12008,12752,12008,11150,15987,17542,7995,7632,10665,697,7735,18137,10308,18664,16841,16547,1849,143,17389,1,13:16,2020,2021
2020-21,203648,Thanasis Antetokounmpo,Thanasis,1610612749,MIL,Milwaukee Bucks,22000745,2021-04-02T00:00:00,MIL @ POR,W,7.6,0.0,0.0,0.0,0.0,0.0,0.0,0.0,0.0,0.0,1.0,1.0,2.0,0.0,0.0,0.0,0.0,0.0,1.0,1.0,0.0,-5.0,2.4,0,0,2.0,1,1,11433,1,20293,19893,21894,19893,12591,17891,12591,12008,12752,12008,5246,15987,14385,16819,14317,10665,7210,7735,12223,10308,20448,15340,21190,1849,143,21139,1,7:38,2020,2021
2020-21,1629670,Jordan Nwora,Jordan,1610612749,MIL,Milwaukee Bucks,22000745,2021-04-02T00:00:00,MIL @ POR,W,3.4,1.0,2.0,0.5,1.0,2.0,0.5,0.0,0.0,0.0,0.0,1.0,1.0,0.0,0.0,0.0,0.0,0.0,1.0,0.0,3.0,1.0,4.2,0,0,5.0,1,1,11433,1,21833,16702,19102,7582,7373,11825,3573,12008,12752,12008,11150,15987,17542,16819,14317,10665,7210,7735,12223,16020,17485,9911,20314,1849,143,19629,1,3:21,2020,2021
2020-21,203507,Giannis Antetokounmpo,Giannis,1610612749,MIL,Milwaukee Bucks,22000745,2021-04-02T00:00:00,MIL @ POR,W,33.1,18.0,21.0,0.857,0.0,3.0,0.0,11.0,13.0,0.846,1.0,11.0,12.0,2.0,4.0,1.0,3.0,0.0,2.0,10.0,47.0,17.0,72.4,1,0,69.0,1,1,11433,1,4279,12,691,1219,12591,9118,12591,105,117,6463,5246,284,644,7995,764,4032,231,7735,6924,51,19,1579,46,1,143,48,1,33:05,2020,2021
2020-21,201950,Jrue Holiday,Jrue,1610612749,MIL,Milwaukee Bucks,22000745,2021-04-02T00:00:00,MIL @ POR,W,33.1,9.0,14.0,0.643,2.0,6.0,0.333,2.0,2.0,1.0,0.0,4.0,4.0,10.0,3.0,2.0,0.0,1.0,1.0,3.0,22.0,26.0,44.8,1,0,42.0,1,1,11433,1,4265,1450,3568,4072,3957,3460,7875,5395,6645,1,11150,6156,8731,345,1707,1208,7210,2107,12223,3793,2373,336,1629,1,143,1788,1,33:06,2020,2021
2020-21,203114,Khris Middleton,Khris,1610612749,MIL,Milwaukee Bucks,22000745,2021-04-02T00:00:00,MIL @ POR,W,32.2,8.0,13.0,0.615,2.0,4.0,0.5,2.0,2.0,1.0,1.0,6.0,7.0,8.0,5.0,3.0,0.0,1.0,3.0,1.0,20.0,25.0,44.4,0,0,43.0,1,1,11433,1,4957,2196,4300,4658,3957,6909,3573,5395,6645,1,5246,2732,3435,803,321,347,7210,2107,3130,10308,3090,405,1696,1849,143,1612,1,32:11,2020,2021
2020-21,1626171,Bobby Portis,Bobby,1610612749,MIL,Milwaukee Bucks,22000745,2021-04-02T00:00:00,MIL @ POR,W,17.2,3.0,9.0,0.333,0.0,2.0,0.0,0.0,0.0,0.0,0.0,7.0,7.0,1.0,0.0,1.0,0.0,1.0,0.0,0.0,6.0,11.0,18.9,0,0,16.0,1,1,11433,1,16173,10694,8309,15094,12591,11825,12591,12008,12752,12008,11150,1742,3435,11678,14317,4032,7210,2107,18137,16020,13920,3454,11751,1849,143,12891,1,17:10,2020,2021
2020-21,1627854,Bryn Forbes,Bryn,1610612749,MIL,Milwaukee Bucks,22000745,2021-04-02T00:00:00,MIL @ POR,W,19.1,3.0,10.0,0.3,3.0,6.0,0.5,0.0,0.0,0.0,0.0,3.0,3.0,0.0,0.0,0.0,0.0,0.0,4.0,0.0,9.0,6.0,12.6,0,0,15.0,1,1,11433,1,14833,10694,7133,16897,1926,3460,3573,12008,12752,12008,11150,8835,11352,16819,14317,10665,7210,7735,1059,16020,10740,6032,15734,1849,143,13541,1,19:08,2020,2021
2020-21,1626192,Pat Connaughton,Pat,1610612749,MIL,Milwaukee Bucks,22000745,2021-04-02T00:00:00,MIL @ POR,W,27.8,2.0,7.0,0.286,0.0,5.0,0.0,0.0,0.0,0.0,0.0,6.0,6.0,0.0,0.0,0.0,0.0,0.0,1.0,0.0,4.0,-7.0,11.2,0,0,10.0,1,1,11433,1,8257,13638,11165,17105,12591,4922,12591,12008,12752,12008,11150,2732,4746,16819,14317,10665,7210,7735,12223,16020,16353,16841,16547,1849,143,16754,1,27:50,2020,2021
2020-21,201572,Brook Lopez,Brook,1610612749,MIL,Milwaukee Bucks,22000745,2021-04-02T00:00:00,MIL @ POR,W,23.8,3.0,6.0,0.5,3.0,6.0,0.5,0.0,0.0,0.0,1.0,2.0,3.0,0.0,0.0,0.0,0.0,0.0,3.0,1.0,9.0,13.0,12.6,0,0,15.0,1,1,11433,1,11341,10694,12753,7582,1926,3460,3573,12008,12752,12008,5246,12139,11352,16819,14317,10665,7210,7735,3130,10308,10740,2707,15734,1849,143,13541,1,23:47,2020,2021
2020-21,1628978,Donte DiVincenzo,Donte,1610612749,MIL,Milwaukee Bucks,22000745,2021-04-02T00:00:00,MIL @ POR,W,29.5,1.0,7.0,0.143,1.0,5.0,0.2,2.0,2.0,1.0,0.0,4.0,4.0,2.0,2.0,0.0,0.0,0.0,2.0,1.0,5.0,10.0,10.8,0,0,12.0,1,1,11433,1,6994,16702,11165,19554,7373,4922,11380,5395,6645,1,11150,6156,8731,7995,3645,10665,7210,7735,6924,10308,15263,3883,16796,1849,143,15506,1,29:28,2020,2021
2020-21,1626192,Pat Connaughton,Pat,1610612749,MIL,Milwaukee Bucks,22000729,2021-03-31T00:00:00,MIL @ LAL,W,27.3,2.0,5.0,0.4,1.0,3.0,0.333,0.0,0.0,0.0,0.0,5.0,5.0,0.0,1.0,0.0,0.0,0.0,1.0,2.0,5.0,5.0,10.0,0,0,11.0,1,1,11433,1,8626,13638,14368,12966,7373,9118,7875,12008,12752,12008,11150,4091,6466,16819,7632,10665,7210,7735,12223,6289,15263,6667,17252,1849,143,16119,1,27:20,2020,2021
2020-21,201572,Brook Lopez,Brook,1610612749,MIL,Milwaukee Bucks,22000729,2021-03-31T00:00:00,MIL @ LAL,W,31.0,2.0,3.0,0.667,0.0,1.0,0.0,0.0,0.0,0.0,1.0,4.0,5.0,3.0,0.0,0.0,4.0,0.0,2.0,1.0,4.0,15.0,26.5,0,0,20.0,1,1,11433,1,5818,13638,17566,2900,12591,14655,12591,12008,12752,12008,5246,6156,6466,5509,14317,10665,77,7735,6924,10308,16353,2093,7446,1849,143,10341,1,31:00,2020,2021
2020-21,203507,Giannis Antetokounmpo,Giannis,1610612749,MIL,Milwaukee Bucks,22000729,2021-03-31T00:00:00,MIL @ LAL,W,35.5,8.0,13.0,0.615,1.0,1.0,1.0,8.0,10.0,0.8,2.0,8.0,10.0,4.0,9.0,0.0,3.0,1.0,2.0,11.0,25.0,11.0,43.0,1,0,46.0,1,1,11433,1,2570,2196,4300,4658,7373,14655,1,406,360,6837,2547,1175,1298,3751,2,10665,231,2107,6924,23,1512,3454,1961,1,143,1183,1,35:30,2020,2021
2020-21,201950,Jrue Holiday,Jrue,1610612749,MIL,Milwaukee Bucks,22000729,2021-03-31T00:00:00,MIL @ LAL,W,34.2,11.0,16.0,0.688,3.0,5.0,0.6,3.0,4.0,0.75,0.0,8.0,8.0,6.0,4.0,4.0,1.0,1.0,1.0,3.0,28.0,21.0,57.6,0,0,55.0,1,1,11433,1,3453,575,2412,2869,1926,4922,2762,3646,3346,7245,11150,1175,2498,1788,764,82,2271,2107,12223,3793,931,844,356,1849,143,379,1,34:12,2020,2021
2020-21,1627854,Bryn Forbes,Bryn,1610612749,MIL,Milwaukee Bucks,22000729,2021-03-31T00:00:00,MIL @ LAL,W,20.5,3.0,7.0,0.429,3.0,5.0,0.6,0.0,0.0,0.0,0.0,1.0,1.0,0.0,0.0,2.0,0.0,0.0,0.0,1.0,9.0,6.0,16.2,0,0,17.0,1,1,11433,1,13859,10694,11165,11933,1926,4922,2762,12008,12752,12008,11150,15987,17542,16819,14317,1208,7210,7735,18137,10308,10740,6032,13471,1849,143,12215,1,20:28,2020,2021
2020-21,1630241,Sam Merrill,Sam,1610612749,MIL,Milwaukee Bucks,22000729,2021-03-31T00:00:00,MIL @ LAL,W,1.4,0.0,0.0,0.0,0.0,0.0,0.0,0.0,0.0,0.0,0.0,0.0,0.0,0.0,0.0,0.0,0.0,0.0,0.0,0.0,0.0,1.0,0.0,0,0,0.0,1,1,11433,1,22670,19893,21894,19893,12591,17891,12591,12008,12752,12008,11150,19725,20503,16819,14317,10665,7210,7735,18137,16020,20448,9911,22167,1849,143,22207,1,1:26,2020,2021
2020-21,1629603,Mamadi Diakite,Mamadi,1610612749,MIL,Milwaukee Bucks,22000729,2021-03-31T00:00:00,MIL @ LAL,W,6.7,1.0,2.0,0.5,1.0,1.0,1.0,0.0,0.0,0.0,1.0,0.0,1.0,0.0,1.0,0.0,0.0,1.0,2.0,0.0,3.0,-1.0,3.2,0,0,5.0,1,1,11433,1,20569,16702,19102,7582,7373,14655,1,12008,12752,12008,5246,19725,17542,16819,7632,10665,7210,2107,6924,16020,17485,11703,20731,1849,143,19629,1,6:43,2020,2021
2020-21,1626253,Axel Toupane,Axel,1610612749,MIL,Milwaukee Bucks,22000729,2021-03-31T00:00:00,MIL @ LAL,W,1.4,0.0,0.0,0.0,0.0,0.0,0.0,0.0,0.0,0.0,0.0,0.0,0.0,0.0,0.0,0.0,0.0,0.0,0.0,0.0,0.0,1.0,0.0,0,0,0.0,1,1,11433,1,22670,19893,21894,19893,12591,17891,12591,12008,12752,12008,11150,19725,20503,16819,14317,10665,7210,7735,18137,16020,20448,9911,22167,1849,143,22207,1,1:26,2020,2021
2020-21,1629670,Jordan Nwora,Jordan,1610612749,MIL,Milwaukee Bucks,22000729,2021-03-31T00:00:00,MIL @ LAL,W,2.3,0.0,1.0,0.0,0.0,0.0,0.0,0.0,0.0,0.0,0.0,0.0,0.0,0.0,0.0,1.0,0.0,0.0,0.0,0.0,0.0,-3.0,3.0,0,0,2.0,1,1,11433,1,22301,19893,20551,19893,12591,17891,12591,12008,12752,12008,11150,19725,20503,16819,14317,4032,7210,7735,18137,16020,20448,13536,20875,1849,143,21139,1,2:18,2020,2021
2020-21,203648,Thanasis Antetokounmpo,Thanasis,1610612749,MIL,Milwaukee Bucks,22000729,2021-03-31T00:00:00,MIL @ LAL,W,12.5,3.0,6.0,0.5,1.0,1.0,1.0,1.0,2.0,0.5,0.0,1.0,1.0,0.0,2.0,2.0,0.0,0.0,2.0,1.0,8.0,-4.0,13.2,0,0,14.0,1,1,11433,1,18688,10694,12753,7582,7373,14655,1,9085,6645,9461,11150,15987,17542,16819,3645,1208,7210,7735,6924,10308,11759,14475,15339,1849,143,14223,1,12:28,2020,2021
2020-21,203114,Khris Middleton,Khris,1610612749,MIL,Milwaukee Bucks,22000729,2021-03-31T00:00:00,MIL @ LAL,W,35.9,8.0,18.0,0.444,1.0,3.0,0.333,0.0,0.0,0.0,1.0,5.0,6.0,8.0,2.0,1.0,0.0,1.0,4.0,1.0,17.0,16.0,37.2,0,0,34.0,1,1,11433,1,2294,2196,1562,11399,7373,9118,7875,12008,12752,12008,5246,4091,4746,803,3645,4032,7210,2107,1059,10308,4514,1834,3356,1849,143,3790,1,35:55,2020,2021
2020-21,1628978,Donte DiVincenzo,Donte,1610612749,MIL,Milwaukee Bucks,22000729,2021-03-31T00:00:00,MIL @ LAL,W,31.2,4.0,8.0,0.5,3.0,6.0,0.5,2.0,2.0,1.0,2.0,3.0,5.0,2.0,2.0,3.0,0.0,1.0,3.0,2.0,13.0,7.0,29.0,0,0,29.0,1,1,11433,1,5645,8251,9686,7582,1926,3460,3573,5395,6645,1,2547,8835,6466,7995,3645,347,7210,2107,3130,6289,7127,5432,6262,1849,143,5681,1,31:14,2020,2021
2020-21,1627854,Bryn Forbes,Bryn,1610612749,MIL,Milwaukee Bucks,22000717,2021-03-29T00:00:00,MIL @ LAC,L,18.2,3.0,7.0,0.429,2.0,5.0,0.4,0.0,0.0,0.0,1.0,1.0,2.0,0.0,2.0,1.0,0.0,0.0,1.0,0.0,8.0,1.0,11.4,0,0,14.0,1,11623,1,11623,15455,10694,11165,11933,3957,4922,6751,12008,12752,12008,5246,15987,14385,16819,3645,4032,7210,7735,12223,16020,11759,9911,16426,1849,143,14223,1,18:13,2020,2021
2020-21,1626253,Axel Toupane,Axel,1610612749,MIL,Milwaukee Bucks,22000717,2021-03-29T00:00:00,MIL @ LAC,L,2.6,0.0,1.0,0.0,0.0,0.0,0.0,0.0,0.0,0.0,0.0,1.0,1.0,0.0,0.0,0.0,0.0,0.0,0.0,0.0,0.0,-4.0,1.2,0,0,1.0,1,11623,1,11623,22171,19893,20551,19893,12591,17891,12591,12008,12752,12008,11150,15987,17542,16819,14317,10665,7210,7735,18137,16020,20448,14475,21714,1849,143,21671,1,2:33,2020,2021
2020-21,201572,Brook Lopez,Brook,1610612749,MIL,Milwaukee Bucks,22000717,2021-03-29T00:00:00,MIL @ LAC,L,21.7,2.0,4.0,0.5,1.0,2.0,0.5,2.0,2.0,1.0,0.0,1.0,1.0,1.0,1.0,0.0,2.0,0.0,2.0,1.0,7.0,-14.0,14.7,0,0,14.0,1,11623,1,11623,12929,13638,15987,7582,7373,11825,3573,5395,6645,1,11150,15987,17542,11678,7632,10665,697,7735,6924,10308,12975,20507,14406,1849,143,14223,1,21:39,2020,2021
2020-21,203507,Giannis Antetokounmpo,Giannis,1610612749,MIL,Milwaukee Bucks,22000717,2021-03-29T00:00:00,MIL @ LAC,L,33.7,10.0,21.0,0.476,2.0,5.0,0.4,10.0,12.0,0.833,1.0,5.0,6.0,3.0,2.0,0.0,1.0,0.0,1.0,7.0,32.0,-31.0,44.7,0,0,45.0,1,11623,1,11623,3814,935,691,10564,3957,4922,6751,161,170,6476,5246,4091,4746,5509,3645,10665,2271,7735,12223,439,469,22961,1652,1849,143,1314,1,33:44,2020,2021
2020-21,201950,Jrue Holiday,Jrue,1610612749,MIL,Milwaukee Bucks,22000717,2021-03-29T00:00:00,MIL @ LAC,L,35.5,8.0,14.0,0.571,3.0,8.0,0.375,5.0,5.0,1.0,0.0,4.0,4.0,7.0,3.0,3.0,1.0,0.0,1.0,3.0,24.0,-12.0,48.3,0,0,46.0,1,11623,1,11623,2578,2196,3568,5826,1926,1505,7570,1513,2536,1,11150,6156,8731,1198,1707,347,2271,7735,12223,3793,1773,19709,1136,1849,143,1183,1,35:29,2020,2021
2020-21,1628978,Donte DiVincenzo,Donte,1610612749,MIL,Milwaukee Bucks,22000717,2021-03-29T00:00:00,MIL @ LAC,L,28.6,2.0,7.0,0.286,1.0,4.0,0.25,0.0,0.0,0.0,1.0,5.0,6.0,3.0,1.0,2.0,0.0,2.0,2.0,0.0,5.0,-22.0,21.7,0,0,19.0,1,11623,1,11623,7639,13638,11165,17105,7373,6909,10244,12008,12752,12008,5246,4091,4746,5509,7632,1208,7210,534,6924,16020,15263,22369,10041,1849,143,10964,1,28:35,2020,2021
2020-21,203114,Khris Middleton,Khris,1610612749,MIL,Milwaukee Bucks,22000717,2021-03-29T00:00:00,MIL @ LAC,L,35.8,7.0,15.0,0.467,1.0,3.0,0.333,0.0,0.0,0.0,0.0,3.0,3.0,3.0,2.0,0.0,0.0,0.0,1.0,1.0,15.0,-28.0,21.1,0,0,22.0,1,11623,1,11623,2376,3206,2946,10758,7373,9118,7875,12008,12752,12008,11150,8835,11352,5509,3645,10665,7210,7735,12223,10308,5723,22873,10398,1849,143,9111,1,35:48,2020,2021
2020-21,203648,Thanasis Antetokounmpo,Thanasis,1610612749,MIL,Milwaukee Bucks,22000717,2021-03-29T00:00:00,MIL @ LAC,L,18.7,3.0,6.0,0.5,0.0,1.0,0.0,1.0,2.0,0.5,1.0,0.0,1.0,0.0,1.0,1.0,0.0,0.0,3.0,1.0,7.0,0.0,10.2,0,0,10.0,1,11623,1,11623,15109,10694,12753,7582,12591,14655,12591,9085,6645,9461,5246,19725,17542,16819,7632,4032,7210,7735,3130,10308,12975,10797,17113,1849,143,16754,1,18:45,2020,2021
2020-21,1629603,Mamadi Diakite,Mamadi,1610612749,MIL,Milwaukee Bucks,22000717,2021-03-29T00:00:00,MIL @ LAC,L,9.2,1.0,2.0,0.5,0.0,0.0,0.0,0.0,0.0,0.0,0.0,1.0,1.0,0.0,0.0,0.0,0.0,0.0,0.0,1.0,2.0,6.0,3.2,0,0,3.0,1,11623,1,11623,19868,16702,19102,7582,12591,17891,12591,12008,12752,12008,11150,15987,17542,16819,14317,10665,7210,7735,18137,10308,18664,6032,20731,1849,143,20717,1,9:12,2020,2021
2020-21,1626192,Pat Connaughton,Pat,1610612749,MIL,Milwaukee Bucks,22000717,2021-03-29T00:00:00,MIL @ LAC,L,30.9,2.0,3.0,0.667,1.0,2.0,0.5,0.0,0.0,0.0,1.0,6.0,7.0,1.0,0.0,1.0,0.0,0.0,3.0,1.0,5.0,-8.0,17.9,0,0,16.0,1,11623,1,11623,5866,13638,17566,2900,7373,11825,3573,12008,12752,12008,5246,2732,3435,11678,14317,4032,7210,7735,3130,10308,15263,17520,12397,1849,143,12891,1,30:56,2020,2021
2020-21,1629670,Jordan Nwora,Jordan,1610612749,MIL,Milwaukee Bucks,22000717,2021-03-29T00:00:00,MIL @ LAC,L,2.6,0.0,0.0,0.0,0.0,0.0,0.0,0.0,0.0,0.0,0.0,0.0,0.0,0.0,0.0,0.0,0.0,0.0,0.0,0.0,0.0,-4.0,0.0,0,0,0.0,1,11623,1,11623,22171,19893,21894,19893,12591,17891,12591,12008,12752,12008,11150,19725,20503,16819,14317,10665,7210,7735,18137,16020,20448,14475,22167,1849,143,22207,1,2:33,2020,2021
2020-21,1630241,Sam Merrill,Sam,1610612749,MIL,Milwaukee Bucks,22000717,2021-03-29T00:00:00,MIL @ LAC,L,2.6,0.0,1.0,0.0,0.0,0.0,0.0,0.0,0.0,0.0,0.0,0.0,0.0,0.0,0.0,0.0,0.0,0.0,0.0,0.0,0.0,-4.0,0.0,0,0,0.0,1,11623,1,11623,22171,19893,20551,19893,12591,17891,12591,12008,12752,12008,11150,19725,20503,16819,14317,10665,7210,7735,18137,16020,20448,14475,22167,1849,143,22207,1,2:33,2020,2021
2020-21,1626253,Axel Toupane,Axel,1610612749,MIL,Milwaukee Bucks,22000695,2021-03-27T00:00:00,MIL vs. NYK,L,27.3,1.0,4.0,0.25,0.0,1.0,0.0,0.0,0.0,0.0,0.0,2.0,2.0,1.0,0.0,0.0,1.0,1.0,2.0,0.0,2.0,-11.0,8.9,0,0,7.0,1,11623,1,11623,8678,16702,15987,17720,12591,14655,12591,12008,12752,12008,11150,12139,14385,11678,14317,10665,2271,2107,6924,16020,18664,19248,17894,1849,143,18556,1,27:16,2020,2021
2020-21,1629603,Mamadi Diakite,Mamadi,1610612749,MIL,Milwaukee Bucks,22000695,2021-03-27T00:00:00,MIL vs. NYK,L,23.3,4.0,9.0,0.444,0.0,2.0,0.0,0.0,0.0,0.0,3.0,4.0,7.0,2.0,0.0,0.0,2.0,2.0,2.0,0.0,8.0,0.0,25.4,0,0,21.0,1,11623,1,11623,11714,8251,8309,11399,12591,11825,12591,12008,12752,12008,1214,6156,3435,7995,14317,10665,697,534,6924,16020,11759,10797,7985,1849,143,9724,1,23:18,2020,2021
2020-21,201572,Brook Lopez,Brook,1610612749,MIL,Milwaukee Bucks,22000695,2021-03-27T00:00:00,MIL vs. NYK,L,30.3,6.0,11.0,0.545,0.0,1.0,0.0,0.0,0.0,0.0,4.0,6.0,10.0,1.0,5.0,4.0,2.0,0.0,3.0,6.0,12.0,2.0,38.5,1,0,35.0,1,11623,1,11623,6317,4526,6027,6794,12591,14655,12591,12008,12752,12008,564,2732,1298,11678,321,82,697,7735,3130,795,7920,8969,2979,1,143,3483,1,30:20,2020,2021
2020-21,1629670,Jordan Nwora,Jordan,1610612749,MIL,Milwaukee Bucks,22000695,2021-03-27T00:00:00,MIL vs. NYK,L,36.3,7.0,18.0,0.389,4.0,8.0,0.5,3.0,6.0,0.5,2.0,8.0,10.0,2.0,3.0,1.0,0.0,3.0,1.0,4.0,21.0,-14.0,36.0,1,0,39.0,1,11623,1,11623,2060,3206,1562,13924,910,1505,3573,3646,1600,9461,2547,1175,1298,7995,1707,4032,7210,122,12223,2281,2727,20507,3713,1,143,2395,1,36:16,2020,2021
2020-21,203648,Thanasis Antetokounmpo,Thanasis,1610612749,MIL,Milwaukee Bucks,22000695,2021-03-27T00:00:00,MIL vs. NYK,L,36.9,8.0,15.0,0.533,4.0,5.0,0.8,3.0,5.0,0.6,2.0,8.0,10.0,5.0,3.0,2.0,0.0,3.0,2.0,4.0,23.0,1.0,45.5,1,0,46.0,1,11623,1,11623,1653,2196,2946,7229,910,4922,1350,3646,2536,9174,2547,1175,1298,2585,1707,1208,7210,122,6924,2281,2060,9911,1525,1,143,1183,1,36:54,2020,2021
2020-21,1630241,Sam Merrill,Sam,1610612749,MIL,Milwaukee Bucks,22000695,2021-03-27T00:00:00,MIL vs. NYK,L,28.3,3.0,10.0,0.3,2.0,7.0,0.286,0.0,0.0,0.0,2.0,1.0,3.0,5.0,3.0,2.0,1.0,1.0,0.0,2.0,8.0,-19.0,25.1,0,0,24.0,1,11623,1,11623,7897,10694,7133,16897,3957,2331,9877,12008,12752,12008,2547,15987,11352,2585,1707,1208,2271,2107,18137,6289,11759,21874,8146,1849,143,8016,1,28:17,2020,2021
2020-21,1626192,Pat Connaughton,Pat,1610612749,MIL,Milwaukee Bucks,22000695,2021-03-27T00:00:00,MIL vs. NYK,L,28.9,4.0,9.0,0.444,3.0,6.0,0.5,1.0,2.0,0.5,2.0,2.0,4.0,2.0,1.0,1.0,1.0,0.0,0.0,2.0,12.0,6.0,24.8,0,0,25.0,1,11623,1,11623,7449,8251,8309,11399,1926,3460,3573,9085,6645,9461,2547,12139,8731,7995,7632,4032,2271,7735,18137,6289,7920,6032,8314,1849,143,7461,1,28:51,2020,2021
2020-21,1627854,Bryn Forbes,Bryn,1610612749,MIL,Milwaukee Bucks,22000695,2021-03-27T00:00:00,MIL vs. NYK,L,28.8,3.0,11.0,0.273,1.0,6.0,0.167,3.0,3.0,1.0,0.0,2.0,2.0,3.0,1.0,1.0,0.0,1.0,1.0,1.0,10.0,5.0,18.9,0,0,18.0,1,11623,1,11623,7481,10694,6027,17532,7373,3460,12017,3646,5327,1,11150,12139,14385,5509,7632,4032,7210,2107,12223,10308,9732,6667,11751,1849,143,11539,1,28:48,2020,2021
2020-21,203648,Thanasis Antetokounmpo,Thanasis,1610612749,MIL,Milwaukee Bucks,22000685,2021-03-26T00:00:00,MIL vs. BOS,L,17.8,6.0,11.0,0.545,0.0,3.0,0.0,0.0,1.0,0.0,2.0,3.0,5.0,3.0,2.0,0.0,1.0,0.0,2.0,1.0,12.0,9.0,23.5,0,0,22.0,1,11623,1,11623,15762,4526,6027,6794,12591,9118,12591,12008,11390,12008,2547,8835,6466,5509,3645,10665,2271,7735,6924,10308,7920,4365,8994,1849,143,9111,1,17:46,2020,2021
2020-21,1630241,Sam Merrill,Sam,1610612749,MIL,Milwaukee Bucks,22000685,2021-03-26T00:00:00,MIL vs. BOS,L,20.0,6.0,8.0,0.75,3.0,5.0,0.6,0.0,0.0,0.0,0.0,2.0,2.0,0.0,0.0,1.0,0.0,0.0,0.0,1.0,15.0,5.0,20.4,0,0,22.0,1,11623,1,11623,14219,4526,9686,1826,1926,4922,2762,12008,12752,12008,11150,12139,14385,16819,14317,4032,7210,7735,18137,10308,5723,6667,10836,1849,143,9111,1,19:57,2020,2021
2020-21,203507,Giannis Antetokounmpo,Giannis,1610612749,MIL,Milwaukee Bucks,22000685,2021-03-26T00:00:00,MIL vs. BOS,L,27.3,6.0,12.0,0.5,1.0,3.0,0.333,3.0,6.0,0.5,3.0,5.0,8.0,5.0,2.0,0.0,0.0,1.0,3.0,5.0,16.0,-16.0,31.1,0,0,30.0,1,11623,1,11623,8654,4526,5097,7582,7373,9118,7875,3646,1600,9461,1214,4091,2498,2585,3645,10665,7210,2107,3130,1350,5102,21158,5382,1849,143,5266,1,27:17,2020,2021
2020-21,1626192,Pat Connaughton,Pat,1610612749,MIL,Milwaukee Bucks,22000685,2021-03-26T00:00:00,MIL vs. BOS,L,27.7,1.0,7.0,0.143,1.0,4.0,0.25,3.0,3.0,1.0,4.0,7.0,11.0,2.0,2.0,1.0,0.0,2.0,3.0,1.0,6.0,4.0,23.2,0,0,22.0,1,11623,1,11623,8351,16702,11165,19554,7373,6909,10244,3646,5327,1,564,1742,897,7995,3645,4032,7210,534,3130,10308,13920,7366,9160,1849,143,9111,1,27:42,2020,2021
2020-21,1626253,Axel Toupane,Axel,1610612749,MIL,Milwaukee Bucks,22000685,2021-03-26T00:00:00,MIL vs. BOS,L,6.2,1.0,1.0,1.0,0.0,0.0,0.0,0.0,0.0,0.0,0.0,0.0,0.0,1.0,0.0,0.0,0.0,0.0,0.0,0.0,2.0,11.0,3.5,0,0,3.0,1,11623,1,11623,20760,16702,20551,1,12591,17891,12591,12008,12752,12008,11150,19725,20503,11678,14317,10665,7210,7735,18137,16020,18664,3454,20631,1849,143,20717,1,6:09,2020,2021
2020-21,203114,Khris Middleton,Khris,1610612749,MIL,Milwaukee Bucks,22000685,2021-03-26T00:00:00,MIL vs. BOS,L,28.6,7.0,11.0,0.636,4.0,5.0,0.8,1.0,1.0,1.0,0.0,3.0,3.0,4.0,2.0,2.0,1.0,1.0,3.0,2.0,19.0,-30.0,35.6,0,0,36.0,1,11623,1,11623,7639,3206,6027,4151,910,4922,1350,9085,11390,1,11150,8835,11352,3751,3645,1208,2271,2107,3130,6289,3538,22939,3824,1849,143,3205,1,28:35,2020,2021
2020-21,1629603,Mamadi Diakite,Mamadi,1610612749,MIL,Milwaukee Bucks,22000685,2021-03-26T00:00:00,MIL vs. BOS,L,7.4,1.0,3.0,0.333,0.0,1.0,0.0,0.0,0.0,0.0,1.0,2.0,3.0,0.0,0.0,0.0,0.0,0.0,0.0,2.0,2.0,10.0,5.6,0,0,5.0,1,11623,1,11623,20357,16702,17566,15094,12591,14655,12591,12008,12752,12008,5246,12139,11352,16819,14317,10665,7210,7735,18137,6289,18664,3883,19646,1849,143,19629,1,7:24,2020,2021
2020-21,201572,Brook Lopez,Brook,1610612749,MIL,Milwaukee Bucks,22000685,2021-03-26T00:00:00,MIL vs. BOS,L,19.3,2.0,10.0,0.2,2.0,6.0,0.333,0.0,0.0,0.0,4.0,2.0,6.0,0.0,0.0,0.0,1.0,0.0,0.0,0.0,6.0,-10.0,16.2,0,0,16.0,1,11623,1,11623,14683,13638,7133,18781,3957,3460,7875,12008,12752,12008,564,12139,4746,16819,14317,10665,2271,7735,18137,16020,13920,18716,13471,1849,143,12891,1,19:20,2020,2021
2020-21,1627854,Bryn Forbes,Bryn,1610612749,MIL,Milwaukee Bucks,22000685,2021-03-26T00:00:00,MIL vs. BOS,L,22.6,2.0,5.0,0.4,2.0,4.0,0.5,0.0,0.0,0.0,0.0,3.0,3.0,1.0,0.0,0.0,0.0,0.0,1.0,0.0,6.0,-10.0,11.1,0,0,12.0,1,11623,1,11623,12229,13638,14368,12966,3957,6909,3573,12008,12752,12008,11150,8835,11352,11678,14317,10665,7210,7735,12223,16020,13920,18716,16625,1849,143,15506,1,22:39,2020,2021
2020-21,1629670,Jordan Nwora,Jordan,1610612749,MIL,Milwaukee Bucks,22000685,2021-03-26T00:00:00,MIL vs. BOS,L,7.4,0.0,4.0,0.0,0.0,1.0,0.0,0.0,0.0,0.0,0.0,2.0,2.0,2.0,0.0,1.0,0.0,1.0,0.0,0.0,0.0,10.0,8.4,0,0,6.0,1,11623,1,11623,20357,19893,15987,19893,12591,14655,12591,12008,12752,12008,11150,12139,14385,7995,14317,4032,7210,2107,18137,16020,20448,3883,18172,1849,143,19107,1,7:24,2020,2021
2020-21,201950,Jrue Holiday,Jrue,1610612749,MIL,Milwaukee Bucks,22000685,2021-03-26T00:00:00,MIL vs. BOS,L,27.7,7.0,12.0,0.583,3.0,6.0,0.5,0.0,0.0,0.0,1.0,2.0,3.0,4.0,6.0,1.0,0.0,2.0,1.0,2.0,17.0,-11.0,23.6,0,0,29.0,1,11623,1,11623,8351,3206,5097,5615,1926,3460,3573,12008,12752,12008,5246,12139,11352,3751,133,4032,7210,534,12223,6289,4514,19248,8935,1849,143,5681,1,27:42,2020,2021
2020-21,1628978,Donte DiVincenzo,Donte,1610612749,MIL,Milwaukee Bucks,22000685,2021-03-26T00:00:00,MIL vs. BOS,L,28.1,5.0,15.0,0.333,3.0,9.0,0.333,0.0,0.0,0.0,1.0,2.0,3.0,2.0,2.0,1.0,0.0,1.0,3.0,2.0,13.0,-12.0,20.6,0,0,23.0,1,11623,1,11623,8056,6152,2946,15094,1926,930,7875,12008,12752,12008,5246,12139,11352,7995,3645,4032,7210,2107,3130,6289,7127,19709,10721,1849,143,8568,1,28:05,2020,2021
2020-21,201950,Jrue Holiday,Jrue,1610612749,MIL,Milwaukee Bucks,22000669,2021-03-24T00:00:00,MIL vs. BOS,W,35.4,6.0,16.0,0.375,1.0,4.0,0.25,0.0,0.0,0.0,1.0,1.0,2.0,3.0,1.0,2.0,0.0,0.0,2.0,1.0,13.0,0.0,24.9,0,0,23.0,1,1,11433,1,2643,4526,2412,14155,7373,6909,10244,12008,12752,12008,5246,15987,14385,5509,7632,1208,7210,7735,6924,10308,7127,10797,8263,1849,143,8568,1,35:22,2020,2021
2020-21,203507,Giannis Antetokounmpo,Giannis,1610612749,MIL,Milwaukee Bucks,22000669,2021-03-24T00:00:00,MIL vs. BOS,W,32.9,4.0,11.0,0.364,1.0,3.0,0.333,4.0,7.0,0.571,0.0,8.0,8.0,7.0,5.0,1.0,1.0,1.0,2.0,7.0,13.0,6.0,34.1,0,0,33.0,1,1,11433,1,4438,8251,6027,14681,7373,9118,7875,2293,1176,9370,11150,1175,2498,1198,321,4032,2271,2107,6924,439,7127,6032,4306,1849,143,4133,1,32:53,2020,2021
2020-21,1626171,Bobby Portis,Bobby,1610612749,MIL,Milwaukee Bucks,22000669,2021-03-24T00:00:00,MIL vs. BOS,W,16.6,7.0,10.0,0.7,4.0,6.0,0.667,3.0,3.0,1.0,1.0,3.0,4.0,1.0,0.0,1.0,0.0,0.0,2.0,2.0,21.0,-7.0,30.3,0,0,32.0,1,1,11433,1,16494,3206,7133,2696,910,3460,1828,3646,5327,1,5246,8835,8731,11678,14317,4032,7210,7735,6924,6289,2727,16841,5700,1849,143,4492,1,16:38,2020,2021
2020-21,201572,Brook Lopez,Brook,1610612749,MIL,Milwaukee Bucks,22000669,2021-03-24T00:00:00,MIL vs. BOS,W,30.9,7.0,14.0,0.5,1.0,5.0,0.2,2.0,2.0,1.0,4.0,1.0,5.0,0.0,2.0,3.0,1.0,2.0,1.0,2.0,17.0,7.0,33.0,0,0,31.0,1,1,11433,1,5875,3206,3568,7582,7373,4922,11380,5395,6645,1,564,15987,6466,16819,3645,347,2271,534,12223,6289,4514,5432,4716,1849,143,4847,1,30:55,2020,2021
2020-21,203114,Khris Middleton,Khris,1610612749,MIL,Milwaukee Bucks,22000669,2021-03-24T00:00:00,MIL vs. BOS,W,35.9,11.0,20.0,0.55,2.0,4.0,0.5,3.0,6.0,0.5,2.0,11.0,13.0,4.0,5.0,0.0,0.0,2.0,3.0,2.0,27.0,1.0,43.6,1,0,46.0,1,1,11433,1,2335,575,933,6749,3957,6909,3573,3646,1600,9461,2547,284,466,3751,321,10665,7210,534,3130,6289,1108,9911,1846,1,143,1183,1,35:52,2020,2021
2020-21,1628978,Donte DiVincenzo,Donte,1610612749,MIL,Milwaukee Bucks,22000669,2021-03-24T00:00:00,MIL vs. BOS,W,31.1,5.0,7.0,0.714,5.0,6.0,0.833,2.0,2.0,1.0,0.0,4.0,4.0,1.0,2.0,0.0,1.0,1.0,1.0,1.0,17.0,5.0,24.3,0,0,29.0,1,1,11433,1,5757,6152,11165,2429,414,3460,1311,5395,6645,1,11150,6156,8731,11678,3645,10665,2271,2107,12223,10308,4514,6667,8575,1849,143,5681,1,31:05,2020,2021
2020-21,1626192,Pat Connaughton,Pat,1610612749,MIL,Milwaukee Bucks,22000669,2021-03-24T00:00:00,MIL vs. BOS,W,27.6,2.0,4.0,0.5,1.0,3.0,0.333,0.0,0.0,0.0,2.0,4.0,6.0,3.0,0.0,1.0,1.0,0.0,2.0,0.0,5.0,-2.0,22.7,0,0,19.0,1,1,11433,1,8423,13638,15987,7582,7373,9118,7875,12008,12752,12008,2547,6156,4746,5509,14317,4032,2271,7735,6924,16020,15263,12607,9463,1849,143,10964,1,27:37,2020,2021
2020-21,203648,Thanasis Antetokounmpo,Thanasis,1610612749,MIL,Milwaukee Bucks,22000669,2021-03-24T00:00:00,MIL vs. BOS,W,2.0,1.0,2.0,0.5,0.0,0.0,0.0,0.0,0.0,0.0,1.0,0.0,1.0,0.0,0.0,0.0,0.0,0.0,0.0,0.0,2.0,2.0,3.2,0,0,3.0,1,1,11433,1,22415,16702,19102,7582,12591,17891,12591,12008,12752,12008,5246,19725,17542,16819,14317,10665,7210,7735,18137,16020,18664,8969,20731,1849,143,20717,1,2:01,2020,2021
2020-21,200782,P.J. Tucker,P.J.,1610612749,MIL,Milwaukee Bucks,22000669,2021-03-24T00:00:00,MIL vs. BOS,W,18.8,1.0,3.0,0.333,1.0,3.0,0.333,0.0,0.0,0.0,2.0,1.0,3.0,0.0,0.0,0.0,1.0,0.0,0.0,0.0,3.0,-1.0,9.6,0,0,9.0,1,1,11433,1,15069,16702,17566,15094,7373,9118,7875,12008,12752,12008,2547,15987,11352,16819,14317,10665,2271,7735,18137,16020,17485,11703,17463,1849,143,17389,1,18:49,2020,2021
2020-21,1630241,Sam Merrill,Sam,1610612749,MIL,Milwaukee Bucks,22000669,2021-03-24T00:00:00,MIL vs. BOS,W,8.8,1.0,3.0,0.333,1.0,3.0,0.333,0.0,0.0,0.0,0.0,0.0,0.0,0.0,1.0,0.0,0.0,0.0,1.0,0.0,3.0,-1.0,2.0,0,0,4.0,1,1,11433,1,19990,16702,17566,15094,7373,9118,7875,12008,12752,12008,11150,19725,20503,16819,7632,10665,7210,7735,12223,16020,17485,11703,21337,1849,143,20179,1,8:48,2020,2021
2020-21,1630241,Sam Merrill,Sam,1610612749,MIL,Milwaukee Bucks,22000659,2021-03-22T00:00:00,MIL vs. IND,W,5.4,2.0,2.0,1.0,1.0,1.0,1.0,0.0,0.0,0.0,0.0,1.0,1.0,0.0,1.0,0.0,0.0,0.0,1.0,0.0,5.0,3.0,5.2,0,0,7.0,1,1,11433,1,21031,13638,19102,1,7373,14655,1,12008,12752,12008,11150,15987,17542,16819,7632,10665,7210,7735,12223,16020,15263,8138,19826,1849,143,18556,1,5:24,2020,2021
2020-21,1629603,Mamadi Diakite,Mamadi,1610612749,MIL,Milwaukee Bucks,22000659,2021-03-22T00:00:00,MIL vs. IND,W,3.9,0.0,0.0,0.0,0.0,0.0,0.0,0.0,0.0,0.0,0.0,1.0,1.0,0.0,0.0,0.0,1.0,0.0,1.0,0.0,0.0,3.0,4.2,0,0,3.0,1,1,11433,1,21601,19893,21894,19893,12591,17891,12591,12008,12752,12008,11150,15987,17542,16819,14317,10665,2271,7735,12223,16020,20448,8138,20314,1849,143,20717,1,3:53,2020,2021
2020-21,1629670,Jordan Nwora,Jordan,1610612749,MIL,Milwaukee Bucks,22000659,2021-03-22T00:00:00,MIL vs. IND,W,4.5,1.0,2.0,0.5,0.0,0.0,0.0,1.0,1.0,1.0,0.0,1.0,1.0,0.0,1.0,0.0,1.0,0.0,1.0,1.0,3.0,3.0,6.2,0,0,6.0,1,1,11433,1,21370,16702,19102,7582,12591,17891,12591,9085,11390,1,11150,15987,17542,16819,7632,10665,2271,7735,12223,10308,17485,8138,19314,1849,143,19107,1,4:30,2020,2021
2020-21,200782,P.J. Tucker,P.J.,1610612749,MIL,Milwaukee Bucks,22000659,2021-03-22T00:00:00,MIL vs. IND,W,12.0,0.0,0.0,0.0,0.0,0.0,0.0,0.0,0.0,0.0,0.0,0.0,0.0,1.0,0.0,0.0,0.0,0.0,2.0,0.0,0.0,-5.0,1.5,0,0,1.0,1,1,11433,1,18944,19893,21894,19893,12591,17891,12591,12008,12752,12008,11150,19725,20503,11678,14317,10665,7210,7735,6924,16020,20448,15340,21554,1849,143,21671,1,11:59,2020,2021
2020-21,1626171,Bobby Portis,Bobby,1610612749,MIL,Milwaukee Bucks,22000659,2021-03-22T00:00:00,MIL vs. IND,W,25.5,8.0,14.0,0.571,2.0,4.0,0.5,0.0,0.0,0.0,1.0,9.0,10.0,4.0,2.0,0.0,0.0,1.0,1.0,2.0,18.0,11.0,34.0,1,0,34.0,1,1,11433,1,10090,2196,3568,5826,3957,6909,3573,12008,12752,12008,5246,746,1298,3751,3645,10665,7210,2107,12223,6289,3974,3454,4349,1,143,3790,1,25:28,2020,2021
2020-21,201950,Jrue Holiday,Jrue,1610612749,MIL,Milwaukee Bucks,22000659,2021-03-22T00:00:00,MIL vs. IND,W,29.7,11.0,15.0,0.733,5.0,6.0,0.833,1.0,2.0,0.5,2.0,3.0,5.0,14.0,2.0,2.0,1.0,0.0,1.0,2.0,28.0,26.0,62.0,1,0,58.0,1,1,11433,1,6780,575,2946,2314,414,3460,1311,9085,6645,9461,2547,8835,6466,59,3645,1208,2271,7735,12223,6289,931,336,190,1,143,240,1,29:44,2020,2021
2020-21,1626253,Axel Toupane,Axel,1610612749,MIL,Milwaukee Bucks,22000659,2021-03-22T00:00:00,MIL vs. IND,W,3.4,0.0,1.0,0.0,0.0,0.0,0.0,0.0,0.0,0.0,0.0,1.0,1.0,0.0,0.0,0.0,2.0,0.0,1.0,0.0,0.0,1.0,7.2,0,0,5.0,1,1,11433,1,21833,19893,20551,19893,12591,17891,12591,12008,12752,12008,11150,15987,17542,16819,14317,10665,697,7735,12223,16020,20448,9911,18793,1849,143,19629,1,3:21,2020,2021
2020-21,203648,Thanasis Antetokounmpo,Thanasis,1610612749,MIL,Milwaukee Bucks,22000659,2021-03-22T00:00:00,MIL vs. IND,W,14.1,1.0,2.0,0.5,0.0,0.0,0.0,1.0,3.0,0.333,1.0,2.0,3.0,2.0,0.0,1.0,0.0,1.0,2.0,4.0,3.0,-3.0,12.6,0,0,10.0,1,1,11433,1,17972,16702,19102,7582,12591,17891,12591,9085,5327,11706,5246,12139,11352,7995,14317,4032,7210,2107,6924,2281,17485,13536,15734,1849,143,16754,1,14:03,2020,2021
2020-21,203114,Khris Middleton,Khris,1610612749,MIL,Milwaukee Bucks,22000659,2021-03-22T00:00:00,MIL vs. IND,W,31.4,10.0,21.0,0.476,4.0,6.0,0.667,1.0,2.0,0.5,1.0,7.0,8.0,6.0,2.0,0.0,0.0,0.0,0.0,3.0,25.0,29.0,41.6,0,0,43.0,1,1,11433,1,5550,935,691,10564,910,3460,1828,9085,6645,9461,5246,1742,2498,1788,3645,10665,7210,7735,18137,3793,1512,180,2258,1849,143,1612,1,31:21,2020,2021
2020-21,1627854,Bryn Forbes,Bryn,1610612749,MIL,Milwaukee Bucks,22000659,2021-03-22T00:00:00,MIL vs. IND,W,29.9,4.0,9.0,0.444,4.0,8.0,0.5,0.0,0.0,0.0,0.0,1.0,1.0,1.0,1.0,0.0,0.0,1.0,1.0,0.0,12.0,5.0,13.7,0,0,18.0,1,1,11433,1,6661,8251,8309,11399,910,1505,3573,12008,12752,12008,11150,15987,17542,11678,7632,10665,7210,2107,12223,16020,7920,6667,15044,1849,143,11539,1,29:52,2020,2021
2020-21,1626192,Pat Connaughton,Pat,1610612749,MIL,Milwaukee Bucks,22000659,2021-03-22T00:00:00,MIL vs. IND,W,33.0,7.0,9.0,0.778,6.0,7.0,0.857,0.0,0.0,0.0,1.0,8.0,9.0,2.0,1.0,0.0,0.0,0.0,0.0,0.0,20.0,26.0,32.8,0,0,37.0,1,1,11433,1,4325,3206,8309,1717,160,2331,1298,12008,12752,12008,5246,1175,1852,7995,7632,10665,7210,7735,18137,16020,3090,336,4790,1849,143,2922,1,33:01,2020,2021
2020-21,1628978,Donte DiVincenzo,Donte,1610612749,MIL,Milwaukee Bucks,22000659,2021-03-22T00:00:00,MIL vs. IND,W,28.2,3.0,6.0,0.5,2.0,5.0,0.4,0.0,0.0,0.0,2.0,11.0,13.0,4.0,4.0,0.0,0.0,0.0,1.0,0.0,8.0,21.0,25.6,0,0,27.0,1,1,11433,1,7945,10694,12753,7582,3957,4922,6751,12008,12752,12008,2547,284,466,3751,764,10665,7210,7735,12223,16020,11759,844,7892,1849,143,6522,1,28:13,2020,2021
2020-21,201572,Brook Lopez,Brook,1610612749,MIL,Milwaukee Bucks,22000659,2021-03-22T00:00:00,MIL vs. IND,W,19.2,6.0,13.0,0.462,0.0,2.0,0.0,6.0,7.0,0.857,0.0,2.0,2.0,1.0,1.0,0.0,0.0,0.0,4.0,4.0,18.0,15.0,20.9,0,0,21.0,1,1,11433,1,14782,4526,4300,10881,12591,11825,12591,990,1176,6327,11150,12139,14385,11678,7632,10665,7210,7735,1059,2281,3974,2093,10534,1849,143,9724,1,19:11,2020,2021
2020-21,201950,Jrue Holiday,Jrue,1610612749,MIL,Milwaukee Bucks,22000643,2021-03-20T00:00:00,MIL vs. SAS,W,34.4,8.0,16.0,0.5,2.0,4.0,0.5,3.0,3.0,1.0,0.0,5.0,5.0,3.0,1.0,0.0,1.0,1.0,1.0,1.0,21.0,-1.0,33.5,0,0,33.0,1,1,11433,1,3337,2196,2412,7582,3957,6909,3573,3646,5327,1,11150,4091,6466,5509,7632,10665,2271,2107,12223,10308,2727,11703,4539,1849,143,4133,1,34:23,2020,2021
2020-21,203114,Khris Middleton,Khris,1610612749,MIL,Milwaukee Bucks,22000643,2021-03-20T00:00:00,MIL vs. SAS,W,36.2,9.0,16.0,0.563,3.0,4.0,0.75,2.0,2.0,1.0,0.0,5.0,5.0,3.0,3.0,1.0,0.0,1.0,2.0,1.0,23.0,20.0,33.5,0,0,36.0,1,1,11433,1,2143,1450,2412,6323,1926,6909,1455,5395,6645,1,11150,4091,6466,5509,1707,4032,7210,2107,6924,10308,2060,998,4539,1849,143,3205,1,36:10,2020,2021
2020-21,201572,Brook Lopez,Brook,1610612749,MIL,Milwaukee Bucks,22000643,2021-03-20T00:00:00,MIL vs. SAS,W,27.2,3.0,8.0,0.375,1.0,5.0,0.2,4.0,4.0,1.0,0.0,4.0,4.0,0.0,1.0,1.0,0.0,0.0,1.0,2.0,11.0,4.0,17.8,0,0,18.0,1,1,11433,1,8753,10694,9686,14155,7373,4922,11380,2293,3346,1,11150,6156,8731,16819,7632,4032,7210,7735,12223,6289,8773,7366,12463,1849,143,11539,1,27:10,2020,2021
2020-21,1628978,Donte DiVincenzo,Donte,1610612749,MIL,Milwaukee Bucks,22000643,2021-03-20T00:00:00,MIL vs. SAS,W,30.6,5.0,13.0,0.385,1.0,7.0,0.143,1.0,2.0,0.5,2.0,11.0,13.0,3.0,1.0,3.0,0.0,1.0,1.0,3.0,12.0,10.0,40.1,1,0,35.0,1,1,11433,1,6144,6152,4300,13990,7373,2331,12315,9085,6645,9461,2547,284,466,5509,7632,347,7210,2107,12223,3793,7920,3883,2578,1,143,3483,1,30:35,2020,2021
2020-21,203507,Giannis Antetokounmpo,Giannis,1610612749,MIL,Milwaukee Bucks,22000643,2021-03-20T00:00:00,MIL vs. SAS,W,33.7,9.0,18.0,0.5,2.0,5.0,0.4,6.0,7.0,0.857,1.0,8.0,9.0,15.0,3.0,0.0,0.0,1.0,2.0,4.0,26.0,21.0,56.3,1,0,52.0,1,1,11433,1,3874,1450,1562,7582,3957,4922,6751,990,1176,6327,5246,1175,1852,30,1707,10665,7210,2107,6924,2281,1304,844,424,1,143,566,1,33:39,2020,2021
2020-21,1626192,Pat Connaughton,Pat,1610612749,MIL,Milwaukee Bucks,22000643,2021-03-20T00:00:00,MIL vs. SAS,W,28.8,4.0,7.0,0.571,3.0,6.0,0.5,0.0,0.0,0.0,0.0,6.0,6.0,0.0,1.0,0.0,0.0,0.0,1.0,0.0,11.0,-4.0,17.2,0,0,20.0,1,1,11433,1,7519,8251,11165,5826,1926,3460,3573,12008,12752,12008,11150,2732,4746,16819,7632,10665,7210,7735,12223,16020,8773,14475,12834,1849,143,10341,1,28:45,2020,2021
2020-21,1629670,Jordan Nwora,Jordan,1610612749,MIL,Milwaukee Bucks,22000643,2021-03-20T00:00:00,MIL vs. SAS,W,0.9,0.0,0.0,0.0,0.0,0.0,0.0,0.0,0.0,0.0,0.0,0.0,0.0,0.0,0.0,0.0,0.0,0.0,0.0,0.0,0.0,-3.0,0.0,0,0,0.0,1,1,11433,1,22885,19893,21894,19893,12591,17891,12591,12008,12752,12008,11150,19725,20503,16819,14317,10665,7210,7735,18137,16020,20448,13536,22167,1849,143,22207,1,0:54,2020,2021
2020-21,1630241,Sam Merrill,Sam,1610612749,MIL,Milwaukee Bucks,22000643,2021-03-20T00:00:00,MIL vs. SAS,W,0.9,0.0,0.0,0.0,0.0,0.0,0.0,0.0,0.0,0.0,0.0,0.0,0.0,0.0,0.0,0.0,0.0,0.0,0.0,0.0,0.0,-3.0,0.0,0,0,0.0,1,1,11433,1,22885,19893,21894,19893,12591,17891,12591,12008,12752,12008,11150,19725,20503,16819,14317,10665,7210,7735,18137,16020,20448,13536,22167,1849,143,22207,1,0:54,2020,2021
2020-21,1626171,Bobby Portis,Bobby,1610612749,MIL,Milwaukee Bucks,22000643,2021-03-20T00:00:00,MIL vs. SAS,W,15.5,3.0,7.0,0.429,0.0,2.0,0.0,0.0,0.0,0.0,2.0,2.0,4.0,0.0,0.0,0.0,1.0,0.0,2.0,0.0,6.0,-11.0,13.8,0,0,12.0,1,1,11433,1,17185,10694,11165,11933,12591,11825,12591,12008,12752,12008,2547,12139,8731,16819,14317,10665,2271,7735,6924,16020,13920,19248,14981,1849,143,15506,1,15:31,2020,2021
2020-21,1627854,Bryn Forbes,Bryn,1610612749,MIL,Milwaukee Bucks,22000643,2021-03-20T00:00:00,MIL vs. SAS,W,19.3,4.0,6.0,0.667,2.0,4.0,0.5,0.0,0.0,0.0,0.0,0.0,0.0,0.0,1.0,0.0,0.0,0.0,1.0,0.0,10.0,3.0,9.0,0,0,12.0,1,1,11433,1,14732,8251,12753,2900,3957,6909,3573,12008,12752,12008,11150,19725,20503,16819,7632,10665,7210,7735,12223,16020,9732,8138,17831,1849,143,15506,1,19:15,2020,2021
2020-21,200782,P.J. Tucker,P.J.,1610612749,MIL,Milwaukee Bucks,22000643,2021-03-20T00:00:00,MIL vs. SAS,W,12.7,0.0,1.0,0.0,0.0,1.0,0.0,0.0,0.0,0.0,1.0,2.0,3.0,0.0,0.0,0.0,1.0,0.0,0.0,0.0,0.0,-1.0,6.6,0,0,5.0,1,1,11433,1,18584,19893,20551,19893,12591,14655,12591,12008,12752,12008,5246,12139,11352,16819,14317,10665,2271,7735,18137,16020,20448,11703,19129,1849,143,19629,1,12:44,2020,2021
2020-21,1626171,Bobby Portis,Bobby,1610612749,MIL,Milwaukee Bucks,22000618,2021-03-17T00:00:00,MIL @ PHI,W,12.5,1.0,8.0,0.125,0.0,2.0,0.0,0.0,0.0,0.0,3.0,2.0,5.0,0.0,0.0,0.0,0.0,0.0,1.0,1.0,2.0,-5.0,8.0,0,0,7.0,1,1,11433,1,18702,16702,9686,19716,12591,11825,12591,12008,12752,12008,1214,12139,6466,16819,14317,10665,7210,7735,12223,10308,18664,15340,18391,1849,143,18556,1,12:27,2020,2021
2020-21,1627854,Bryn Forbes,Bryn,1610612749,MIL,Milwaukee Bucks,22000618,2021-03-17T00:00:00,MIL @ PHI,W,17.5,0.0,10.0,0.0,0.0,6.0,0.0,1.0,1.0,1.0,0.0,1.0,1.0,0.0,0.0,0.0,0.0,2.0,0.0,0.0,1.0,-5.0,2.2,0,0,2.0,1,1,11433,1,15955,19893,7133,19893,12591,3460,12591,9085,11390,1,11150,15987,17542,16819,14317,10665,7210,534,18137,16020,20270,15340,21279,1849,143,21139,1,17:28,2020,2021
2020-21,203507,Giannis Antetokounmpo,Giannis,1610612749,MIL,Milwaukee Bucks,22000618,2021-03-17T00:00:00,MIL @ PHI,W,42.8,13.0,22.0,0.591,1.0,5.0,0.2,5.0,8.0,0.625,1.0,14.0,15.0,5.0,6.0,0.0,0.0,1.0,3.0,7.0,32.0,5.0,51.5,1,0,53.0,1,1,11433,1,123,211,524,5539,7373,4922,11380,1513,763,9117,5246,57,201,2585,133,10665,7210,2107,3130,439,469,6667,785,1,143,503,1,42:50,2020,2021
2020-21,203648,Thanasis Antetokounmpo,Thanasis,1610612749,MIL,Milwaukee Bucks,22000618,2021-03-17T00:00:00,MIL @ PHI,W,4.2,0.0,0.0,0.0,0.0,0.0,0.0,0.0,0.0,0.0,0.0,0.0,0.0,0.0,0.0,0.0,0.0,0.0,0.0,0.0,0.0,8.0,0.0,0,0,0.0,1,1,11433,1,21496,19893,21894,19893,12591,17891,12591,12008,12752,12008,11150,19725,20503,16819,14317,10665,7210,7735,18137,16020,20448,4875,22167,1849,143,22207,1,4:10,2020,2021
2020-21,1626192,Pat Connaughton,Pat,1610612749,MIL,Milwaukee Bucks,22000618,2021-03-17T00:00:00,MIL @ PHI,W,34.0,2.0,4.0,0.5,0.0,2.0,0.0,2.0,4.0,0.5,2.0,10.0,12.0,2.0,1.0,2.0,0.0,0.0,2.0,3.0,6.0,8.0,28.4,0,0,24.0,1,1,11433,1,3599,13638,15987,7582,12591,11825,12591,5395,3346,9461,2547,470,644,7995,7632,1208,7210,7735,6924,3793,13920,4875,6526,1849,143,8016,1,34:01,2020,2021
2020-21,203114,Khris Middleton,Khris,1610612749,MIL,Milwaukee Bucks,22000618,2021-03-17T00:00:00,MIL @ PHI,W,40.1,6.0,16.0,0.375,0.0,4.0,0.0,3.0,3.0,1.0,1.0,3.0,4.0,2.0,8.0,2.0,0.0,1.0,1.0,3.0,15.0,3.0,20.8,0,0,25.0,1,1,11433,1,445,4526,2412,14155,12591,6909,12591,3646,5327,1,5246,8835,8731,7995,13,1208,7210,2107,12223,3793,5723,8138,10603,1849,143,7461,1,40:07,2020,2021
2020-21,1628978,Donte DiVincenzo,Donte,1610612749,MIL,Milwaukee Bucks,22000618,2021-03-17T00:00:00,MIL @ PHI,W,36.3,7.0,16.0,0.438,4.0,9.0,0.444,2.0,2.0,1.0,1.0,7.0,8.0,5.0,1.0,3.0,0.0,2.0,3.0,2.0,20.0,-3.0,45.1,0,0,43.0,1,1,11433,1,2040,3206,2412,11830,910,930,6201,5395,6645,1,5246,1742,2498,2585,7632,347,7210,534,3130,6289,3090,13536,1588,1849,143,1612,1,36:18,2020,2021
2020-21,201572,Brook Lopez,Brook,1610612749,MIL,Milwaukee Bucks,22000618,2021-03-17T00:00:00,MIL @ PHI,W,36.9,5.0,11.0,0.455,3.0,6.0,0.5,1.0,2.0,0.5,3.0,4.0,7.0,2.0,2.0,1.0,1.0,0.0,1.0,2.0,14.0,11.0,29.4,0,0,30.0,1,1,11433,1,1653,6152,6027,11074,1926,3460,3573,9085,6645,9461,1214,6156,3435,7995,3645,4032,2271,7735,12223,6289,6406,3454,6086,1849,143,5266,1,36:54,2020,2021
2020-21,201950,Jrue Holiday,Jrue,1610612749,MIL,Milwaukee Bucks,22000618,2021-03-17T00:00:00,MIL @ PHI,W,40.8,7.0,14.0,0.5,1.0,5.0,0.2,4.0,4.0,1.0,1.0,5.0,6.0,6.0,4.0,3.0,0.0,1.0,0.0,5.0,19.0,-2.0,40.2,0,0,38.0,1,1,11433,1,342,3206,3568,7582,7373,4922,11380,2293,3346,1,5246,4091,4746,1788,764,347,7210,2107,18137,1350,3538,12607,2561,1849,143,2667,1,40:46,2020,2021
2020-21,201572,Brook Lopez,Brook,1610612749,MIL,Milwaukee Bucks,22000603,2021-03-15T00:00:00,MIL @ WAS,W,32.6,8.0,12.0,0.667,0.0,3.0,0.0,6.0,6.0,1.0,1.0,6.0,7.0,2.0,1.0,1.0,4.0,0.0,1.0,4.0,22.0,12.0,47.4,0,0,41.0,1,1,11433,1,4650,2196,5097,2900,12591,9118,12591,990,1600,1,5246,2732,3435,7995,7632,4032,77,7735,12223,2281,2373,3055,1244,1849,143,1987,1,32:34,2020,2021
2020-21,1628978,Donte DiVincenzo,Donte,1610612749,MIL,Milwaukee Bucks,22000603,2021-03-15T00:00:00,MIL @ WAS,W,33.1,5.0,8.0,0.625,2.0,5.0,0.4,0.0,0.0,0.0,2.0,5.0,7.0,6.0,2.0,1.0,0.0,0.0,3.0,1.0,12.0,24.0,30.4,0,0,29.0,1,1,11433,1,4263,6152,9686,4319,3957,4922,6751,12008,12752,12008,2547,4091,3435,1788,3645,4032,7210,7735,3130,10308,7920,500,5653,1849,143,5681,1,33:06,2020,2021
2020-21,1626171,Bobby Portis,Bobby,1610612749,MIL,Milwaukee Bucks,22000603,2021-03-15T00:00:00,MIL @ WAS,W,15.7,6.0,9.0,0.667,1.0,2.0,0.5,0.0,0.0,0.0,1.0,3.0,4.0,1.0,2.0,0.0,0.0,1.0,1.0,0.0,13.0,-7.0,17.3,0,0,19.0,1,1,11433,1,17062,4526,8309,2900,7373,11825,3573,12008,12752,12008,5246,8835,8731,11678,3645,10665,7210,2107,12223,16020,7127,16841,12783,1849,143,10964,1,15:42,2020,2021
2020-21,203507,Giannis Antetokounmpo,Giannis,1610612749,MIL,Milwaukee Bucks,22000603,2021-03-15T00:00:00,MIL @ WAS,W,35.7,12.0,19.0,0.632,1.0,2.0,0.5,6.0,6.0,1.0,2.0,13.0,15.0,10.0,3.0,3.0,1.0,0.0,3.0,6.0,31.0,21.0,73.0,1,1,65.0,1,1,11433,1,2433,346,1220,4296,7373,11825,3573,990,1600,1,2547,100,201,345,1707,347,2271,7735,3130,795,560,844,40,1,1,88,1,35:43,2020,2021
2020-21,203114,Khris Middleton,Khris,1610612749,MIL,Milwaukee Bucks,22000603,2021-03-15T00:00:00,MIL @ WAS,W,34.2,9.0,22.0,0.409,3.0,7.0,0.429,2.0,2.0,1.0,0.0,5.0,5.0,3.0,2.0,1.0,0.0,0.0,4.0,3.0,23.0,7.0,34.5,0,0,36.0,1,1,11433,1,3453,1450,524,12933,1926,2331,6364,5395,6645,1,11150,4091,6466,5509,3645,4032,7210,7735,1059,3793,2060,5432,4172,1849,143,3205,1,34:12,2020,2021
2020-21,201950,Jrue Holiday,Jrue,1610612749,MIL,Milwaukee Bucks,22000603,2021-03-15T00:00:00,MIL @ WAS,W,32.2,6.0,14.0,0.429,1.0,4.0,0.25,2.0,2.0,1.0,3.0,3.0,6.0,4.0,3.0,0.0,0.0,0.0,2.0,1.0,15.0,12.0,25.2,0,0,26.0,1,1,11433,1,4912,4526,3568,11933,7373,6909,10244,5395,6645,1,1214,8835,4746,3751,1707,10665,7210,7735,6924,10308,5723,3055,8088,1849,143,6966,1,32:13,2020,2021
2020-21,1627854,Bryn Forbes,Bryn,1610612749,MIL,Milwaukee Bucks,22000603,2021-03-15T00:00:00,MIL @ WAS,W,13.5,3.0,4.0,0.75,2.0,2.0,1.0,2.0,3.0,0.667,0.0,0.0,0.0,0.0,1.0,0.0,0.0,0.0,0.0,1.0,10.0,-2.0,9.0,0,0,12.0,1,1,11433,1,18255,10694,15987,1826,3957,11825,1,5395,5327,8322,11150,19725,20503,16819,7632,10665,7210,7735,18137,10308,9732,12607,17831,1849,143,15506,1,13:27,2020,2021
2020-21,1626192,Pat Connaughton,Pat,1610612749,MIL,Milwaukee Bucks,22000603,2021-03-15T00:00:00,MIL @ WAS,W,29.6,1.0,2.0,0.5,0.0,0.0,0.0,0.0,0.0,0.0,0.0,1.0,1.0,0.0,1.0,0.0,0.0,0.0,2.0,1.0,2.0,-10.0,2.2,0,0,3.0,1,1,11433,1,6875,16702,19102,7582,12591,17891,12591,12008,12752,12008,11150,15987,17542,16819,7632,10665,7210,7735,6924,10308,18664,18716,21279,1849,143,20717,1,29:38,2020,2021
2020-21,201571,D.J. Augustin,D.J.,1610612749,MIL,Milwaukee Bucks,22000603,2021-03-15T00:00:00,MIL @ WAS,W,13.4,2.0,4.0,0.5,1.0,3.0,0.333,0.0,0.0,0.0,0.0,1.0,1.0,3.0,1.0,0.0,0.0,0.0,4.0,1.0,5.0,-2.0,9.7,0,0,10.0,1,1,11433,1,18273,13638,15987,7582,7373,9118,7875,12008,12752,12008,11150,15987,17542,5509,7632,10665,7210,7735,1059,10308,15263,12607,17407,1849,143,16754,1,13:25,2020,2021
2020-21,201571,D.J. Augustin,D.J.,1610612749,MIL,Milwaukee Bucks,22000589,2021-03-13T00:00:00,MIL @ WAS,W,16.5,1.0,1.0,1.0,0.0,0.0,0.0,0.0,0.0,0.0,0.0,0.0,0.0,2.0,1.0,0.0,0.0,0.0,0.0,0.0,2.0,11.0,4.0,0,0,4.0,1,1,11433,1,16612,16702,20551,1,12591,17891,12591,12008,12752,12008,11150,19725,20503,7995,7632,10665,7210,7735,18137,16020,18664,3454,20476,1849,143,20179,1,16:28,2020,2021
2020-21,1627854,Bryn Forbes,Bryn,1610612749,MIL,Milwaukee Bucks,22000589,2021-03-13T00:00:00,MIL @ WAS,W,16.1,4.0,11.0,0.364,2.0,8.0,0.25,0.0,0.0,0.0,0.0,1.0,1.0,1.0,1.0,0.0,0.0,0.0,1.0,0.0,10.0,6.0,11.7,0,0,14.0,1,1,11433,1,16839,8251,6027,14681,3957,1505,10244,12008,12752,12008,11150,15987,17542,11678,7632,10665,7210,7735,12223,16020,9732,6032,16251,1849,143,14223,1,16:05,2020,2021
2020-21,203648,Thanasis Antetokounmpo,Thanasis,1610612749,MIL,Milwaukee Bucks,22000589,2021-03-13T00:00:00,MIL @ WAS,W,1.8,0.0,1.0,0.0,0.0,0.0,0.0,0.0,0.0,0.0,1.0,0.0,1.0,0.0,0.0,0.0,0.0,0.0,1.0,0.0,0.0,-1.0,1.2,0,0,1.0,1,1,11433,1,22495,19893,20551,19893,12591,17891,12591,12008,12752,12008,5246,19725,17542,16819,14317,10665,7210,7735,12223,16020,20448,11703,21714,1849,143,21671,1,1:46,2020,2021
2020-21,203507,Giannis Antetokounmpo,Giannis,1610612749,MIL,Milwaukee Bucks,22000589,2021-03-13T00:00:00,MIL @ WAS,W,36.2,12.0,19.0,0.632,2.0,4.0,0.5,7.0,8.0,0.875,2.0,9.0,11.0,11.0,4.0,1.0,1.0,0.0,3.0,9.0,33.0,18.0,64.7,1,1,61.0,1,1,11433,1,2121,346,1220,4296,3957,6909,3573,650,763,6179,2547,746,897,214,764,4032,2271,7735,3130,96,385,1368,130,1,1,159,1,36:11,2020,2021
2020-21,1626171,Bobby Portis,Bobby,1610612749,MIL,Milwaukee Bucks,22000589,2021-03-13T00:00:00,MIL @ WAS,W,21.7,5.0,12.0,0.417,4.0,8.0,0.5,0.0,0.0,0.0,1.0,7.0,8.0,1.0,1.0,1.0,0.0,0.0,1.0,1.0,14.0,13.0,27.1,0,0,29.0,1,1,11433,1,12892,6152,5097,12627,910,1505,3573,12008,12752,12008,5246,1742,2498,11678,7632,4032,7210,7735,12223,10308,6406,2707,7141,1849,143,5681,1,21:42,2020,2021
2020-21,1626192,Pat Connaughton,Pat,1610612749,MIL,Milwaukee Bucks,22000589,2021-03-13T00:00:00,MIL @ WAS,W,26.2,4.0,6.0,0.667,3.0,5.0,0.6,0.0,0.0,0.0,2.0,3.0,5.0,2.0,1.0,1.0,0.0,0.0,3.0,0.0,11.0,6.0,22.0,0,0,23.0,1,1,11433,1,9464,8251,12753,2900,1926,4922,2762,12008,12752,12008,2547,8835,6466,7995,7632,4032,7210,7735,3130,16020,8773,6032,9854,1849,143,8568,1,26:13,2020,2021
2020-21,201572,Brook Lopez,Brook,1610612749,MIL,Milwaukee Bucks,22000589,2021-03-13T00:00:00,MIL @ WAS,W,27.0,4.0,10.0,0.4,2.0,7.0,0.286,1.0,2.0,0.5,1.0,4.0,5.0,2.0,1.0,0.0,0.0,0.0,3.0,1.0,11.0,-12.0,19.0,0,0,20.0,1,1,11433,1,8847,8251,7133,12966,3957,2331,9877,9085,6645,9461,5246,6156,6466,7995,7632,10665,7210,7735,3130,10308,8773,19709,11688,1849,143,10341,1,27:02,2020,2021
2020-21,1628978,Donte DiVincenzo,Donte,1610612749,MIL,Milwaukee Bucks,22000589,2021-03-13T00:00:00,MIL @ WAS,W,29.0,4.0,9.0,0.444,1.0,4.0,0.25,1.0,2.0,0.5,4.0,9.0,13.0,3.0,4.0,2.0,0.0,0.0,2.0,2.0,10.0,-3.0,32.1,1,0,31.0,1,1,11433,1,7353,8251,8309,11399,7373,6909,10244,9085,6645,9461,564,746,466,5509,764,1208,7210,7735,6924,6289,9732,13536,5016,1,143,4847,1,28:58,2020,2021
2020-21,201950,Jrue Holiday,Jrue,1610612749,MIL,Milwaukee Bucks,22000589,2021-03-13T00:00:00,MIL @ WAS,W,32.2,6.0,18.0,0.333,2.0,5.0,0.4,4.0,4.0,1.0,2.0,6.0,8.0,3.0,3.0,2.0,1.0,1.0,3.0,3.0,18.0,-5.0,38.1,0,0,37.0,1,1,11433,1,4928,4526,1562,15094,3957,4922,6751,2293,3346,1,2547,2732,2498,5509,1707,1208,2271,2107,3130,3793,3974,15340,3103,1849,143,2922,1,32:13,2020,2021
2020-21,203114,Khris Middleton,Khris,1610612749,MIL,Milwaukee Bucks,22000589,2021-03-13T00:00:00,MIL @ WAS,W,33.4,3.0,12.0,0.25,1.0,4.0,0.25,9.0,9.0,1.0,0.0,5.0,5.0,8.0,2.0,2.0,1.0,1.0,2.0,4.0,16.0,-3.0,41.0,0,0,36.0,1,1,11433,1,4091,10694,5097,17720,7373,6909,10244,264,542,1,11150,4091,6466,803,3645,1208,2271,2107,6924,2281,5102,13536,2392,1849,143,3205,1,33:22,2020,2021
2020-21,1627854,Bryn Forbes,Bryn,1610612749,MIL,Milwaukee Bucks,22000573,2021-03-11T00:00:00,MIL vs. NYK,W,17.7,7.0,9.0,0.778,7.0,7.0,1.0,0.0,0.0,0.0,0.0,1.0,1.0,1.0,0.0,0.0,0.0,0.0,1.0,0.0,21.0,10.0,23.7,0,0,30.0,1,1,11433,1,15818,3206,8309,1717,63,2331,1,12008,12752,12008,11150,15987,17542,11678,14317,10665,7210,7735,12223,16020,2727,3883,8882,1849,143,5266,1,17:41,2020,2021
2020-21,201950,Jrue Holiday,Jrue,1610612749,MIL,Milwaukee Bucks,22000573,2021-03-11T00:00:00,MIL vs. NYK,W,25.4,5.0,9.0,0.556,1.0,3.0,0.333,0.0,0.0,0.0,0.0,3.0,3.0,3.0,1.0,2.0,0.0,0.0,3.0,0.0,11.0,21.0,24.1,0,0,22.0,1,1,11433,1,10113,6152,8309,6415,7373,9118,7875,12008,12752,12008,11150,8835,11352,5509,7632,1208,7210,7735,3130,16020,8773,844,8666,1849,143,9111,1,25:26,2020,2021
2020-21,203114,Khris Middleton,Khris,1610612749,MIL,Milwaukee Bucks,22000573,2021-03-11T00:00:00,MIL vs. NYK,W,26.4,6.0,9.0,0.667,0.0,2.0,0.0,2.0,2.0,1.0,0.0,5.0,5.0,2.0,4.0,0.0,0.0,0.0,2.0,3.0,14.0,22.0,19.0,0,0,21.0,1,1,11433,1,9358,4526,8309,2900,12591,11825,12591,5395,6645,1,11150,4091,6466,7995,764,10665,7210,7735,6924,3793,6406,711,11688,1849,143,9724,1,26:21,2020,2021
2020-21,201571,D.J. Augustin,D.J.,1610612749,MIL,Milwaukee Bucks,22000573,2021-03-11T00:00:00,MIL vs. NYK,W,18.2,4.0,4.0,1.0,3.0,3.0,1.0,1.0,1.0,1.0,0.0,3.0,3.0,2.0,2.0,1.0,0.0,0.0,2.0,1.0,12.0,12.0,19.6,0,0,22.0,1,1,11433,1,15457,8251,15987,1,1926,9118,1,9085,11390,1,11150,8835,11352,7995,3645,4032,7210,7735,6924,10308,7920,3055,11327,1849,143,9111,1,18:13,2020,2021
2020-21,1628978,Donte DiVincenzo,Donte,1610612749,MIL,Milwaukee Bucks,22000573,2021-03-11T00:00:00,MIL vs. NYK,W,23.1,3.0,9.0,0.333,1.0,4.0,0.25,4.0,5.0,0.8,0.0,8.0,8.0,2.0,1.0,1.0,0.0,1.0,0.0,5.0,11.0,34.0,25.6,0,0,24.0,1,1,11433,1,11873,10694,8309,15094,7373,6909,10244,2293,2536,6837,11150,1175,2498,7995,7632,4032,7210,2107,18137,1350,8773,54,7892,1849,143,8016,1,23:06,2020,2021
2020-21,1630241,Sam Merrill,Sam,1610612749,MIL,Milwaukee Bucks,22000573,2021-03-11T00:00:00,MIL vs. NYK,W,5.3,2.0,2.0,1.0,1.0,1.0,1.0,0.0,0.0,0.0,0.0,0.0,0.0,0.0,0.0,0.0,0.0,0.0,0.0,0.0,5.0,-1.0,5.0,0,0,6.0,1,1,11433,1,21072,13638,19102,1,7373,14655,1,12008,12752,12008,11150,19725,20503,16819,14317,10665,7210,7735,18137,16020,15263,11703,19930,1849,143,19107,1,5:16,2020,2021
2020-21,1628391,D.J. Wilson,D.J.,1610612749,MIL,Milwaukee Bucks,22000573,2021-03-11T00:00:00,MIL vs. NYK,W,5.3,1.0,2.0,0.5,1.0,2.0,0.5,0.0,0.0,0.0,0.0,2.0,2.0,0.0,0.0,0.0,0.0,0.0,1.0,0.0,3.0,-1.0,5.4,0,0,6.0,1,1,11433,1,21069,16702,19102,7582,7373,11825,3573,12008,12752,12008,11150,12139,14385,16819,14317,10665,7210,7735,12223,16020,17485,11703,19725,1849,143,19107,1,5:17,2020,2021
2020-21,203507,Giannis Antetokounmpo,Giannis,1610612749,MIL,Milwaukee Bucks,22000573,2021-03-11T00:00:00,MIL vs. NYK,W,29.4,8.0,12.0,0.667,1.0,1.0,1.0,7.0,7.0,1.0,3.0,7.0,10.0,10.0,3.0,1.0,1.0,1.0,2.0,6.0,24.0,34.0,54.0,1,1,49.0,1,1,11433,1,7048,2196,5097,2900,7373,14655,1,650,1176,1,1214,1742,1298,345,1707,4032,2271,2107,6924,795,1773,54,583,1,1,808,1,29:23,2020,2021
2020-21,1626171,Bobby Portis,Bobby,1610612749,MIL,Milwaukee Bucks,22000573,2021-03-11T00:00:00,MIL vs. NYK,W,19.5,3.0,6.0,0.5,0.0,2.0,0.0,2.0,2.0,1.0,0.0,3.0,3.0,2.0,1.0,1.0,1.0,1.0,1.0,1.0,8.0,1.0,19.6,0,0,17.0,1,1,11433,1,14553,10694,12753,7582,12591,11825,12591,5395,6645,1,11150,8835,11352,7995,7632,4032,2271,2107,12223,10308,11759,9911,11327,1849,143,12215,1,19:31,2020,2021
2020-21,1626192,Pat Connaughton,Pat,1610612749,MIL,Milwaukee Bucks,22000573,2021-03-11T00:00:00,MIL vs. NYK,W,19.6,1.0,6.0,0.167,1.0,6.0,0.167,0.0,0.0,0.0,0.0,1.0,1.0,0.0,0.0,2.0,0.0,0.0,2.0,0.0,3.0,0.0,10.2,0,0,9.0,1,1,11433,1,14479,16702,12753,19313,7373,3460,12017,12008,12752,12008,11150,15987,17542,16819,14317,1208,7210,7735,6924,16020,17485,10797,17113,1849,143,17389,1,19:37,2020,2021
2020-21,203648,Thanasis Antetokounmpo,Thanasis,1610612749,MIL,Milwaukee Bucks,22000573,2021-03-11T00:00:00,MIL vs. NYK,W,12.4,2.0,3.0,0.667,0.0,0.0,0.0,0.0,0.0,0.0,0.0,1.0,1.0,0.0,0.0,0.0,0.0,1.0,0.0,2.0,4.0,4.0,5.2,0,0,5.0,1,1,11433,1,18734,13638,17566,2900,12591,17891,12591,12008,12752,12008,11150,15987,17542,16819,14317,10665,7210,2107,18137,6289,16353,7366,19826,1849,143,19629,1,12:24,2020,2021
2020-21,1629603,Mamadi Diakite,Mamadi,1610612749,MIL,Milwaukee Bucks,22000573,2021-03-11T00:00:00,MIL vs. NYK,W,5.3,1.0,2.0,0.5,0.0,0.0,0.0,0.0,0.0,0.0,0.0,2.0,2.0,2.0,0.0,0.0,1.0,0.0,2.0,0.0,2.0,-1.0,10.4,0,0,8.0,1,1,11433,1,21072,16702,19102,7582,12591,17891,12591,12008,12752,12008,11150,12139,14385,7995,14317,10665,2271,7735,6924,16020,18664,11703,17007,1849,143,17996,1,5:16,2020,2021
2020-21,1628470,Torrey Craig,Torrey,1610612749,MIL,Milwaukee Bucks,22000573,2021-03-11T00:00:00,MIL vs. NYK,W,7.5,1.0,3.0,0.333,0.0,1.0,0.0,0.0,0.0,0.0,0.0,1.0,1.0,3.0,0.0,0.0,1.0,1.0,1.0,0.0,2.0,4.0,10.7,0,0,8.0,1,1,11433,1,20332,16702,17566,15094,12591,14655,12591,12008,12752,12008,11150,15987,17542,5509,14317,10665,2271,2107,12223,16020,18664,7366,16848,1849,143,17996,1,7:28,2020,2021
2020-21,201572,Brook Lopez,Brook,1610612749,MIL,Milwaukee Bucks,22000573,2021-03-11T00:00:00,MIL vs. NYK,W,25.0,6.0,11.0,0.545,2.0,6.0,0.333,0.0,0.0,0.0,2.0,1.0,3.0,2.0,0.0,1.0,5.0,0.0,1.0,1.0,14.0,26.0,38.6,0,0,33.0,1,1,11433,1,10441,4526,6027,6794,3957,3460,7875,12008,12752,12008,2547,15987,11352,7995,14317,4032,29,7735,12223,10308,6406,336,2950,1849,143,4133,1,25:01,2020,2021
2020-21,203648,Thanasis Antetokounmpo,Thanasis,1610612749,MIL,Milwaukee Bucks,22000555,2021-03-04T00:00:00,MIL @ MEM,W,6.8,2.0,2.0,1.0,0.0,0.0,0.0,0.0,0.0,0.0,1.0,1.0,2.0,0.0,0.0,1.0,1.0,0.0,0.0,0.0,4.0,-3.0,12.4,0,0,10.0,1,1,11433,1,20547,13638,19102,1,12591,17891,12591,12008,12752,12008,5246,15987,14385,16819,14317,4032,2271,7735,18137,16020,16353,13536,15842,1849,143,16754,1,6:50,2020,2021
2020-21,201571,D.J. Augustin,D.J.,1610612749,MIL,Milwaukee Bucks,22000555,2021-03-04T00:00:00,MIL @ MEM,W,20.7,1.0,3.0,0.333,1.0,3.0,0.333,0.0,0.0,0.0,0.0,2.0,2.0,1.0,2.0,1.0,0.0,0.0,1.0,0.0,3.0,2.0,7.9,0,0,9.0,1,1,11433,1,13676,16702,17566,15094,7373,9118,7875,12008,12752,12008,11150,12139,14385,11678,3645,4032,7210,7735,12223,16020,17485,8969,18449,1849,143,17389,1,20:41,2020,2021
2020-21,1626171,Bobby Portis,Bobby,1610612749,MIL,Milwaukee Bucks,22000555,2021-03-04T00:00:00,MIL @ MEM,W,15.1,4.0,6.0,0.667,0.0,1.0,0.0,0.0,0.0,0.0,0.0,3.0,3.0,0.0,0.0,0.0,0.0,0.0,2.0,0.0,8.0,-4.0,11.6,0,0,11.0,1,1,11433,1,17421,8251,12753,2900,12591,14655,12591,12008,12752,12008,11150,8835,11352,16819,14317,10665,7210,7735,6924,16020,11759,14475,16318,1849,143,16119,1,15:07,2020,2021
2020-21,1627854,Bryn Forbes,Bryn,1610612749,MIL,Milwaukee Bucks,22000555,2021-03-04T00:00:00,MIL @ MEM,W,11.9,0.0,3.0,0.0,0.0,3.0,0.0,0.0,0.0,0.0,0.0,0.0,0.0,0.0,0.0,0.0,0.0,0.0,1.0,1.0,0.0,-6.0,0.0,0,0,0.0,1,1,11433,1,18962,19893,17566,19893,12591,9118,12591,12008,12752,12008,11150,19725,20503,16819,14317,10665,7210,7735,12223,10308,20448,16140,22167,1849,143,22207,1,11:57,2020,2021
2020-21,203114,Khris Middleton,Khris,1610612749,MIL,Milwaukee Bucks,22000555,2021-03-04T00:00:00,MIL @ MEM,W,39.1,6.0,17.0,0.353,1.0,4.0,0.25,9.0,9.0,1.0,4.0,6.0,10.0,4.0,5.0,2.0,0.0,2.0,1.0,4.0,22.0,5.0,41.0,1,0,41.0,1,1,11433,1,679,4526,1960,15003,7373,6909,10244,264,542,1,564,2732,1298,3751,321,1208,7210,534,12223,2281,2373,6667,2392,1,143,1987,1,39:06,2020,2021
2020-21,1628978,Donte DiVincenzo,Donte,1610612749,MIL,Milwaukee Bucks,22000555,2021-03-04T00:00:00,MIL @ MEM,W,29.9,2.0,9.0,0.222,1.0,5.0,0.2,2.0,2.0,1.0,2.0,5.0,7.0,4.0,2.0,0.0,0.0,0.0,0.0,3.0,7.0,5.0,19.4,0,0,19.0,1,1,11433,1,6673,13638,8309,18584,7373,4922,11380,5395,6645,1,2547,4091,3435,3751,3645,10665,7210,7735,18137,3793,12975,6667,11446,1849,143,10964,1,29:52,2020,2021
2020-21,1626192,Pat Connaughton,Pat,1610612749,MIL,Milwaukee Bucks,22000555,2021-03-04T00:00:00,MIL @ MEM,W,30.3,6.0,11.0,0.545,3.0,7.0,0.429,0.0,0.0,0.0,2.0,7.0,9.0,0.0,1.0,1.0,1.0,1.0,2.0,1.0,15.0,-3.0,30.8,0,0,31.0,1,1,11433,1,6346,4526,6027,6794,1926,2331,6364,12008,12752,12008,2547,1742,1852,16819,7632,4032,2271,2107,6924,10308,5723,13536,5495,1849,143,4847,1,30:18,2020,2021
2020-21,203507,Giannis Antetokounmpo,Giannis,1610612749,MIL,Milwaukee Bucks,22000555,2021-03-04T00:00:00,MIL @ MEM,W,36.2,10.0,19.0,0.526,1.0,1.0,1.0,5.0,9.0,0.556,2.0,9.0,11.0,8.0,4.0,2.0,1.0,4.0,4.0,9.0,26.0,9.0,56.2,1,0,52.0,1,1,11433,1,2086,935,1220,7428,7373,14655,1,1513,542,9429,2547,746,897,803,764,1208,2271,22,1059,96,1304,4365,430,1,143,566,1,36:14,2020,2021
2020-21,201950,Jrue Holiday,Jrue,1610612749,MIL,Milwaukee Bucks,22000555,2021-03-04T00:00:00,MIL @ MEM,W,22.6,6.0,14.0,0.429,1.0,3.0,0.333,2.0,2.0,1.0,1.0,1.0,2.0,3.0,1.0,2.0,0.0,1.0,3.0,1.0,15.0,3.0,26.9,0,0,25.0,1,1,11433,1,12257,4526,3568,11933,7373,9118,7875,5395,6645,1,5246,15987,14385,5509,7632,1208,7210,2107,3130,10308,5723,8138,7248,1849,143,7461,1,22:35,2020,2021
2020-21,201572,Brook Lopez,Brook,1610612749,MIL,Milwaukee Bucks,22000555,2021-03-04T00:00:00,MIL @ MEM,W,27.3,5.0,11.0,0.455,2.0,7.0,0.286,0.0,0.0,0.0,1.0,5.0,6.0,1.0,1.0,2.0,2.0,0.0,5.0,1.0,12.0,-3.0,31.7,0,0,29.0,1,1,11433,1,8620,6152,6027,11074,3957,2331,9877,12008,12752,12008,5246,4091,4746,11678,7632,1208,697,7735,202,10308,7920,13536,5161,1849,143,5681,1,27:21,2020,2021
2020-21,201571,D.J. Augustin,D.J.,1610612749,MIL,Milwaukee Bucks,22000540,2021-03-02T00:00:00,MIL vs. DEN,L,26.9,2.0,5.0,0.4,2.0,5.0,0.4,1.0,1.0,1.0,0.0,1.0,1.0,3.0,0.0,0.0,0.0,0.0,1.0,1.0,7.0,-4.0,12.7,0,0,13.0,1,11623,1,11623,8965,13638,14368,12966,3957,4922,6751,9085,11390,1,11150,15987,17542,5509,14317,10665,7210,7735,12223,10308,12975,14475,15681,1849,143,14865,1,26:52,2020,2021
2020-21,1628470,Torrey Craig,Torrey,1610612749,MIL,Milwaukee Bucks,22000540,2021-03-02T00:00:00,MIL vs. DEN,L,11.2,0.0,3.0,0.0,0.0,2.0,0.0,0.0,0.0,0.0,1.0,2.0,3.0,1.0,0.0,0.0,1.0,0.0,0.0,0.0,0.0,-21.0,8.1,0,0,6.0,1,11623,1,11623,19234,19893,17566,19893,12591,11825,12591,12008,12752,12008,5246,12139,11352,11678,14317,10665,2271,7735,18137,16020,20448,22246,18354,1849,143,19107,1,11:11,2020,2021
2020-21,1627854,Bryn Forbes,Bryn,1610612749,MIL,Milwaukee Bucks,22000540,2021-03-02T00:00:00,MIL vs. DEN,L,17.2,3.0,8.0,0.375,3.0,7.0,0.429,0.0,0.0,0.0,0.0,1.0,1.0,0.0,0.0,0.0,0.0,0.0,1.0,0.0,9.0,-20.0,10.2,0,0,13.0,1,11623,1,11623,16143,10694,9686,14155,1926,2331,6364,12008,12752,12008,11150,15987,17542,16819,14317,10665,7210,7735,12223,16020,10740,22072,17113,1849,143,14865,1,17:12,2020,2021
2020-21,1628391,D.J. Wilson,D.J.,1610612749,MIL,Milwaukee Bucks,22000540,2021-03-02T00:00:00,MIL vs. DEN,L,4.9,1.0,4.0,0.25,1.0,3.0,0.333,0.0,0.0,0.0,0.0,1.0,1.0,0.0,0.0,0.0,1.0,0.0,0.0,0.0,3.0,-10.0,7.2,0,0,7.0,1,11623,1,11623,21214,16702,15987,17720,7373,9118,7875,12008,12752,12008,11150,15987,17542,16819,14317,10665,2271,7735,18137,16020,17485,18716,18793,1849,143,18556,1,4:56,2020,2021
2020-21,1626171,Bobby Portis,Bobby,1610612749,MIL,Milwaukee Bucks,22000540,2021-03-02T00:00:00,MIL vs. DEN,L,16.9,1.0,3.0,0.333,0.0,0.0,0.0,2.0,2.0,1.0,1.0,3.0,4.0,0.0,3.0,0.0,0.0,1.0,4.0,1.0,4.0,-12.0,5.8,0,0,8.0,1,11623,1,11623,16354,16702,17566,15094,12591,17891,12591,5395,6645,1,5246,8835,8731,16819,1707,10665,7210,2107,1059,10308,16353,19709,19566,1849,143,17996,1,16:52,2020,2021
2020-21,201572,Brook Lopez,Brook,1610612749,MIL,Milwaukee Bucks,22000540,2021-03-02T00:00:00,MIL vs. DEN,L,24.8,4.0,8.0,0.5,0.0,2.0,0.0,4.0,4.0,1.0,2.0,3.0,5.0,0.0,2.0,0.0,0.0,0.0,2.0,3.0,12.0,-7.0,16.0,0,0,17.0,1,11623,1,11623,10584,8251,9686,7582,12591,11825,12591,2293,3346,1,2547,8835,6466,16819,3645,10665,7210,7735,6924,3793,7920,16841,13603,1849,143,12215,1,24:48,2020,2021
2020-21,203114,Khris Middleton,Khris,1610612749,MIL,Milwaukee Bucks,22000540,2021-03-02T00:00:00,MIL vs. DEN,L,29.1,6.0,12.0,0.5,3.0,6.0,0.5,5.0,8.0,0.625,1.0,3.0,4.0,6.0,1.0,1.0,0.0,1.0,1.0,4.0,20.0,-16.0,35.8,0,0,35.0,1,11623,1,11623,7247,4526,5097,7582,1926,3460,3573,1513,763,9117,5246,8835,8731,1788,7632,4032,7210,2107,12223,2281,3090,21158,3767,1849,143,3483,1,29:06,2020,2021
2020-21,203507,Giannis Antetokounmpo,Giannis,1610612749,MIL,Milwaukee Bucks,22000540,2021-03-02T00:00:00,MIL vs. DEN,L,33.0,10.0,15.0,0.667,0.0,3.0,0.0,7.0,10.0,0.7,0.0,8.0,8.0,3.0,3.0,1.0,2.0,0.0,4.0,7.0,27.0,-5.0,47.1,0,0,44.0,1,11623,1,11623,4363,935,2946,2900,12591,9118,12591,650,360,8286,11150,1175,2498,5509,1707,4032,697,7735,1059,439,1108,15340,1283,1849,143,1463,1,32:59,2020,2021
2020-21,201950,Jrue Holiday,Jrue,1610612749,MIL,Milwaukee Bucks,22000540,2021-03-02T00:00:00,MIL vs. DEN,L,18.3,2.0,6.0,0.333,0.0,4.0,0.0,0.0,2.0,0.0,1.0,0.0,1.0,3.0,3.0,1.0,0.0,0.0,1.0,1.0,4.0,-15.0,9.7,0,0,10.0,1,11623,1,11623,15431,13638,12753,15094,12591,6909,12591,12008,6645,12008,5246,19725,17542,5509,1707,4032,7210,7735,12223,10308,16353,20857,17407,1849,143,16754,1,18:15,2020,2021
2020-21,1628978,Donte DiVincenzo,Donte,1610612749,MIL,Milwaukee Bucks,22000540,2021-03-02T00:00:00,MIL vs. DEN,L,21.3,0.0,5.0,0.0,0.0,2.0,0.0,3.0,4.0,0.75,1.0,2.0,3.0,3.0,1.0,1.0,0.0,0.0,2.0,2.0,3.0,-12.0,13.1,0,0,11.0,1,11623,1,11623,13187,19893,14368,19893,12591,11825,12591,3646,3346,7245,5246,12139,11352,5509,7632,4032,7210,7735,6924,6289,17485,19709,15414,1849,143,16119,1,21:20,2020,2021
2020-21,1630241,Sam Merrill,Sam,1610612749,MIL,Milwaukee Bucks,22000540,2021-03-02T00:00:00,MIL vs. DEN,L,4.9,0.0,1.0,0.0,0.0,1.0,0.0,0.0,0.0,0.0,1.0,0.0,1.0,0.0,0.0,0.0,0.0,0.0,0.0,0.0,0.0,-10.0,1.2,0,0,1.0,1,11623,1,11623,21214,19893,20551,19893,12591,14655,12591,12008,12752,12008,5246,19725,17542,16819,14317,10665,7210,7735,18137,16020,20448,18716,21714,1849,143,21671,1,4:56,2020,2021
2020-21,203648,Thanasis Antetokounmpo,Thanasis,1610612749,MIL,Milwaukee Bucks,22000540,2021-03-02T00:00:00,MIL vs. DEN,L,4.9,0.0,0.0,0.0,0.0,0.0,0.0,0.0,0.0,0.0,0.0,0.0,0.0,1.0,0.0,0.0,0.0,0.0,1.0,0.0,0.0,-10.0,1.5,0,0,1.0,1,11623,1,11623,21214,19893,21894,19893,12591,17891,12591,12008,12752,12008,11150,19725,20503,11678,14317,10665,7210,7735,12223,16020,20448,18716,21554,1849,143,21671,1,4:56,2020,2021
2020-21,1626192,Pat Connaughton,Pat,1610612749,MIL,Milwaukee Bucks,22000540,2021-03-02T00:00:00,MIL vs. DEN,L,26.6,3.0,9.0,0.333,2.0,5.0,0.4,0.0,0.0,0.0,3.0,5.0,8.0,2.0,0.0,0.0,0.0,1.0,1.0,0.0,8.0,-13.0,20.6,0,0,20.0,1,11623,1,11623,9177,10694,8309,15094,3957,4922,6751,12008,12752,12008,1214,4091,2498,7995,14317,10665,7210,2107,12223,16020,11759,20143,10721,1849,143,10341,1,26:37,2020,2021
2020-21,1626171,Bobby Portis,Bobby,1610612749,MIL,Milwaukee Bucks,22000520,2021-02-28T00:00:00,MIL vs. LAC,W,20.4,3.0,5.0,0.6,1.0,1.0,1.0,2.0,2.0,1.0,1.0,6.0,7.0,1.0,0.0,3.0,0.0,0.0,1.0,1.0,9.0,-12.0,27.9,0,0,24.0,1,1,11433,1,13873,10694,14368,4810,7373,14655,1,5395,6645,1,5246,2732,3435,11678,14317,347,7210,7735,12223,10308,10740,19709,6740,1849,143,8016,1,20:26,2020,2021
2020-21,1628978,Donte DiVincenzo,Donte,1610612749,MIL,Milwaukee Bucks,22000520,2021-02-28T00:00:00,MIL vs. LAC,W,28.0,5.0,12.0,0.417,1.0,5.0,0.2,0.0,2.0,0.0,1.0,6.0,7.0,0.0,0.0,1.0,0.0,1.0,2.0,2.0,11.0,11.0,22.4,0,0,21.0,1,1,11433,1,8147,6152,5097,12627,7373,4922,11380,12008,6645,12008,5246,2732,3435,16819,14317,4032,7210,2107,6924,6289,8773,3454,9641,1849,143,9724,1,27:59,2020,2021
2020-21,203114,Khris Middleton,Khris,1610612749,MIL,Milwaukee Bucks,22000520,2021-02-28T00:00:00,MIL vs. LAC,W,32.8,6.0,14.0,0.429,2.0,5.0,0.4,5.0,6.0,0.833,0.0,6.0,6.0,8.0,2.0,0.0,0.0,0.0,3.0,5.0,19.0,-1.0,36.2,0,0,35.0,1,1,11433,1,4505,4526,3568,11933,3957,4922,6751,1513,1600,6476,11150,2732,4746,803,3645,10665,7210,7735,3130,1350,3538,11703,3646,1849,143,3483,1,32:47,2020,2021
2020-21,203507,Giannis Antetokounmpo,Giannis,1610612749,MIL,Milwaukee Bucks,22000520,2021-02-28T00:00:00,MIL vs. LAC,W,39.9,15.0,27.0,0.556,2.0,7.0,0.286,4.0,6.0,0.667,4.0,10.0,14.0,5.0,4.0,1.0,4.0,1.0,2.0,7.0,36.0,4.0,71.3,1,0,67.0,1,1,11433,1,489,73,89,6415,3957,2331,9877,2293,1600,8322,564,470,317,2585,764,4032,77,2107,6924,439,219,7366,56,1,143,61,1,39:55,2020,2021
2020-21,201572,Brook Lopez,Brook,1610612749,MIL,Milwaukee Bucks,22000520,2021-02-28T00:00:00,MIL vs. LAC,W,30.7,3.0,8.0,0.375,2.0,6.0,0.333,2.0,2.0,1.0,0.0,3.0,3.0,1.0,1.0,1.0,1.0,0.0,2.0,1.0,10.0,9.0,20.1,0,0,20.0,1,1,11433,1,6069,10694,9686,14155,3957,3460,7875,5395,6645,1,11150,8835,11352,11678,7632,4032,2271,7735,6924,10308,9732,4365,11017,1849,143,10341,1,30:40,2020,2021
2020-21,1626192,Pat Connaughton,Pat,1610612749,MIL,Milwaukee Bucks,22000520,2021-02-28T00:00:00,MIL vs. LAC,W,27.2,2.0,5.0,0.4,1.0,3.0,0.333,2.0,2.0,1.0,1.0,7.0,8.0,0.0,0.0,0.0,0.0,0.0,0.0,1.0,7.0,-1.0,16.6,0,0,16.0,1,1,11433,1,8716,13638,14368,12966,7373,9118,7875,5395,6645,1,5246,1742,2498,16819,14317,10665,7210,7735,18137,10308,12975,11703,13226,1849,143,12891,1,27:13,2020,2021
2020-21,1627854,Bryn Forbes,Bryn,1610612749,MIL,Milwaukee Bucks,22000520,2021-02-28T00:00:00,MIL vs. LAC,W,11.8,1.0,3.0,0.333,1.0,3.0,0.333,2.0,2.0,1.0,0.0,0.0,0.0,1.0,0.0,0.0,0.0,1.0,0.0,1.0,5.0,-13.0,6.5,0,0,7.0,1,1,11433,1,19020,16702,17566,15094,7373,9118,7875,5395,6645,1,11150,19725,20503,11678,14317,10665,7210,2107,18137,10308,15263,20143,19177,1849,143,18556,1,11:46,2020,2021
2020-21,201571,D.J. Augustin,D.J.,1610612749,MIL,Milwaukee Bucks,22000520,2021-02-28T00:00:00,MIL vs. LAC,W,26.4,2.0,5.0,0.4,2.0,4.0,0.5,0.0,0.0,0.0,0.0,2.0,2.0,2.0,2.0,1.0,0.0,0.0,0.0,1.0,6.0,17.0,12.4,0,0,14.0,1,1,11433,1,9341,13638,14368,12966,3957,6909,3573,12008,12752,12008,11150,12139,14385,7995,3645,4032,7210,7735,18137,10308,13920,1579,15842,1849,143,14223,1,26:23,2020,2021
2020-21,203648,Thanasis Antetokounmpo,Thanasis,1610612749,MIL,Milwaukee Bucks,22000520,2021-02-28T00:00:00,MIL vs. LAC,W,4.9,0.0,1.0,0.0,0.0,1.0,0.0,0.0,0.0,0.0,1.0,0.0,1.0,0.0,0.0,0.0,0.0,0.0,0.0,0.0,0.0,1.0,1.2,0,0,1.0,1,1,11433,1,21213,19893,20551,19893,12591,14655,12591,12008,12752,12008,5246,19725,17542,16819,14317,10665,7210,7735,18137,16020,20448,9911,21714,1849,143,21671,1,4:56,2020,2021
2020-21,201950,Jrue Holiday,Jrue,1610612749,MIL,Milwaukee Bucks,22000520,2021-02-28T00:00:00,MIL vs. LAC,W,17.9,1.0,5.0,0.2,0.0,3.0,0.0,0.0,0.0,0.0,0.0,0.0,0.0,3.0,2.0,0.0,0.0,0.0,1.0,0.0,2.0,10.0,4.5,0,0,5.0,1,1,11433,1,15670,16702,14368,18781,12591,9118,12591,12008,12752,12008,11150,19725,20503,5509,3645,10665,7210,7735,12223,16020,18664,3883,20142,1849,143,19629,1,17:55,2020,2021
2020-21,1627854,Bryn Forbes,Bryn,1610612749,MIL,Milwaukee Bucks,22000503,2021-02-25T00:00:00,MIL vs. NOP,W,21.3,1.0,4.0,0.25,0.0,3.0,0.0,0.0,0.0,0.0,0.0,2.0,2.0,0.0,0.0,0.0,0.0,0.0,0.0,0.0,2.0,-3.0,4.4,0,0,4.0,1,1,11433,1,13229,16702,15987,17720,12591,9118,12591,12008,12752,12008,11150,12139,14385,16819,14317,10665,7210,7735,18137,16020,18664,13536,20215,1849,143,20179,1,21:17,2020,2021
2020-21,203648,Thanasis Antetokounmpo,Thanasis,1610612749,MIL,Milwaukee Bucks,22000503,2021-02-25T00:00:00,MIL vs. NOP,W,7.5,0.0,1.0,0.0,0.0,1.0,0.0,0.0,0.0,0.0,1.0,0.0,1.0,0.0,1.0,1.0,1.0,0.0,0.0,1.0,0.0,-9.0,6.2,0,0,5.0,1,1,11433,1,20327,19893,20551,19893,12591,14655,12591,12008,12752,12008,5246,19725,17542,16819,7632,4032,2271,7735,18137,10308,20448,18135,19314,1849,143,19629,1,7:31,2020,2021
2020-21,203114,Khris Middleton,Khris,1610612749,MIL,Milwaukee Bucks,22000503,2021-02-25T00:00:00,MIL vs. NOP,W,38.9,14.0,24.0,0.583,2.0,4.0,0.5,1.0,1.0,1.0,1.0,6.0,7.0,6.0,2.0,0.0,0.0,1.0,1.0,3.0,31.0,10.0,46.4,0,0,46.0,1,1,11433,1,760,114,273,5615,3957,6909,3573,9085,11390,1,5246,2732,3435,1788,3645,10665,7210,2107,12223,3793,560,3883,1388,1849,143,1183,1,38:52,2020,2021
2020-21,1628978,Donte DiVincenzo,Donte,1610612749,MIL,Milwaukee Bucks,22000503,2021-02-25T00:00:00,MIL vs. NOP,W,34.7,9.0,16.0,0.563,4.0,7.0,0.571,2.0,2.0,1.0,2.0,5.0,7.0,9.0,1.0,2.0,1.0,1.0,1.0,3.0,24.0,14.0,53.9,0,0,50.0,1,1,11433,1,3088,1450,2412,6323,910,2331,3225,5395,6645,1,2547,4091,3435,544,7632,1208,2271,2107,12223,3793,1773,2360,588,1849,143,712,1,34:43,2020,2021
2020-21,1626171,Bobby Portis,Bobby,1610612749,MIL,Milwaukee Bucks,22000503,2021-02-25T00:00:00,MIL vs. NOP,W,31.4,5.0,9.0,0.556,2.0,4.0,0.5,0.0,0.0,0.0,2.0,6.0,8.0,0.0,1.0,0.0,2.0,0.0,2.0,0.0,12.0,19.0,26.6,0,0,26.0,1,1,11433,1,5506,6152,8309,6415,3957,6909,3573,12008,12752,12008,2547,2732,2498,16819,7632,10665,697,7735,6924,16020,7920,1175,7388,1849,143,6966,1,31:24,2020,2021
2020-21,203507,Giannis Antetokounmpo,Giannis,1610612749,MIL,Milwaukee Bucks,22000503,2021-02-25T00:00:00,MIL vs. NOP,W,37.9,14.0,27.0,0.519,2.0,5.0,0.4,8.0,10.0,0.8,2.0,8.0,10.0,4.0,1.0,0.0,1.0,2.0,0.0,8.0,38.0,-2.0,58.0,1,0,56.0,1,1,11433,1,1157,114,89,7569,3957,4922,6751,406,360,6837,2547,1175,1298,3751,7632,10665,2271,534,18137,217,138,12607,332,1,143,321,1,37:52,2020,2021
2020-21,1630241,Sam Merrill,Sam,1610612749,MIL,Milwaukee Bucks,22000503,2021-02-25T00:00:00,MIL vs. NOP,W,7.8,1.0,3.0,0.333,0.0,1.0,0.0,0.0,0.0,0.0,0.0,1.0,1.0,0.0,0.0,1.0,0.0,0.0,3.0,0.0,2.0,-2.0,6.2,0,0,5.0,1,1,11433,1,20254,16702,17566,15094,12591,14655,12591,12008,12752,12008,11150,15987,17542,16819,14317,4032,7210,7735,3130,16020,18664,12607,19314,1849,143,19629,1,7:48,2020,2021
2020-21,1626192,Pat Connaughton,Pat,1610612749,MIL,Milwaukee Bucks,22000503,2021-02-25T00:00:00,MIL vs. NOP,W,26.0,3.0,4.0,0.75,2.0,3.0,0.667,0.0,0.0,0.0,0.0,1.0,1.0,1.0,3.0,0.0,0.0,0.0,4.0,0.0,8.0,-12.0,7.7,0,0,12.0,1,1,11433,1,9611,10694,15987,1826,3957,9118,1828,12008,12752,12008,11150,15987,17542,11678,1707,10665,7210,7735,1059,16020,11759,19709,18539,1849,143,15506,1,26:03,2020,2021
2020-21,201572,Brook Lopez,Brook,1610612749,MIL,Milwaukee Bucks,22000503,2021-02-25T00:00:00,MIL vs. NOP,W,34.5,5.0,8.0,0.625,1.0,3.0,0.333,1.0,3.0,0.333,0.0,5.0,5.0,1.0,0.0,0.0,3.0,0.0,2.0,2.0,12.0,5.0,28.5,0,0,25.0,1,1,11433,1,3239,6152,9686,4319,7373,9118,7875,9085,5327,11706,11150,4091,6466,11678,14317,10665,231,7735,6924,6289,7920,6667,6482,1849,143,7461,1,34:30,2020,2021
2020-21,203114,Khris Middleton,Khris,1610612749,MIL,Milwaukee Bucks,22000486,2021-02-23T00:00:00,MIL vs. MIN,W,33.6,6.0,19.0,0.316,3.0,6.0,0.5,0.0,0.0,0.0,0.0,7.0,7.0,4.0,0.0,2.0,0.0,3.0,0.0,1.0,15.0,2.0,35.4,0,0,33.0,1,1,11433,1,3941,4526,1220,16723,1926,3460,3573,12008,12752,12008,11150,1742,3435,3751,14317,1208,7210,122,18137,10308,5723,8969,3881,1849,143,4133,1,33:34,2020,2021
2020-21,203648,Thanasis Antetokounmpo,Thanasis,1610612749,MIL,Milwaukee Bucks,22000486,2021-02-23T00:00:00,MIL vs. MIN,W,18.6,3.0,4.0,0.75,0.0,0.0,0.0,0.0,2.0,0.0,4.0,4.0,8.0,2.0,1.0,1.0,0.0,0.0,1.0,1.0,6.0,14.0,20.6,0,0,18.0,1,1,11433,1,15228,10694,15987,1826,12591,17891,12591,12008,6645,12008,564,6156,2498,7995,7632,4032,7210,7735,12223,10308,13920,2360,10721,1849,143,11539,1,18:35,2020,2021
2020-21,201572,Brook Lopez,Brook,1610612749,MIL,Milwaukee Bucks,22000486,2021-02-23T00:00:00,MIL vs. MIN,W,25.4,6.0,11.0,0.545,2.0,5.0,0.4,1.0,1.0,1.0,1.0,4.0,5.0,0.0,2.0,1.0,0.0,0.0,3.0,1.0,15.0,6.0,22.0,0,0,24.0,1,1,11433,1,10136,4526,6027,6794,3957,4922,6751,9085,11390,1,5246,6156,6466,16819,3645,4032,7210,7735,3130,10308,5723,6032,9854,1849,143,8016,1,25:24,2020,2021
2020-21,201571,D.J. Augustin,D.J.,1610612749,MIL,Milwaukee Bucks,22000486,2021-02-23T00:00:00,MIL vs. MIN,W,25.8,4.0,6.0,0.667,2.0,4.0,0.5,0.0,0.0,0.0,0.0,2.0,2.0,5.0,0.0,1.0,0.0,0.0,2.0,3.0,10.0,10.0,22.9,0,0,21.0,1,1,11433,1,9793,8251,12753,2900,3957,6909,3573,12008,12752,12008,11150,12139,14385,2585,14317,4032,7210,7735,6924,3793,9732,3883,9325,1849,143,9724,1,25:49,2020,2021
2020-21,1626192,Pat Connaughton,Pat,1610612749,MIL,Milwaukee Bucks,22000486,2021-02-23T00:00:00,MIL vs. MIN,W,26.8,1.0,5.0,0.2,1.0,4.0,0.25,0.0,0.0,0.0,1.0,5.0,6.0,3.0,0.0,2.0,1.0,0.0,2.0,0.0,3.0,30.0,23.7,0,0,19.0,1,1,11433,1,9008,16702,14368,18781,7373,6909,10244,12008,12752,12008,5246,4091,4746,5509,14317,1208,2271,7735,6924,16020,17485,141,8882,1849,143,10964,1,26:49,2020,2021
2020-21,1627854,Bryn Forbes,Bryn,1610612749,MIL,Milwaukee Bucks,22000486,2021-02-23T00:00:00,MIL vs. MIN,W,25.8,8.0,13.0,0.615,5.0,9.0,0.556,2.0,2.0,1.0,0.0,4.0,4.0,3.0,0.0,0.0,0.0,0.0,1.0,1.0,23.0,22.0,32.3,0,0,35.0,1,1,11433,1,9847,2196,4300,4658,414,930,3417,5395,6645,1,11150,6156,8731,5509,14317,10665,7210,7735,12223,10308,2060,711,4948,1849,143,3483,1,25:45,2020,2021
2020-21,1628978,Donte DiVincenzo,Donte,1610612749,MIL,Milwaukee Bucks,22000486,2021-02-23T00:00:00,MIL vs. MIN,W,25.5,5.0,10.0,0.5,3.0,6.0,0.5,0.0,0.0,0.0,1.0,4.0,5.0,5.0,2.0,0.0,0.0,1.0,1.0,0.0,13.0,10.0,24.5,0,0,26.0,1,1,11433,1,10046,6152,7133,7582,1926,3460,3573,12008,12752,12008,5246,6156,6466,2585,3645,10665,7210,2107,12223,16020,7127,3883,8482,1849,143,6966,1,25:32,2020,2021
2020-21,1626171,Bobby Portis,Bobby,1610612749,MIL,Milwaukee Bucks,22000486,2021-02-23T00:00:00,MIL vs. MIN,W,22.6,6.0,11.0,0.545,2.0,4.0,0.5,0.0,0.0,0.0,1.0,5.0,6.0,2.0,0.0,2.0,2.0,1.0,2.0,0.0,14.0,21.0,36.2,0,0,32.0,1,1,11433,1,12248,4526,6027,6794,3957,6909,3573,12008,12752,12008,5246,4091,4746,7995,14317,1208,697,2107,6924,16020,6406,844,3646,1849,143,4492,1,22:36,2020,2021
2020-21,203507,Giannis Antetokounmpo,Giannis,1610612749,MIL,Milwaukee Bucks,22000486,2021-02-23T00:00:00,MIL vs. MIN,W,29.1,13.0,18.0,0.722,1.0,3.0,0.333,10.0,13.0,0.769,1.0,7.0,8.0,8.0,3.0,2.0,2.0,0.0,1.0,9.0,37.0,21.0,67.6,0,0,62.0,1,1,11433,1,7232,211,1562,2419,7373,9118,7875,161,117,7240,5246,1742,2498,803,1707,1208,697,7735,12223,96,175,844,94,1849,143,136,1,29:08,2020,2021
2020-21,1630241,Sam Merrill,Sam,1610612749,MIL,Milwaukee Bucks,22000486,2021-02-23T00:00:00,MIL vs. MIN,W,6.8,1.0,2.0,0.5,1.0,1.0,1.0,0.0,0.0,0.0,0.0,1.0,1.0,1.0,0.0,0.0,0.0,0.0,0.0,0.0,3.0,-1.0,5.7,0,0,6.0,1,1,11433,1,20552,16702,19102,7582,7373,14655,1,12008,12752,12008,11150,15987,17542,11678,14317,10665,7210,7735,18137,16020,17485,11703,19577,1849,143,19107,1,6:48,2020,2021
2020-21,201572,Brook Lopez,Brook,1610612749,MIL,Milwaukee Bucks,22000471,2021-02-21T00:00:00,MIL vs. SAC,W,23.5,2.0,4.0,0.5,1.0,3.0,0.333,1.0,2.0,0.5,0.0,8.0,8.0,0.0,1.0,0.0,1.0,0.0,4.0,1.0,6.0,7.0,17.6,0,0,17.0,1,1,11433,1,11532,13638,15987,7582,7373,9118,7875,9085,6645,9461,11150,1175,2498,16819,7632,10665,2271,7735,1059,10308,13920,5432,12582,1849,143,12215,1,23:32,2020,2021
2020-21,1630241,Sam Merrill,Sam,1610612749,MIL,Milwaukee Bucks,22000471,2021-02-21T00:00:00,MIL vs. SAC,W,2.7,0.0,1.0,0.0,0.0,0.0,0.0,0.0,0.0,0.0,0.0,1.0,1.0,0.0,0.0,0.0,0.0,0.0,0.0,0.0,0.0,-6.0,1.2,0,0,1.0,1,1,11433,1,22137,19893,20551,19893,12591,17891,12591,12008,12752,12008,11150,15987,17542,16819,14317,10665,7210,7735,18137,16020,20448,16140,21714,1849,143,21671,1,2:40,2020,2021
2020-21,201571,D.J. Augustin,D.J.,1610612749,MIL,Milwaukee Bucks,22000471,2021-02-21T00:00:00,MIL vs. SAC,W,27.4,2.0,10.0,0.2,0.0,5.0,0.0,0.0,0.0,0.0,0.0,1.0,1.0,5.0,2.0,2.0,0.0,1.0,1.0,1.0,4.0,10.0,16.7,0,0,14.0,1,1,11433,1,8573,13638,7133,18781,12591,4922,12591,12008,12752,12008,11150,15987,17542,2585,3645,1208,7210,2107,12223,10308,16353,3883,13164,1849,143,14223,1,27:25,2020,2021
2020-21,1627854,Bryn Forbes,Bryn,1610612749,MIL,Milwaukee Bucks,22000471,2021-02-21T00:00:00,MIL vs. SAC,W,25.1,4.0,10.0,0.4,2.0,5.0,0.4,0.0,0.0,0.0,0.0,0.0,0.0,2.0,0.0,0.0,0.0,0.0,1.0,0.0,10.0,-7.0,13.0,0,0,14.0,1,1,11433,1,10406,8251,7133,12966,3957,4922,6751,12008,12752,12008,11150,19725,20503,7995,14317,10665,7210,7735,12223,16020,9732,16841,15481,1849,143,14223,1,25:03,2020,2021
2020-21,203507,Giannis Antetokounmpo,Giannis,1610612749,MIL,Milwaukee Bucks,22000471,2021-02-21T00:00:00,MIL vs. SAC,W,33.5,9.0,19.0,0.474,1.0,2.0,0.5,19.0,24.0,0.792,5.0,13.0,18.0,4.0,6.0,1.0,0.0,2.0,4.0,15.0,38.0,29.0,62.6,1,0,63.0,1,1,11433,1,3997,1450,1220,10609,7373,11825,3573,1,1,7178,296,100,55,3751,133,4032,7210,534,1059,2,138,180,175,1,143,119,1,33:29,2020,2021
2020-21,203114,Khris Middleton,Khris,1610612749,MIL,Milwaukee Bucks,22000471,2021-02-21T00:00:00,MIL vs. SAC,W,32.6,13.0,22.0,0.591,3.0,5.0,0.6,3.0,3.0,1.0,1.0,7.0,8.0,6.0,5.0,4.0,2.0,0.0,2.0,2.0,32.0,6.0,63.6,0,0,61.0,1,1,11433,1,4612,211,524,5539,1926,4922,2762,3646,5327,1,5246,1742,2498,1788,321,82,697,7735,6924,6289,469,6032,156,1849,143,159,1,32:37,2020,2021
2020-21,1626192,Pat Connaughton,Pat,1610612749,MIL,Milwaukee Bucks,22000471,2021-02-21T00:00:00,MIL vs. SAC,W,28.2,3.0,4.0,0.75,1.0,2.0,0.5,5.0,5.0,1.0,2.0,4.0,6.0,2.0,0.0,1.0,0.0,0.0,3.0,3.0,12.0,23.0,25.2,0,0,23.0,1,1,11433,1,7928,10694,15987,1826,7373,11825,3573,1513,2536,1,2547,6156,4746,7995,14317,4032,7210,7735,3130,3793,7920,597,8088,1849,143,8568,1,28:14,2020,2021
2020-21,1626171,Bobby Portis,Bobby,1610612749,MIL,Milwaukee Bucks,22000471,2021-02-21T00:00:00,MIL vs. SAC,W,23.7,3.0,7.0,0.429,2.0,2.0,1.0,0.0,0.0,0.0,3.0,5.0,8.0,0.0,1.0,0.0,0.0,0.0,2.0,2.0,8.0,-10.0,16.6,0,0,18.0,1,1,11433,1,11447,10694,11165,11933,3957,11825,1,12008,12752,12008,1214,4091,2498,16819,7632,10665,7210,7735,6924,6289,11759,18716,13226,1849,143,11539,1,23:39,2020,2021
2020-21,1628978,Donte DiVincenzo,Donte,1610612749,MIL,Milwaukee Bucks,22000471,2021-02-21T00:00:00,MIL vs. SAC,W,30.7,7.0,12.0,0.583,1.0,4.0,0.25,1.0,2.0,0.5,2.0,0.0,2.0,3.0,0.0,0.0,1.0,0.0,0.0,1.0,16.0,15.0,25.9,0,0,24.0,1,1,11433,1,6031,3206,5097,5615,7373,6909,10244,9085,6645,9461,2547,19725,14385,5509,14317,10665,2271,7735,18137,10308,5102,2093,7747,1849,143,8016,1,30:42,2020,2021
2020-21,203648,Thanasis Antetokounmpo,Thanasis,1610612749,MIL,Milwaukee Bucks,22000471,2021-02-21T00:00:00,MIL vs. SAC,W,12.7,1.0,1.0,1.0,0.0,0.0,0.0,0.0,0.0,0.0,1.0,3.0,4.0,0.0,2.0,0.0,1.0,0.0,2.0,1.0,2.0,-2.0,7.8,0,0,8.0,1,1,11433,1,18614,16702,20551,1,12591,17891,12591,12008,12752,12008,5246,8835,8731,16819,3645,10665,2271,7735,6924,10308,18664,12607,18501,1849,143,17996,1,12:39,2020,2021
2020-21,1627854,Bryn Forbes,Bryn,1610612749,MIL,Milwaukee Bucks,22000453,2021-02-19T00:00:00,MIL vs. OKC,W,18.8,3.0,8.0,0.375,2.0,5.0,0.4,2.0,3.0,0.667,0.0,3.0,3.0,1.0,0.0,0.0,0.0,0.0,0.0,1.0,10.0,1.0,15.1,0,0,16.0,1,1,11433,1,15070,10694,9686,14155,3957,4922,6751,5395,5327,8322,11150,8835,11352,11678,14317,10665,7210,7735,18137,10308,9732,9911,14175,1849,143,12891,1,18:49,2020,2021
2020-21,201572,Brook Lopez,Brook,1610612749,MIL,Milwaukee Bucks,22000453,2021-02-19T00:00:00,MIL vs. OKC,W,28.4,3.0,8.0,0.375,0.0,1.0,0.0,1.0,2.0,0.5,1.0,4.0,5.0,2.0,2.0,1.0,2.0,1.0,3.0,1.0,7.0,17.0,23.0,0,0,20.0,1,1,11433,1,7821,10694,9686,14155,12591,14655,12591,9085,6645,9461,5246,6156,6466,7995,3645,4032,697,2107,3130,10308,12975,1579,9267,1849,143,10341,1,28:24,2020,2021
2020-21,203648,Thanasis Antetokounmpo,Thanasis,1610612749,MIL,Milwaukee Bucks,22000453,2021-02-19T00:00:00,MIL vs. OKC,W,14.5,1.0,2.0,0.5,0.0,0.0,0.0,1.0,2.0,0.5,2.0,3.0,5.0,0.0,0.0,0.0,0.0,0.0,2.0,1.0,3.0,-10.0,9.0,0,0,8.0,1,1,11433,1,17745,16702,19102,7582,12591,17891,12591,9085,6645,9461,2547,8835,6466,16819,14317,10665,7210,7735,6924,10308,17485,18716,17831,1849,143,17996,1,14:32,2020,2021
2020-21,203507,Giannis Antetokounmpo,Giannis,1610612749,MIL,Milwaukee Bucks,22000453,2021-02-19T00:00:00,MIL vs. OKC,W,35.8,10.0,20.0,0.5,1.0,5.0,0.2,8.0,10.0,0.8,2.0,17.0,19.0,8.0,3.0,1.0,3.0,2.0,2.0,8.0,29.0,23.0,72.8,1,0,65.0,1,1,11433,1,2410,935,933,7582,7373,4922,11380,406,360,6837,2547,10,35,803,1707,4032,231,534,6924,217,787,597,42,1,143,88,1,35:45,2020,2021
2020-21,203114,Khris Middleton,Khris,1610612749,MIL,Milwaukee Bucks,22000453,2021-02-19T00:00:00,MIL vs. OKC,W,35.8,7.0,18.0,0.389,1.0,5.0,0.2,5.0,7.0,0.714,2.0,6.0,8.0,4.0,2.0,1.0,0.0,1.0,3.0,4.0,20.0,10.0,36.6,0,0,35.0,1,1,11433,1,2364,3206,1562,13924,7373,4922,11380,1513,1176,8162,2547,2732,2498,3751,3645,4032,7210,2107,3130,2281,3090,3883,3513,1849,143,3483,1,35:49,2020,2021
2020-21,1626171,Bobby Portis,Bobby,1610612749,MIL,Milwaukee Bucks,22000453,2021-02-19T00:00:00,MIL vs. OKC,W,16.2,3.0,8.0,0.375,1.0,2.0,0.5,0.0,1.0,0.0,1.0,7.0,8.0,1.0,0.0,0.0,0.0,1.0,0.0,2.0,7.0,0.0,18.1,0,0,17.0,1,1,11433,1,16752,10694,9686,14155,7373,11825,3573,12008,11390,12008,5246,1742,2498,11678,14317,10665,7210,2107,18137,6289,12975,10797,12262,1849,143,12215,1,16:15,2020,2021
2020-21,1628978,Donte DiVincenzo,Donte,1610612749,MIL,Milwaukee Bucks,22000453,2021-02-19T00:00:00,MIL vs. OKC,W,30.5,2.0,8.0,0.25,1.0,5.0,0.2,0.0,0.0,0.0,3.0,3.0,6.0,1.0,2.0,0.0,0.0,0.0,2.0,2.0,5.0,9.0,11.7,0,0,13.0,1,1,11433,1,6230,13638,9686,17720,7373,4922,11380,12008,12752,12008,1214,8835,4746,11678,3645,10665,7210,7735,6924,6289,15263,4365,16251,1849,143,14865,1,30:28,2020,2021
2020-21,1626192,Pat Connaughton,Pat,1610612749,MIL,Milwaukee Bucks,22000453,2021-02-19T00:00:00,MIL vs. OKC,W,27.5,2.0,6.0,0.333,2.0,4.0,0.5,0.0,0.0,0.0,0.0,5.0,5.0,1.0,1.0,1.0,1.0,0.0,4.0,0.0,6.0,2.0,18.5,0,0,18.0,1,1,11433,1,8477,13638,12753,15094,3957,6909,3573,12008,12752,12008,11150,4091,6466,11678,7632,4032,2271,7735,1059,16020,13920,8969,12003,1849,143,11539,1,27:33,2020,2021
2020-21,201571,D.J. Augustin,D.J.,1610612749,MIL,Milwaukee Bucks,22000453,2021-02-19T00:00:00,MIL vs. OKC,W,32.4,4.0,8.0,0.5,3.0,7.0,0.429,0.0,0.0,0.0,0.0,2.0,2.0,5.0,2.0,1.0,0.0,0.0,2.0,4.0,11.0,13.0,21.9,0,0,23.0,1,1,11433,1,4732,8251,9686,7582,1926,2331,6364,12008,12752,12008,11150,12139,14385,2585,3645,4032,7210,7735,6924,2281,8773,2707,9911,1849,143,8568,1,32:27,2020,2021
2020-21,203114,Khris Middleton,Khris,1610612749,MIL,Milwaukee Bucks,22000445,2021-02-18T00:00:00,MIL vs. TOR,L,37.1,5.0,13.0,0.385,0.0,3.0,0.0,3.0,3.0,1.0,2.0,6.0,8.0,5.0,6.0,1.0,0.0,2.0,4.0,3.0,13.0,-16.0,27.1,0,0,28.0,1,11623,1,11623,1512,6152,4300,13990,12591,9118,12591,3646,5327,1,2547,2732,2498,2585,133,4032,7210,534,1059,3793,7127,21158,7141,1849,143,6101,1,37:08,2020,2021
2020-21,1627854,Bryn Forbes,Bryn,1610612749,MIL,Milwaukee Bucks,22000445,2021-02-18T00:00:00,MIL vs. TOR,L,28.8,4.0,8.0,0.5,3.0,7.0,0.429,0.0,0.0,0.0,2.0,3.0,5.0,1.0,0.0,1.0,0.0,0.0,1.0,0.0,11.0,3.0,21.5,0,0,22.0,1,11623,1,11623,7481,8251,9686,7582,1926,2331,6364,12008,12752,12008,2547,8835,6466,11678,14317,4032,7210,7735,12223,16020,8773,8138,10160,1849,143,9111,1,28:48,2020,2021
2020-21,1628978,Donte DiVincenzo,Donte,1610612749,MIL,Milwaukee Bucks,22000445,2021-02-18T00:00:00,MIL vs. TOR,L,26.7,6.0,15.0,0.4,2.0,6.0,0.333,0.0,0.0,0.0,2.0,5.0,7.0,4.0,1.0,0.0,0.0,2.0,3.0,2.0,14.0,3.0,27.4,0,0,27.0,1,11623,1,11623,9145,4526,2946,12966,3957,3460,7875,12008,12752,12008,2547,4091,3435,3751,7632,10665,7210,534,3130,6289,6406,8138,6999,1849,143,6522,1,26:40,2020,2021
2020-21,201572,Brook Lopez,Brook,1610612749,MIL,Milwaukee Bucks,22000445,2021-02-18T00:00:00,MIL vs. TOR,L,20.4,4.0,7.0,0.571,1.0,3.0,0.333,3.0,3.0,1.0,2.0,2.0,4.0,0.0,1.0,1.0,2.0,0.0,1.0,2.0,12.0,-11.0,24.8,0,0,23.0,1,11623,1,11623,13913,8251,11165,5826,7373,9118,7875,3646,5327,1,2547,12139,8731,16819,7632,4032,697,7735,12223,6289,7920,19248,8314,1849,143,8568,1,20:23,2020,2021
2020-21,201571,D.J. Augustin,D.J.,1610612749,MIL,Milwaukee Bucks,22000445,2021-02-18T00:00:00,MIL vs. TOR,L,25.0,3.0,9.0,0.333,3.0,7.0,0.429,0.0,0.0,0.0,0.0,3.0,3.0,1.0,0.0,0.0,0.0,0.0,1.0,1.0,9.0,-16.0,14.1,0,0,16.0,1,11623,1,11623,10471,10694,8309,15094,1926,2331,6364,12008,12752,12008,11150,8835,11352,11678,14317,10665,7210,7735,12223,10308,10740,21158,14775,1849,143,12891,1,24:59,2020,2021
2020-21,203507,Giannis Antetokounmpo,Giannis,1610612749,MIL,Milwaukee Bucks,22000445,2021-02-18T00:00:00,MIL vs. TOR,L,37.1,8.0,20.0,0.4,0.0,4.0,0.0,7.0,13.0,0.538,1.0,11.0,12.0,8.0,5.0,2.0,0.0,2.0,6.0,10.0,23.0,-8.0,50.4,1,0,47.0,1,11623,1,11623,1545,2196,933,12966,12591,6909,12591,650,117,9454,5246,284,644,803,321,1208,7210,534,1,51,2060,17520,900,1,143,1033,1,37:05,2020,2021
2020-21,1626192,Pat Connaughton,Pat,1610612749,MIL,Milwaukee Bucks,22000445,2021-02-18T00:00:00,MIL vs. TOR,L,29.4,2.0,4.0,0.5,1.0,3.0,0.333,2.0,2.0,1.0,0.0,3.0,3.0,2.0,0.0,0.0,0.0,0.0,3.0,1.0,7.0,-11.0,13.6,0,0,13.0,1,11623,1,11623,7073,13638,15987,7582,7373,9118,7875,5395,6645,1,11150,8835,11352,7995,14317,10665,7210,7735,3130,10308,12975,19248,15094,1849,143,14865,1,29:21,2020,2021
2020-21,1628470,Torrey Craig,Torrey,1610612749,MIL,Milwaukee Bucks,22000445,2021-02-18T00:00:00,MIL vs. TOR,L,7.3,0.0,3.0,0.0,0.0,1.0,0.0,0.0,0.0,0.0,0.0,0.0,0.0,0.0,0.0,1.0,0.0,0.0,0.0,0.0,0.0,-3.0,3.0,0,0,2.0,1,11623,1,11623,20379,19893,17566,19893,12591,14655,12591,12008,12752,12008,11150,19725,20503,16819,14317,4032,7210,7735,18137,16020,20448,13536,20875,1849,143,21139,1,7:20,2020,2021
2020-21,203648,Thanasis Antetokounmpo,Thanasis,1610612749,MIL,Milwaukee Bucks,22000445,2021-02-18T00:00:00,MIL vs. TOR,L,7.7,2.0,6.0,0.333,0.0,0.0,0.0,1.0,2.0,0.5,3.0,0.0,3.0,0.0,0.0,0.0,0.0,0.0,2.0,2.0,5.0,6.0,8.6,0,0,8.0,1,11623,1,11623,20279,13638,12753,15094,12591,17891,12591,9085,6645,9461,1214,19725,11352,16819,14317,10665,7210,7735,6924,6289,15263,6032,18056,1849,143,17996,1,7:41,2020,2021
2020-21,1629121,Jaylen Adams,Jaylen,1610612749,MIL,Milwaukee Bucks,22000445,2021-02-18T00:00:00,MIL vs. TOR,L,1.3,0.0,0.0,0.0,0.0,0.0,0.0,0.0,0.0,0.0,0.0,0.0,0.0,0.0,0.0,0.0,0.0,0.0,0.0,0.0,0.0,1.0,0.0,0,0,0.0,1,11623,1,11623,22706,19893,21894,19893,12591,17891,12591,12008,12752,12008,11150,19725,20503,16819,14317,10665,7210,7735,18137,16020,20448,9911,22167,1849,143,22207,1,1:19,2020,2021
2020-21,1626171,Bobby Portis,Bobby,1610612749,MIL,Milwaukee Bucks,22000445,2021-02-18T00:00:00,MIL vs. TOR,L,19.3,1.0,3.0,0.333,0.0,0.0,0.0,0.0,0.0,0.0,3.0,4.0,7.0,2.0,2.0,0.0,0.0,0.0,2.0,0.0,2.0,-18.0,11.4,0,0,11.0,1,11623,1,11623,14723,16702,17566,15094,12591,17891,12591,12008,12752,12008,1214,6156,3435,7995,3645,10665,7210,7735,6924,16020,18664,21655,16426,1849,143,16119,1,19:16,2020,2021
2020-21,203648,Thanasis Antetokounmpo,Thanasis,1610612749,MIL,Milwaukee Bucks,22000430,2021-02-16T00:00:00,MIL vs. TOR,L,0.2,0.0,0.0,0.0,0.0,0.0,0.0,0.0,0.0,0.0,0.0,0.0,0.0,0.0,0.0,0.0,0.0,0.0,0.0,0.0,0.0,0.0,0.0,0,0,0.0,1,11623,1,11623,23015,19893,21894,19893,12591,17891,12591,12008,12752,12008,11150,19725,20503,16819,14317,10665,7210,7735,18137,16020,20448,10797,22167,1849,143,22207,1,0:12,2020,2021
2020-21,201571,D.J. Augustin,D.J.,1610612749,MIL,Milwaukee Bucks,22000430,2021-02-16T00:00:00,MIL vs. TOR,L,15.2,0.0,2.0,0.0,0.0,2.0,0.0,0.0,0.0,0.0,1.0,1.0,2.0,6.0,1.0,0.0,0.0,2.0,0.0,1.0,0.0,2.0,10.4,0,0,8.0,1,11623,1,11623,17392,19893,19102,19893,12591,11825,12591,12008,12752,12008,5246,15987,14385,1788,7632,10665,7210,534,18137,10308,20448,8969,17007,1849,143,17996,1,15:10,2020,2021
2020-21,1626192,Pat Connaughton,Pat,1610612749,MIL,Milwaukee Bucks,22000430,2021-02-16T00:00:00,MIL vs. TOR,L,31.4,8.0,15.0,0.533,4.0,10.0,0.4,0.0,0.0,0.0,2.0,3.0,5.0,1.0,1.0,0.0,3.0,1.0,2.0,0.0,20.0,6.0,35.5,0,0,36.0,1,11623,1,11623,5550,2196,2946,7229,910,556,6751,12008,12752,12008,2547,8835,6466,11678,7632,10665,231,2107,6924,16020,3090,6032,3857,1849,143,3205,1,31:21,2020,2021
2020-21,203507,Giannis Antetokounmpo,Giannis,1610612749,MIL,Milwaukee Bucks,22000430,2021-02-16T00:00:00,MIL vs. TOR,L,37.3,11.0,20.0,0.55,2.0,4.0,0.5,10.0,14.0,0.714,0.0,10.0,10.0,8.0,5.0,5.0,2.0,2.0,2.0,8.0,34.0,-9.0,74.0,1,0,68.0,1,11623,1,11623,1440,575,933,6749,3957,6909,3573,161,77,8162,11150,470,1298,803,321,19,697,534,6924,217,322,18135,32,1,143,54,1,37:17,2020,2021
2020-21,1626171,Bobby Portis,Bobby,1610612749,MIL,Milwaukee Bucks,22000430,2021-02-16T00:00:00,MIL vs. TOR,L,23.8,7.0,11.0,0.636,2.0,3.0,0.667,0.0,0.0,0.0,0.0,6.0,6.0,2.0,1.0,1.0,0.0,0.0,4.0,0.0,16.0,-2.0,28.2,0,0,28.0,1,11623,1,11623,11354,3206,6027,4151,3957,9118,1828,12008,12752,12008,11150,2732,4746,7995,7632,4032,7210,7735,1059,16020,5102,12607,6609,1849,143,6101,1,23:46,2020,2021
2020-21,203114,Khris Middleton,Khris,1610612749,MIL,Milwaukee Bucks,22000430,2021-02-16T00:00:00,MIL vs. TOR,L,37.6,4.0,8.0,0.5,1.0,3.0,0.333,2.0,2.0,1.0,0.0,7.0,7.0,0.0,5.0,2.0,0.0,0.0,4.0,1.0,11.0,-19.0,20.4,0,0,23.0,1,11623,1,11623,1316,8251,9686,7582,7373,9118,7875,5395,6645,1,11150,1742,3435,16819,321,1208,7210,7735,1059,10308,8773,21874,10836,1849,143,8568,1,37:33,2020,2021
2020-21,1628978,Donte DiVincenzo,Donte,1610612749,MIL,Milwaukee Bucks,22000430,2021-02-16T00:00:00,MIL vs. TOR,L,32.0,5.0,14.0,0.357,1.0,8.0,0.125,1.0,2.0,0.5,1.0,2.0,3.0,8.0,2.0,0.0,0.0,0.0,1.0,3.0,12.0,-6.0,25.6,0,0,24.0,1,11623,1,11623,5102,6152,3568,14900,7373,1505,12466,9085,6645,9461,5246,12139,11352,803,3645,10665,7210,7735,12223,3793,7920,16140,7892,1849,143,8016,1,31:57,2020,2021
2020-21,1627854,Bryn Forbes,Bryn,1610612749,MIL,Milwaukee Bucks,22000430,2021-02-16T00:00:00,MIL vs. TOR,L,25.6,3.0,7.0,0.429,3.0,5.0,0.6,2.0,3.0,0.667,0.0,2.0,2.0,0.0,0.0,1.0,0.0,0.0,1.0,1.0,11.0,-11.0,16.4,0,0,18.0,1,11623,1,11623,10026,10694,11165,11933,1926,4922,2762,5395,5327,8322,11150,12139,14385,16819,14317,4032,7210,7735,12223,10308,8773,19248,13350,1849,143,11539,1,25:33,2020,2021
2020-21,1628470,Torrey Craig,Torrey,1610612749,MIL,Milwaukee Bucks,22000430,2021-02-16T00:00:00,MIL vs. TOR,L,8.1,0.0,1.0,0.0,0.0,0.0,0.0,0.0,0.0,0.0,0.0,1.0,1.0,0.0,0.0,1.0,0.0,0.0,1.0,1.0,0.0,1.0,4.2,0,0,3.0,1,11623,1,11623,20188,19893,20551,19893,12591,17891,12591,12008,12752,12008,11150,15987,17542,16819,14317,4032,7210,7735,12223,10308,20448,9911,20314,1849,143,20717,1,8:05,2020,2021
2020-21,201572,Brook Lopez,Brook,1610612749,MIL,Milwaukee Bucks,22000430,2021-02-16T00:00:00,MIL vs. TOR,L,29.1,2.0,5.0,0.4,1.0,2.0,0.5,4.0,4.0,1.0,1.0,4.0,5.0,0.0,2.0,0.0,0.0,1.0,2.0,3.0,9.0,-17.0,13.0,0,0,15.0,1,11623,1,11623,7247,13638,14368,12966,7373,11825,3573,2293,3346,1,5246,6156,6466,16819,3645,10665,7210,2107,6924,3793,10740,21411,15481,1849,143,13541,1,29:06,2020,2021
2020-21,1628470,Torrey Craig,Torrey,1610612749,MIL,Milwaukee Bucks,22000415,2021-02-14T00:00:00,MIL @ OKC,L,13.4,0.0,1.0,0.0,0.0,1.0,0.0,0.0,0.0,0.0,1.0,1.0,2.0,1.0,0.0,0.0,0.0,0.0,1.0,1.0,0.0,-4.0,3.9,0,0,3.0,1,11623,1,11623,18286,19893,20551,19893,12591,14655,12591,12008,12752,12008,5246,15987,14385,11678,14317,10665,7210,7735,12223,10308,20448,14475,20529,1849,143,20717,1,13:24,2020,2021
2020-21,203507,Giannis Antetokounmpo,Giannis,1610612749,MIL,Milwaukee Bucks,22000415,2021-02-14T00:00:00,MIL @ OKC,L,35.9,10.0,18.0,0.556,1.0,3.0,0.333,3.0,3.0,1.0,4.0,13.0,17.0,10.0,5.0,3.0,3.0,0.0,4.0,8.0,24.0,4.0,72.4,1,1,64.0,1,11623,1,11623,2282,935,1562,6415,7373,9118,7875,3646,5327,1,564,100,87,345,321,347,231,7735,1059,217,1773,7366,46,1,1,106,1,35:56,2020,2021
2020-21,1628978,Donte DiVincenzo,Donte,1610612749,MIL,Milwaukee Bucks,22000415,2021-02-14T00:00:00,MIL @ OKC,L,30.0,6.0,10.0,0.6,5.0,7.0,0.714,0.0,2.0,0.0,1.0,7.0,8.0,2.0,1.0,1.0,0.0,0.0,3.0,1.0,17.0,3.0,31.6,0,0,34.0,1,11623,1,11623,6553,4526,7133,4810,414,2331,1734,12008,6645,12008,5246,1742,2498,7995,7632,4032,7210,7735,3130,10308,4514,8138,5191,1849,143,3790,1,30:01,2020,2021
2020-21,203114,Khris Middleton,Khris,1610612749,MIL,Milwaukee Bucks,22000415,2021-02-14T00:00:00,MIL @ OKC,L,35.4,10.0,22.0,0.455,2.0,7.0,0.286,1.0,1.0,1.0,0.0,3.0,3.0,3.0,5.0,1.0,1.0,0.0,4.0,1.0,23.0,-10.0,32.1,0,0,35.0,1,11623,1,11623,2631,935,524,11074,3957,2331,9877,9085,11390,1,11150,8835,11352,5509,321,4032,2271,7735,1059,10308,2060,18716,5016,1849,143,3483,1,35:23,2020,2021
2020-21,1626171,Bobby Portis,Bobby,1610612749,MIL,Milwaukee Bucks,22000415,2021-02-14T00:00:00,MIL @ OKC,L,28.0,9.0,14.0,0.643,2.0,3.0,0.667,1.0,1.0,1.0,3.0,3.0,6.0,0.0,1.0,3.0,0.0,0.0,1.0,1.0,21.0,6.0,36.2,0,0,35.0,1,11623,1,11623,8172,1450,3568,4072,3957,9118,1828,9085,11390,1,1214,8835,4746,16819,7632,347,7210,7735,12223,10308,2727,6032,3646,1849,143,3483,1,27:57,2020,2021
2020-21,201572,Brook Lopez,Brook,1610612749,MIL,Milwaukee Bucks,22000415,2021-02-14T00:00:00,MIL @ OKC,L,19.8,1.0,4.0,0.25,0.0,1.0,0.0,0.0,0.0,0.0,2.0,0.0,2.0,0.0,0.0,0.0,1.0,0.0,0.0,0.0,2.0,-11.0,7.4,0,0,6.0,1,11623,1,11623,14329,16702,15987,17720,12591,14655,12591,12008,12752,12008,2547,19725,14385,16819,14317,10665,2271,7735,18137,16020,18664,19248,18702,1849,143,19107,1,19:48,2020,2021
2020-21,201571,D.J. Augustin,D.J.,1610612749,MIL,Milwaukee Bucks,22000415,2021-02-14T00:00:00,MIL @ OKC,L,21.7,0.0,3.0,0.0,0.0,3.0,0.0,1.0,2.0,0.5,0.0,0.0,0.0,7.0,0.0,0.0,0.0,0.0,1.0,1.0,1.0,-13.0,11.5,0,0,8.0,1,11623,1,11623,12875,19893,17566,19893,12591,9118,12591,9085,6645,9461,11150,19725,20503,1198,14317,10665,7210,7735,12223,10308,20270,20143,16388,1849,143,17996,1,21:43,2020,2021
2020-21,1626192,Pat Connaughton,Pat,1610612749,MIL,Milwaukee Bucks,22000415,2021-02-14T00:00:00,MIL @ OKC,L,23.2,3.0,8.0,0.375,1.0,5.0,0.2,0.0,0.0,0.0,1.0,6.0,7.0,1.0,1.0,1.0,0.0,0.0,1.0,1.0,7.0,-5.0,18.9,0,0,18.0,1,11623,1,11623,11765,10694,9686,14155,7373,4922,11380,12008,12752,12008,5246,2732,3435,11678,7632,4032,7210,7735,12223,10308,12975,15340,11751,1849,143,11539,1,23:14,2020,2021
2020-21,1627854,Bryn Forbes,Bryn,1610612749,MIL,Milwaukee Bucks,22000415,2021-02-14T00:00:00,MIL @ OKC,L,32.6,6.0,17.0,0.353,2.0,8.0,0.25,0.0,0.0,0.0,0.0,2.0,2.0,0.0,1.0,0.0,0.0,1.0,1.0,0.0,14.0,5.0,15.4,0,0,18.0,1,11623,1,11623,4647,4526,1960,15003,3957,1505,10244,12008,12752,12008,11150,12139,14385,16819,7632,10665,7210,2107,12223,16020,6406,6667,13985,1849,143,11539,1,32:34,2020,2021
2020-21,1628978,Donte DiVincenzo,Donte,1610612749,MIL,Milwaukee Bucks,22000402,2021-02-12T00:00:00,MIL @ UTA,L,26.0,2.0,9.0,0.222,1.0,4.0,0.25,0.0,0.0,0.0,1.0,1.0,2.0,2.0,1.0,0.0,0.0,0.0,4.0,0.0,5.0,-14.0,9.4,0,0,10.0,1,11623,1,11623,9628,13638,8309,18584,7373,6909,10244,12008,12752,12008,5246,15987,14385,7995,7632,10665,7210,7735,1059,16020,15263,20507,17597,1849,143,16754,1,26:01,2020,2021
2020-21,201571,D.J. Augustin,D.J.,1610612749,MIL,Milwaukee Bucks,22000402,2021-02-12T00:00:00,MIL @ UTA,L,29.5,2.0,7.0,0.286,1.0,4.0,0.25,7.0,9.0,0.778,0.0,1.0,1.0,3.0,0.0,2.0,1.0,0.0,4.0,7.0,12.0,4.0,26.7,0,0,23.0,1,11623,1,11623,6966,13638,11165,17105,7373,6909,10244,650,542,7189,11150,15987,17542,5509,14317,1208,2271,7735,1059,439,7920,7366,7337,1849,143,8568,1,29:30,2020,2021
2020-21,203507,Giannis Antetokounmpo,Giannis,1610612749,MIL,Milwaukee Bucks,22000402,2021-02-12T00:00:00,MIL @ UTA,L,38.9,12.0,20.0,0.6,1.0,2.0,0.5,4.0,6.0,0.667,2.0,13.0,15.0,6.0,3.0,2.0,2.0,1.0,5.0,9.0,29.0,-8.0,65.0,1,0,59.0,1,11623,1,11623,763,346,933,4810,7373,11825,3573,2293,1600,8322,2547,100,201,1788,1707,1208,697,2107,202,96,787,17520,122,1,143,207,1,38:52,2020,2021
2020-21,201572,Brook Lopez,Brook,1610612749,MIL,Milwaukee Bucks,22000402,2021-02-12T00:00:00,MIL @ UTA,L,26.1,8.0,18.0,0.444,3.0,9.0,0.333,4.0,6.0,0.667,1.0,5.0,6.0,0.0,1.0,0.0,2.0,0.0,3.0,3.0,23.0,-14.0,35.2,0,0,36.0,1,11623,1,11623,9576,2196,1562,11399,1926,930,7875,2293,1600,8322,5246,4091,4746,16819,7632,10665,697,7735,3130,3793,2060,20507,3927,1849,143,3205,1,26:05,2020,2021
2020-21,203114,Khris Middleton,Khris,1610612749,MIL,Milwaukee Bucks,22000402,2021-02-12T00:00:00,MIL @ UTA,L,37.8,6.0,14.0,0.429,2.0,4.0,0.5,4.0,6.0,0.667,0.0,2.0,2.0,4.0,3.0,0.0,0.0,2.0,4.0,3.0,18.0,-12.0,23.4,0,0,26.0,1,11623,1,11623,1202,4526,3568,11933,3957,6909,3573,2293,1600,8322,11150,12139,14385,3751,1707,10665,7210,534,1059,3793,3974,19709,9041,1849,143,6966,1,37:47,2020,2021
2020-21,1626171,Bobby Portis,Bobby,1610612749,MIL,Milwaukee Bucks,22000402,2021-02-12T00:00:00,MIL @ UTA,L,20.7,7.0,13.0,0.538,1.0,4.0,0.25,0.0,0.0,0.0,1.0,4.0,5.0,1.0,0.0,0.0,0.0,1.0,2.0,0.0,15.0,-6.0,22.5,0,0,22.0,1,11623,1,11623,13670,3206,4300,7057,7373,6909,10244,12008,12752,12008,5246,6156,6466,11678,14317,10665,7210,2107,6924,16020,5723,16140,9581,1849,143,9111,1,20:42,2020,2021
2020-21,1626192,Pat Connaughton,Pat,1610612749,MIL,Milwaukee Bucks,22000402,2021-02-12T00:00:00,MIL @ UTA,L,28.9,1.0,2.0,0.5,0.0,0.0,0.0,0.0,0.0,0.0,0.0,1.0,1.0,3.0,1.0,4.0,1.0,1.0,3.0,0.0,2.0,-13.0,21.7,0,0,16.0,1,11623,1,11623,7431,16702,19102,7582,12591,17891,12591,12008,12752,12008,11150,15987,17542,5509,7632,82,2271,2107,3130,16020,18664,20143,10041,1849,143,12891,1,28:52,2020,2021
2020-21,1627854,Bryn Forbes,Bryn,1610612749,MIL,Milwaukee Bucks,22000402,2021-02-12T00:00:00,MIL @ UTA,L,20.2,2.0,6.0,0.333,1.0,4.0,0.25,0.0,0.0,0.0,0.0,0.0,0.0,0.0,0.0,0.0,0.0,0.0,1.0,0.0,5.0,-7.0,5.0,0,0,6.0,1,11623,1,11623,14029,13638,12753,15094,7373,6909,10244,12008,12752,12008,11150,19725,20503,16819,14317,10665,7210,7735,12223,16020,15263,16841,19930,1849,143,19107,1,20:13,2020,2021
2020-21,1629121,Jaylen Adams,Jaylen,1610612749,MIL,Milwaukee Bucks,22000402,2021-02-12T00:00:00,MIL @ UTA,L,0.6,0.0,0.0,0.0,0.0,0.0,0.0,0.0,0.0,0.0,0.0,0.0,0.0,0.0,0.0,0.0,0.0,0.0,0.0,0.0,0.0,0.0,0.0,0,0,0.0,1,11623,1,11623,22944,19893,21894,19893,12591,17891,12591,12008,12752,12008,11150,19725,20503,16819,14317,10665,7210,7735,18137,16020,20448,10797,22167,1849,143,22207,1,0:38,2020,2021
2020-21,203648,Thanasis Antetokounmpo,Thanasis,1610612749,MIL,Milwaukee Bucks,22000402,2021-02-12T00:00:00,MIL @ UTA,L,0.7,0.0,0.0,0.0,0.0,0.0,0.0,0.0,0.0,0.0,0.0,0.0,0.0,0.0,0.0,0.0,0.0,0.0,0.0,0.0,0.0,0.0,0.0,0,0,0.0,1,11623,1,11623,22923,19893,21894,19893,12591,17891,12591,12008,12752,12008,11150,19725,20503,16819,14317,10665,7210,7735,18137,16020,20448,10797,22167,1849,143,22207,1,0:44,2020,2021
2020-21,1628470,Torrey Craig,Torrey,1610612749,MIL,Milwaukee Bucks,22000402,2021-02-12T00:00:00,MIL @ UTA,L,10.6,2.0,3.0,0.667,2.0,2.0,1.0,0.0,0.0,0.0,1.0,0.0,1.0,0.0,1.0,0.0,0.0,0.0,2.0,0.0,6.0,0.0,6.2,0,0,9.0,1,11623,1,11623,19432,13638,17566,2900,3957,11825,1,12008,12752,12008,5246,19725,17542,16819,7632,10665,7210,7735,6924,16020,13920,10797,19314,1849,143,17389,1,10:36,2020,2021
2020-21,201571,D.J. Augustin,D.J.,1610612749,MIL,Milwaukee Bucks,22000389,2021-02-10T00:00:00,MIL @ PHX,L,18.5,2.0,9.0,0.222,2.0,4.0,0.5,0.0,0.0,0.0,0.0,0.0,0.0,0.0,0.0,0.0,0.0,2.0,0.0,0.0,6.0,-16.0,6.0,0,0,8.0,1,11623,1,11623,15306,13638,8309,18584,3957,6909,3573,12008,12752,12008,11150,19725,20503,16819,14317,10665,7210,534,18137,16020,13920,21158,19432,1849,143,17996,1,18:28,2020,2021
2020-21,1628470,Torrey Craig,Torrey,1610612749,MIL,Milwaukee Bucks,22000389,2021-02-10T00:00:00,MIL @ PHX,L,14.7,1.0,2.0,0.5,1.0,2.0,0.5,1.0,2.0,0.5,1.0,0.0,1.0,0.0,0.0,0.0,0.0,0.0,4.0,2.0,4.0,-13.0,5.2,0,0,6.0,1,11623,1,11623,17642,16702,19102,7582,7373,11825,3573,9085,6645,9461,5246,19725,17542,16819,14317,10665,7210,7735,1059,6289,16353,20143,19826,1849,143,19107,1,14:43,2020,2021
2020-21,1626192,Pat Connaughton,Pat,1610612749,MIL,Milwaukee Bucks,22000389,2021-02-10T00:00:00,MIL @ PHX,L,20.9,0.0,3.0,0.0,0.0,2.0,0.0,0.0,0.0,0.0,0.0,1.0,1.0,1.0,0.0,1.0,0.0,0.0,1.0,0.0,0.0,-1.0,5.7,0,0,4.0,1,11623,1,11623,13507,19893,17566,19893,12591,11825,12591,12008,12752,12008,11150,15987,17542,11678,14317,4032,7210,7735,12223,16020,20448,11703,19577,1849,143,20179,1,20:54,2020,2021
2020-21,203507,Giannis Antetokounmpo,Giannis,1610612749,MIL,Milwaukee Bucks,22000389,2021-02-10T00:00:00,MIL @ PHX,L,37.9,15.0,23.0,0.652,0.0,4.0,0.0,17.0,21.0,0.81,2.0,9.0,11.0,5.0,2.0,1.0,0.0,0.0,2.0,12.0,47.0,-3.0,68.7,1,0,65.0,1,11623,1,11623,1136,73,385,4017,12591,6909,12591,4,2,6835,2547,746,897,2585,3645,4032,7210,7735,6924,11,19,13536,82,1,143,88,1,37:55,2020,2021
2020-21,203114,Khris Middleton,Khris,1610612749,MIL,Milwaukee Bucks,22000389,2021-02-10T00:00:00,MIL @ PHX,L,35.6,7.0,17.0,0.412,3.0,6.0,0.5,1.0,3.0,0.333,0.0,5.0,5.0,11.0,3.0,1.0,0.0,0.0,5.0,2.0,18.0,-4.0,40.5,1,0,39.0,1,11623,1,11623,2519,3206,1960,12852,1926,3460,3573,9085,5327,11706,11150,4091,6466,214,1707,4032,7210,7735,202,6289,3974,14475,2490,1,143,2395,1,35:36,2020,2021
2020-21,1628978,Donte DiVincenzo,Donte,1610612749,MIL,Milwaukee Bucks,22000389,2021-02-10T00:00:00,MIL @ PHX,L,31.6,4.0,9.0,0.444,2.0,6.0,0.333,0.0,0.0,0.0,1.0,5.0,6.0,3.0,2.0,2.0,0.0,0.0,2.0,1.0,10.0,16.0,25.7,0,0,25.0,1,11623,1,11623,5323,8251,8309,11399,3957,3460,7875,12008,12752,12008,5246,4091,4746,5509,3645,1208,7210,7735,6924,10308,9732,1834,7851,1849,143,7461,1,31:39,2020,2021
2020-21,201572,Brook Lopez,Brook,1610612749,MIL,Milwaukee Bucks,22000389,2021-02-10T00:00:00,MIL @ PHX,L,31.2,3.0,6.0,0.5,2.0,4.0,0.5,2.0,2.0,1.0,3.0,3.0,6.0,2.0,0.0,0.0,0.0,0.0,3.0,1.0,10.0,14.0,20.2,0,0,20.0,1,11623,1,11623,5668,10694,12753,7582,3957,6909,3573,5395,6645,1,1214,8835,4746,7995,14317,10665,7210,7735,3130,10308,9732,2360,10959,1849,143,10341,1,31:13,2020,2021
2020-21,1626171,Bobby Portis,Bobby,1610612749,MIL,Milwaukee Bucks,22000389,2021-02-10T00:00:00,MIL @ PHX,L,19.3,5.0,7.0,0.714,1.0,1.0,1.0,1.0,2.0,0.5,3.0,6.0,9.0,1.0,0.0,1.0,0.0,0.0,1.0,1.0,12.0,-5.0,27.3,0,0,25.0,1,11623,1,11623,14681,6152,11165,2429,7373,14655,1,9085,6645,9461,1214,2732,1852,11678,14317,4032,7210,7735,12223,10308,7920,15340,7049,1849,143,7461,1,19:21,2020,2021
2020-21,1627854,Bryn Forbes,Bryn,1610612749,MIL,Milwaukee Bucks,22000389,2021-02-10T00:00:00,MIL @ PHX,L,30.2,6.0,9.0,0.667,5.0,8.0,0.625,0.0,0.0,0.0,0.0,0.0,0.0,0.0,2.0,0.0,0.0,0.0,3.0,0.0,17.0,7.0,15.0,0,0,22.0,1,11623,1,11623,6413,4526,8309,2900,414,1505,2645,12008,12752,12008,11150,19725,20503,16819,3645,10665,7210,7735,3130,16020,4514,5432,14235,1849,143,9111,1,30:14,2020,2021
2020-21,201572,Brook Lopez,Brook,1610612749,MIL,Milwaukee Bucks,22000373,2021-02-08T00:00:00,MIL @ DEN,W,27.6,5.0,10.0,0.5,2.0,4.0,0.5,1.0,1.0,1.0,4.0,3.0,7.0,1.0,1.0,0.0,0.0,0.0,5.0,1.0,13.0,2.0,21.9,0,0,23.0,1,1,11433,1,8422,6152,7133,7582,3957,6909,3573,9085,11390,1,564,8835,3435,11678,7632,10665,7210,7735,202,10308,7127,8969,9911,1849,143,8568,1,27:37,2020,2021
2020-21,1626171,Bobby Portis,Bobby,1610612749,MIL,Milwaukee Bucks,22000373,2021-02-08T00:00:00,MIL @ DEN,W,20.3,3.0,7.0,0.429,1.0,3.0,0.333,0.0,0.0,0.0,1.0,5.0,6.0,0.0,0.0,0.0,1.0,0.0,1.0,0.0,7.0,16.0,17.2,0,0,16.0,1,1,11433,1,14001,10694,11165,11933,7373,9118,7875,12008,12752,12008,5246,4091,4746,16819,14317,10665,2271,7735,12223,16020,12975,1834,12834,1849,143,12891,1,20:15,2020,2021
2020-21,1627854,Bryn Forbes,Bryn,1610612749,MIL,Milwaukee Bucks,22000373,2021-02-08T00:00:00,MIL @ DEN,W,25.6,6.0,9.0,0.667,3.0,6.0,0.5,0.0,0.0,0.0,1.0,4.0,5.0,1.0,1.0,0.0,0.0,0.0,3.0,0.0,15.0,7.0,21.5,0,0,24.0,1,1,11433,1,9993,4526,8309,2900,1926,3460,3573,12008,12752,12008,5246,6156,6466,11678,7632,10665,7210,7735,3130,16020,5723,5432,10160,1849,143,8016,1,25:35,2020,2021
2020-21,203114,Khris Middleton,Khris,1610612749,MIL,Milwaukee Bucks,22000373,2021-02-08T00:00:00,MIL @ DEN,W,36.4,9.0,16.0,0.563,0.0,5.0,0.0,11.0,11.0,1.0,1.0,7.0,8.0,12.0,3.0,3.0,0.0,0.0,1.0,5.0,29.0,17.0,62.6,1,0,55.0,1,1,11433,1,1976,1450,2412,6323,12591,4922,12591,105,249,1,5246,1742,2498,135,1707,347,7210,7735,12223,1350,787,1579,175,1,143,379,1,36:24,2020,2021
2020-21,1628978,Donte DiVincenzo,Donte,1610612749,MIL,Milwaukee Bucks,22000373,2021-02-08T00:00:00,MIL @ DEN,W,30.6,5.0,12.0,0.417,3.0,6.0,0.5,0.0,0.0,0.0,1.0,6.0,7.0,2.0,1.0,3.0,2.0,2.0,3.0,0.0,13.0,11.0,38.4,0,0,35.0,1,1,11433,1,6127,6152,5097,12627,1926,3460,3573,12008,12752,12008,5246,2732,3435,7995,7632,347,697,534,3130,16020,7127,3454,3021,1849,143,3483,1,30:36,2020,2021
2020-21,203507,Giannis Antetokounmpo,Giannis,1610612749,MIL,Milwaukee Bucks,22000373,2021-02-08T00:00:00,MIL @ DEN,W,34.3,11.0,23.0,0.478,2.0,5.0,0.4,6.0,8.0,0.75,2.0,7.0,9.0,0.0,2.0,0.0,3.0,2.0,1.0,8.0,30.0,7.0,47.8,0,0,47.0,1,1,11433,1,3383,575,385,10537,3957,4922,6751,990,763,7245,2547,1742,1852,16819,3645,10665,231,534,12223,217,656,5432,1194,1849,143,1033,1,34:19,2020,2021
2020-21,1626192,Pat Connaughton,Pat,1610612749,MIL,Milwaukee Bucks,22000373,2021-02-08T00:00:00,MIL @ DEN,W,21.0,1.0,3.0,0.333,1.0,3.0,0.333,1.0,2.0,0.5,0.0,2.0,2.0,1.0,0.0,0.0,1.0,0.0,2.0,1.0,4.0,-1.0,10.9,0,0,10.0,1,1,11433,1,13418,16702,17566,15094,7373,9118,7875,9085,6645,9461,11150,12139,14385,11678,14317,10665,2271,7735,6924,10308,16353,11703,16754,1849,143,16754,1,21:01,2020,2021
2020-21,201571,D.J. Augustin,D.J.,1610612749,MIL,Milwaukee Bucks,22000373,2021-02-08T00:00:00,MIL @ DEN,W,20.6,2.0,6.0,0.333,1.0,5.0,0.2,0.0,0.0,0.0,1.0,0.0,1.0,5.0,2.0,0.0,0.0,0.0,2.0,0.0,5.0,1.0,11.7,0,0,12.0,1,1,11433,1,13765,13638,12753,15094,7373,4922,11380,12008,12752,12008,5246,19725,17542,2585,3645,10665,7210,7735,6924,16020,15263,9911,16251,1849,143,15506,1,20:35,2020,2021
2020-21,1628470,Torrey Craig,Torrey,1610612749,MIL,Milwaukee Bucks,22000373,2021-02-08T00:00:00,MIL @ DEN,W,23.1,3.0,3.0,1.0,3.0,3.0,1.0,0.0,0.0,0.0,0.0,5.0,5.0,2.0,0.0,1.0,0.0,0.0,1.0,0.0,9.0,5.0,21.0,0,0,21.0,1,1,11433,1,11887,10694,17566,1,1926,9118,1,12008,12752,12008,11150,4091,6466,7995,14317,4032,7210,7735,12223,16020,10740,6667,10475,1849,143,9724,1,23:06,2020,2021
2020-21,1629121,Jaylen Adams,Jaylen,1610612749,MIL,Milwaukee Bucks,22000373,2021-02-08T00:00:00,MIL @ DEN,W,0.5,0.0,0.0,0.0,0.0,0.0,0.0,0.0,0.0,0.0,0.0,0.0,0.0,0.0,0.0,0.0,0.0,0.0,0.0,0.0,0.0,0.0,0.0,0,0,0.0,1,1,11433,1,22959,19893,21894,19893,12591,17891,12591,12008,12752,12008,11150,19725,20503,16819,14317,10665,7210,7735,18137,16020,20448,10797,22167,1849,143,22207,1,0:32,2020,2021
2020-21,1628391,D.J. Wilson,D.J.,1610612749,MIL,Milwaukee Bucks,22000357,2021-02-06T00:00:00,MIL @ CLE,W,4.1,0.0,1.0,0.0,0.0,1.0,0.0,0.0,0.0,0.0,0.0,2.0,2.0,0.0,0.0,0.0,0.0,0.0,1.0,0.0,0.0,-3.0,2.4,0,0,2.0,1,1,11433,1,21542,19893,20551,19893,12591,14655,12591,12008,12752,12008,11150,12139,14385,16819,14317,10665,7210,7735,12223,16020,20448,13536,21190,1849,143,21139,1,4:03,2020,2021
2020-21,203648,Thanasis Antetokounmpo,Thanasis,1610612749,MIL,Milwaukee Bucks,22000357,2021-02-06T00:00:00,MIL @ CLE,W,4.1,0.0,0.0,0.0,0.0,0.0,0.0,2.0,4.0,0.5,0.0,0.0,0.0,0.0,0.0,0.0,0.0,0.0,1.0,2.0,2.0,-3.0,2.0,0,0,2.0,1,1,11433,1,21542,19893,21894,19893,12591,17891,12591,5395,3346,9461,11150,19725,20503,16819,14317,10665,7210,7735,12223,6289,18664,13536,21337,1849,143,21139,1,4:03,2020,2021
2020-21,1626171,Bobby Portis,Bobby,1610612749,MIL,Milwaukee Bucks,22000357,2021-02-06T00:00:00,MIL @ CLE,W,20.1,1.0,5.0,0.2,0.0,1.0,0.0,1.0,2.0,0.5,1.0,7.0,8.0,1.0,0.0,0.0,0.0,0.0,4.0,3.0,3.0,28.0,14.1,0,0,12.0,1,1,11433,1,14136,16702,14368,18781,12591,14655,12591,9085,6645,9461,5246,1742,2498,11678,14317,10665,7210,7735,1059,3793,17485,229,14775,1849,143,15506,1,20:05,2020,2021
2020-21,203114,Khris Middleton,Khris,1610612749,MIL,Milwaukee Bucks,22000357,2021-02-06T00:00:00,MIL @ CLE,W,29.4,8.0,13.0,0.615,4.0,5.0,0.8,0.0,0.0,0.0,0.0,1.0,1.0,4.0,2.0,1.0,0.0,0.0,2.0,0.0,20.0,18.0,28.2,0,0,31.0,1,1,11433,1,7048,2196,4300,4658,910,4922,1350,12008,12752,12008,11150,15987,17542,3751,3645,4032,7210,7735,6924,16020,3090,1368,6609,1849,143,4847,1,29:23,2020,2021
2020-21,201950,Jrue Holiday,Jrue,1610612749,MIL,Milwaukee Bucks,22000357,2021-02-06T00:00:00,MIL @ CLE,W,25.4,8.0,14.0,0.571,2.0,4.0,0.5,2.0,4.0,0.5,1.0,2.0,3.0,8.0,1.0,2.0,1.0,0.0,0.0,2.0,20.0,22.0,43.6,0,0,39.0,1,1,11433,1,10160,2196,3568,5826,3957,6909,3573,5395,3346,9461,5246,12139,11352,803,7632,1208,2271,7735,18137,6289,3090,711,1846,1849,143,2395,1,25:22,2020,2021
2020-21,203507,Giannis Antetokounmpo,Giannis,1610612749,MIL,Milwaukee Bucks,22000357,2021-02-06T00:00:00,MIL @ CLE,W,31.8,8.0,15.0,0.533,1.0,4.0,0.25,7.0,11.0,0.636,0.0,11.0,11.0,5.0,3.0,0.0,0.0,1.0,4.0,8.0,24.0,6.0,41.7,1,0,41.0,1,1,11433,1,5195,2196,2946,7229,7373,6909,10244,650,249,9102,11150,284,897,2585,1707,10665,7210,2107,1059,217,1773,6032,2237,1,143,1987,1,31:50,2020,2021
2020-21,201571,D.J. Augustin,D.J.,1610612749,MIL,Milwaukee Bucks,22000357,2021-02-06T00:00:00,MIL @ CLE,W,17.5,3.0,5.0,0.6,1.0,3.0,0.333,2.0,2.0,1.0,0.0,1.0,1.0,3.0,1.0,2.0,0.0,0.0,1.0,2.0,9.0,9.0,19.7,0,0,18.0,1,1,11433,1,15943,10694,14368,4810,7373,9118,7875,5395,6645,1,11150,15987,17542,5509,7632,1208,7210,7735,12223,6289,10740,4365,11275,1849,143,11539,1,17:29,2020,2021
2020-21,1628978,Donte DiVincenzo,Donte,1610612749,MIL,Milwaukee Bucks,22000357,2021-02-06T00:00:00,MIL @ CLE,W,28.9,3.0,5.0,0.6,1.0,2.0,0.5,0.0,0.0,0.0,1.0,4.0,5.0,1.0,1.0,1.0,0.0,0.0,1.0,1.0,7.0,4.0,16.5,0,0,16.0,1,1,11433,1,7395,10694,14368,4810,7373,11825,3573,12008,12752,12008,5246,6156,6466,11678,7632,4032,7210,7735,12223,10308,12975,7366,13307,1849,143,12891,1,28:56,2020,2021
2020-21,201572,Brook Lopez,Brook,1610612749,MIL,Milwaukee Bucks,22000357,2021-02-06T00:00:00,MIL @ CLE,W,27.9,3.0,10.0,0.3,1.0,6.0,0.167,0.0,0.0,0.0,2.0,3.0,5.0,0.0,0.0,2.0,1.0,0.0,2.0,0.0,7.0,13.0,22.0,0,0,19.0,1,1,11433,1,8233,10694,7133,16897,7373,3460,12017,12008,12752,12008,2547,8835,6466,16819,14317,1208,2271,7735,6924,16020,12975,2707,9854,1849,143,10964,1,27:52,2020,2021
2020-21,1627854,Bryn Forbes,Bryn,1610612749,MIL,Milwaukee Bucks,22000357,2021-02-06T00:00:00,MIL @ CLE,W,17.6,6.0,7.0,0.857,6.0,6.0,1.0,0.0,0.0,0.0,0.0,0.0,0.0,1.0,0.0,1.0,0.0,0.0,1.0,0.0,18.0,14.0,22.5,0,0,27.0,1,1,11433,1,15861,4526,11165,1219,160,3460,1,12008,12752,12008,11150,19725,20503,11678,14317,4032,7210,7735,12223,16020,3974,2360,9581,1849,143,6522,1,17:37,2020,2021
2020-21,1626192,Pat Connaughton,Pat,1610612749,MIL,Milwaukee Bucks,22000357,2021-02-06T00:00:00,MIL @ CLE,W,14.6,3.0,4.0,0.75,0.0,1.0,0.0,0.0,0.0,0.0,1.0,2.0,3.0,2.0,0.0,0.0,0.0,0.0,1.0,1.0,6.0,10.0,12.6,0,0,11.0,1,1,11433,1,17716,10694,15987,1826,12591,14655,12591,12008,12752,12008,5246,12139,11352,7995,14317,10665,7210,7735,12223,10308,13920,3883,15734,1849,143,16119,1,14:34,2020,2021
2020-21,1628470,Torrey Craig,Torrey,1610612749,MIL,Milwaukee Bucks,22000357,2021-02-06T00:00:00,MIL @ CLE,W,14.2,3.0,4.0,0.75,0.0,1.0,0.0,0.0,0.0,0.0,0.0,2.0,2.0,0.0,0.0,1.0,0.0,0.0,2.0,0.0,6.0,7.0,11.4,0,0,10.0,1,1,11433,1,17898,10694,15987,1826,12591,14655,12591,12008,12752,12008,11150,12139,14385,16819,14317,4032,7210,7735,6924,16020,13920,5432,16426,1849,143,16754,1,14:14,2020,2021
2020-21,1629121,Jaylen Adams,Jaylen,1610612749,MIL,Milwaukee Bucks,22000357,2021-02-06T00:00:00,MIL @ CLE,W,4.5,1.0,3.0,0.333,0.0,0.0,0.0,0.0,0.0,0.0,0.0,2.0,2.0,0.0,0.0,0.0,0.0,0.0,0.0,0.0,2.0,0.0,4.4,0,0,4.0,1,1,11433,1,21355,16702,17566,15094,12591,17891,12591,12008,12752,12008,11150,12139,14385,16819,14317,10665,7210,7735,18137,16020,18664,10797,20215,1849,143,20179,1,4:32,2020,2021
2020-21,1627854,Bryn Forbes,Bryn,1610612749,MIL,Milwaukee Bucks,22000346,2021-02-05T00:00:00,MIL @ CLE,W,17.1,4.0,7.0,0.571,1.0,4.0,0.25,0.0,0.0,0.0,0.0,0.0,0.0,0.0,0.0,0.0,0.0,0.0,1.0,0.0,9.0,10.0,9.0,0,0,10.0,1,1,11433,1,16204,8251,11165,5826,7373,6909,10244,12008,12752,12008,11150,19725,20503,16819,14317,10665,7210,7735,12223,16020,10740,3883,17831,1849,143,16754,1,17:07,2020,2021
2020-21,1628470,Torrey Craig,Torrey,1610612749,MIL,Milwaukee Bucks,22000346,2021-02-05T00:00:00,MIL @ CLE,W,10.3,2.0,5.0,0.4,0.0,1.0,0.0,0.0,0.0,0.0,3.0,5.0,8.0,1.0,0.0,1.0,0.0,2.0,1.0,0.0,4.0,-1.0,18.1,0,0,15.0,1,1,11433,1,19541,13638,14368,12966,12591,14655,12591,12008,12752,12008,1214,4091,2498,11678,14317,4032,7210,534,12223,16020,16353,11703,12262,1849,143,13541,1,10:16,2020,2021
2020-21,1626192,Pat Connaughton,Pat,1610612749,MIL,Milwaukee Bucks,22000346,2021-02-05T00:00:00,MIL @ CLE,W,18.1,0.0,3.0,0.0,0.0,1.0,0.0,0.0,2.0,0.0,0.0,2.0,2.0,2.0,0.0,0.0,0.0,1.0,0.0,1.0,0.0,11.0,5.4,0,0,4.0,1,1,11433,1,15521,19893,17566,19893,12591,14655,12591,12008,6645,12008,11150,12139,14385,7995,14317,10665,7210,2107,18137,10308,20448,3454,19725,1849,143,20179,1,18:07,2020,2021
2020-21,203114,Khris Middleton,Khris,1610612749,MIL,Milwaukee Bucks,22000346,2021-02-05T00:00:00,MIL @ CLE,W,31.0,6.0,11.0,0.545,1.0,3.0,0.333,2.0,2.0,1.0,0.0,4.0,4.0,5.0,3.0,0.0,0.0,1.0,1.0,4.0,15.0,7.0,24.3,0,0,25.0,1,1,11433,1,5829,4526,6027,6794,7373,9118,7875,5395,6645,1,11150,6156,8731,2585,1707,10665,7210,2107,12223,2281,5723,5432,8575,1849,143,7461,1,30:59,2020,2021
2020-21,1628978,Donte DiVincenzo,Donte,1610612749,MIL,Milwaukee Bucks,22000346,2021-02-05T00:00:00,MIL @ CLE,W,28.3,4.0,9.0,0.444,2.0,3.0,0.667,1.0,3.0,0.333,3.0,8.0,11.0,6.0,1.0,1.0,0.0,1.0,3.0,2.0,11.0,22.0,35.2,1,0,32.0,1,1,11433,1,7869,8251,8309,11399,3957,9118,1828,9085,5327,11706,1214,1175,897,1788,7632,4032,7210,2107,3130,6289,8773,711,3927,1,143,4492,1,28:20,2020,2021
2020-21,203507,Giannis Antetokounmpo,Giannis,1610612749,MIL,Milwaukee Bucks,22000346,2021-02-05T00:00:00,MIL @ CLE,W,33.3,13.0,25.0,0.52,1.0,3.0,0.333,6.0,8.0,0.75,2.0,10.0,12.0,4.0,3.0,1.0,4.0,0.0,3.0,7.0,33.0,15.0,65.4,1,0,60.0,1,1,11433,1,4109,211,192,7556,7373,9118,7875,990,763,7245,2547,470,644,3751,1707,4032,77,7735,3130,439,385,2093,117,1,143,182,1,33:20,2020,2021
2020-21,1629121,Jaylen Adams,Jaylen,1610612749,MIL,Milwaukee Bucks,22000346,2021-02-05T00:00:00,MIL @ CLE,W,1.7,0.0,0.0,0.0,0.0,0.0,0.0,0.0,0.0,0.0,0.0,0.0,0.0,0.0,0.0,0.0,0.0,0.0,0.0,0.0,0.0,4.0,0.0,0,0,0.0,1,1,11433,1,22546,19893,21894,19893,12591,17891,12591,12008,12752,12008,11150,19725,20503,16819,14317,10665,7210,7735,18137,16020,20448,7366,22167,1849,143,22207,1,1:41,2020,2021
2020-21,201571,D.J. Augustin,D.J.,1610612749,MIL,Milwaukee Bucks,22000346,2021-02-05T00:00:00,MIL @ CLE,W,18.5,1.0,5.0,0.2,1.0,3.0,0.333,4.0,4.0,1.0,1.0,1.0,2.0,3.0,1.0,0.0,0.0,1.0,3.0,2.0,7.0,4.0,12.9,0,0,13.0,1,1,11433,1,15309,16702,14368,18781,7373,9118,7875,2293,3346,1,5246,15987,14385,5509,7632,10665,7210,2107,3130,6289,12975,7366,15546,1849,143,14865,1,18:27,2020,2021
2020-21,201572,Brook Lopez,Brook,1610612749,MIL,Milwaukee Bucks,22000346,2021-02-05T00:00:00,MIL @ CLE,W,28.8,5.0,9.0,0.556,0.0,2.0,0.0,3.0,3.0,1.0,1.0,5.0,6.0,0.0,2.0,1.0,2.0,0.0,1.0,2.0,13.0,3.0,27.2,0,0,25.0,1,1,11433,1,7506,6152,8309,6415,12591,11825,12591,3646,5327,1,5246,4091,4746,16819,3645,4032,697,7735,12223,6289,7127,8138,7088,1849,143,7461,1,28:46,2020,2021
2020-21,201950,Jrue Holiday,Jrue,1610612749,MIL,Milwaukee Bucks,22000346,2021-02-05T00:00:00,MIL @ CLE,W,29.4,8.0,9.0,0.889,1.0,1.0,1.0,0.0,0.0,0.0,2.0,1.0,3.0,7.0,1.0,1.0,0.0,0.0,4.0,1.0,17.0,-2.0,33.1,0,0,30.0,1,1,11433,1,7047,2196,8309,1139,7373,14655,1,12008,12752,12008,2547,15987,11352,1198,7632,4032,7210,7735,1059,10308,4514,12607,4686,1849,143,5266,1,29:23,2020,2021
2020-21,1626171,Bobby Portis,Bobby,1610612749,MIL,Milwaukee Bucks,22000346,2021-02-05T00:00:00,MIL @ CLE,W,23.6,7.0,14.0,0.5,0.0,1.0,0.0,0.0,0.0,0.0,1.0,5.0,6.0,0.0,0.0,1.0,1.0,3.0,1.0,0.0,14.0,17.0,27.2,0,0,24.0,1,1,11433,1,11506,3206,3568,7582,12591,14655,12591,12008,12752,12008,5246,4091,4746,16819,14317,4032,2271,122,12223,16020,6406,1579,7088,1849,143,8016,1,23:34,2020,2021
2020-21,201572,Brook Lopez,Brook,1610612749,MIL,Milwaukee Bucks,22000329,2021-02-03T00:00:00,MIL vs. IND,W,23.3,4.0,8.0,0.5,3.0,5.0,0.6,0.0,0.0,0.0,1.0,5.0,6.0,1.0,0.0,0.0,1.0,0.0,2.0,0.0,11.0,17.0,22.7,0,0,23.0,1,1,11433,1,11695,8251,9686,7582,1926,4922,2762,12008,12752,12008,5246,4091,4746,11678,14317,10665,2271,7735,6924,16020,8773,1579,9463,1849,143,8568,1,23:19,2020,2021
2020-21,1628978,Donte DiVincenzo,Donte,1610612749,MIL,Milwaukee Bucks,22000329,2021-02-03T00:00:00,MIL vs. IND,W,21.9,6.0,11.0,0.545,4.0,8.0,0.5,0.0,0.0,0.0,1.0,3.0,4.0,3.0,0.0,0.0,1.0,0.0,1.0,1.0,16.0,36.0,28.3,0,0,29.0,1,1,11433,1,12778,4526,6027,6794,910,1505,3573,12008,12752,12008,5246,8835,8731,5509,14317,10665,2271,7735,12223,10308,5102,32,6572,1849,143,5681,1,21:51,2020,2021
2020-21,1626171,Bobby Portis,Bobby,1610612749,MIL,Milwaukee Bucks,22000329,2021-02-03T00:00:00,MIL vs. IND,W,16.7,7.0,13.0,0.538,4.0,5.0,0.8,0.0,0.0,0.0,3.0,6.0,9.0,3.0,0.0,3.0,1.0,1.0,2.0,0.0,18.0,19.0,45.3,0,0,42.0,1,1,11433,1,16458,3206,4300,7057,910,4922,1350,12008,12752,12008,1214,2732,1852,5509,14317,347,2271,2107,6924,16020,3974,1175,1557,1849,143,1788,1,16:41,2020,2021
2020-21,1627854,Bryn Forbes,Bryn,1610612749,MIL,Milwaukee Bucks,22000329,2021-02-03T00:00:00,MIL vs. IND,W,22.2,8.0,15.0,0.533,4.0,7.0,0.571,0.0,0.0,0.0,0.0,3.0,3.0,1.0,0.0,0.0,0.0,1.0,0.0,0.0,20.0,-8.0,25.1,0,0,28.0,1,1,11433,1,12567,2196,2946,7229,910,2331,3225,12008,12752,12008,11150,8835,11352,11678,14317,10665,7210,2107,18137,16020,3090,17520,8146,1849,143,6101,1,22:09,2020,2021
2020-21,201950,Jrue Holiday,Jrue,1610612749,MIL,Milwaukee Bucks,22000329,2021-02-03T00:00:00,MIL vs. IND,W,26.8,5.0,9.0,0.556,1.0,3.0,0.333,0.0,0.0,0.0,2.0,5.0,7.0,3.0,3.0,3.0,1.0,0.0,0.0,0.0,11.0,11.0,32.9,0,0,30.0,1,1,11433,1,9006,6152,8309,6415,7373,9118,7875,12008,12752,12008,2547,4091,3435,5509,1707,347,2271,7735,18137,16020,8773,3454,4748,1849,143,5266,1,26:49,2020,2021
2020-21,203114,Khris Middleton,Khris,1610612749,MIL,Milwaukee Bucks,22000329,2021-02-03T00:00:00,MIL vs. IND,W,26.0,4.0,9.0,0.444,1.0,3.0,0.333,3.0,3.0,1.0,0.0,5.0,5.0,4.0,3.0,0.0,0.0,0.0,1.0,2.0,12.0,19.0,21.0,0,0,22.0,1,1,11433,1,9650,8251,8309,11399,7373,9118,7875,3646,5327,1,11150,4091,6466,3751,1707,10665,7210,7735,12223,6289,7920,1175,10475,1849,143,9111,1,26:00,2020,2021
2020-21,203507,Giannis Antetokounmpo,Giannis,1610612749,MIL,Milwaukee Bucks,22000329,2021-02-03T00:00:00,MIL vs. IND,W,30.6,7.0,8.0,0.875,0.0,0.0,0.0,7.0,8.0,0.875,2.0,12.0,14.0,10.0,4.0,2.0,1.0,1.0,0.0,7.0,21.0,30.0,57.8,1,1,51.0,1,1,11433,1,6107,3206,9686,1164,12591,17891,12591,650,763,6179,2547,169,317,345,764,1208,2271,2107,18137,439,2727,141,346,1,1,639,1,30:37,2020,2021
2020-21,1628470,Torrey Craig,Torrey,1610612749,MIL,Milwaukee Bucks,22000329,2021-02-03T00:00:00,MIL vs. IND,W,16.5,3.0,6.0,0.5,2.0,3.0,0.667,0.0,0.0,0.0,2.0,1.0,3.0,0.0,0.0,3.0,1.0,1.0,3.0,2.0,8.0,-13.0,23.6,0,0,21.0,1,1,11433,1,16598,10694,12753,7582,3957,9118,1828,12008,12752,12008,2547,15987,11352,16819,14317,347,2271,2107,3130,6289,11759,20143,8935,1849,143,9724,1,16:29,2020,2021
2020-21,1629121,Jaylen Adams,Jaylen,1610612749,MIL,Milwaukee Bucks,22000329,2021-02-03T00:00:00,MIL vs. IND,W,8.5,0.0,4.0,0.0,0.0,1.0,0.0,0.0,0.0,0.0,0.0,1.0,1.0,2.0,0.0,0.0,0.0,0.0,1.0,0.0,0.0,-15.0,4.2,0,0,3.0,1,1,11433,1,20092,19893,15987,19893,12591,14655,12591,12008,12752,12008,11150,15987,17542,7995,14317,10665,7210,7735,12223,16020,20448,20857,20314,1849,143,20717,1,8:28,2020,2021
2020-21,1628391,D.J. Wilson,D.J.,1610612749,MIL,Milwaukee Bucks,22000329,2021-02-03T00:00:00,MIL vs. IND,W,9.7,1.0,6.0,0.167,0.0,4.0,0.0,0.0,0.0,0.0,0.0,0.0,0.0,0.0,0.0,0.0,1.0,1.0,1.0,0.0,2.0,-15.0,5.0,0,0,4.0,1,1,11433,1,19704,16702,12753,19313,12591,6909,12591,12008,12752,12008,11150,19725,20503,16819,14317,10665,2271,2107,12223,16020,18664,20857,19930,1849,143,20179,1,9:42,2020,2021
2020-21,1626192,Pat Connaughton,Pat,1610612749,MIL,Milwaukee Bucks,22000329,2021-02-03T00:00:00,MIL vs. IND,W,10.4,1.0,5.0,0.2,1.0,4.0,0.25,0.0,0.0,0.0,0.0,1.0,1.0,0.0,0.0,0.0,0.0,0.0,0.0,0.0,3.0,17.0,4.2,0,0,5.0,1,1,11433,1,19513,16702,14368,18781,7373,6909,10244,12008,12752,12008,11150,15987,17542,16819,14317,10665,7210,7735,18137,16020,17485,1579,20314,1849,143,19629,1,10:25,2020,2021
2020-21,201571,D.J. Augustin,D.J.,1610612749,MIL,Milwaukee Bucks,22000329,2021-02-03T00:00:00,MIL vs. IND,W,19.0,1.0,6.0,0.167,1.0,5.0,0.2,3.0,3.0,1.0,0.0,0.0,0.0,4.0,1.0,0.0,0.0,1.0,0.0,1.0,6.0,17.0,11.0,0,0,11.0,1,1,11433,1,14925,16702,12753,19313,7373,4922,11380,3646,5327,1,11150,19725,20503,3751,7632,10665,7210,2107,18137,10308,13920,1579,16679,1849,143,16119,1,19:00,2020,2021
2020-21,203648,Thanasis Antetokounmpo,Thanasis,1610612749,MIL,Milwaukee Bucks,22000329,2021-02-03T00:00:00,MIL vs. IND,W,8.5,1.0,2.0,0.5,0.0,0.0,0.0,0.0,0.0,0.0,0.0,0.0,0.0,2.0,1.0,2.0,0.0,0.0,0.0,0.0,2.0,-15.0,10.0,0,0,8.0,1,1,11433,1,20092,16702,19102,7582,12591,17891,12591,12008,12752,12008,11150,19725,20503,7995,7632,1208,7210,7735,18137,16020,18664,20857,17252,1849,143,17996,1,8:28,2020,2021
2020-21,1626192,Pat Connaughton,Pat,1610612749,MIL,Milwaukee Bucks,22000316,2021-02-01T00:00:00,MIL vs. POR,W,15.8,3.0,7.0,0.429,1.0,5.0,0.2,0.0,0.0,0.0,1.0,3.0,4.0,1.0,0.0,0.0,0.0,0.0,1.0,0.0,7.0,10.0,13.3,0,0,13.0,1,1,11433,1,16976,10694,11165,11933,7373,4922,11380,12008,12752,12008,5246,8835,8731,11678,14317,10665,7210,7735,12223,16020,12975,3883,15298,1849,143,14865,1,15:50,2020,2021
2020-21,1630241,Sam Merrill,Sam,1610612749,MIL,Milwaukee Bucks,22000316,2021-02-01T00:00:00,MIL vs. POR,W,9.8,0.0,2.0,0.0,0.0,2.0,0.0,0.0,0.0,0.0,0.0,1.0,1.0,0.0,0.0,0.0,0.0,0.0,0.0,0.0,0.0,-11.0,1.2,0,0,1.0,1,1,11433,1,19670,19893,19102,19893,12591,11825,12591,12008,12752,12008,11150,15987,17542,16819,14317,10665,7210,7735,18137,16020,20448,19248,21714,1849,143,21671,1,9:48,2020,2021
2020-21,203648,Thanasis Antetokounmpo,Thanasis,1610612749,MIL,Milwaukee Bucks,22000316,2021-02-01T00:00:00,MIL vs. POR,W,5.9,1.0,1.0,1.0,0.0,0.0,0.0,0.0,0.0,0.0,1.0,5.0,6.0,1.0,1.0,0.0,1.0,0.0,1.0,0.0,2.0,0.0,12.7,0,0,11.0,1,1,11433,1,20826,16702,20551,1,12591,17891,12591,12008,12752,12008,5246,4091,4746,11678,7632,10665,2271,7735,12223,16020,18664,10797,15681,1849,143,16119,1,5:56,2020,2021
2020-21,201572,Brook Lopez,Brook,1610612749,MIL,Milwaukee Bucks,22000316,2021-02-01T00:00:00,MIL vs. POR,W,17.3,3.0,5.0,0.6,1.0,3.0,0.333,0.0,0.0,0.0,0.0,2.0,2.0,0.0,1.0,0.0,1.0,0.0,2.0,0.0,7.0,17.0,11.4,0,0,12.0,1,1,11433,1,16109,10694,14368,4810,7373,9118,7875,12008,12752,12008,11150,12139,14385,16819,7632,10665,2271,7735,6924,16020,12975,1579,16426,1849,143,15506,1,17:15,2020,2021
2020-21,201950,Jrue Holiday,Jrue,1610612749,MIL,Milwaukee Bucks,22000316,2021-02-01T00:00:00,MIL vs. POR,W,30.0,10.0,14.0,0.714,2.0,3.0,0.667,0.0,0.0,0.0,2.0,5.0,7.0,6.0,2.0,3.0,0.0,0.0,0.0,0.0,22.0,34.0,46.4,0,0,43.0,1,1,11433,1,6589,935,3568,2429,3957,9118,1828,12008,12752,12008,2547,4091,3435,1788,3645,347,7210,7735,18137,16020,2373,54,1388,1849,143,1612,1,29:58,2020,2021
2020-21,203114,Khris Middleton,Khris,1610612749,MIL,Milwaukee Bucks,22000316,2021-02-01T00:00:00,MIL vs. POR,W,25.3,5.0,6.0,0.833,4.0,4.0,1.0,3.0,4.0,0.75,0.0,5.0,5.0,9.0,1.0,2.0,0.0,0.0,2.0,2.0,17.0,26.0,41.5,0,0,39.0,1,1,11433,1,10244,6152,12753,1305,910,6909,1,3646,3346,7245,11150,4091,6466,544,7632,1208,7210,7735,6924,6289,4514,336,2281,1849,143,2395,1,25:16,2020,2021
2020-21,1626171,Bobby Portis,Bobby,1610612749,MIL,Milwaukee Bucks,22000316,2021-02-01T00:00:00,MIL vs. POR,W,23.7,9.0,13.0,0.692,3.0,5.0,0.6,0.0,1.0,0.0,1.0,7.0,8.0,2.0,1.0,2.0,1.0,1.0,2.0,2.0,21.0,31.0,41.6,0,0,40.0,1,1,11433,1,11385,1450,4300,2818,1926,4922,2762,12008,11390,12008,5246,1742,2498,7995,7632,1208,2271,2107,6924,6289,2727,110,2258,1849,143,2161,1,23:44,2020,2021
2020-21,1627854,Bryn Forbes,Bryn,1610612749,MIL,Milwaukee Bucks,22000316,2021-02-01T00:00:00,MIL vs. POR,W,18.1,5.0,9.0,0.556,3.0,5.0,0.6,0.0,0.0,0.0,0.0,1.0,1.0,3.0,1.0,0.0,0.0,1.0,0.0,0.0,13.0,3.0,17.7,0,0,20.0,1,1,11433,1,15553,6152,8309,6415,1926,4922,2762,12008,12752,12008,11150,15987,17542,5509,7632,10665,7210,2107,18137,16020,7127,8138,12528,1849,143,10341,1,18:04,2020,2021
2020-21,1628978,Donte DiVincenzo,Donte,1610612749,MIL,Milwaukee Bucks,22000316,2021-02-01T00:00:00,MIL vs. POR,W,18.1,2.0,10.0,0.2,1.0,3.0,0.333,1.0,2.0,0.5,2.0,2.0,4.0,3.0,1.0,2.0,0.0,2.0,0.0,2.0,6.0,5.0,20.3,0,0,18.0,1,1,11433,1,15534,13638,7133,18781,7373,9118,7875,9085,6645,9461,2547,12139,8731,5509,7632,1208,7210,534,18137,6289,13920,6667,10902,1849,143,11539,1,18:06,2020,2021
2020-21,203507,Giannis Antetokounmpo,Giannis,1610612749,MIL,Milwaukee Bucks,22000316,2021-02-01T00:00:00,MIL vs. POR,W,25.8,8.0,11.0,0.727,0.0,0.0,0.0,2.0,3.0,0.667,1.0,3.0,4.0,6.0,1.0,0.0,1.0,0.0,3.0,2.0,18.0,25.0,33.8,0,0,30.0,1,1,11433,1,9831,2196,6027,2334,12591,17891,12591,5395,5327,8322,5246,8835,8731,1788,7632,10665,2271,7735,3130,6289,3974,405,4424,1849,143,5266,1,25:47,2020,2021
2020-21,201571,D.J. Augustin,D.J.,1610612749,MIL,Milwaukee Bucks,22000316,2021-02-01T00:00:00,MIL vs. POR,W,17.6,4.0,7.0,0.571,4.0,6.0,0.667,1.0,2.0,0.5,0.0,5.0,5.0,6.0,1.0,1.0,0.0,1.0,0.0,1.0,13.0,22.0,30.0,0,0,30.0,1,1,11433,1,15892,8251,11165,5826,910,3460,1828,9085,6645,9461,11150,4091,6466,1788,7632,4032,7210,2107,18137,10308,7127,711,5838,1849,143,5266,1,17:34,2020,2021
2020-21,1628391,D.J. Wilson,D.J.,1610612749,MIL,Milwaukee Bucks,22000316,2021-02-01T00:00:00,MIL vs. POR,W,9.4,2.0,4.0,0.5,1.0,2.0,0.5,0.0,0.0,0.0,0.0,1.0,1.0,0.0,0.0,0.0,0.0,0.0,1.0,0.0,5.0,-9.0,6.2,0,0,7.0,1,1,11433,1,19809,13638,15987,7582,7373,11825,3573,12008,12752,12008,11150,15987,17542,16819,14317,10665,7210,7735,12223,16020,15263,18135,19314,1849,143,18556,1,9:23,2020,2021
2020-21,1629670,Jordan Nwora,Jordan,1610612749,MIL,Milwaukee Bucks,22000316,2021-02-01T00:00:00,MIL vs. POR,W,9.8,1.0,5.0,0.2,1.0,2.0,0.5,0.0,0.0,0.0,0.0,0.0,0.0,0.0,2.0,0.0,1.0,1.0,0.0,0.0,3.0,-11.0,4.0,0,0,6.0,1,1,11433,1,19670,16702,14368,18781,7373,11825,3573,12008,12752,12008,11150,19725,20503,16819,3645,10665,2271,2107,18137,16020,17485,19248,20476,1849,143,19107,1,9:48,2020,2021
2020-21,1628470,Torrey Craig,Torrey,1610612749,MIL,Milwaukee Bucks,22000316,2021-02-01T00:00:00,MIL vs. POR,W,13.5,0.0,2.0,0.0,0.0,2.0,0.0,0.0,0.0,0.0,1.0,4.0,5.0,1.0,0.0,0.0,2.0,0.0,1.0,1.0,0.0,-2.0,13.5,0,0,10.0,1,1,11433,1,18222,19893,19102,19893,12591,11825,12591,12008,12752,12008,5246,6156,6466,11678,14317,10665,697,7735,12223,10308,20448,12607,15165,1849,143,16754,1,13:32,2020,2021
2020-21,203114,Khris Middleton,Khris,1610612749,MIL,Milwaukee Bucks,22000299,2021-01-30T00:00:00,MIL @ CHA,L,32.5,5.0,9.0,0.556,4.0,6.0,0.667,4.0,4.0,1.0,1.0,3.0,4.0,4.0,4.0,0.0,0.0,1.0,3.0,2.0,18.0,7.0,24.8,0,0,30.0,1,11623,1,11623,4723,6152,8309,6415,910,3460,1828,2293,3346,1,5246,8835,8731,3751,764,10665,7210,2107,3130,6289,3974,5432,8314,1849,143,5266,1,32:27,2020,2021
2020-21,1626192,Pat Connaughton,Pat,1610612749,MIL,Milwaukee Bucks,22000299,2021-01-30T00:00:00,MIL @ CHA,L,29.2,5.0,8.0,0.625,5.0,8.0,0.625,0.0,0.0,0.0,0.0,6.0,6.0,0.0,0.0,1.0,1.0,0.0,3.0,0.0,15.0,-2.0,28.2,0,0,30.0,1,11623,1,11623,7175,6152,9686,4319,414,1505,2645,12008,12752,12008,11150,2732,4746,16819,14317,4032,2271,7735,3130,16020,5723,12607,6609,1849,143,5266,1,29:13,2020,2021
2020-21,201571,D.J. Augustin,D.J.,1610612749,MIL,Milwaukee Bucks,22000299,2021-01-30T00:00:00,MIL @ CHA,L,4.4,0.0,0.0,0.0,0.0,0.0,0.0,0.0,0.0,0.0,0.0,0.0,0.0,0.0,0.0,0.0,0.0,0.0,1.0,0.0,0.0,-21.0,0.0,0,0,0.0,1,11623,1,11623,21415,19893,21894,19893,12591,17891,12591,12008,12752,12008,11150,19725,20503,16819,14317,10665,7210,7735,12223,16020,20448,22246,22167,1849,143,22207,1,4:22,2020,2021
2020-21,201572,Brook Lopez,Brook,1610612749,MIL,Milwaukee Bucks,22000299,2021-01-30T00:00:00,MIL @ CHA,L,26.6,4.0,9.0,0.444,1.0,4.0,0.25,0.0,0.0,0.0,0.0,4.0,4.0,1.0,2.0,1.0,2.0,0.0,1.0,2.0,9.0,-6.0,22.3,0,0,21.0,1,11623,1,11623,9215,8251,8309,11399,7373,6909,10244,12008,12752,12008,11150,6156,8731,11678,3645,4032,697,7735,12223,6289,10740,16140,9687,1849,143,9724,1,26:33,2020,2021
2020-21,201950,Jrue Holiday,Jrue,1610612749,MIL,Milwaukee Bucks,22000299,2021-01-30T00:00:00,MIL @ CHA,L,40.1,7.0,17.0,0.412,5.0,10.0,0.5,2.0,2.0,1.0,2.0,3.0,5.0,5.0,3.0,2.0,2.0,2.0,2.0,1.0,21.0,16.0,43.5,0,0,44.0,1,11623,1,11623,439,3206,1960,12852,414,556,3573,5395,6645,1,2547,8835,6466,2585,1707,1208,697,534,6924,10308,2727,1834,1865,1849,143,1463,1,40:08,2020,2021
2020-21,203507,Giannis Antetokounmpo,Giannis,1610612749,MIL,Milwaukee Bucks,22000299,2021-01-30T00:00:00,MIL @ CHA,L,39.4,12.0,19.0,0.632,0.0,4.0,0.0,10.0,18.0,0.556,2.0,16.0,18.0,9.0,3.0,1.0,1.0,2.0,1.0,14.0,34.0,0.0,72.1,1,0,65.0,1,11623,1,11623,593,346,1220,4296,12591,6909,12591,161,9,9429,2547,17,55,544,1707,4032,2271,534,12223,3,322,10797,50,1,143,88,1,39:24,2020,2021
2020-21,1627854,Bryn Forbes,Bryn,1610612749,MIL,Milwaukee Bucks,22000299,2021-01-30T00:00:00,MIL @ CHA,L,11.1,2.0,7.0,0.286,2.0,5.0,0.4,0.0,0.0,0.0,0.0,0.0,0.0,0.0,0.0,0.0,0.0,0.0,0.0,0.0,6.0,-31.0,6.0,0,0,8.0,1,11623,1,11623,19262,13638,11165,17105,3957,4922,6751,12008,12752,12008,11150,19725,20503,16819,14317,10665,7210,7735,18137,16020,13920,22961,19432,1849,143,17996,1,11:06,2020,2021
2020-21,1629670,Jordan Nwora,Jordan,1610612749,MIL,Milwaukee Bucks,22000299,2021-01-30T00:00:00,MIL @ CHA,L,1.5,0.0,0.0,0.0,0.0,0.0,0.0,0.0,0.0,0.0,0.0,0.0,0.0,0.0,0.0,0.0,0.0,0.0,0.0,0.0,0.0,0.0,0.0,0,0,0.0,1,11623,1,11623,22630,19893,21894,19893,12591,17891,12591,12008,12752,12008,11150,19725,20503,16819,14317,10665,7210,7735,18137,16020,20448,10797,22167,1849,143,22207,1,1:31,2020,2021
2020-21,1628470,Torrey Craig,Torrey,1610612749,MIL,Milwaukee Bucks,22000299,2021-01-30T00:00:00,MIL @ CHA,L,6.6,0.0,2.0,0.0,0.0,2.0,0.0,0.0,0.0,0.0,0.0,1.0,1.0,0.0,2.0,0.0,0.0,0.0,0.0,0.0,0.0,-12.0,-0.8,0,0,1.0,1,11623,1,11623,20618,19893,19102,19893,12591,11825,12591,12008,12752,12008,11150,15987,17542,16819,3645,10665,7210,7735,18137,16020,20448,19709,22942,1849,143,21671,1,6:34,2020,2021
2020-21,1630241,Sam Merrill,Sam,1610612749,MIL,Milwaukee Bucks,22000299,2021-01-30T00:00:00,MIL @ CHA,L,1.5,0.0,0.0,0.0,0.0,0.0,0.0,0.0,0.0,0.0,0.0,0.0,0.0,0.0,0.0,0.0,0.0,0.0,0.0,0.0,0.0,0.0,0.0,0,0,0.0,1,11623,1,11623,22630,19893,21894,19893,12591,17891,12591,12008,12752,12008,11150,19725,20503,16819,14317,10665,7210,7735,18137,16020,20448,10797,22167,1849,143,22207,1,1:31,2020,2021
2020-21,1628978,Donte DiVincenzo,Donte,1610612749,MIL,Milwaukee Bucks,22000299,2021-01-30T00:00:00,MIL @ CHA,L,27.3,0.0,6.0,0.0,0.0,5.0,0.0,0.0,0.0,0.0,0.0,2.0,2.0,1.0,0.0,1.0,0.0,0.0,2.0,1.0,0.0,-12.0,6.9,0,0,5.0,1,11623,1,11623,8621,19893,12753,19893,12591,4922,12591,12008,12752,12008,11150,12139,14385,11678,14317,4032,7210,7735,6924,10308,20448,19709,18984,1849,143,19629,1,27:21,2020,2021
2020-21,1626171,Bobby Portis,Bobby,1610612749,MIL,Milwaukee Bucks,22000299,2021-01-30T00:00:00,MIL @ CHA,L,19.8,5.0,5.0,1.0,1.0,1.0,1.0,0.0,0.0,0.0,3.0,3.0,6.0,2.0,1.0,0.0,0.0,0.0,4.0,0.0,11.0,1.0,20.2,0,0,20.0,1,11623,1,11623,14297,6152,14368,1,7373,14655,1,12008,12752,12008,1214,8835,4746,7995,7632,10665,7210,7735,1059,16020,8773,9911,10959,1849,143,10341,1,19:50,2020,2021
2020-21,201950,Jrue Holiday,Jrue,1610612749,MIL,Milwaukee Bucks,22000293,2021-01-29T00:00:00,MIL @ NOP,L,38.0,8.0,17.0,0.471,3.0,9.0,0.333,3.0,4.0,0.75,3.0,6.0,9.0,5.0,1.0,1.0,1.0,0.0,3.0,3.0,22.0,-6.0,45.3,0,0,43.0,1,11623,1,11623,1079,2196,1960,10674,1926,930,7875,3646,3346,7245,1214,2732,1852,2585,7632,4032,2271,7735,3130,3793,2373,16140,1557,1849,143,1612,1,38:02,2020,2021
2020-21,1626192,Pat Connaughton,Pat,1610612749,MIL,Milwaukee Bucks,22000293,2021-01-29T00:00:00,MIL @ NOP,L,20.4,4.0,6.0,0.667,1.0,2.0,0.5,0.0,0.0,0.0,1.0,6.0,7.0,3.0,0.0,0.0,1.0,1.0,0.0,1.0,9.0,8.0,24.9,0,0,22.0,1,11623,1,11623,13923,8251,12753,2900,7373,11825,3573,12008,12752,12008,5246,2732,3435,5509,14317,10665,2271,2107,18137,10308,10740,4875,8263,1849,143,9111,1,20:23,2020,2021
2020-21,201572,Brook Lopez,Brook,1610612749,MIL,Milwaukee Bucks,22000293,2021-01-29T00:00:00,MIL @ NOP,L,32.5,5.0,8.0,0.625,2.0,5.0,0.4,4.0,6.0,0.667,1.0,2.0,3.0,0.0,2.0,0.0,1.0,0.0,2.0,3.0,16.0,3.0,20.6,0,0,23.0,1,11623,1,11623,4718,6152,9686,4319,3957,4922,6751,2293,1600,8322,5246,12139,11352,16819,3645,10665,2271,7735,6924,3793,5102,8138,10721,1849,143,8568,1,32:28,2020,2021
2020-21,203114,Khris Middleton,Khris,1610612749,MIL,Milwaukee Bucks,22000293,2021-01-29T00:00:00,MIL @ NOP,L,36.4,6.0,17.0,0.353,1.0,6.0,0.167,3.0,3.0,1.0,1.0,7.0,8.0,8.0,1.0,2.0,0.0,0.0,4.0,1.0,16.0,5.0,42.6,0,0,37.0,1,11623,1,11623,1981,4526,1960,15003,7373,3460,12017,3646,5327,1,5246,1742,2498,803,7632,1208,7210,7735,1059,10308,5102,6667,2063,1849,143,2922,1,36:23,2020,2021
2020-21,203507,Giannis Antetokounmpo,Giannis,1610612749,MIL,Milwaukee Bucks,22000293,2021-01-29T00:00:00,MIL @ NOP,L,38.9,15.0,27.0,0.556,2.0,7.0,0.286,6.0,7.0,0.857,3.0,8.0,11.0,5.0,4.0,2.0,2.0,1.0,3.0,6.0,38.0,1.0,66.7,1,0,64.0,1,11623,1,11623,766,73,89,6415,3957,2331,9877,990,1176,6327,1214,1175,897,2585,764,1208,697,2107,3130,795,138,9911,104,1,143,106,1,38:51,2020,2021
2020-21,1628978,Donte DiVincenzo,Donte,1610612749,MIL,Milwaukee Bucks,22000293,2021-01-29T00:00:00,MIL @ NOP,L,24.5,4.0,8.0,0.5,2.0,3.0,0.667,0.0,0.0,0.0,0.0,3.0,3.0,2.0,1.0,0.0,0.0,0.0,3.0,0.0,10.0,-10.0,15.6,0,0,17.0,1,11623,1,11623,10812,8251,9686,7582,3957,9118,1828,12008,12752,12008,11150,8835,11352,7995,7632,10665,7210,7735,3130,16020,9732,18716,13857,1849,143,12215,1,24:29,2020,2021
2020-21,1628470,Torrey Craig,Torrey,1610612749,MIL,Milwaukee Bucks,22000293,2021-01-29T00:00:00,MIL @ NOP,L,4.8,0.0,2.0,0.0,0.0,0.0,0.0,0.0,0.0,0.0,0.0,0.0,0.0,1.0,0.0,0.0,0.0,1.0,1.0,0.0,0.0,-10.0,1.5,0,0,1.0,1,11623,1,11623,21246,19893,19102,19893,12591,17891,12591,12008,12752,12008,11150,19725,20503,11678,14317,10665,7210,2107,12223,16020,20448,18716,21554,1849,143,21671,1,4:51,2020,2021
2020-21,1627854,Bryn Forbes,Bryn,1610612749,MIL,Milwaukee Bucks,22000293,2021-01-29T00:00:00,MIL @ NOP,L,21.7,3.0,5.0,0.6,2.0,3.0,0.667,0.0,0.0,0.0,0.0,3.0,3.0,1.0,1.0,0.0,0.0,0.0,2.0,0.0,8.0,3.0,12.1,0,0,14.0,1,11623,1,11623,12907,10694,14368,4810,3957,9118,1828,12008,12752,12008,11150,8835,11352,11678,7632,10665,7210,7735,6924,16020,11759,8138,16026,1849,143,14223,1,21:41,2020,2021
2020-21,1626171,Bobby Portis,Bobby,1610612749,MIL,Milwaukee Bucks,22000293,2021-01-29T00:00:00,MIL @ NOP,L,12.8,2.0,4.0,0.5,0.0,0.0,0.0,1.0,2.0,0.5,3.0,1.0,4.0,1.0,1.0,0.0,0.0,0.0,1.0,2.0,5.0,-7.0,10.3,0,0,10.0,1,11623,1,11623,18562,13638,15987,7582,12591,17891,12591,9085,6645,9461,1214,15987,8731,11678,7632,10665,7210,7735,12223,6289,15263,16841,17092,1849,143,16754,1,12:47,2020,2021
2020-21,201571,D.J. Augustin,D.J.,1610612749,MIL,Milwaukee Bucks,22000293,2021-01-29T00:00:00,MIL @ NOP,L,10.1,1.0,2.0,0.5,0.0,0.0,0.0,0.0,0.0,0.0,0.0,1.0,1.0,3.0,1.0,0.0,0.0,0.0,0.0,0.0,2.0,-12.0,6.7,0,0,6.0,1,11623,1,11623,19571,16702,19102,7582,12591,17891,12591,12008,12752,12008,11150,15987,17542,5509,7632,10665,7210,7735,18137,16020,18664,19709,19087,1849,143,19107,1,10:07,2020,2021
2020-21,1626171,Bobby Portis,Bobby,1610612749,MIL,Milwaukee Bucks,22000277,2021-01-27T00:00:00,MIL @ TOR,W,17.4,3.0,7.0,0.429,2.0,4.0,0.5,0.0,0.0,0.0,0.0,4.0,4.0,0.0,1.0,1.0,0.0,1.0,0.0,0.0,8.0,-2.0,14.8,0,0,16.0,1,1,11433,1,15980,10694,11165,11933,3957,6909,3573,12008,12752,12008,11150,6156,8731,16819,7632,4032,7210,2107,18137,16020,11759,12607,14356,1849,143,12891,1,17:26,2020,2021
2020-21,1626192,Pat Connaughton,Pat,1610612749,MIL,Milwaukee Bucks,22000277,2021-01-27T00:00:00,MIL @ TOR,W,13.5,1.0,4.0,0.25,0.0,3.0,0.0,0.0,0.0,0.0,1.0,2.0,3.0,0.0,1.0,0.0,0.0,0.0,2.0,0.0,2.0,-9.0,4.6,0,0,5.0,1,1,11433,1,18232,16702,15987,17720,12591,9118,12591,12008,12752,12008,5246,12139,11352,16819,7632,10665,7210,7735,6924,16020,18664,18135,20117,1849,143,19629,1,13:30,2020,2021
2020-21,201571,D.J. Augustin,D.J.,1610612749,MIL,Milwaukee Bucks,22000277,2021-01-27T00:00:00,MIL @ TOR,W,13.8,3.0,7.0,0.429,3.0,6.0,0.5,0.0,0.0,0.0,1.0,0.0,1.0,1.0,0.0,1.0,0.0,2.0,1.0,0.0,9.0,-3.0,14.7,0,0,16.0,1,1,11433,1,18112,10694,11165,11933,1926,3460,3573,12008,12752,12008,5246,19725,17542,11678,14317,4032,7210,534,12223,16020,10740,13536,14406,1849,143,12891,1,13:45,2020,2021
2020-21,1628470,Torrey Craig,Torrey,1610612749,MIL,Milwaukee Bucks,22000277,2021-01-27T00:00:00,MIL @ TOR,W,13.3,1.0,2.0,0.5,0.0,0.0,0.0,0.0,0.0,0.0,2.0,2.0,4.0,2.0,1.0,0.0,1.0,0.0,2.0,0.0,2.0,-8.0,11.8,0,0,10.0,1,1,11433,1,18350,16702,19102,7582,12591,17891,12591,12008,12752,12008,2547,12139,8731,7995,7632,10665,2271,7735,6924,16020,18664,17520,16196,1849,143,16754,1,13:16,2020,2021
2020-21,203507,Giannis Antetokounmpo,Giannis,1610612749,MIL,Milwaukee Bucks,22000277,2021-01-27T00:00:00,MIL @ TOR,W,37.8,8.0,14.0,0.571,0.0,1.0,0.0,8.0,14.0,0.571,1.0,17.0,18.0,9.0,5.0,1.0,1.0,1.0,3.0,9.0,24.0,10.0,60.1,1,0,55.0,1,1,11433,1,1203,2196,3568,5826,12591,14655,12591,406,77,9370,5246,10,55,544,321,4032,2271,2107,3130,96,1773,3883,259,1,143,379,1,37:47,2020,2021
2020-21,201950,Jrue Holiday,Jrue,1610612749,MIL,Milwaukee Bucks,22000277,2021-01-27T00:00:00,MIL @ TOR,W,34.5,3.0,14.0,0.214,1.0,8.0,0.125,0.0,0.0,0.0,1.0,6.0,7.0,7.0,1.0,2.0,0.0,1.0,0.0,2.0,7.0,16.0,30.9,0,0,26.0,1,1,11433,1,3241,10694,3568,18745,7373,1505,12466,12008,12752,12008,5246,2732,3435,1198,7632,1208,7210,2107,18137,6289,12975,1834,5459,1849,143,6966,1,34:30,2020,2021
2020-21,203114,Khris Middleton,Khris,1610612749,MIL,Milwaukee Bucks,22000277,2021-01-27T00:00:00,MIL @ TOR,W,34.7,8.0,17.0,0.471,5.0,8.0,0.625,3.0,3.0,1.0,1.0,9.0,10.0,7.0,1.0,1.0,0.0,2.0,3.0,3.0,24.0,2.0,48.5,1,0,48.0,1,1,11433,1,3088,2196,1960,10674,414,1505,2645,3646,5327,1,5246,746,1298,1198,7632,4032,7210,534,3130,3793,1773,8969,1113,1,143,898,1,34:43,2020,2021
2020-21,201572,Brook Lopez,Brook,1610612749,MIL,Milwaukee Bucks,22000277,2021-01-27T00:00:00,MIL @ TOR,W,32.1,8.0,11.0,0.727,2.0,3.0,0.667,2.0,2.0,1.0,3.0,4.0,7.0,0.0,0.0,0.0,1.0,0.0,1.0,1.0,20.0,8.0,31.4,0,0,31.0,1,1,11433,1,5039,2196,6027,2334,3957,9118,1828,5395,6645,1,1214,6156,3435,16819,14317,10665,2271,7735,12223,10308,3090,4875,5278,1849,143,4847,1,32:03,2020,2021
2020-21,1628978,Donte DiVincenzo,Donte,1610612749,MIL,Milwaukee Bucks,22000277,2021-01-27T00:00:00,MIL @ TOR,W,26.5,2.0,9.0,0.222,0.0,5.0,0.0,4.0,4.0,1.0,2.0,1.0,3.0,3.0,3.0,2.0,0.0,0.0,1.0,3.0,8.0,10.0,19.1,0,0,18.0,1,1,11433,1,9243,13638,8309,18584,12591,4922,12591,2293,3346,1,2547,15987,11352,5509,1707,1208,7210,7735,12223,3793,11759,3883,11636,1849,143,11539,1,26:31,2020,2021
2020-21,1627854,Bryn Forbes,Bryn,1610612749,MIL,Milwaukee Bucks,22000277,2021-01-27T00:00:00,MIL @ TOR,W,16.5,3.0,8.0,0.375,3.0,6.0,0.5,2.0,3.0,0.667,2.0,0.0,2.0,1.0,1.0,1.0,0.0,1.0,1.0,2.0,11.0,11.0,16.9,0,0,19.0,1,1,11433,1,16599,10694,9686,14155,1926,3460,3573,5395,5327,8322,2547,19725,14385,11678,7632,4032,7210,2107,12223,6289,8773,3454,13031,1849,143,10964,1,16:29,2020,2021
2020-21,1626171,Bobby Portis,Bobby,1610612749,MIL,Milwaukee Bucks,22000254,2021-01-24T00:00:00,MIL vs. ATL,W,26.6,9.0,16.0,0.563,1.0,2.0,0.5,2.0,2.0,1.0,2.0,4.0,6.0,1.0,0.0,0.0,0.0,1.0,2.0,1.0,21.0,-1.0,29.7,0,0,29.0,1,1,11433,1,9166,1450,2412,6323,7373,11825,3573,5395,6645,1,2547,6156,4746,11678,14317,10665,7210,2107,6924,10308,2727,11703,5977,1849,143,5681,1,26:38,2020,2021
2020-21,201950,Jrue Holiday,Jrue,1610612749,MIL,Milwaukee Bucks,22000254,2021-01-24T00:00:00,MIL vs. ATL,W,33.1,6.0,13.0,0.462,2.0,4.0,0.5,1.0,3.0,0.333,1.0,4.0,5.0,5.0,4.0,1.0,0.0,1.0,0.0,4.0,15.0,2.0,27.5,0,0,29.0,1,1,11433,1,4292,4526,4300,10881,3957,6909,3573,9085,5327,11706,5246,6156,6466,2585,764,4032,7210,2107,18137,2281,5723,8969,6937,1849,143,5681,1,33:04,2020,2021
2020-21,203114,Khris Middleton,Khris,1610612749,MIL,Milwaukee Bucks,22000254,2021-01-24T00:00:00,MIL vs. ATL,W,33.1,9.0,16.0,0.563,1.0,6.0,0.167,0.0,0.0,0.0,1.0,7.0,8.0,7.0,2.0,1.0,0.0,1.0,4.0,2.0,19.0,1.0,40.1,0,0,37.0,1,1,11433,1,4238,1450,2412,6323,7373,3460,12017,12008,12752,12008,5246,1742,2498,1198,3645,4032,7210,2107,1059,6289,3538,9911,2578,1849,143,2922,1,33:08,2020,2021
2020-21,1628978,Donte DiVincenzo,Donte,1610612749,MIL,Milwaukee Bucks,22000254,2021-01-24T00:00:00,MIL vs. ATL,W,25.7,4.0,8.0,0.5,1.0,4.0,0.25,0.0,0.0,0.0,4.0,5.0,9.0,5.0,2.0,0.0,0.0,0.0,0.0,0.0,9.0,14.0,25.3,0,0,24.0,1,1,11433,1,9878,8251,9686,7582,7373,6909,10244,12008,12752,12008,564,4091,1852,2585,3645,10665,7210,7735,18137,16020,10740,2360,8044,1849,143,8016,1,25:42,2020,2021
2020-21,203507,Giannis Antetokounmpo,Giannis,1610612749,MIL,Milwaukee Bucks,22000254,2021-01-24T00:00:00,MIL vs. ATL,W,36.4,9.0,13.0,0.692,0.0,2.0,0.0,9.0,15.0,0.6,3.0,11.0,14.0,8.0,5.0,0.0,1.0,0.0,4.0,10.0,27.0,12.0,53.8,1,0,51.0,1,1,11433,1,1992,1450,4300,2818,12591,11825,12591,264,43,9174,1214,284,317,803,321,10665,2271,7735,1059,51,1108,3055,597,1,143,639,1,36:22,2020,2021
2020-21,1627854,Bryn Forbes,Bryn,1610612749,MIL,Milwaukee Bucks,22000254,2021-01-24T00:00:00,MIL vs. ATL,W,13.9,3.0,5.0,0.6,1.0,3.0,0.333,4.0,4.0,1.0,0.0,0.0,0.0,0.0,1.0,0.0,0.0,0.0,1.0,2.0,11.0,-1.0,10.0,0,0,12.0,1,1,11433,1,18040,10694,14368,4810,7373,9118,7875,2293,3346,1,11150,19725,20503,16819,7632,10665,7210,7735,12223,6289,8773,11703,17252,1849,143,15506,1,13:54,2020,2021
2020-21,1626192,Pat Connaughton,Pat,1610612749,MIL,Milwaukee Bucks,22000254,2021-01-24T00:00:00,MIL vs. ATL,W,16.5,1.0,5.0,0.2,0.0,3.0,0.0,0.0,0.0,0.0,3.0,1.0,4.0,1.0,1.0,1.0,1.0,0.0,3.0,1.0,2.0,16.0,13.3,0,0,11.0,1,1,11433,1,16612,16702,14368,18781,12591,9118,12591,12008,12752,12008,1214,15987,8731,11678,7632,4032,2271,7735,3130,10308,18664,1834,15298,1849,143,16119,1,16:28,2020,2021
2020-21,1628470,Torrey Craig,Torrey,1610612749,MIL,Milwaukee Bucks,22000254,2021-01-24T00:00:00,MIL vs. ATL,W,13.5,2.0,3.0,0.667,0.0,1.0,0.0,0.0,0.0,0.0,1.0,1.0,2.0,2.0,0.0,1.0,0.0,0.0,2.0,1.0,4.0,4.0,12.4,0,0,10.0,1,1,11433,1,18255,13638,17566,2900,12591,14655,12591,12008,12752,12008,5246,15987,14385,7995,14317,4032,7210,7735,6924,10308,16353,7366,15842,1849,143,16754,1,13:27,2020,2021
2020-21,201571,D.J. Augustin,D.J.,1610612749,MIL,Milwaukee Bucks,22000254,2021-01-24T00:00:00,MIL vs. ATL,W,15.7,3.0,6.0,0.5,3.0,4.0,0.75,0.0,0.0,0.0,0.0,1.0,1.0,3.0,0.0,0.0,0.0,1.0,0.0,0.0,9.0,11.0,14.7,0,0,16.0,1,1,11433,1,17048,10694,12753,7582,1926,6909,1455,12008,12752,12008,11150,15987,17542,5509,14317,10665,7210,2107,18137,16020,10740,3454,14406,1849,143,12891,1,15:43,2020,2021
2020-21,201572,Brook Lopez,Brook,1610612749,MIL,Milwaukee Bucks,22000254,2021-01-24T00:00:00,MIL vs. ATL,W,25.6,4.0,6.0,0.667,1.0,2.0,0.5,3.0,3.0,1.0,1.0,2.0,3.0,0.0,1.0,0.0,0.0,0.0,0.0,2.0,12.0,12.0,14.6,0,0,16.0,1,1,11433,1,10015,8251,12753,2900,7373,11825,3573,3646,5327,1,5246,12139,11352,16819,7632,10665,7210,7735,18137,6289,7920,3055,14459,1849,143,12891,1,25:34,2020,2021
2020-21,203648,Thanasis Antetokounmpo,Thanasis,1610612749,MIL,Milwaukee Bucks,22000226,2021-01-21T00:00:00,MIL vs. LAL,L,6.9,1.0,1.0,1.0,0.0,0.0,0.0,0.0,0.0,0.0,0.0,1.0,1.0,0.0,0.0,0.0,1.0,0.0,2.0,0.0,2.0,-1.0,6.2,0,0,5.0,1,11623,1,11623,20537,16702,20551,1,12591,17891,12591,12008,12752,12008,11150,15987,17542,16819,14317,10665,2271,7735,6924,16020,18664,11703,19314,1849,143,19629,1,6:51,2020,2021
2020-21,1627854,Bryn Forbes,Bryn,1610612749,MIL,Milwaukee Bucks,22000226,2021-01-21T00:00:00,MIL vs. LAL,L,9.8,1.0,2.0,0.5,0.0,0.0,0.0,0.0,0.0,0.0,0.0,0.0,0.0,0.0,0.0,0.0,0.0,0.0,0.0,0.0,2.0,-3.0,2.0,0,0,2.0,1,11623,1,11623,19691,16702,19102,7582,12591,17891,12591,12008,12752,12008,11150,19725,20503,16819,14317,10665,7210,7735,18137,16020,18664,13536,21337,1849,143,21139,1,9:45,2020,2021
2020-21,203114,Khris Middleton,Khris,1610612749,MIL,Milwaukee Bucks,22000226,2021-01-21T00:00:00,MIL vs. LAL,L,36.4,6.0,15.0,0.4,3.0,6.0,0.5,5.0,6.0,0.833,0.0,5.0,5.0,7.0,1.0,0.0,0.0,1.0,2.0,3.0,20.0,-1.0,35.5,0,0,35.0,1,11623,1,11623,1967,4526,2946,12966,1926,3460,3573,1513,1600,6476,11150,4091,6466,1198,7632,10665,7210,2107,6924,3793,3090,11703,3857,1849,143,3483,1,36:24,2020,2021
2020-21,1626192,Pat Connaughton,Pat,1610612749,MIL,Milwaukee Bucks,22000226,2021-01-21T00:00:00,MIL vs. LAL,L,23.9,1.0,3.0,0.333,0.0,1.0,0.0,2.0,2.0,1.0,0.0,5.0,5.0,3.0,0.0,1.0,0.0,1.0,1.0,3.0,4.0,4.0,17.5,0,0,14.0,1,11623,1,11623,11294,16702,17566,15094,12591,14655,12591,5395,6645,1,11150,4091,6466,5509,14317,4032,7210,2107,12223,3793,16353,7366,12662,1849,143,14223,1,23:51,2020,2021
2020-21,201571,D.J. Augustin,D.J.,1610612749,MIL,Milwaukee Bucks,22000226,2021-01-21T00:00:00,MIL vs. LAL,L,17.1,2.0,5.0,0.4,0.0,1.0,0.0,0.0,0.0,0.0,0.0,2.0,2.0,3.0,1.0,2.0,0.0,0.0,0.0,1.0,4.0,-4.0,15.9,0,0,13.0,1,11623,1,11623,16189,13638,14368,12966,12591,14655,12591,12008,12752,12008,11150,12139,14385,5509,7632,1208,7210,7735,18137,10308,16353,14475,13665,1849,143,14865,1,17:09,2020,2021
2020-21,1628978,Donte DiVincenzo,Donte,1610612749,MIL,Milwaukee Bucks,22000226,2021-01-21T00:00:00,MIL vs. LAL,L,23.3,4.0,8.0,0.5,2.0,5.0,0.4,0.0,0.0,0.0,0.0,4.0,4.0,2.0,2.0,1.0,0.0,1.0,2.0,1.0,10.0,1.0,18.8,0,0,20.0,1,11623,1,11623,11738,8251,9686,7582,3957,4922,6751,12008,12752,12008,11150,6156,8731,7995,3645,4032,7210,2107,6924,10308,9732,9911,11813,1849,143,10341,1,23:15,2020,2021
2020-21,203507,Giannis Antetokounmpo,Giannis,1610612749,MIL,Milwaukee Bucks,22000226,2021-01-21T00:00:00,MIL vs. LAL,L,35.0,11.0,17.0,0.647,1.0,3.0,0.333,2.0,4.0,0.5,1.0,11.0,12.0,3.0,9.0,0.0,1.0,0.0,6.0,4.0,25.0,-6.0,37.9,1,0,43.0,1,11623,1,11623,2861,575,1960,4040,7373,9118,7875,5395,3346,9461,5246,284,644,5509,2,10665,2271,7735,1,2281,1512,16140,3151,1,143,1612,1,35:03,2020,2021
2020-21,201950,Jrue Holiday,Jrue,1610612749,MIL,Milwaukee Bucks,22000226,2021-01-21T00:00:00,MIL vs. LAL,L,38.5,10.0,18.0,0.556,2.0,7.0,0.286,0.0,0.0,0.0,1.0,4.0,5.0,7.0,1.0,1.0,0.0,1.0,2.0,2.0,22.0,-15.0,40.5,0,0,38.0,1,11623,1,11623,873,935,1562,6415,3957,2331,9877,12008,12752,12008,5246,6156,6466,1198,7632,4032,7210,2107,6924,6289,2373,20857,2490,1849,143,2667,1,38:32,2020,2021
2020-21,1626171,Bobby Portis,Bobby,1610612749,MIL,Milwaukee Bucks,22000226,2021-01-21T00:00:00,MIL vs. LAL,L,16.4,2.0,6.0,0.333,0.0,1.0,0.0,0.0,0.0,0.0,1.0,7.0,8.0,2.0,0.0,0.0,1.0,1.0,1.0,0.0,4.0,2.0,19.6,0,0,16.0,1,11623,1,11623,16685,13638,12753,15094,12591,14655,12591,12008,12752,12008,5246,1742,2498,7995,14317,10665,2271,2107,12223,16020,16353,8969,11327,1849,143,12891,1,16:21,2020,2021
2020-21,201572,Brook Lopez,Brook,1610612749,MIL,Milwaukee Bucks,22000226,2021-01-21T00:00:00,MIL vs. LAL,L,32.8,6.0,12.0,0.5,1.0,4.0,0.25,0.0,0.0,0.0,2.0,2.0,4.0,0.0,0.0,0.0,2.0,3.0,2.0,0.0,13.0,-12.0,23.8,0,0,22.0,1,11623,1,11623,4485,4526,5097,7582,7373,6909,10244,12008,12752,12008,2547,12139,8731,16819,14317,10665,697,122,6924,16020,7127,19709,8834,1849,143,9111,1,32:49,2020,2021
2020-21,1626171,Bobby Portis,Bobby,1610612749,MIL,Milwaukee Bucks,22000209,2021-01-18T00:00:00,MIL @ BKN,L,14.4,2.0,4.0,0.5,0.0,0.0,0.0,0.0,0.0,0.0,2.0,5.0,7.0,0.0,0.0,1.0,0.0,1.0,2.0,0.0,4.0,10.0,15.4,0,0,13.0,1,11623,1,11623,17803,13638,15987,7582,12591,17891,12591,12008,12752,12008,2547,4091,3435,16819,14317,4032,7210,2107,6924,16020,16353,3883,13985,1849,143,14865,1,14:25,2020,2021
2020-21,1626192,Pat Connaughton,Pat,1610612749,MIL,Milwaukee Bucks,22000209,2021-01-18T00:00:00,MIL @ BKN,L,17.6,3.0,5.0,0.6,3.0,5.0,0.6,0.0,0.0,0.0,2.0,4.0,6.0,2.0,1.0,0.0,0.0,0.0,1.0,0.0,9.0,11.0,18.2,0,0,20.0,1,11623,1,11623,15881,10694,14368,4810,1926,4922,2762,12008,12752,12008,2547,6156,4746,7995,7632,10665,7210,7735,12223,16020,10740,3454,12184,1849,143,10341,1,17:35,2020,2021
2020-21,203114,Khris Middleton,Khris,1610612749,MIL,Milwaukee Bucks,22000209,2021-01-18T00:00:00,MIL @ BKN,L,36.2,10.0,20.0,0.5,0.0,5.0,0.0,5.0,6.0,0.833,2.0,2.0,4.0,4.0,2.0,4.0,0.0,1.0,4.0,3.0,25.0,5.0,45.8,0,0,41.0,1,11623,1,11623,2084,935,933,7582,12591,4922,12591,1513,1600,6476,2547,12139,8731,3751,3645,82,7210,2107,1059,3793,1512,6667,1492,1849,143,1987,1,36:14,2020,2021
2020-21,201950,Jrue Holiday,Jrue,1610612749,MIL,Milwaukee Bucks,22000209,2021-01-18T00:00:00,MIL @ BKN,L,37.3,8.0,16.0,0.5,2.0,4.0,0.5,4.0,4.0,1.0,2.0,2.0,4.0,6.0,0.0,0.0,0.0,1.0,2.0,4.0,22.0,3.0,35.8,0,0,34.0,1,11623,1,11623,1421,2196,2412,7582,3957,6909,3573,2293,3346,1,2547,12139,8731,1788,14317,10665,7210,2107,6924,2281,2373,8138,3767,1849,143,3790,1,37:20,2020,2021
2020-21,203507,Giannis Antetokounmpo,Giannis,1610612749,MIL,Milwaukee Bucks,22000209,2021-01-18T00:00:00,MIL @ BKN,L,39.8,13.0,26.0,0.5,2.0,6.0,0.333,6.0,8.0,0.75,1.0,11.0,12.0,7.0,1.0,2.0,0.0,2.0,1.0,7.0,34.0,-12.0,63.9,1,0,59.0,1,11623,1,11623,507,211,134,7582,3957,3460,7875,990,763,7245,5246,284,644,1198,7632,1208,7210,534,12223,439,322,19709,145,1,143,207,1,39:48,2020,2021
2020-21,201572,Brook Lopez,Brook,1610612749,MIL,Milwaukee Bucks,22000209,2021-01-18T00:00:00,MIL @ BKN,L,33.6,5.0,11.0,0.455,2.0,8.0,0.25,3.0,4.0,0.75,1.0,6.0,7.0,0.0,1.0,1.0,2.0,0.0,2.0,2.0,15.0,-12.0,31.4,0,0,30.0,1,11623,1,11623,3922,6152,6027,11074,3957,1505,10244,3646,3346,7245,5246,2732,3435,16819,7632,4032,697,7735,6924,6289,5723,19709,5278,1849,143,5266,1,33:36,2020,2021
2020-21,1628978,Donte DiVincenzo,Donte,1610612749,MIL,Milwaukee Bucks,22000209,2021-01-18T00:00:00,MIL @ BKN,L,31.3,3.0,9.0,0.333,2.0,5.0,0.4,0.0,0.0,0.0,1.0,0.0,1.0,2.0,0.0,1.0,0.0,0.0,0.0,1.0,8.0,-12.0,15.2,0,0,15.0,1,11623,1,11623,5561,10694,8309,15094,3957,4922,6751,12008,12752,12008,5246,19725,17542,7995,14317,4032,7210,7735,18137,10308,11759,19709,14110,1849,143,13541,1,31:20,2020,2021
2020-21,1627854,Bryn Forbes,Bryn,1610612749,MIL,Milwaukee Bucks,22000209,2021-01-18T00:00:00,MIL @ BKN,L,10.6,2.0,7.0,0.286,0.0,2.0,0.0,0.0,0.0,0.0,0.0,0.0,0.0,0.0,0.0,0.0,0.0,0.0,3.0,0.0,4.0,-11.0,4.0,0,0,4.0,1,11623,1,11623,19422,13638,11165,17105,12591,11825,12591,12008,12752,12008,11150,19725,20503,16819,14317,10665,7210,7735,3130,16020,16353,19248,20476,1849,143,20179,1,10:37,2020,2021
2020-21,201571,D.J. Augustin,D.J.,1610612749,MIL,Milwaukee Bucks,22000209,2021-01-18T00:00:00,MIL @ BKN,L,19.1,0.0,7.0,0.0,0.0,3.0,0.0,2.0,2.0,1.0,0.0,0.0,0.0,0.0,0.0,0.0,0.0,0.0,0.0,2.0,2.0,8.0,2.0,0,0,2.0,1,11623,1,11623,14874,19893,11165,19893,12591,9118,12591,5395,6645,1,11150,19725,20503,16819,14317,10665,7210,7735,18137,6289,18664,4875,21337,1849,143,21139,1,19:05,2020,2021
2020-21,1626171,Bobby Portis,Bobby,1610612749,MIL,Milwaukee Bucks,22000182,2021-01-15T00:00:00,MIL vs. DAL,W,17.4,3.0,8.0,0.375,1.0,1.0,1.0,1.0,3.0,0.333,5.0,8.0,13.0,0.0,0.0,0.0,0.0,4.0,1.0,2.0,8.0,-6.0,23.6,0,0,22.0,1,1,11433,1,16030,10694,9686,14155,7373,14655,1,9085,5327,11706,296,1175,466,16819,14317,10665,7210,22,12223,6289,11759,16140,8935,1849,143,9111,1,17:21,2020,2021
2020-21,201572,Brook Lopez,Brook,1610612749,MIL,Milwaukee Bucks,22000182,2021-01-15T00:00:00,MIL vs. DAL,W,33.7,4.0,12.0,0.333,2.0,5.0,0.4,1.0,2.0,0.5,1.0,10.0,11.0,1.0,0.0,0.0,1.0,0.0,0.0,2.0,11.0,10.0,28.7,1,0,27.0,1,1,11433,1,3863,8251,5097,15094,3957,4922,6751,9085,6645,9461,5246,470,897,11678,14317,10665,2271,7735,18137,6289,8773,3883,6383,1,143,6522,1,33:40,2020,2021
2020-21,1627854,Bryn Forbes,Bryn,1610612749,MIL,Milwaukee Bucks,22000182,2021-01-15T00:00:00,MIL vs. DAL,W,13.6,1.0,5.0,0.2,1.0,3.0,0.333,0.0,0.0,0.0,1.0,1.0,2.0,1.0,0.0,0.0,0.0,0.0,0.0,0.0,3.0,-1.0,6.9,0,0,7.0,1,1,11433,1,18176,16702,14368,18781,7373,9118,7875,12008,12752,12008,5246,15987,14385,11678,14317,10665,7210,7735,18137,16020,17485,11703,18984,1849,143,18556,1,13:37,2020,2021
2020-21,1626192,Pat Connaughton,Pat,1610612749,MIL,Milwaukee Bucks,22000182,2021-01-15T00:00:00,MIL vs. DAL,W,21.2,0.0,3.0,0.0,0.0,3.0,0.0,0.0,0.0,0.0,3.0,3.0,6.0,5.0,0.0,2.0,0.0,0.0,2.0,1.0,0.0,1.0,20.7,0,0,15.0,1,1,11433,1,13276,19893,17566,19893,12591,9118,12591,12008,12752,12008,1214,8835,4746,2585,14317,1208,7210,7735,6924,10308,20448,9911,10659,1849,143,13541,1,21:14,2020,2021
2020-21,201571,D.J. Augustin,D.J.,1610612749,MIL,Milwaukee Bucks,22000182,2021-01-15T00:00:00,MIL vs. DAL,W,21.0,2.0,4.0,0.5,0.0,1.0,0.0,3.0,3.0,1.0,1.0,1.0,2.0,1.0,0.0,0.0,0.0,0.0,0.0,2.0,7.0,2.0,10.9,0,0,10.0,1,1,11433,1,13427,13638,15987,7582,12591,14655,12591,3646,5327,1,5246,15987,14385,11678,14317,10665,7210,7735,18137,6289,12975,8969,16754,1849,143,16754,1,21:00,2020,2021
2020-21,203648,Thanasis Antetokounmpo,Thanasis,1610612749,MIL,Milwaukee Bucks,22000182,2021-01-15T00:00:00,MIL vs. DAL,W,4.4,2.0,3.0,0.667,1.0,2.0,0.5,0.0,1.0,0.0,0.0,0.0,0.0,0.0,1.0,0.0,0.0,0.0,2.0,1.0,5.0,0.0,4.0,0,0,6.0,1,1,11433,1,21413,13638,17566,2900,7373,11825,3573,12008,11390,12008,11150,19725,20503,16819,7632,10665,7210,7735,6924,10308,15263,10797,20476,1849,143,19107,1,4:24,2020,2021
2020-21,201950,Jrue Holiday,Jrue,1610612749,MIL,Milwaukee Bucks,22000182,2021-01-15T00:00:00,MIL vs. DAL,W,35.0,7.0,15.0,0.467,1.0,4.0,0.25,1.0,1.0,1.0,0.0,3.0,3.0,5.0,2.0,2.0,1.0,1.0,1.0,1.0,16.0,1.0,34.1,0,0,31.0,1,1,11433,1,2907,3206,2946,10758,7373,6909,10244,9085,11390,1,11150,8835,11352,2585,3645,1208,2271,2107,12223,10308,5102,9911,4306,1849,143,4847,1,34:59,2020,2021
2020-21,203507,Giannis Antetokounmpo,Giannis,1610612749,MIL,Milwaukee Bucks,22000182,2021-01-15T00:00:00,MIL vs. DAL,W,30.2,14.0,21.0,0.667,2.0,5.0,0.4,1.0,10.0,0.1,3.0,6.0,9.0,1.0,5.0,0.0,1.0,1.0,4.0,8.0,31.0,1.0,41.3,0,0,45.0,1,1,11433,1,6440,114,691,2900,3957,4922,6751,9085,360,12007,1214,2732,1852,11678,321,10665,2271,2107,1059,217,560,9911,2322,1849,143,1314,1,30:11,2020,2021
2020-21,1628978,Donte DiVincenzo,Donte,1610612749,MIL,Milwaukee Bucks,22000182,2021-01-15T00:00:00,MIL vs. DAL,W,26.5,2.0,5.0,0.4,2.0,4.0,0.5,0.0,0.0,0.0,0.0,3.0,3.0,2.0,1.0,1.0,0.0,0.0,2.0,1.0,6.0,9.0,14.6,0,0,15.0,1,1,11433,1,9264,13638,14368,12966,3957,6909,3573,12008,12752,12008,11150,8835,11352,7995,7632,4032,7210,7735,6924,10308,13920,4365,14459,1849,143,13541,1,26:29,2020,2021
2020-21,203114,Khris Middleton,Khris,1610612749,MIL,Milwaukee Bucks,22000182,2021-01-15T00:00:00,MIL vs. DAL,W,37.1,8.0,20.0,0.4,4.0,9.0,0.444,5.0,5.0,1.0,2.0,6.0,8.0,6.0,1.0,0.0,0.0,0.0,2.0,5.0,25.0,-2.0,42.6,0,0,43.0,1,1,11433,1,1546,2196,933,12966,910,930,6201,1513,2536,1,2547,2732,2498,1788,7632,10665,7210,7735,6924,1350,1512,12607,2063,1849,143,1612,1,37:05,2020,2021
2020-21,201571,D.J. Augustin,D.J.,1610612749,MIL,Milwaukee Bucks,22000165,2021-01-13T00:00:00,MIL @ DET,W,20.9,2.0,4.0,0.5,2.0,3.0,0.667,0.0,0.0,0.0,1.0,0.0,1.0,4.0,3.0,0.0,0.0,0.0,0.0,2.0,6.0,5.0,10.2,0,0,13.0,1,1,11433,1,13545,13638,15987,7582,3957,9118,1828,12008,12752,12008,5246,19725,17542,3751,1707,10665,7210,7735,18137,6289,13920,6667,17113,1849,143,14865,1,20:51,2020,2021
2020-21,1626192,Pat Connaughton,Pat,1610612749,MIL,Milwaukee Bucks,22000165,2021-01-13T00:00:00,MIL @ DET,W,15.7,3.0,7.0,0.429,3.0,5.0,0.6,0.0,0.0,0.0,3.0,0.0,3.0,1.0,0.0,1.0,0.0,1.0,3.0,0.0,9.0,6.0,17.1,0,0,18.0,1,1,11433,1,17048,10694,11165,11933,1926,4922,2762,12008,12752,12008,1214,19725,11352,11678,14317,4032,7210,2107,3130,16020,10740,6032,12900,1849,143,11539,1,15:43,2020,2021
2020-21,203114,Khris Middleton,Khris,1610612749,MIL,Milwaukee Bucks,22000165,2021-01-13T00:00:00,MIL @ DET,W,31.3,5.0,12.0,0.417,1.0,5.0,0.2,1.0,1.0,1.0,1.0,1.0,2.0,6.0,2.0,1.0,1.0,1.0,4.0,4.0,12.0,1.0,27.4,0,0,25.0,1,1,11433,1,5580,6152,5097,12627,7373,4922,11380,9085,11390,1,5246,15987,14385,1788,3645,4032,2271,2107,1059,2281,7920,9911,6999,1849,143,7461,1,31:19,2020,2021
2020-21,201950,Jrue Holiday,Jrue,1610612749,MIL,Milwaukee Bucks,22000165,2021-01-13T00:00:00,MIL @ DET,W,36.9,8.0,13.0,0.615,3.0,5.0,0.6,2.0,3.0,0.667,1.0,5.0,6.0,5.0,1.0,3.0,1.0,0.0,2.0,3.0,21.0,5.0,46.7,0,0,43.0,1,1,11433,1,1682,2196,4300,4658,1926,4922,2762,5395,5327,8322,5246,4091,4746,2585,7632,347,2271,7735,6924,3793,2727,6667,1346,1849,143,1612,1,36:51,2020,2021
2020-21,201572,Brook Lopez,Brook,1610612749,MIL,Milwaukee Bucks,22000165,2021-01-13T00:00:00,MIL @ DET,W,29.5,3.0,8.0,0.375,3.0,7.0,0.429,0.0,0.0,0.0,1.0,10.0,11.0,1.0,2.0,0.0,4.0,0.0,2.0,0.0,9.0,11.0,33.7,0,0,32.0,1,1,11433,1,6966,10694,9686,14155,1926,2331,6364,12008,12752,12008,5246,470,897,11678,3645,10665,77,7735,6924,16020,10740,3454,4467,1849,143,4492,1,29:30,2020,2021
2020-21,203507,Giannis Antetokounmpo,Giannis,1610612749,MIL,Milwaukee Bucks,22000165,2021-01-13T00:00:00,MIL @ DET,W,33.5,7.0,15.0,0.467,2.0,5.0,0.4,6.0,10.0,0.6,2.0,8.0,10.0,10.0,5.0,2.0,3.0,1.0,3.0,10.0,22.0,12.0,59.0,1,1,54.0,1,1,11433,1,4009,3206,2946,10758,3957,4922,6751,990,360,9174,2547,1175,1298,345,321,1208,231,2107,3130,51,2373,3055,290,1,1,434,1,33:28,2020,2021
2020-21,1626171,Bobby Portis,Bobby,1610612749,MIL,Milwaukee Bucks,22000165,2021-01-13T00:00:00,MIL @ DET,W,22.9,5.0,9.0,0.556,1.0,4.0,0.25,0.0,0.0,0.0,0.0,5.0,5.0,0.0,0.0,2.0,0.0,0.0,4.0,0.0,11.0,-11.0,23.0,0,0,21.0,1,1,11433,1,12064,6152,8309,6415,7373,6909,10244,12008,12752,12008,11150,4091,6466,16819,14317,1208,7210,7735,1059,16020,8773,19248,9267,1849,143,9724,1,22:52,2020,2021
2020-21,1628978,Donte DiVincenzo,Donte,1610612749,MIL,Milwaukee Bucks,22000165,2021-01-13T00:00:00,MIL @ DET,W,25.6,3.0,9.0,0.333,1.0,5.0,0.2,0.0,0.0,0.0,1.0,9.0,10.0,3.0,0.0,0.0,0.0,0.0,1.0,0.0,7.0,14.0,23.5,0,0,21.0,1,1,11433,1,9970,10694,8309,15094,7373,4922,11380,12008,12752,12008,5246,746,1298,5509,14317,10665,7210,7735,12223,16020,12975,2360,8994,1849,143,9724,1,25:36,2020,2021
2020-21,1627854,Bryn Forbes,Bryn,1610612749,MIL,Milwaukee Bucks,22000165,2021-01-13T00:00:00,MIL @ DET,W,19.6,5.0,8.0,0.625,3.0,4.0,0.75,0.0,0.0,0.0,0.0,0.0,0.0,1.0,1.0,0.0,0.0,0.0,1.0,0.0,13.0,1.0,13.5,0,0,17.0,1,1,11433,1,14472,6152,9686,4319,1926,6909,1455,12008,12752,12008,11150,19725,20503,11678,7632,10665,7210,7735,12223,16020,7127,9911,15165,1849,143,12215,1,19:38,2020,2021
2020-21,203648,Thanasis Antetokounmpo,Thanasis,1610612749,MIL,Milwaukee Bucks,22000165,2021-01-13T00:00:00,MIL @ DET,W,4.2,0.0,0.0,0.0,0.0,0.0,0.0,0.0,0.0,0.0,0.0,0.0,0.0,0.0,0.0,1.0,0.0,0.0,0.0,0.0,0.0,1.0,3.0,0,0,2.0,1,1,11433,1,21484,19893,21894,19893,12591,17891,12591,12008,12752,12008,11150,19725,20503,16819,14317,4032,7210,7735,18137,16020,20448,9911,20875,1849,143,21139,1,4:12,2020,2021
2020-21,201572,Brook Lopez,Brook,1610612749,MIL,Milwaukee Bucks,22000151,2021-01-11T00:00:00,MIL @ ORL,W,28.4,2.0,6.0,0.333,1.0,4.0,0.25,1.0,1.0,1.0,2.0,1.0,3.0,3.0,0.0,3.0,1.0,0.0,1.0,1.0,6.0,14.0,26.1,0,0,21.0,1,1,11433,1,7824,13638,12753,15094,7373,6909,10244,9085,11390,1,2547,15987,11352,5509,14317,347,2271,7735,12223,10308,13920,2360,7651,1849,143,9724,1,28:23,2020,2021
2020-21,1628978,Donte DiVincenzo,Donte,1610612749,MIL,Milwaukee Bucks,22000151,2021-01-11T00:00:00,MIL @ ORL,W,26.0,4.0,7.0,0.571,1.0,3.0,0.333,0.0,0.0,0.0,0.0,4.0,4.0,3.0,1.0,2.0,0.0,1.0,1.0,0.0,9.0,20.0,23.3,0,0,21.0,1,1,11433,1,9614,8251,11165,5826,7373,9118,7875,12008,12752,12008,11150,6156,8731,5509,7632,1208,7210,2107,12223,16020,10740,998,9107,1849,143,9724,1,26:02,2020,2021
2020-21,1628391,D.J. Wilson,D.J.,1610612749,MIL,Milwaukee Bucks,22000151,2021-01-11T00:00:00,MIL @ ORL,W,3.0,1.0,2.0,0.5,0.0,1.0,0.0,0.0,0.0,0.0,0.0,1.0,1.0,0.0,0.0,0.0,0.0,0.0,0.0,0.0,2.0,-3.0,3.2,0,0,3.0,1,1,11433,1,21975,16702,19102,7582,12591,14655,12591,12008,12752,12008,11150,15987,17542,16819,14317,10665,7210,7735,18137,16020,18664,13536,20731,1849,143,20717,1,3:02,2020,2021
2020-21,201571,D.J. Augustin,D.J.,1610612749,MIL,Milwaukee Bucks,22000151,2021-01-11T00:00:00,MIL @ ORL,W,20.6,2.0,6.0,0.333,1.0,3.0,0.333,3.0,3.0,1.0,0.0,0.0,0.0,4.0,2.0,2.0,0.0,0.0,0.0,1.0,8.0,8.0,18.0,0,0,17.0,1,1,11433,1,13777,13638,12753,15094,7373,9118,7875,3646,5327,1,11150,19725,20503,3751,3645,1208,7210,7735,18137,10308,11759,4875,12321,1849,143,12215,1,20:35,2020,2021
2020-21,1630241,Sam Merrill,Sam,1610612749,MIL,Milwaukee Bucks,22000151,2021-01-11T00:00:00,MIL @ ORL,W,3.0,0.0,0.0,0.0,0.0,0.0,0.0,0.0,0.0,0.0,0.0,0.0,0.0,2.0,0.0,0.0,0.0,0.0,0.0,0.0,0.0,-3.0,3.0,0,0,2.0,1,1,11433,1,21975,19893,21894,19893,12591,17891,12591,12008,12752,12008,11150,19725,20503,7995,14317,10665,7210,7735,18137,16020,20448,13536,20875,1849,143,21139,1,3:02,2020,2021
2020-21,1629670,Jordan Nwora,Jordan,1610612749,MIL,Milwaukee Bucks,22000151,2021-01-11T00:00:00,MIL @ ORL,W,2.0,0.0,1.0,0.0,0.0,1.0,0.0,0.0,0.0,0.0,0.0,0.0,0.0,0.0,0.0,0.0,0.0,0.0,0.0,0.0,0.0,0.0,0.0,0,0,0.0,1,1,11433,1,22433,19893,20551,19893,12591,14655,12591,12008,12752,12008,11150,19725,20503,16819,14317,10665,7210,7735,18137,16020,20448,10797,22167,1849,143,22207,1,1:57,2020,2021
2020-21,203648,Thanasis Antetokounmpo,Thanasis,1610612749,MIL,Milwaukee Bucks,22000151,2021-01-11T00:00:00,MIL @ ORL,W,10.6,1.0,2.0,0.5,0.0,0.0,0.0,0.0,0.0,0.0,4.0,1.0,5.0,2.0,2.0,0.0,0.0,0.0,1.0,0.0,2.0,-2.0,9.0,0,0,9.0,1,1,11433,1,19441,16702,19102,7582,12591,17891,12591,12008,12752,12008,564,15987,6466,7995,3645,10665,7210,7735,12223,16020,18664,12607,17831,1849,143,17389,1,10:35,2020,2021
2020-21,1626171,Bobby Portis,Bobby,1610612749,MIL,Milwaukee Bucks,22000151,2021-01-11T00:00:00,MIL @ ORL,W,24.6,9.0,13.0,0.692,2.0,3.0,0.667,0.0,0.0,0.0,2.0,3.0,5.0,0.0,1.0,0.0,1.0,0.0,3.0,0.0,20.0,14.0,28.0,0,0,29.0,1,1,11433,1,10702,1450,4300,2818,3957,9118,1828,12008,12752,12008,2547,8835,6466,16819,7632,10665,2271,7735,3130,16020,3090,2360,6692,1849,143,5681,1,24:38,2020,2021
2020-21,203507,Giannis Antetokounmpo,Giannis,1610612749,MIL,Milwaukee Bucks,22000151,2021-01-11T00:00:00,MIL @ ORL,W,27.3,8.0,16.0,0.5,2.0,4.0,0.5,4.0,7.0,0.571,0.0,6.0,6.0,4.0,4.0,1.0,2.0,1.0,5.0,5.0,22.0,4.0,40.2,0,0,40.0,1,1,11433,1,8657,2196,2412,7582,3957,6909,3573,2293,1176,9370,11150,2732,4746,3751,764,4032,697,2107,202,1350,2373,7366,2561,1849,143,2161,1,27:17,2020,2021
2020-21,1626192,Pat Connaughton,Pat,1610612749,MIL,Milwaukee Bucks,22000151,2021-01-11T00:00:00,MIL @ ORL,W,18.2,3.0,4.0,0.75,1.0,2.0,0.5,0.0,0.0,0.0,1.0,3.0,4.0,0.0,0.0,2.0,2.0,0.0,2.0,1.0,7.0,18.0,23.8,0,0,20.0,1,1,11433,1,15465,10694,15987,1826,7373,11825,3573,12008,12752,12008,5246,8835,8731,16819,14317,1208,697,7735,6924,10308,12975,1368,8834,1849,143,10341,1,18:12,2020,2021
2020-21,1627854,Bryn Forbes,Bryn,1610612749,MIL,Milwaukee Bucks,22000151,2021-01-11T00:00:00,MIL @ ORL,W,16.9,4.0,7.0,0.571,3.0,4.0,0.75,3.0,3.0,1.0,0.0,2.0,2.0,1.0,0.0,2.0,0.0,1.0,0.0,1.0,14.0,26.0,23.9,0,0,24.0,1,1,11433,1,16327,8251,11165,5826,1926,6909,1455,3646,5327,1,11150,12139,14385,11678,14317,1208,7210,2107,18137,10308,6406,336,8778,1849,143,8016,1,16:54,2020,2021
2020-21,203114,Khris Middleton,Khris,1610612749,MIL,Milwaukee Bucks,22000151,2021-01-11T00:00:00,MIL @ ORL,W,29.8,9.0,17.0,0.529,2.0,6.0,0.333,0.0,1.0,0.0,1.0,9.0,10.0,3.0,3.0,1.0,0.0,0.0,3.0,1.0,20.0,16.0,36.5,1,0,37.0,1,1,11433,1,6710,1450,1960,7342,3957,3460,7875,12008,11390,12008,5246,746,1298,5509,1707,4032,7210,7735,3130,10308,3090,1834,3550,1,143,2922,1,29:49,2020,2021
2020-21,201950,Jrue Holiday,Jrue,1610612749,MIL,Milwaukee Bucks,22000151,2021-01-11T00:00:00,MIL @ ORL,W,29.6,3.0,10.0,0.3,0.0,4.0,0.0,5.0,5.0,1.0,1.0,2.0,3.0,3.0,1.0,2.0,1.0,1.0,1.0,3.0,11.0,-2.0,27.1,0,0,23.0,1,1,11433,1,6911,10694,7133,16897,12591,6909,12591,1513,2536,1,5246,12139,11352,5509,7632,1208,2271,2107,12223,3793,8773,12607,7141,1849,143,8568,1,29:35,2020,2021
2020-21,1628391,D.J. Wilson,D.J.,1610612749,MIL,Milwaukee Bucks,22000137,2021-01-09T00:00:00,MIL vs. CLE,W,15.7,5.0,9.0,0.556,2.0,3.0,0.667,0.0,0.0,0.0,1.0,2.0,3.0,1.0,1.0,0.0,0.0,0.0,0.0,0.0,12.0,0.0,16.1,0,0,18.0,1,1,11433,1,17061,6152,8309,6415,3957,9118,1828,12008,12752,12008,5246,12139,11352,11678,7632,10665,7210,7735,18137,16020,7920,10797,13538,1849,143,11539,1,15:42,2020,2021
2020-21,201572,Brook Lopez,Brook,1610612749,MIL,Milwaukee Bucks,22000137,2021-01-09T00:00:00,MIL vs. CLE,W,34.7,3.0,11.0,0.273,0.0,5.0,0.0,1.0,2.0,0.5,2.0,6.0,8.0,0.0,0.0,0.0,2.0,1.0,3.0,2.0,7.0,14.0,22.6,0,0,19.0,1,1,11433,1,3081,10694,6027,17532,12591,4922,12591,9085,6645,9461,2547,2732,2498,16819,14317,10665,697,2107,3130,6289,12975,2360,9516,1849,143,10964,1,34:44,2020,2021
2020-21,1628978,Donte DiVincenzo,Donte,1610612749,MIL,Milwaukee Bucks,22000137,2021-01-09T00:00:00,MIL vs. CLE,W,26.9,3.0,10.0,0.3,3.0,8.0,0.375,2.0,2.0,1.0,0.0,4.0,4.0,4.0,1.0,2.0,0.0,0.0,0.0,2.0,11.0,-3.0,26.8,0,0,26.0,1,1,11433,1,8939,10694,7133,16897,1926,1505,7570,5395,6645,1,11150,6156,8731,3751,7632,1208,7210,7735,18137,6289,8773,13536,7291,1849,143,6966,1,26:54,2020,2021
2020-21,203114,Khris Middleton,Khris,1610612749,MIL,Milwaukee Bucks,22000137,2021-01-09T00:00:00,MIL vs. CLE,W,35.5,10.0,16.0,0.625,3.0,6.0,0.5,4.0,4.0,1.0,1.0,4.0,5.0,6.0,3.0,1.0,1.0,0.0,3.0,4.0,27.0,19.0,45.0,0,0,45.0,1,1,11433,1,2590,935,2412,4319,1926,3460,3573,2293,3346,1,5246,6156,6466,1788,1707,4032,2271,7735,3130,2281,1108,1175,1608,1849,143,1314,1,35:28,2020,2021
2020-21,1626171,Bobby Portis,Bobby,1610612749,MIL,Milwaukee Bucks,22000137,2021-01-09T00:00:00,MIL vs. CLE,W,33.5,7.0,11.0,0.636,1.0,2.0,0.5,2.0,3.0,0.667,3.0,8.0,11.0,3.0,5.0,4.0,0.0,1.0,2.0,2.0,17.0,6.0,41.7,1,0,40.0,1,1,11433,1,4022,3206,6027,4151,7373,11825,3573,5395,5327,8322,1214,1175,897,5509,321,82,7210,2107,6924,6289,4514,6032,2237,1,143,2161,1,33:27,2020,2021
2020-21,201950,Jrue Holiday,Jrue,1610612749,MIL,Milwaukee Bucks,22000137,2021-01-09T00:00:00,MIL vs. CLE,W,36.3,5.0,12.0,0.417,0.0,2.0,0.0,5.0,7.0,0.714,1.0,5.0,6.0,4.0,2.0,4.0,1.0,0.0,4.0,5.0,15.0,10.0,41.2,0,0,35.0,1,1,11433,1,2060,6152,5097,12627,12591,11825,12591,1513,1176,8162,5246,4091,4746,3751,3645,82,2271,7735,1059,1350,5723,3883,2345,1849,143,3483,1,36:16,2020,2021
2020-21,203648,Thanasis Antetokounmpo,Thanasis,1610612749,MIL,Milwaukee Bucks,22000137,2021-01-09T00:00:00,MIL vs. CLE,W,12.4,0.0,0.0,0.0,0.0,0.0,0.0,0.0,0.0,0.0,0.0,2.0,2.0,2.0,2.0,0.0,0.0,0.0,1.0,0.0,0.0,0.0,3.4,0,0,4.0,1,1,11433,1,18727,19893,21894,19893,12591,17891,12591,12008,12752,12008,11150,12139,14385,7995,3645,10665,7210,7735,12223,16020,20448,10797,20681,1849,143,20179,1,12:25,2020,2021
2020-21,1627854,Bryn Forbes,Bryn,1610612749,MIL,Milwaukee Bucks,22000137,2021-01-09T00:00:00,MIL vs. CLE,W,13.9,0.0,3.0,0.0,0.0,3.0,0.0,0.0,0.0,0.0,0.0,0.0,0.0,0.0,0.0,0.0,0.0,0.0,0.0,0.0,0.0,-5.0,0.0,0,0,0.0,1,1,11433,1,18020,19893,17566,19893,12591,9118,12591,12008,12752,12008,11150,19725,20503,16819,14317,10665,7210,7735,18137,16020,20448,15340,22167,1849,143,22207,1,13:56,2020,2021
2020-21,1626192,Pat Connaughton,Pat,1610612749,MIL,Milwaukee Bucks,22000137,2021-01-09T00:00:00,MIL vs. CLE,W,10.9,2.0,5.0,0.4,2.0,3.0,0.667,0.0,0.0,0.0,1.0,3.0,4.0,0.0,0.0,0.0,0.0,1.0,1.0,1.0,6.0,2.0,10.8,0,0,12.0,1,1,11433,1,19341,13638,14368,12966,3957,9118,1828,12008,12752,12008,5246,8835,8731,16819,14317,10665,7210,2107,12223,10308,13920,8969,16796,1849,143,15506,1,10:55,2020,2021
2020-21,201571,D.J. Augustin,D.J.,1610612749,MIL,Milwaukee Bucks,22000137,2021-01-09T00:00:00,MIL vs. CLE,W,20.2,2.0,7.0,0.286,1.0,4.0,0.25,0.0,0.0,0.0,2.0,0.0,2.0,5.0,1.0,0.0,0.0,1.0,0.0,2.0,5.0,7.0,13.9,0,0,13.0,1,1,11433,1,14029,13638,11165,17105,7373,6909,10244,12008,12752,12008,2547,19725,14385,2585,7632,10665,7210,2107,18137,6289,15263,5432,14901,1849,143,14865,1,20:13,2020,2021
2020-21,201571,D.J. Augustin,D.J.,1610612749,MIL,Milwaukee Bucks,22000129,2021-01-08T00:00:00,MIL vs. UTA,L,18.6,0.0,4.0,0.0,0.0,3.0,0.0,0.0,0.0,0.0,0.0,0.0,0.0,1.0,0.0,0.0,0.0,0.0,1.0,1.0,0.0,-8.0,1.5,0,0,1.0,1,11623,1,11623,15211,19893,15987,19893,12591,9118,12591,12008,12752,12008,11150,19725,20503,11678,14317,10665,7210,7735,12223,10308,20448,17520,21554,1849,143,21671,1,18:36,2020,2021
2020-21,201572,Brook Lopez,Brook,1610612749,MIL,Milwaukee Bucks,22000129,2021-01-08T00:00:00,MIL vs. UTA,L,32.4,4.0,12.0,0.333,4.0,12.0,0.333,0.0,0.0,0.0,0.0,3.0,3.0,0.0,1.0,1.0,2.0,0.0,1.0,0.0,12.0,-7.0,23.6,0,0,25.0,1,11623,1,11623,4821,8251,5097,15094,910,173,7875,12008,12752,12008,11150,8835,11352,16819,7632,4032,697,7735,12223,16020,7920,16841,8935,1849,143,7461,1,32:21,2020,2021
2020-21,203114,Khris Middleton,Khris,1610612749,MIL,Milwaukee Bucks,22000129,2021-01-08T00:00:00,MIL vs. UTA,L,36.0,11.0,19.0,0.579,3.0,8.0,0.375,6.0,6.0,1.0,2.0,8.0,10.0,4.0,2.0,0.0,0.0,1.0,3.0,3.0,31.0,-8.0,47.0,1,0,48.0,1,11623,1,11623,2259,575,1220,5785,1926,1505,7570,990,1600,1,2547,1175,1298,3751,3645,10665,7210,2107,3130,3793,560,17520,1305,1,143,898,1,35:58,2020,2021
2020-21,1628978,Donte DiVincenzo,Donte,1610612749,MIL,Milwaukee Bucks,22000129,2021-01-08T00:00:00,MIL vs. UTA,L,29.8,4.0,10.0,0.4,1.0,4.0,0.25,2.0,3.0,0.667,0.0,5.0,5.0,3.0,0.0,2.0,1.0,1.0,0.0,2.0,11.0,3.0,30.5,0,0,26.0,1,11623,1,11623,6693,8251,7133,12966,7373,6909,10244,5395,5327,8322,11150,4091,6466,5509,14317,1208,2271,2107,18137,6289,8773,8138,5614,1849,143,6966,1,29:50,2020,2021
2020-21,201950,Jrue Holiday,Jrue,1610612749,MIL,Milwaukee Bucks,22000129,2021-01-08T00:00:00,MIL vs. UTA,L,33.7,7.0,14.0,0.5,3.0,5.0,0.6,0.0,1.0,0.0,0.0,4.0,4.0,5.0,2.0,2.0,1.0,3.0,4.0,1.0,17.0,-11.0,36.3,0,0,35.0,1,11623,1,11623,3833,3206,3568,7582,1926,4922,2762,12008,11390,12008,11150,6156,8731,2585,3645,1208,2271,122,1059,10308,4514,19248,3605,1849,143,3483,1,33:42,2020,2021
2020-21,203507,Giannis Antetokounmpo,Giannis,1610612749,MIL,Milwaukee Bucks,22000129,2021-01-08T00:00:00,MIL vs. UTA,L,32.7,14.0,25.0,0.56,2.0,5.0,0.4,5.0,7.0,0.714,1.0,7.0,8.0,4.0,2.0,0.0,1.0,3.0,2.0,9.0,35.0,-5.0,51.6,0,0,51.0,1,11623,1,11623,4580,114,192,6407,3957,4922,6751,1513,1176,8162,5246,1742,2498,3751,3645,10665,2271,122,6924,96,274,15340,778,1849,143,639,1,32:41,2020,2021
2020-21,1626171,Bobby Portis,Bobby,1610612749,MIL,Milwaukee Bucks,22000129,2021-01-08T00:00:00,MIL vs. UTA,L,19.8,1.0,5.0,0.2,0.0,0.0,0.0,0.0,0.0,0.0,3.0,5.0,8.0,0.0,1.0,0.0,0.0,0.0,1.0,0.0,2.0,-10.0,10.6,0,0,10.0,1,11623,1,11623,14367,16702,14368,18781,12591,17891,12591,12008,12752,12008,1214,4091,2498,16819,7632,10665,7210,7735,12223,16020,18664,18716,16911,1849,143,16754,1,19:45,2020,2021
2020-21,203648,Thanasis Antetokounmpo,Thanasis,1610612749,MIL,Milwaukee Bucks,22000129,2021-01-08T00:00:00,MIL vs. UTA,L,13.3,1.0,2.0,0.5,0.0,1.0,0.0,0.0,0.0,0.0,3.0,2.0,5.0,0.0,0.0,0.0,0.0,0.0,3.0,0.0,2.0,-12.0,8.0,0,0,7.0,1,11623,1,11623,18321,16702,19102,7582,12591,14655,12591,12008,12752,12008,1214,12139,6466,16819,14317,10665,7210,7735,3130,16020,18664,19709,18391,1849,143,18556,1,13:20,2020,2021
2020-21,1627854,Bryn Forbes,Bryn,1610612749,MIL,Milwaukee Bucks,22000129,2021-01-08T00:00:00,MIL vs. UTA,L,15.1,1.0,5.0,0.2,0.0,3.0,0.0,0.0,0.0,0.0,0.0,1.0,1.0,0.0,2.0,0.0,0.0,0.0,2.0,0.0,2.0,-6.0,1.2,0,0,3.0,1,11623,1,11623,17430,16702,14368,18781,12591,9118,12591,12008,12752,12008,11150,15987,17542,16819,3645,10665,7210,7735,6924,16020,18664,16140,21714,1849,143,20717,1,15:05,2020,2021
2020-21,1630241,Sam Merrill,Sam,1610612749,MIL,Milwaukee Bucks,22000129,2021-01-08T00:00:00,MIL vs. UTA,L,1.5,0.0,1.0,0.0,0.0,1.0,0.0,2.0,2.0,1.0,0.0,0.0,0.0,1.0,0.0,0.0,0.0,0.0,1.0,1.0,2.0,0.0,3.5,0,0,3.0,1,11623,1,11623,22658,19893,20551,19893,12591,14655,12591,5395,6645,1,11150,19725,20503,11678,14317,10665,7210,7735,12223,10308,18664,10797,20631,1849,143,20717,1,1:27,2020,2021
2020-21,1629670,Jordan Nwora,Jordan,1610612749,MIL,Milwaukee Bucks,22000129,2021-01-08T00:00:00,MIL vs. UTA,L,7.3,1.0,1.0,1.0,0.0,0.0,0.0,2.0,2.0,1.0,0.0,1.0,1.0,0.0,2.0,0.0,0.0,0.0,1.0,1.0,4.0,-1.0,3.2,0,0,5.0,1,11623,1,11623,20407,16702,20551,1,12591,17891,12591,5395,6645,1,11150,15987,17542,16819,3645,10665,7210,7735,12223,10308,16353,11703,20731,1849,143,19629,1,7:15,2020,2021
2020-21,201572,Brook Lopez,Brook,1610612749,MIL,Milwaukee Bucks,22000113,2021-01-06T00:00:00,MIL vs. DET,W,27.8,6.0,9.0,0.667,4.0,7.0,0.571,1.0,1.0,1.0,1.0,3.0,4.0,5.0,0.0,0.0,2.0,0.0,1.0,2.0,17.0,13.0,35.3,0,0,34.0,1,1,11433,1,8283,4526,8309,2900,910,2331,3225,9085,11390,1,5246,8835,8731,2585,14317,10665,697,7735,12223,6289,4514,2707,3902,1849,143,3790,1,27:48,2020,2021
2020-21,1628978,Donte DiVincenzo,Donte,1610612749,MIL,Milwaukee Bucks,22000113,2021-01-06T00:00:00,MIL vs. DET,W,22.3,2.0,8.0,0.25,0.0,3.0,0.0,0.0,0.0,0.0,1.0,3.0,4.0,1.0,2.0,0.0,0.0,0.0,2.0,1.0,4.0,10.0,8.3,0,0,9.0,1,1,11433,1,12471,13638,9686,17720,12591,9118,12591,12008,12752,12008,5246,8835,8731,11678,3645,10665,7210,7735,6924,10308,16353,3883,18255,1849,143,17389,1,22:17,2020,2021
2020-21,1627854,Bryn Forbes,Bryn,1610612749,MIL,Milwaukee Bucks,22000113,2021-01-06T00:00:00,MIL vs. DET,W,22.4,3.0,7.0,0.429,2.0,6.0,0.333,0.0,2.0,0.0,0.0,1.0,1.0,1.0,2.0,1.0,0.0,0.0,2.0,2.0,8.0,5.0,11.7,0,0,14.0,1,1,11433,1,12422,10694,11165,11933,3957,3460,7875,12008,6645,12008,11150,15987,17542,11678,3645,4032,7210,7735,6924,6289,11759,6667,16251,1849,143,14223,1,22:22,2020,2021
2020-21,1629121,Jaylen Adams,Jaylen,1610612749,MIL,Milwaukee Bucks,22000113,2021-01-06T00:00:00,MIL vs. DET,W,1.0,0.0,1.0,0.0,0.0,1.0,0.0,0.0,0.0,0.0,0.0,0.0,0.0,0.0,0.0,0.0,0.0,0.0,0.0,0.0,0.0,-2.0,0.0,0,0,0.0,1,1,11433,1,22859,19893,20551,19893,12591,14655,12591,12008,12752,12008,11150,19725,20503,16819,14317,10665,7210,7735,18137,16020,20448,12607,22167,1849,143,22207,1,0:57,2020,2021
2020-21,203648,Thanasis Antetokounmpo,Thanasis,1610612749,MIL,Milwaukee Bucks,22000113,2021-01-06T00:00:00,MIL vs. DET,W,12.1,4.0,4.0,1.0,0.0,0.0,0.0,0.0,0.0,0.0,0.0,2.0,2.0,1.0,0.0,0.0,0.0,0.0,1.0,1.0,8.0,-8.0,11.9,0,0,11.0,1,1,11433,1,18849,8251,15987,1,12591,17891,12591,12008,12752,12008,11150,12139,14385,11678,14317,10665,7210,7735,12223,10308,11759,17520,16126,1849,143,16119,1,12:05,2020,2021
2020-21,203507,Giannis Antetokounmpo,Giannis,1610612749,MIL,Milwaukee Bucks,22000113,2021-01-06T00:00:00,MIL vs. DET,W,28.5,8.0,15.0,0.533,1.0,5.0,0.2,8.0,14.0,0.571,2.0,6.0,8.0,4.0,5.0,0.0,1.0,0.0,4.0,11.0,25.0,24.0,38.6,0,0,40.0,1,1,11433,1,7753,2196,2946,7229,7373,4922,11380,406,77,9370,2547,2732,2498,3751,321,10665,2271,7735,1059,23,1512,500,2950,1849,143,2161,1,28:28,2020,2021
2020-21,1629670,Jordan Nwora,Jordan,1610612749,MIL,Milwaukee Bucks,22000113,2021-01-06T00:00:00,MIL vs. DET,W,14.7,4.0,5.0,0.8,3.0,3.0,1.0,0.0,0.0,0.0,1.0,3.0,4.0,0.0,0.0,1.0,1.0,0.0,2.0,0.0,11.0,-5.0,21.8,0,0,22.0,1,1,11433,1,17635,8251,14368,1469,1926,9118,1,12008,12752,12008,5246,8835,8731,16819,14317,4032,2271,7735,6924,16020,8773,15340,9978,1849,143,9111,1,14:43,2020,2021
2020-21,203114,Khris Middleton,Khris,1610612749,MIL,Milwaukee Bucks,22000113,2021-01-06T00:00:00,MIL vs. DET,W,31.0,9.0,15.0,0.6,5.0,6.0,0.833,0.0,0.0,0.0,1.0,4.0,5.0,7.0,2.0,0.0,0.0,1.0,3.0,1.0,23.0,17.0,37.5,0,0,40.0,1,1,11433,1,5798,1450,2946,4810,414,3460,1311,12008,12752,12008,5246,6156,6466,1198,3645,10665,7210,2107,3130,10308,2060,1579,3264,1849,143,2161,1,31:02,2020,2021
2020-21,1626171,Bobby Portis,Bobby,1610612749,MIL,Milwaukee Bucks,22000113,2021-01-06T00:00:00,MIL vs. DET,W,27.9,7.0,11.0,0.636,2.0,5.0,0.4,0.0,0.0,0.0,1.0,9.0,10.0,4.0,1.0,2.0,0.0,0.0,3.0,0.0,16.0,-1.0,39.0,1,0,36.0,1,1,11433,1,8191,3206,6027,4151,3957,4922,6751,12008,12752,12008,5246,746,1298,3751,7632,1208,7210,7735,3130,16020,5102,11703,2858,1,143,3205,1,27:55,2020,2021
2020-21,201571,D.J. Augustin,D.J.,1610612749,MIL,Milwaukee Bucks,22000113,2021-01-06T00:00:00,MIL vs. DET,W,22.3,2.0,4.0,0.5,2.0,4.0,0.5,2.0,2.0,1.0,0.0,4.0,4.0,6.0,1.0,1.0,0.0,0.0,2.0,1.0,8.0,12.0,23.8,0,0,22.0,1,1,11433,1,12458,13638,15987,7582,3957,6909,3573,5395,6645,1,11150,6156,8731,1788,7632,4032,7210,7735,6924,10308,11759,3055,8834,1849,143,9111,1,22:19,2020,2021
2020-21,201950,Jrue Holiday,Jrue,1610612749,MIL,Milwaukee Bucks,22000113,2021-01-06T00:00:00,MIL vs. DET,W,30.1,4.0,11.0,0.364,0.0,3.0,0.0,2.0,2.0,1.0,2.0,3.0,5.0,6.0,1.0,0.0,0.0,2.0,2.0,1.0,10.0,10.0,24.0,0,0,21.0,1,1,11433,1,6518,8251,6027,14681,12591,9118,12591,5395,6645,1,2547,8835,6466,1788,7632,10665,7210,534,6924,10308,9732,3883,8736,1849,143,9724,1,30:04,2020,2021
2020-21,201950,Jrue Holiday,Jrue,1610612749,MIL,Milwaukee Bucks,22000099,2021-01-04T00:00:00,MIL vs. DET,W,34.2,6.0,10.0,0.6,2.0,3.0,0.667,1.0,1.0,1.0,1.0,5.0,6.0,7.0,1.0,3.0,0.0,0.0,1.0,1.0,15.0,16.0,40.7,0,0,36.0,1,1,11433,1,3450,4526,7133,4810,3957,9118,1828,9085,11390,1,5246,4091,4746,1198,7632,347,7210,7735,12223,10308,5723,1834,2448,1849,143,3205,1,34:12,2020,2021
2020-21,201572,Brook Lopez,Brook,1610612749,MIL,Milwaukee Bucks,22000099,2021-01-04T00:00:00,MIL vs. DET,W,30.1,3.0,7.0,0.429,2.0,6.0,0.333,0.0,0.0,0.0,0.0,7.0,7.0,1.0,3.0,1.0,2.0,0.0,4.0,0.0,8.0,7.0,23.9,0,0,24.0,1,1,11433,1,6469,10694,11165,11933,3957,3460,7875,12008,12752,12008,11150,1742,3435,11678,1707,4032,697,7735,1059,16020,11759,5432,8778,1849,143,8016,1,30:09,2020,2021
2020-21,1626171,Bobby Portis,Bobby,1610612749,MIL,Milwaukee Bucks,22000099,2021-01-04T00:00:00,MIL vs. DET,W,22.6,5.0,8.0,0.625,0.0,1.0,0.0,0.0,0.0,0.0,3.0,5.0,8.0,1.0,0.0,0.0,0.0,1.0,0.0,0.0,10.0,5.0,21.1,0,0,19.0,1,1,11433,1,12256,6152,9686,4319,12591,14655,12591,12008,12752,12008,1214,4091,2498,11678,14317,10665,7210,2107,18137,16020,9732,6667,10398,1849,143,10964,1,22:35,2020,2021
2020-21,201571,D.J. Augustin,D.J.,1610612749,MIL,Milwaukee Bucks,22000099,2021-01-04T00:00:00,MIL vs. DET,W,18.6,4.0,5.0,0.8,3.0,3.0,1.0,0.0,0.0,0.0,0.0,1.0,1.0,6.0,1.0,0.0,0.0,0.0,1.0,0.0,11.0,10.0,20.2,0,0,21.0,1,1,11433,1,15182,8251,14368,1469,1926,9118,1,12008,12752,12008,11150,15987,17542,1788,7632,10665,7210,7735,12223,16020,8773,3883,10959,1849,143,9724,1,18:39,2020,2021
2020-21,203114,Khris Middleton,Khris,1610612749,MIL,Milwaukee Bucks,22000099,2021-01-04T00:00:00,MIL vs. DET,W,35.8,7.0,10.0,0.7,2.0,4.0,0.5,3.0,4.0,0.75,0.0,9.0,9.0,4.0,6.0,0.0,0.0,1.0,0.0,3.0,19.0,12.0,29.8,0,0,34.0,1,1,11433,1,2364,3206,7133,2696,3957,6909,3573,3646,3346,7245,11150,746,1852,3751,133,10665,7210,2107,18137,3793,3538,3055,5927,1849,143,3790,1,35:49,2020,2021
2020-21,203507,Giannis Antetokounmpo,Giannis,1610612749,MIL,Milwaukee Bucks,22000099,2021-01-04T00:00:00,MIL vs. DET,W,36.1,17.0,24.0,0.708,2.0,6.0,0.333,7.0,9.0,0.778,2.0,7.0,9.0,4.0,3.0,0.0,1.0,1.0,4.0,11.0,43.0,16.0,59.8,0,0,60.0,1,1,11433,1,2199,17,273,2679,3957,3460,7875,650,542,7189,2547,1742,1852,3751,1707,10665,2271,2107,1059,23,49,1834,269,1849,143,182,1,36:04,2020,2021
2020-21,1628978,Donte DiVincenzo,Donte,1610612749,MIL,Milwaukee Bucks,22000099,2021-01-04T00:00:00,MIL vs. DET,W,29.7,2.0,9.0,0.222,1.0,6.0,0.167,0.0,0.0,0.0,1.0,4.0,5.0,9.0,2.0,2.0,1.0,1.0,2.0,0.0,5.0,13.0,31.5,0,0,26.0,1,1,11433,1,6808,13638,8309,18584,7373,3460,12017,12008,12752,12008,5246,6156,6466,544,3645,1208,2271,2107,6924,16020,15263,2707,5239,1849,143,6966,1,29:42,2020,2021
2020-21,203648,Thanasis Antetokounmpo,Thanasis,1610612749,MIL,Milwaukee Bucks,22000099,2021-01-04T00:00:00,MIL vs. DET,W,5.3,0.0,0.0,0.0,0.0,0.0,0.0,2.0,2.0,1.0,0.0,0.0,0.0,0.0,0.0,0.0,0.0,0.0,2.0,2.0,2.0,-9.0,2.0,0,0,2.0,1,1,11433,1,21059,19893,21894,19893,12591,17891,12591,5395,6645,1,11150,19725,20503,16819,14317,10665,7210,7735,6924,6289,18664,18135,21337,1849,143,21139,1,5:19,2020,2021
2020-21,1629670,Jordan Nwora,Jordan,1610612749,MIL,Milwaukee Bucks,22000099,2021-01-04T00:00:00,MIL vs. DET,W,7.8,1.0,2.0,0.5,0.0,1.0,0.0,0.0,0.0,0.0,0.0,2.0,2.0,0.0,2.0,0.0,0.0,0.0,1.0,0.0,2.0,-9.0,2.4,0,0,4.0,1,1,11433,1,20265,16702,19102,7582,12591,14655,12591,12008,12752,12008,11150,12139,14385,16819,3645,10665,7210,7735,12223,16020,18664,18135,21190,1849,143,20179,1,7:46,2020,2021
2020-21,1627854,Bryn Forbes,Bryn,1610612749,MIL,Milwaukee Bucks,22000099,2021-01-04T00:00:00,MIL vs. DET,W,19.7,4.0,10.0,0.4,2.0,4.0,0.5,0.0,0.0,0.0,0.0,2.0,2.0,0.0,1.0,0.0,0.0,1.0,3.0,0.0,10.0,-11.0,11.4,0,0,14.0,1,1,11433,1,14378,8251,7133,12966,3957,6909,3573,12008,12752,12008,11150,12139,14385,16819,7632,10665,7210,2107,3130,16020,9732,19248,16426,1849,143,14223,1,19:45,2020,2021
2020-21,1628391,D.J. Wilson,D.J.,1610612749,MIL,Milwaukee Bucks,22000073,2021-01-01T00:00:00,MIL vs. CHI,W,9.5,1.0,4.0,0.25,1.0,3.0,0.333,0.0,0.0,0.0,0.0,2.0,2.0,1.0,1.0,1.0,0.0,0.0,0.0,0.0,3.0,2.0,8.9,0,0,9.0,1,1,11433,1,19791,16702,15987,17720,7373,9118,7875,12008,12752,12008,11150,12139,14385,11678,7632,4032,7210,7735,18137,16020,17485,8969,17894,1849,143,17389,1,9:27,2020,2021
2020-21,1630241,Sam Merrill,Sam,1610612749,MIL,Milwaukee Bucks,22000073,2021-01-01T00:00:00,MIL vs. CHI,W,9.5,0.0,1.0,0.0,0.0,1.0,0.0,0.0,0.0,0.0,0.0,1.0,1.0,0.0,2.0,0.0,0.0,0.0,1.0,0.0,0.0,2.0,-0.8,0,0,1.0,1,1,11433,1,19757,19893,20551,19893,12591,14655,12591,12008,12752,12008,11150,15987,17542,16819,3645,10665,7210,7735,12223,16020,20448,8969,22942,1849,143,21671,1,9:32,2020,2021
2020-21,203114,Khris Middleton,Khris,1610612749,MIL,Milwaukee Bucks,22000073,2021-01-01T00:00:00,MIL vs. CHI,W,25.3,6.0,10.0,0.6,2.0,2.0,1.0,0.0,0.0,0.0,0.0,2.0,2.0,6.0,2.0,3.0,1.0,1.0,2.0,1.0,14.0,20.0,35.4,0,0,32.0,1,1,11433,1,10193,4526,7133,4810,3957,11825,1,12008,12752,12008,11150,12139,14385,1788,3645,347,2271,2107,6924,10308,6406,998,3881,1849,143,4492,1,25:20,2020,2021
2020-21,1626171,Bobby Portis,Bobby,1610612749,MIL,Milwaukee Bucks,22000073,2021-01-01T00:00:00,MIL vs. CHI,W,25.2,4.0,6.0,0.667,2.0,2.0,1.0,3.0,4.0,0.75,2.0,10.0,12.0,1.0,2.0,0.0,2.0,1.0,2.0,3.0,13.0,9.0,32.9,1,0,32.0,1,1,11433,1,10297,8251,12753,2900,3957,11825,1,3646,3346,7245,2547,470,644,11678,3645,10665,697,2107,6924,3793,7127,4365,4748,1,143,4492,1,25:12,2020,2021
2020-21,203507,Giannis Antetokounmpo,Giannis,1610612749,MIL,Milwaukee Bucks,22000073,2021-01-01T00:00:00,MIL vs. CHI,W,27.8,9.0,19.0,0.474,1.0,5.0,0.2,10.0,18.0,0.556,1.0,11.0,12.0,8.0,2.0,2.0,2.0,2.0,4.0,10.0,29.0,31.0,65.4,1,0,58.0,1,1,11433,1,8302,1450,1220,10609,7373,4922,11380,161,9,9429,5246,284,644,803,3645,1208,697,534,1059,51,787,110,117,1,143,240,1,27:46,2020,2021
2020-21,1629670,Jordan Nwora,Jordan,1610612749,MIL,Milwaukee Bucks,22000073,2021-01-01T00:00:00,MIL vs. CHI,W,10.0,2.0,4.0,0.5,0.0,1.0,0.0,3.0,4.0,0.75,0.0,3.0,3.0,0.0,1.0,2.0,0.0,1.0,1.0,2.0,7.0,2.0,15.6,0,0,14.0,1,1,11433,1,19630,13638,15987,7582,12591,14655,12591,3646,3346,7245,11150,8835,11352,16819,7632,1208,7210,2107,12223,6289,12975,8969,13857,1849,143,14223,1,9:57,2020,2021
2020-21,1628978,Donte DiVincenzo,Donte,1610612749,MIL,Milwaukee Bucks,22000073,2021-01-01T00:00:00,MIL vs. CHI,W,19.4,4.0,5.0,0.8,3.0,4.0,0.75,0.0,0.0,0.0,0.0,1.0,1.0,1.0,1.0,1.0,0.0,0.0,0.0,1.0,11.0,20.0,15.7,0,0,18.0,1,1,11433,1,14671,8251,14368,1469,1926,6909,1455,12008,12752,12008,11150,15987,17542,11678,7632,4032,7210,7735,18137,10308,8773,998,13795,1849,143,11539,1,19:21,2020,2021
2020-21,201571,D.J. Augustin,D.J.,1610612749,MIL,Milwaukee Bucks,22000073,2021-01-01T00:00:00,MIL vs. CHI,W,18.8,0.0,4.0,0.0,0.0,4.0,0.0,0.0,0.0,0.0,0.0,1.0,1.0,2.0,2.0,1.0,0.0,0.0,0.0,0.0,0.0,14.0,5.2,0,0,5.0,1,1,11433,1,15057,19893,15987,19893,12591,6909,12591,12008,12752,12008,11150,15987,17542,7995,3645,4032,7210,7735,18137,16020,20448,2360,19826,1849,143,19629,1,18:49,2020,2021
2020-21,203648,Thanasis Antetokounmpo,Thanasis,1610612749,MIL,Milwaukee Bucks,22000073,2021-01-01T00:00:00,MIL vs. CHI,W,15.1,0.0,2.0,0.0,0.0,2.0,0.0,0.0,0.0,0.0,1.0,0.0,1.0,2.0,2.0,1.0,0.0,0.0,2.0,1.0,0.0,-11.0,5.2,0,0,5.0,1,1,11433,1,17420,19893,19102,19893,12591,11825,12591,12008,12752,12008,5246,19725,17542,7995,3645,4032,7210,7735,6924,10308,20448,19248,19826,1849,143,19629,1,15:07,2020,2021
2020-21,201950,Jrue Holiday,Jrue,1610612749,MIL,Milwaukee Bucks,22000073,2021-01-01T00:00:00,MIL vs. CHI,W,25.9,4.0,9.0,0.444,3.0,6.0,0.5,0.0,0.0,0.0,0.0,1.0,1.0,4.0,0.0,3.0,0.0,0.0,2.0,0.0,11.0,27.0,27.2,0,0,25.0,1,1,11433,1,9698,8251,8309,11399,1926,3460,3573,12008,12752,12008,11150,15987,17542,3751,14317,347,7210,7735,6924,16020,8773,279,7088,1849,143,7461,1,25:56,2020,2021
2020-21,1627854,Bryn Forbes,Bryn,1610612749,MIL,Milwaukee Bucks,22000073,2021-01-01T00:00:00,MIL vs. CHI,W,22.1,6.0,9.0,0.667,4.0,6.0,0.667,2.0,2.0,1.0,0.0,0.0,0.0,0.0,2.0,1.0,0.0,0.0,1.0,2.0,18.0,9.0,19.0,0,0,24.0,1,1,11433,1,12636,4526,8309,2900,910,3460,1828,5395,6645,1,11150,19725,20503,16819,3645,4032,7210,7735,12223,6289,3974,4365,11688,1849,143,8016,1,22:04,2020,2021
2020-21,201572,Brook Lopez,Brook,1610612749,MIL,Milwaukee Bucks,22000073,2021-01-01T00:00:00,MIL vs. CHI,W,15.9,3.0,7.0,0.429,3.0,6.0,0.5,0.0,0.0,0.0,0.0,3.0,3.0,1.0,0.0,0.0,1.0,0.0,3.0,0.0,9.0,13.0,17.1,0,0,18.0,1,1,11433,1,16916,10694,11165,11933,1926,3460,3573,12008,12752,12008,11150,8835,11352,11678,14317,10665,2271,7735,3130,16020,10740,2707,12900,1849,143,11539,1,15:56,2020,2021
2020-21,1626192,Pat Connaughton,Pat,1610612749,MIL,Milwaukee Bucks,22000073,2021-01-01T00:00:00,MIL vs. CHI,W,15.6,3.0,5.0,0.6,3.0,3.0,1.0,2.0,2.0,1.0,1.0,4.0,5.0,1.0,0.0,1.0,0.0,1.0,1.0,1.0,11.0,12.0,21.5,0,0,22.0,1,1,11433,1,17157,10694,14368,4810,1926,9118,1,5395,6645,1,5246,6156,6466,11678,14317,4032,7210,2107,12223,10308,8773,3055,10160,1849,143,9111,1,15:33,2020,2021
2020-21,201572,Brook Lopez,Brook,1610612749,MIL,Milwaukee Bucks,22000058,2020-12-30T00:00:00,MIL @ MIA,L,25.7,3.0,11.0,0.273,1.0,3.0,0.333,0.0,0.0,0.0,6.0,2.0,8.0,0.0,0.0,2.0,1.0,1.0,3.0,1.0,7.0,-5.0,25.6,0,0,22.0,1,11623,1,11623,9855,10694,6027,17532,7373,9118,7875,12008,12752,12008,133,12139,2498,16819,14317,1208,2271,2107,3130,10308,12975,15340,7892,1849,143,9111,1,25:44,2020,2021
2020-21,201950,Jrue Holiday,Jrue,1610612749,MIL,Milwaukee Bucks,22000058,2020-12-30T00:00:00,MIL @ MIA,L,34.0,4.0,15.0,0.267,3.0,7.0,0.429,2.0,2.0,1.0,1.0,3.0,4.0,5.0,0.0,2.0,1.0,2.0,5.0,3.0,13.0,-1.0,34.3,0,0,31.0,1,11623,1,11623,3646,8251,2946,17674,1926,2331,6364,5395,6645,1,5246,8835,8731,2585,14317,1208,2271,534,202,3793,7127,11703,4234,1849,143,4847,1,33:57,2020,2021
2020-21,1626171,Bobby Portis,Bobby,1610612749,MIL,Milwaukee Bucks,22000058,2020-12-30T00:00:00,MIL @ MIA,L,18.0,4.0,8.0,0.5,1.0,2.0,0.5,2.0,2.0,1.0,1.0,1.0,2.0,0.0,0.0,1.0,1.0,0.0,1.0,2.0,11.0,-11.0,19.4,0,0,18.0,1,11623,1,11623,15624,8251,9686,7582,7373,11825,3573,5395,6645,1,5246,15987,14385,16819,14317,4032,2271,7735,12223,6289,8773,19248,11446,1849,143,11539,1,17:58,2020,2021
2020-21,203507,Giannis Antetokounmpo,Giannis,1610612749,MIL,Milwaukee Bucks,22000058,2020-12-30T00:00:00,MIL @ MIA,L,38.0,10.0,18.0,0.556,2.0,6.0,0.333,4.0,4.0,1.0,2.0,11.0,13.0,10.0,4.0,3.0,1.0,1.0,3.0,4.0,26.0,-5.0,64.6,1,1,59.0,1,11623,1,11623,1087,935,1562,6415,3957,3460,7875,2293,3346,1,2547,284,466,345,764,347,2271,2107,3130,2281,1304,15340,134,1,1,207,1,38:01,2020,2021
2020-21,1628978,Donte DiVincenzo,Donte,1610612749,MIL,Milwaukee Bucks,22000058,2020-12-30T00:00:00,MIL @ MIA,L,30.1,5.0,14.0,0.357,3.0,7.0,0.429,2.0,2.0,1.0,4.0,1.0,5.0,1.0,3.0,3.0,1.0,0.0,2.0,1.0,15.0,-4.0,31.5,0,0,32.0,1,11623,1,11623,6482,6152,3568,14900,1926,2331,6364,5395,6645,1,564,15987,6466,11678,1707,347,2271,7735,6924,10308,5723,14475,5239,1849,143,4492,1,30:07,2020,2021
2020-21,203114,Khris Middleton,Khris,1610612749,MIL,Milwaukee Bucks,22000058,2020-12-30T00:00:00,MIL @ MIA,L,37.0,3.0,15.0,0.2,0.0,4.0,0.0,2.0,2.0,1.0,0.0,7.0,7.0,9.0,2.0,1.0,0.0,0.0,5.0,4.0,8.0,-9.0,30.9,0,0,26.0,1,11623,1,11623,1603,10694,2946,18781,12591,6909,12591,5395,6645,1,11150,1742,3435,544,3645,4032,7210,7735,202,2281,11759,18135,5459,1849,143,6966,1,37:00,2020,2021
2020-21,1626192,Pat Connaughton,Pat,1610612749,MIL,Milwaukee Bucks,22000058,2020-12-30T00:00:00,MIL @ MIA,L,17.5,4.0,6.0,0.667,4.0,6.0,0.667,0.0,0.0,0.0,0.0,3.0,3.0,0.0,0.0,1.0,0.0,0.0,0.0,0.0,12.0,-3.0,18.6,0,0,21.0,1,11623,1,11623,15965,8251,12753,2900,910,3460,1828,12008,12752,12008,11150,8835,11352,16819,14317,4032,7210,7735,18137,16020,7920,13536,11941,1849,143,9724,1,17:28,2020,2021
2020-21,1627854,Bryn Forbes,Bryn,1610612749,MIL,Milwaukee Bucks,22000058,2020-12-30T00:00:00,MIL @ MIA,L,16.2,4.0,6.0,0.667,1.0,3.0,0.333,0.0,1.0,0.0,1.0,2.0,3.0,0.0,2.0,0.0,0.0,0.0,1.0,1.0,9.0,0.0,10.6,0,0,13.0,1,11623,1,11623,16753,8251,12753,2900,7373,9118,7875,12008,11390,12008,5246,12139,11352,16819,3645,10665,7210,7735,12223,10308,10740,10797,16911,1849,143,14865,1,16:14,2020,2021
2020-21,201571,D.J. Augustin,D.J.,1610612749,MIL,Milwaukee Bucks,22000058,2020-12-30T00:00:00,MIL @ MIA,L,12.7,1.0,5.0,0.2,1.0,3.0,0.333,0.0,0.0,0.0,0.0,0.0,0.0,1.0,1.0,1.0,0.0,1.0,1.0,0.0,3.0,-12.0,6.5,0,0,7.0,1,11623,1,11623,18587,16702,14368,18781,7373,9118,7875,12008,12752,12008,11150,19725,20503,11678,7632,4032,7210,2107,12223,16020,17485,19709,19177,1849,143,18556,1,12:43,2020,2021
2020-21,203648,Thanasis Antetokounmpo,Thanasis,1610612749,MIL,Milwaukee Bucks,22000058,2020-12-30T00:00:00,MIL @ MIA,L,10.8,2.0,4.0,0.5,0.0,0.0,0.0,0.0,0.0,0.0,1.0,1.0,2.0,0.0,1.0,0.0,1.0,0.0,4.0,2.0,4.0,-5.0,8.4,0,0,8.0,1,11623,1,11623,19374,13638,15987,7582,12591,17891,12591,12008,12752,12008,5246,15987,14385,16819,7632,10665,2271,7735,1059,6289,16353,15340,18172,1849,143,17996,1,10:47,2020,2021
2020-21,203648,Thanasis Antetokounmpo,Thanasis,1610612749,MIL,Milwaukee Bucks,22000051,2020-12-29T00:00:00,MIL @ MIA,W,20.0,2.0,3.0,0.667,1.0,2.0,0.5,0.0,0.0,0.0,1.0,4.0,5.0,4.0,4.0,1.0,0.0,0.0,2.0,2.0,5.0,23.0,16.0,0,0,17.0,1,1,11433,1,14189,13638,17566,2900,7373,11825,3573,12008,12752,12008,5246,6156,6466,3751,764,4032,7210,7735,6924,6289,15263,597,13603,1849,143,12215,1,19:59,2020,2021
2020-21,1626192,Pat Connaughton,Pat,1610612749,MIL,Milwaukee Bucks,22000051,2020-12-29T00:00:00,MIL @ MIA,W,12.2,1.0,3.0,0.333,1.0,2.0,0.5,0.0,0.0,0.0,0.0,2.0,2.0,3.0,0.0,1.0,1.0,0.0,0.0,0.0,3.0,15.0,15.9,0,0,13.0,1,1,11433,1,18789,16702,17566,15094,7373,11825,3573,12008,12752,12008,11150,12139,14385,5509,14317,4032,2271,7735,18137,16020,17485,2093,13665,1849,143,14865,1,12:14,2020,2021
2020-21,1629670,Jordan Nwora,Jordan,1610612749,MIL,Milwaukee Bucks,22000051,2020-12-29T00:00:00,MIL @ MIA,W,11.8,2.0,7.0,0.286,2.0,3.0,0.667,2.0,2.0,1.0,0.0,2.0,2.0,0.0,0.0,1.0,0.0,3.0,2.0,1.0,8.0,5.0,13.4,0,0,14.0,1,1,11433,1,19007,13638,11165,17105,3957,9118,1828,5395,6645,1,11150,12139,14385,16819,14317,4032,7210,122,6924,10308,11759,6667,15209,1849,143,14223,1,11:48,2020,2021
2020-21,201571,D.J. Augustin,D.J.,1610612749,MIL,Milwaukee Bucks,22000051,2020-12-29T00:00:00,MIL @ MIA,W,20.7,3.0,5.0,0.6,2.0,4.0,0.5,2.0,2.0,1.0,3.0,1.0,4.0,2.0,1.0,0.0,0.0,0.0,0.0,1.0,10.0,21.0,16.8,0,0,18.0,1,1,11433,1,13639,10694,14368,4810,3957,6909,3573,5395,6645,1,1214,15987,8731,7995,7632,10665,7210,7735,18137,10308,9732,844,13105,1849,143,11539,1,20:44,2020,2021
2020-21,203114,Khris Middleton,Khris,1610612749,MIL,Milwaukee Bucks,22000051,2020-12-29T00:00:00,MIL @ MIA,W,25.3,10.0,13.0,0.769,4.0,5.0,0.8,1.0,1.0,1.0,2.0,2.0,4.0,5.0,5.0,2.0,0.0,0.0,3.0,2.0,25.0,28.0,38.3,0,0,42.0,1,1,11433,1,10250,935,4300,1798,910,4922,1350,9085,11390,1,2547,12139,8731,2585,321,1208,7210,7735,3130,6289,1512,229,3044,1849,143,1788,1,25:15,2020,2021
2020-21,201950,Jrue Holiday,Jrue,1610612749,MIL,Milwaukee Bucks,22000051,2020-12-29T00:00:00,MIL @ MIA,W,26.2,9.0,15.0,0.6,6.0,10.0,0.6,0.0,0.0,0.0,0.0,3.0,3.0,7.0,0.0,3.0,1.0,1.0,1.0,1.0,24.0,27.0,50.1,0,0,48.0,1,1,11433,1,9528,1450,2946,4810,160,556,2762,12008,12752,12008,11150,8835,11352,1198,14317,347,2271,2107,12223,10308,1773,279,929,1849,143,898,1,26:09,2020,2021
2020-21,203507,Giannis Antetokounmpo,Giannis,1610612749,MIL,Milwaukee Bucks,22000051,2020-12-29T00:00:00,MIL @ MIA,W,24.2,3.0,9.0,0.333,0.0,2.0,0.0,3.0,5.0,0.6,0.0,6.0,6.0,6.0,2.0,3.0,0.0,0.0,2.0,6.0,9.0,23.0,32.2,0,0,27.0,1,1,11433,1,11005,10694,8309,15094,12591,11825,12591,3646,2536,9174,11150,2732,4746,1788,3645,347,7210,7735,6924,795,10740,597,4986,1849,143,6522,1,24:14,2020,2021
2020-21,1626171,Bobby Portis,Bobby,1610612749,MIL,Milwaukee Bucks,22000051,2020-12-29T00:00:00,MIL @ MIA,W,26.3,4.0,10.0,0.4,1.0,3.0,0.333,2.0,2.0,1.0,3.0,6.0,9.0,1.0,2.0,1.0,0.0,1.0,4.0,2.0,11.0,27.0,24.3,0,0,24.0,1,1,11433,1,9382,8251,7133,12966,7373,9118,7875,5395,6645,1,1214,2732,1852,11678,3645,4032,7210,2107,1059,6289,8773,279,8575,1849,143,8016,1,26:19,2020,2021
2020-21,1628978,Donte DiVincenzo,Donte,1610612749,MIL,Milwaukee Bucks,22000051,2020-12-29T00:00:00,MIL @ MIA,W,19.3,6.0,8.0,0.75,5.0,6.0,0.833,0.0,0.0,0.0,0.0,1.0,1.0,2.0,1.0,2.0,0.0,0.0,2.0,1.0,17.0,28.0,26.2,0,0,29.0,1,1,11433,1,14721,4526,9686,1826,414,3460,1311,12008,12752,12008,11150,15987,17542,7995,7632,1208,7210,7735,6924,10308,4514,229,7590,1849,143,5681,1,19:16,2020,2021
2020-21,201572,Brook Lopez,Brook,1610612749,MIL,Milwaukee Bucks,22000051,2020-12-29T00:00:00,MIL @ MIA,W,18.2,4.0,5.0,0.8,3.0,4.0,0.75,3.0,3.0,1.0,0.0,2.0,2.0,0.0,1.0,0.0,0.0,0.0,1.0,2.0,14.0,22.0,15.4,0,0,19.0,1,1,11433,1,15475,8251,14368,1469,1926,6909,1455,3646,5327,1,11150,12139,14385,16819,7632,10665,7210,7735,12223,6289,6406,711,13985,1849,143,10964,1,18:12,2020,2021
2020-21,1628391,D.J. Wilson,D.J.,1610612749,MIL,Milwaukee Bucks,22000051,2020-12-29T00:00:00,MIL @ MIA,W,9.4,1.0,5.0,0.2,1.0,4.0,0.25,0.0,0.0,0.0,1.0,2.0,3.0,0.0,0.0,0.0,0.0,1.0,3.0,0.0,3.0,4.0,6.6,0,0,7.0,1,1,11433,1,19809,16702,14368,18781,7373,6909,10244,12008,12752,12008,5246,12139,11352,16819,14317,10665,7210,2107,3130,16020,17485,7366,19129,1849,143,18556,1,9:23,2020,2021
2020-21,1630241,Sam Merrill,Sam,1610612749,MIL,Milwaukee Bucks,22000051,2020-12-29T00:00:00,MIL @ MIA,W,8.8,1.0,1.0,1.0,1.0,1.0,1.0,0.0,0.0,0.0,0.0,2.0,2.0,1.0,0.0,0.0,0.0,0.0,0.0,0.0,3.0,3.0,6.9,0,0,7.0,1,1,11433,1,19991,16702,20551,1,7373,14655,1,12008,12752,12008,11150,12139,14385,11678,14317,10665,7210,7735,18137,16020,17485,8138,18984,1849,143,18556,1,8:48,2020,2021
2020-21,1627854,Bryn Forbes,Bryn,1610612749,MIL,Milwaukee Bucks,22000051,2020-12-29T00:00:00,MIL @ MIA,W,17.6,5.0,8.0,0.625,2.0,5.0,0.4,0.0,0.0,0.0,0.0,2.0,2.0,1.0,1.0,0.0,0.0,0.0,2.0,0.0,12.0,9.0,14.9,0,0,17.0,1,1,11433,1,15848,6152,9686,4319,3957,4922,6751,12008,12752,12008,11150,12139,14385,11678,7632,10665,7210,7735,6924,16020,7920,4365,14289,1849,143,12215,1,17:38,2020,2021
2020-21,1628978,Donte DiVincenzo,Donte,1610612749,MIL,Milwaukee Bucks,22000036,2020-12-27T00:00:00,MIL @ NYK,L,23.5,4.0,7.0,0.571,2.0,4.0,0.5,0.0,1.0,0.0,0.0,2.0,2.0,1.0,1.0,0.0,0.0,0.0,0.0,3.0,10.0,-11.0,12.9,0,0,15.0,1,11623,1,11623,11555,8251,11165,5826,3957,6909,3573,12008,11390,12008,11150,12139,14385,11678,7632,10665,7210,7735,18137,3793,9732,19248,15546,1849,143,13541,1,23:30,2020,2021
2020-21,201950,Jrue Holiday,Jrue,1610612749,MIL,Milwaukee Bucks,22000036,2020-12-27T00:00:00,MIL @ NYK,L,27.9,4.0,10.0,0.4,0.0,4.0,0.0,0.0,0.0,0.0,2.0,2.0,4.0,5.0,3.0,2.0,0.0,1.0,0.0,2.0,8.0,-9.0,23.3,0,0,21.0,1,11623,1,11623,8188,8251,7133,12966,12591,6909,12591,12008,12752,12008,2547,12139,8731,2585,1707,1208,7210,2107,18137,6289,11759,18135,9107,1849,143,9724,1,27:55,2020,2021
2020-21,1628470,Torrey Craig,Torrey,1610612749,MIL,Milwaukee Bucks,22000036,2020-12-27T00:00:00,MIL @ NYK,L,2.7,0.0,0.0,0.0,0.0,0.0,0.0,0.0,0.0,0.0,0.0,0.0,0.0,2.0,0.0,0.0,1.0,0.0,0.0,0.0,0.0,3.0,6.0,0,0,4.0,1,11623,1,11623,22105,19893,21894,19893,12591,17891,12591,12008,12752,12008,11150,19725,20503,7995,14317,10665,2271,7735,18137,16020,20448,8138,19432,1849,143,20179,1,2:44,2020,2021
2020-21,1629670,Jordan Nwora,Jordan,1610612749,MIL,Milwaukee Bucks,22000036,2020-12-27T00:00:00,MIL @ NYK,L,7.5,4.0,6.0,0.667,1.0,2.0,0.5,0.0,0.0,0.0,0.0,2.0,2.0,0.0,2.0,0.0,0.0,0.0,0.0,0.0,9.0,6.0,9.4,0,0,12.0,1,11623,1,11623,20341,8251,12753,2900,7373,11825,3573,12008,12752,12008,11150,12139,14385,16819,3645,10665,7210,7735,18137,16020,10740,6032,17597,1849,143,15506,1,7:27,2020,2021
2020-21,1628391,D.J. Wilson,D.J.,1610612749,MIL,Milwaukee Bucks,22000036,2020-12-27T00:00:00,MIL @ NYK,L,6.9,0.0,0.0,0.0,0.0,0.0,0.0,1.0,2.0,0.5,1.0,0.0,1.0,0.0,0.0,0.0,0.0,0.0,2.0,1.0,1.0,-6.0,2.2,0,0,2.0,1,11623,1,11623,20517,19893,21894,19893,12591,17891,12591,9085,6645,9461,5246,19725,17542,16819,14317,10665,7210,7735,6924,10308,20270,16140,21279,1849,143,21139,1,6:55,2020,2021
2020-21,1630241,Sam Merrill,Sam,1610612749,MIL,Milwaukee Bucks,22000036,2020-12-27T00:00:00,MIL @ NYK,L,7.5,1.0,2.0,0.5,1.0,1.0,1.0,0.0,0.0,0.0,1.0,2.0,3.0,2.0,0.0,0.0,0.0,0.0,1.0,1.0,3.0,6.0,9.6,0,0,9.0,1,11623,1,11623,20341,16702,19102,7582,7373,14655,1,12008,12752,12008,5246,12139,11352,7995,14317,10665,7210,7735,12223,10308,17485,6032,17463,1849,143,17389,1,7:27,2020,2021
2020-21,203648,Thanasis Antetokounmpo,Thanasis,1610612749,MIL,Milwaukee Bucks,22000036,2020-12-27T00:00:00,MIL @ NYK,L,5.0,0.0,0.0,0.0,0.0,0.0,0.0,0.0,0.0,0.0,2.0,0.0,2.0,0.0,0.0,0.0,0.0,0.0,2.0,0.0,0.0,0.0,2.4,0,0,2.0,1,11623,1,11623,21197,19893,21894,19893,12591,17891,12591,12008,12752,12008,2547,19725,14385,16819,14317,10665,7210,7735,6924,16020,20448,10797,21190,1849,143,21139,1,4:59,2020,2021
2020-21,201571,D.J. Augustin,D.J.,1610612749,MIL,Milwaukee Bucks,22000036,2020-12-27T00:00:00,MIL @ NYK,L,13.7,0.0,6.0,0.0,0.0,4.0,0.0,2.0,2.0,1.0,0.0,1.0,1.0,1.0,1.0,0.0,0.0,0.0,0.0,2.0,2.0,-19.0,3.7,0,0,4.0,1,11623,1,11623,18119,19893,12753,19893,12591,6909,12591,5395,6645,1,11150,15987,17542,11678,7632,10665,7210,7735,18137,6289,18664,21874,20581,1849,143,20179,1,13:45,2020,2021
2020-21,203114,Khris Middleton,Khris,1610612749,MIL,Milwaukee Bucks,22000036,2020-12-27T00:00:00,MIL @ NYK,L,32.8,8.0,18.0,0.444,1.0,6.0,0.167,5.0,5.0,1.0,1.0,3.0,4.0,5.0,0.0,0.0,0.0,1.0,1.0,3.0,22.0,-23.0,34.3,0,0,32.0,1,11623,1,11623,4523,2196,1562,11399,7373,3460,12017,1513,2536,1,5246,8835,8731,2585,14317,10665,7210,2107,12223,3793,2373,22489,4234,1849,143,4492,1,32:46,2020,2021
2020-21,203507,Giannis Antetokounmpo,Giannis,1610612749,MIL,Milwaukee Bucks,22000036,2020-12-27T00:00:00,MIL @ NYK,L,32.0,9.0,15.0,0.6,1.0,5.0,0.2,8.0,13.0,0.615,2.0,11.0,13.0,5.0,3.0,3.0,0.0,0.0,3.0,7.0,27.0,-13.0,56.1,1,0,52.0,1,11623,1,11623,5083,1450,2946,4810,7373,4922,11380,406,117,9169,2547,284,466,2585,1707,347,7210,7735,3130,439,1108,20143,439,1,143,566,1,31:59,2020,2021
2020-21,1626171,Bobby Portis,Bobby,1610612749,MIL,Milwaukee Bucks,22000036,2020-12-27T00:00:00,MIL @ NYK,L,26.1,7.0,12.0,0.583,1.0,2.0,0.5,2.0,2.0,1.0,5.0,2.0,7.0,2.0,1.0,1.0,1.0,0.0,5.0,1.0,17.0,6.0,33.4,0,0,31.0,1,11623,1,11623,9553,3206,5097,5615,7373,11825,3573,5395,6645,1,296,12139,3435,7995,7632,4032,2271,7735,202,10308,4514,6032,4580,1849,143,4847,1,26:07,2020,2021
2020-21,201572,Brook Lopez,Brook,1610612749,MIL,Milwaukee Bucks,22000036,2020-12-27T00:00:00,MIL @ NYK,L,20.8,2.0,7.0,0.286,0.0,4.0,0.0,2.0,2.0,1.0,2.0,0.0,2.0,0.0,0.0,1.0,2.0,1.0,3.0,2.0,6.0,-25.0,17.4,0,0,14.0,1,11623,1,11623,13557,13638,11165,17105,12591,6909,12591,5395,6645,1,2547,19725,14385,16819,14317,4032,697,2107,3130,6289,13920,22692,12706,1849,143,14223,1,20:50,2020,2021
2020-21,1627854,Bryn Forbes,Bryn,1610612749,MIL,Milwaukee Bucks,22000036,2020-12-27T00:00:00,MIL @ NYK,L,17.6,0.0,4.0,0.0,0.0,1.0,0.0,1.0,2.0,0.5,0.0,0.0,0.0,0.0,0.0,0.0,0.0,1.0,2.0,1.0,1.0,-9.0,1.0,0,0,1.0,1,11623,1,11623,15847,19893,15987,19893,12591,14655,12591,9085,6645,9461,11150,19725,20503,16819,14317,10665,7210,2107,6924,10308,20270,18135,22003,1849,143,21671,1,17:38,2020,2021
2020-21,1626192,Pat Connaughton,Pat,1610612749,MIL,Milwaukee Bucks,22000036,2020-12-27T00:00:00,MIL @ NYK,L,16.0,2.0,8.0,0.25,0.0,5.0,0.0,0.0,0.0,0.0,1.0,2.0,3.0,1.0,0.0,0.0,1.0,0.0,2.0,0.0,4.0,-6.0,12.1,0,0,10.0,1,11623,1,11623,16912,13638,9686,17720,12591,4922,12591,12008,12752,12008,5246,12139,11352,11678,14317,10665,2271,7735,6924,16020,16353,16140,16026,1849,143,16754,1,15:57,2020,2021
2020-21,1628391,D.J. Wilson,D.J.,1610612749,MIL,Milwaukee Bucks,22000006,2020-12-25T00:00:00,MIL vs. GSW,W,13.9,3.0,4.0,0.75,3.0,3.0,1.0,0.0,0.0,0.0,0.0,4.0,4.0,0.0,1.0,0.0,1.0,0.0,2.0,0.0,9.0,12.0,15.8,0,0,18.0,1,1,11433,1,18020,10694,15987,1826,1926,9118,1,12008,12752,12008,11150,6156,8731,16819,7632,10665,2271,7735,6924,16020,10740,3055,13737,1849,143,11539,1,13:56,2020,2021
2020-21,201950,Jrue Holiday,Jrue,1610612749,MIL,Milwaukee Bucks,22000006,2020-12-25T00:00:00,MIL vs. GSW,W,25.4,6.0,8.0,0.75,0.0,1.0,0.0,0.0,0.0,0.0,1.0,3.0,4.0,6.0,3.0,0.0,1.0,0.0,1.0,2.0,12.0,23.0,25.8,0,0,24.0,1,1,11433,1,10157,4526,9686,1826,12591,14655,12591,12008,12752,12008,5246,8835,8731,1788,1707,10665,2271,7735,12223,6289,7920,597,7801,1849,143,8016,1,25:23,2020,2021
2020-21,1628978,Donte DiVincenzo,Donte,1610612749,MIL,Milwaukee Bucks,22000006,2020-12-25T00:00:00,MIL vs. GSW,W,20.0,5.0,8.0,0.625,3.0,5.0,0.6,0.0,0.0,0.0,1.0,3.0,4.0,0.0,2.0,2.0,0.0,1.0,1.0,0.0,13.0,5.0,21.8,0,0,24.0,1,1,11433,1,14191,6152,9686,4319,1926,4922,2762,12008,12752,12008,5246,8835,8731,16819,3645,1208,7210,2107,12223,16020,7127,6667,9978,1849,143,8016,1,19:59,2020,2021
2020-21,1626171,Bobby Portis,Bobby,1610612749,MIL,Milwaukee Bucks,22000006,2020-12-25T00:00:00,MIL vs. GSW,W,25.9,5.0,9.0,0.556,0.0,3.0,0.0,0.0,0.0,0.0,1.0,11.0,12.0,2.0,1.0,1.0,1.0,0.0,1.0,0.0,10.0,20.0,32.4,1,0,28.0,1,1,11433,1,9740,6152,8309,6415,12591,9118,12591,12008,12752,12008,5246,284,644,7995,7632,4032,2271,7735,12223,16020,9732,998,4917,1,143,6101,1,25:53,2020,2021
2020-21,203114,Khris Middleton,Khris,1610612749,MIL,Milwaukee Bucks,22000006,2020-12-25T00:00:00,MIL vs. GSW,W,25.8,10.0,15.0,0.667,6.0,8.0,0.75,5.0,5.0,1.0,0.0,4.0,4.0,5.0,2.0,2.0,0.0,0.0,2.0,3.0,31.0,21.0,47.3,0,0,50.0,1,1,11433,1,9816,935,2946,2900,160,1505,1455,1513,2536,1,11150,6156,8731,2585,3645,1208,7210,7735,6924,3793,560,844,1253,1849,143,712,1,25:48,2020,2021
2020-21,203507,Giannis Antetokounmpo,Giannis,1610612749,MIL,Milwaukee Bucks,22000006,2020-12-25T00:00:00,MIL vs. GSW,W,26.7,4.0,14.0,0.286,0.0,3.0,0.0,7.0,15.0,0.467,4.0,9.0,13.0,4.0,2.0,0.0,0.0,0.0,2.0,11.0,15.0,26.0,34.6,1,0,32.0,1,1,11433,1,9114,8251,3568,17105,12591,9118,12591,650,43,11614,564,746,466,3751,3645,10665,7210,7735,6924,23,5723,336,4132,1,143,4492,1,26:42,2020,2021
2020-21,1626192,Pat Connaughton,Pat,1610612749,MIL,Milwaukee Bucks,22000006,2020-12-25T00:00:00,MIL vs. GSW,W,18.9,1.0,3.0,0.333,0.0,1.0,0.0,0.0,0.0,0.0,0.0,7.0,7.0,2.0,0.0,0.0,0.0,1.0,0.0,1.0,2.0,27.0,13.4,0,0,11.0,1,1,11433,1,15014,16702,17566,15094,12591,14655,12591,12008,12752,12008,11150,1742,3435,7995,14317,10665,7210,2107,18137,10308,18664,279,15209,1849,143,16119,1,18:53,2020,2021
2020-21,1628470,Torrey Craig,Torrey,1610612749,MIL,Milwaukee Bucks,22000006,2020-12-25T00:00:00,MIL vs. GSW,W,9.8,0.0,1.0,0.0,0.0,0.0,0.0,0.0,0.0,0.0,0.0,4.0,4.0,0.0,1.0,0.0,0.0,1.0,2.0,0.0,0.0,6.0,3.8,0,0,4.0,1,1,11433,1,19681,19893,20551,19893,12591,17891,12591,12008,12752,12008,11150,6156,8731,16819,7632,10665,7210,2107,6924,16020,20448,6032,20570,1849,143,20179,1,9:46,2020,2021
2020-21,1630241,Sam Merrill,Sam,1610612749,MIL,Milwaukee Bucks,22000006,2020-12-25T00:00:00,MIL vs. GSW,W,7.6,2.0,3.0,0.667,2.0,2.0,1.0,0.0,0.0,0.0,2.0,1.0,3.0,4.0,1.0,1.0,0.0,1.0,0.0,0.0,6.0,6.0,17.6,0,0,17.0,1,1,11433,1,20300,13638,17566,2900,3957,11825,1,12008,12752,12008,2547,15987,11352,3751,7632,4032,7210,2107,18137,16020,13920,6032,12582,1849,143,12215,1,7:37,2020,2021
2020-21,201571,D.J. Augustin,D.J.,1610612749,MIL,Milwaukee Bucks,22000006,2020-12-25T00:00:00,MIL vs. GSW,W,13.5,4.0,6.0,0.667,3.0,3.0,1.0,2.0,2.0,1.0,0.0,0.0,0.0,1.0,0.0,0.0,0.0,2.0,1.0,2.0,13.0,10.0,14.5,0,0,17.0,1,1,11433,1,18254,8251,12753,2900,1926,9118,1,5395,6645,1,11150,19725,20503,11678,14317,10665,7210,534,12223,6289,7127,3883,14536,1849,143,12215,1,13:27,2020,2021
2020-21,1629670,Jordan Nwora,Jordan,1610612749,MIL,Milwaukee Bucks,22000006,2020-12-25T00:00:00,MIL vs. GSW,W,9.8,2.0,6.0,0.333,1.0,3.0,0.333,2.0,2.0,1.0,0.0,1.0,1.0,0.0,1.0,0.0,0.0,0.0,2.0,1.0,7.0,6.0,7.2,0,0,9.0,1,1,11433,1,19681,13638,12753,15094,7373,9118,7875,5395,6645,1,11150,15987,17542,16819,7632,10665,7210,7735,6924,10308,12975,6032,18793,1849,143,17389,1,9:46,2020,2021
2020-21,1627854,Bryn Forbes,Bryn,1610612749,MIL,Milwaukee Bucks,22000006,2020-12-25T00:00:00,MIL vs. GSW,W,13.4,3.0,5.0,0.6,2.0,3.0,0.667,0.0,0.0,0.0,0.0,0.0,0.0,0.0,0.0,0.0,0.0,0.0,1.0,0.0,8.0,13.0,8.0,0,0,10.0,1,1,11433,1,18310,10694,14368,4810,3957,9118,1828,12008,12752,12008,11150,19725,20503,16819,14317,10665,7210,7735,12223,16020,11759,2707,18391,1849,143,16754,1,13:21,2020,2021
2020-21,201572,Brook Lopez,Brook,1610612749,MIL,Milwaukee Bucks,22000006,2020-12-25T00:00:00,MIL vs. GSW,W,19.7,3.0,6.0,0.5,0.0,1.0,0.0,2.0,2.0,1.0,2.0,2.0,4.0,0.0,2.0,0.0,1.0,0.0,1.0,2.0,8.0,14.0,13.8,0,0,14.0,1,1,11433,1,14397,10694,12753,7582,12591,14655,12591,5395,6645,1,2547,12139,8731,16819,3645,10665,2271,7735,12223,6289,11759,2360,14981,1849,143,14223,1,19:43,2020,2021
2020-21,203648,Thanasis Antetokounmpo,Thanasis,1610612749,MIL,Milwaukee Bucks,22000006,2020-12-25T00:00:00,MIL vs. GSW,W,9.8,2.0,2.0,1.0,0.0,0.0,0.0,0.0,0.0,0.0,0.0,0.0,0.0,1.0,1.0,0.0,0.0,0.0,1.0,0.0,4.0,6.0,4.5,0,0,5.0,1,1,11433,1,19681,13638,19102,1,12591,17891,12591,12008,12752,12008,11150,19725,20503,11678,7632,10665,7210,7735,12223,16020,16353,6032,20142,1849,143,19629,1,9:46,2020,2021
2020-21,1630241,Sam Merrill,Sam,1610612749,MIL,Milwaukee Bucks,22000003,2020-12-23T00:00:00,MIL @ BOS,L,5.5,0.0,0.0,0.0,0.0,0.0,0.0,0.0,0.0,0.0,0.0,0.0,0.0,0.0,0.0,0.0,0.0,0.0,0.0,0.0,0.0,0.0,0.0,0,0,0.0,1,11623,1,11623,21007,19893,21894,19893,12591,17891,12591,12008,12752,12008,11150,19725,20503,16819,14317,10665,7210,7735,18137,16020,20448,10797,22167,1849,143,22207,1,5:28,2020,2021
2020-21,1627854,Bryn Forbes,Bryn,1610612749,MIL,Milwaukee Bucks,22000003,2020-12-23T00:00:00,MIL @ BOS,L,13.5,1.0,5.0,0.2,1.0,4.0,0.25,0.0,0.0,0.0,0.0,1.0,1.0,0.0,0.0,0.0,0.0,1.0,1.0,0.0,3.0,4.0,4.2,0,0,5.0,1,11623,1,11623,18231,16702,14368,18781,7373,6909,10244,12008,12752,12008,11150,15987,17542,16819,14317,10665,7210,2107,12223,16020,17485,7366,20314,1849,143,19629,1,13:31,2020,2021
2020-21,201950,Jrue Holiday,Jrue,1610612749,MIL,Milwaukee Bucks,22000003,2020-12-23T00:00:00,MIL @ BOS,L,38.4,10.0,16.0,0.625,1.0,4.0,0.25,4.0,4.0,1.0,2.0,4.0,6.0,3.0,3.0,2.0,1.0,0.0,3.0,3.0,25.0,-5.0,42.7,0,0,41.0,1,11623,1,11623,938,935,2412,4319,7373,6909,10244,2293,3346,1,2547,6156,4746,5509,1707,1208,2271,7735,3130,3793,1512,15340,2034,1849,143,1987,1,38:23,2020,2021
2020-21,203507,Giannis Antetokounmpo,Giannis,1610612749,MIL,Milwaukee Bucks,22000003,2020-12-23T00:00:00,MIL @ BOS,L,36.4,13.0,26.0,0.5,3.0,8.0,0.375,6.0,8.0,0.75,2.0,11.0,13.0,2.0,7.0,0.0,2.0,1.0,5.0,8.0,35.0,-1.0,52.6,1,0,57.0,1,11623,1,11623,1979,211,134,7582,1926,1505,7570,990,763,7245,2547,284,466,7995,44,10665,697,2107,202,217,274,11703,691,1,143,275,1,36:24,2020,2021
2020-21,203114,Khris Middleton,Khris,1610612749,MIL,Milwaukee Bucks,22000003,2020-12-23T00:00:00,MIL @ BOS,L,37.6,10.0,20.0,0.5,3.0,8.0,0.375,4.0,4.0,1.0,2.0,12.0,14.0,8.0,2.0,0.0,0.0,1.0,2.0,4.0,27.0,7.0,53.8,1,0,52.0,1,11623,1,11623,1316,935,933,7582,1926,1505,7570,2293,3346,1,2547,169,317,803,3645,10665,7210,2107,6924,2281,1108,5432,597,1,143,566,1,37:33,2020,2021
2020-21,1628978,Donte DiVincenzo,Donte,1610612749,MIL,Milwaukee Bucks,22000003,2020-12-23T00:00:00,MIL @ BOS,L,27.2,6.0,11.0,0.545,3.0,4.0,0.75,0.0,0.0,0.0,2.0,3.0,5.0,3.0,1.0,2.0,0.0,3.0,3.0,1.0,15.0,4.0,30.5,0,0,30.0,1,11623,1,11623,8700,4526,6027,6794,1926,6909,1455,12008,12752,12008,2547,8835,6466,5509,7632,1208,7210,122,3130,10308,5723,7366,5614,1849,143,5266,1,27:13,2020,2021
2020-21,201572,Brook Lopez,Brook,1610612749,MIL,Milwaukee Bucks,22000003,2020-12-23T00:00:00,MIL @ BOS,L,29.1,3.0,4.0,0.75,1.0,2.0,0.5,0.0,0.0,0.0,2.0,1.0,3.0,0.0,0.0,0.0,2.0,0.0,3.0,0.0,7.0,22.0,16.6,0,0,15.0,1,11623,1,11623,7262,10694,15987,1826,7373,11825,3573,12008,12752,12008,2547,15987,11352,16819,14317,10665,697,7735,3130,16020,12975,711,13226,1849,143,13541,1,29:06,2020,2021
2020-21,1626192,Pat Connaughton,Pat,1610612749,MIL,Milwaukee Bucks,22000003,2020-12-23T00:00:00,MIL @ BOS,L,23.1,2.0,3.0,0.667,2.0,3.0,0.667,0.0,0.0,0.0,0.0,1.0,1.0,1.0,1.0,0.0,0.0,0.0,1.0,0.0,6.0,-14.0,7.7,0,0,10.0,1,11623,1,11623,11858,13638,17566,2900,3957,9118,1828,12008,12752,12008,11150,15987,17542,11678,7632,10665,7210,7735,12223,16020,13920,20507,18539,1849,143,16754,1,23:08,2020,2021
2020-21,1628391,D.J. Wilson,D.J.,1610612749,MIL,Milwaukee Bucks,22000003,2020-12-23T00:00:00,MIL @ BOS,L,12.9,0.0,2.0,0.0,0.0,2.0,0.0,0.0,0.0,0.0,0.0,5.0,5.0,1.0,1.0,0.0,1.0,0.0,2.0,0.0,0.0,-6.0,9.5,0,0,8.0,1,11623,1,11623,18525,19893,19102,19893,12591,11825,12591,12008,12752,12008,11150,4091,6466,11678,7632,10665,2271,7735,6924,16020,20448,16140,17539,1849,143,17996,1,12:53,2020,2021
2020-21,1626171,Bobby Portis,Bobby,1610612749,MIL,Milwaukee Bucks,22000003,2020-12-23T00:00:00,MIL @ BOS,L,16.4,1.0,3.0,0.333,0.0,0.0,0.0,1.0,2.0,0.5,1.0,3.0,4.0,1.0,1.0,0.0,0.0,0.0,0.0,1.0,3.0,-16.0,8.3,0,0,8.0,1,11623,1,11623,16677,16702,17566,15094,12591,17891,12591,9085,6645,9461,5246,8835,8731,11678,7632,10665,7210,7735,18137,10308,17485,21158,18255,1849,143,17996,1,16:22,2020,2021
