season,player_id,player,nickname,team_id,team,team_name,game_id,game_date,matchup,wl,min,e_off_rating,off_rating,sp_work_off_rating,e_def_rating,def_rating,sp_work_def_rating,e_net_rating,net_rating,sp_work_net_rating,ast_pct,ast_to,ast_ratio,oreb_pct,dreb_pct,reb_pct,tm_tov_pct,e_tov_pct,efg_pct,ts_pct,usg_pct,e_usg_pct,e_pace,pace,pace_per40,sp_work_pace,pie,poss,fgm,fga,fgm_pg,fga_pg,fg_pct,gp_rank,w_rank,l_rank,w_pct_rank,min_rank,e_off_rating_rank,off_rating_rank,sp_work_off_rating_rank,e_def_rating_rank,def_rating_rank,sp_work_def_rating_rank,e_net_rating_rank,net_rating_rank,sp_work_net_rating_rank,ast_pct_rank,ast_to_rank,ast_ratio_rank,oreb_pct_rank,dreb_pct_rank,reb_pct_rank,tm_tov_pct_rank,e_tov_pct_rank,efg_pct_rank,ts_pct_rank,usg_pct_rank,e_usg_pct_rank,e_pace_rank,pace_rank,sp_work_pace_rank,pie_rank,fgm_rank,fga_rank,fgm_pg_rank,fga_pg_rank,fg_pct_rank,available_flag,min_sec,season_start,season_end
2020-21,1630466,Gabriel Deck,Gabriel,1610612760,OKC,Oklahoma City Thunder,22001074,2021-05-16T00:00:00,OKC vs. LAC,W,18.2,129.4,129.7,129.7,126.8,124.3,124.3,2.7,5.4,5.4,0.167,3.0,37.5,0.0,0.053,0.026,0.125,0.125,0.0075,0.0075,0.111,0.113,96.65,97.49,81.24,97.49,0.08,37,3,4,3.0,4.0,0.75,1,1,1,1,15457,3056,3017,3017,18798,17962,17962,10183,9208,9210,7471,1931,1878,11150,17931,19311,15469,15631,3445,4095,18608,18764,17781,16782,16782,12626,10694,15987,10694,15987,1826,1,18:13,2020,2021
2020-21,1629658,Jaylen Hoard,Jaylen,1610612760,OKC,Oklahoma City Thunder,22001074,2021-05-16T00:00:00,OKC vs. LAC,W,29.4,106.7,111.9,111.9,121.5,123.7,123.7,-14.8,-11.9,-11.9,0.115,1.5,27.3,0.031,0.028,0.029,0.182,0.184,0.004,0.00425,0.11,0.108,99.64,96.44,80.36,96.44,0.037,59,2,5,2.0,5.0,0.4,1,1,1,1,7057,12573,10167,10167,16996,17742,17742,16304,15448,15446,10895,5729,4633,9476,19557,18952,19113,19305,15280,16085,18880,19222,13963,18058,18058,17250,13638,14368,13638,14368,12966,1,29:22,2020,2021
2020-21,1629676,Isaiah Roby,Isaiah,1610612760,OKC,Oklahoma City Thunder,22001074,2021-05-16T00:00:00,OKC vs. LAC,W,12.1,122.2,122.2,122.2,96.6,92.6,92.6,25.6,29.6,29.6,0.0,0.0,0.0,0.0,0.313,0.185,0.0,0.0,0.00625,0.00625,0.276,0.276,104.74,106.96,89.13,106.96,0.19,27,5,8,5.0,8.0,0.625,1,1,1,1,18832,5376,5442,5442,5362,4029,4029,3423,2834,2836,16819,11715,16819,11150,1390,1912,1,1,7026,8250,3032,3456,6870,4434,4434,2403,6152,9686,6152,9686,4319,1,12:07,2020,2021
2020-21,1630177,Theo Maledon,Theo,1610612760,OKC,Oklahoma City Thunder,22001074,2021-05-16T00:00:00,OKC vs. LAC,W,13.3,133.3,129.0,129.0,100.4,96.7,96.7,32.9,32.4,32.4,0.235,4.0,50.0,0.0,0.0,0.0,0.125,0.125,0.005,0.005,0.121,0.125,105.98,109.8,91.5,109.8,0.054,31,1,3,1.0,3.0,0.333,1,1,1,1,18321,2154,3207,3207,7006,5303,5303,2294,2464,2464,4784,1080,471,11150,19725,20503,15469,15631,10646,13141,17791,17752,5361,2594,2594,15584,16702,17566,16702,17566,15094,1,13:20,2020,2021
2020-21,1629718,Charlie Brown Jr.,Charlie,1610612760,OKC,Oklahoma City Thunder,22001074,2021-05-16T00:00:00,OKC vs. LAC,W,31.4,103.7,106.3,106.3,117.4,118.8,118.8,-13.8,-12.5,-12.5,0.077,2.0,14.3,0.057,0.024,0.039,0.071,0.068,0.002,0.00298,0.154,0.167,99.71,97.94,81.62,97.94,-0.004,64,2,10,2.0,10.0,0.2,1,1,1,1,5536,14074,12870,12870,15268,15695,15695,15994,15631,15633,13495,3550,11222,5957,19669,17636,11065,10971,19207,18928,14208,13437,13856,16183,16183,20619,13638,7133,13638,7133,18781,1,31:22,2020,2021
2020-21,1629650,Moses Brown,Moses,1610612760,OKC,Oklahoma City Thunder,22001074,2021-05-16T00:00:00,OKC vs. LAC,W,37.9,108.3,108.6,108.6,108.5,108.6,108.6,-0.3,0.0,0.0,0.12,0.0,13.6,0.216,0.185,0.198,0.0,0.0,0.00632,0.00632,0.207,0.21,102.95,102.72,85.6,102.72,0.237,81,12,19,12.0,19.0,0.632,1,1,1,1,1166,11810,11793,11793,10893,10811,10811,11359,11088,11088,10532,11715,12013,446,6193,1548,1,1,6996,8104,8488,8668,9172,9101,9104,939,346,1220,346,1220,4296,1,37:51,2020,2021
2020-21,1628396,Tony Bradley,Tony,1610612760,OKC,Oklahoma City Thunder,22001074,2021-05-16T00:00:00,OKC vs. LAC,W,14.1,130.1,135.7,135.7,109.5,103.4,103.4,20.6,32.3,32.3,0.077,0.0,16.7,0.133,0.313,0.226,0.0,0.0,0.008,0.008,0.147,0.146,96.23,96.91,80.76,96.91,0.234,28,4,5,4.0,5.0,0.8,1,1,1,1,17942,2862,1756,1756,11425,8327,8327,4594,2484,2484,13495,11715,9667,1695,1390,884,1,1,2800,3056,14981,15568,18221,17489,17489,990,8251,14368,8251,14368,1469,1,14:07,2020,2021
2020-21,1630197,Aleksej Pokusevski,Aleksej,1610612760,OKC,Oklahoma City Thunder,22001074,2021-05-16T00:00:00,OKC vs. LAC,W,40.9,114.3,116.5,116.5,115.5,114.1,114.1,-1.2,2.4,2.4,0.063,0.29,6.7,0.0,0.154,0.087,0.233,0.235,0.006840000000000001,0.006979999999999999,0.277,0.279,100.04,99.71,83.1,99.71,0.122,85,10,19,10.0,19.0,0.526,1,1,1,1,307,8795,7957,7957,14382,13562,13562,11723,10378,10376,14605,11575,15968,11150,8427,9867,20749,20788,5397,5733,2979,3299,13402,13629,13632,7813,935,1220,935,1220,7428,1,40:55,2020,2021
2020-21,1630221,Josh Hall,Josh,1610612760,OKC,Oklahoma City Thunder,22001074,2021-05-16T00:00:00,OKC vs. LAC,W,42.7,114.6,115.4,115.4,107.0,106.7,106.7,7.6,8.7,8.7,0.061,0.67,7.1,0.025,0.153,0.101,0.107,0.105,0.0054800000000000005,0.00529,0.252,0.262,101.87,101.69,84.74,101.69,0.08,91,11,21,11.0,21.0,0.524,1,1,1,1,127,8657,8418,8418,10077,9787,9787,8403,8038,8038,14877,9817,15726,10683,8708,8039,14341,14241,9957,12078,4438,4269,10740,10612,10612,12691,575,691,575,691,7494,1,42:43,2020,2021
2020-21,1629658,Jaylen Hoard,Jaylen,1610612760,OKC,Oklahoma City Thunder,22001056,2021-05-14T00:00:00,OKC vs. UTA,L,14.9,131.6,133.3,133.3,102.7,100.0,100.0,28.8,33.3,33.3,0.1,0.0,16.7,0.1,0.182,0.156,0.0,0.0,0.008,0.00827,0.152,0.163,96.15,96.8,80.66,96.8,0.209,30,4,5,4.0,5.0,0.8,1,11623,11623,11623,17546,2547,2091,2091,8092,6113,6113,2887,2290,2333,11723,11715,9667,2837,6323,3132,1,1,2800,2695,14541,13782,18312,17628,17628,1657,8251,14368,8251,14368,1469,1,14:53,2020,2021
2020-21,1630466,Gabriel Deck,Gabriel,1610612760,OKC,Oklahoma City Thunder,22001056,2021-05-14T00:00:00,OKC vs. UTA,L,26.4,118.6,117.0,117.0,113.5,109.4,109.4,5.0,7.5,7.5,0.059,0.5,7.1,0.095,0.121,0.111,0.14300000000000002,0.141,0.00722,0.00804,0.224,0.23,94.14,96.55,80.46,96.55,0.173,53,6,9,6.0,9.0,0.667,1,11623,11623,11623,9360,6864,7717,7717,13413,11220,11220,9298,8453,8448,14895,10215,15726,3143,11515,6750,16694,16833,4509,3042,6772,6759,20052,17916,17916,3305,4526,8309,4526,8309,2900,1,26:21,2020,2021
2020-21,1629004,Svi Mykhailiuk,Svi,1610612760,OKC,Oklahoma City Thunder,22001056,2021-05-14T00:00:00,OKC vs. UTA,L,25.7,106.8,103.9,103.9,102.4,98.0,98.0,4.4,5.9,5.9,0.143,2.0,11.8,0.0,0.031,0.018,0.059000000000000004,0.059000000000000004,0.006790000000000001,0.006790000000000001,0.268,0.275,92.03,95.31,79.43,95.31,0.167,51,8,14,8.0,14.0,0.571,1,11623,11623,11623,9895,12545,13979,13979,7940,5786,5786,9532,9040,9045,8804,3550,13091,11150,19376,20090,10092,10174,5486,6352,3466,3527,21322,19221,19221,3670,2196,3568,2196,3568,5826,1,25:41,2020,2021
2020-21,1629647,Darius Bazley,Darius,1610612760,OKC,Oklahoma City Thunder,22001056,2021-05-14T00:00:00,OKC vs. UTA,L,29.0,68.3,66.7,66.7,101.6,96.8,96.8,-33.4,-30.1,-30.1,0.133,0.67,11.1,0.029,0.088,0.059,0.16699999999999998,0.16699999999999998,0.00077,0.00077,0.232,0.237,99.92,103.6,86.34,103.6,-0.108,63,1,13,1.0,13.0,0.077,1,11623,11623,11623,7365,22021,21947,21947,7569,5332,5332,20169,19652,19652,9603,9817,13295,9826,14712,14421,18107,18257,19891,20440,6099,6235,13562,7967,7967,22492,16702,4300,16702,4300,19886,1,28:57,2020,2021
2020-21,1629718,Charlie Brown Jr.,Charlie,1610612760,OKC,Oklahoma City Thunder,22001056,2021-05-14T00:00:00,OKC vs. UTA,L,21.3,124.1,125.0,125.0,112.3,107.1,107.1,11.9,17.9,17.9,0.0,0.0,0.0,0.0,0.154,0.098,0.0,0.0,0.005,0.007980000000000001,0.091,0.085,90.48,92.32,76.94,92.32,0.048,40,1,2,1.0,2.0,0.5,1,11623,11623,11623,13203,4669,4322,4322,12780,10055,10055,7042,5293,5293,16819,11715,16819,11150,8427,8495,1,1,10646,3214,20132,20723,21904,21412,21412,16270,16702,19102,16702,19102,7582,1,21:19,2020,2021
2020-21,1630197,Aleksej Pokusevski,Aleksej,1610612760,OKC,Oklahoma City Thunder,22001056,2021-05-14T00:00:00,OKC vs. UTA,L,31.5,93.3,91.0,91.0,122.9,116.2,116.2,-29.6,-25.1,-25.1,0.048,0.25,6.7,0.0,0.3,0.141,0.267,0.267,0.003,0.003,0.187,0.191,98.82,102.87,85.73,102.87,0.034,67,3,10,3.0,10.0,0.3,1,11623,11623,11623,5443,18284,18838,18838,17523,14552,14552,19617,18775,18775,15835,11581,15968,11150,1562,4242,21411,21431,17843,18807,10576,10697,15053,8865,8865,17569,10694,7133,10694,7133,16897,1,31:30,2020,2021
2020-21,1628396,Tony Bradley,Tony,1610612760,OKC,Oklahoma City Thunder,22001056,2021-05-14T00:00:00,OKC vs. UTA,L,17.6,80.3,75.7,75.7,114.0,108.1,108.1,-33.7,-32.4,-32.4,0.273,3.0,37.5,0.125,0.105,0.114,0.125,0.127,0.00333,0.00515,0.122,0.126,95.31,100.81,84.01,100.81,0.076,37,1,3,1.0,3.0,0.333,1,11623,11623,11623,15862,21049,21417,21417,13662,10521,10521,20243,19985,19986,3560,1931,1878,1882,12971,6511,15469,16017,16814,12415,17726,17716,19139,11942,11942,13101,16702,17566,16702,17566,15094,1,17:37,2020,2021
2020-21,1629676,Isaiah Roby,Isaiah,1610612760,OKC,Oklahoma City Thunder,22001056,2021-05-14T00:00:00,OKC vs. UTA,L,22.1,81.3,76.0,76.0,121.3,116.7,116.7,-40.1,-40.7,-40.7,0.0,0.0,0.0,0.037,0.0,0.02,0.111,0.111,0.00375,0.00375,0.167,0.177,100.91,106.43,88.69,106.43,-0.013,50,3,8,3.0,8.0,0.375,1,11623,11623,11623,12611,20928,21395,21395,16913,14710,14710,20951,20929,20929,16819,11715,16819,8455,19725,19904,14407,14566,15925,17266,12634,12211,12110,4880,4879,20907,10694,9686,10694,9686,14155,1,22:06,2020,2021
2020-21,1630177,Theo Maledon,Theo,1610612760,OKC,Oklahoma City Thunder,22001056,2021-05-14T00:00:00,OKC vs. UTA,L,31.9,78.4,76.8,76.8,111.9,108.8,108.8,-33.5,-32.0,-32.0,0.2,1.0,13.0,0.0,0.086,0.041,0.13,0.131,0.005,0.0053300000000000005,0.26,0.263,100.77,103.18,85.98,103.18,0.137,69,7,16,7.0,16.0,0.438,1,11623,11623,11623,5157,21282,21337,21337,12580,10892,10892,20191,19927,19927,5900,6835,12326,11150,14978,17426,16222,16340,10646,11850,3950,4226,12313,8503,8503,6239,3206,2412,3206,2412,11830,1,31:52,2020,2021
2020-21,1629650,Moses Brown,Moses,1610612760,OKC,Oklahoma City Thunder,22001056,2021-05-14T00:00:00,OKC vs. UTA,L,19.7,91.8,88.4,88.4,128.4,123.3,123.3,-36.6,-34.9,-34.9,0.0,0.0,0.0,0.136,0.294,0.205,0.0,0.0,0.005,0.00512,0.109,0.11,100.53,104.57,87.14,104.57,0.06,43,2,4,2.0,4.0,0.5,1,11623,11623,11623,14382,18714,19532,19532,19238,17580,17580,20585,20318,20320,16819,11715,16819,1639,1693,1280,1,1,10646,12547,18933,19088,12679,6789,6789,14954,13638,15987,13638,15987,7582,1,19:44,2020,2021
2020-21,1628396,Tony Bradley,Tony,1610612760,OKC,Oklahoma City Thunder,22001040,2021-05-11T00:00:00,OKC @ SAC,L,16.6,106.8,100.0,100.0,133.8,137.1,137.1,-27.0,-37.1,-37.1,0.091,0.5,9.1,0.0,0.333,0.194,0.182,0.184,0.00571,0.00635,0.256,0.285,101.76,103.9,86.58,103.9,0.109,37,4,7,4.0,7.0,0.571,1,11623,11623,11623,16503,12522,15193,15193,20497,21081,21081,19162,20560,20559,12406,10215,14598,11150,906,1649,19113,19305,9007,7997,4162,2963,10866,7617,7617,9186,8251,11165,8251,11165,5826,1,16:38,2020,2021
2020-21,1629026,Kenrich Williams,Kenrich,1610612760,OKC,Oklahoma City Thunder,22001040,2021-05-11T00:00:00,OKC @ SAC,L,33.0,99.2,101.4,101.4,119.2,120.0,120.0,-20.0,-18.6,-18.6,0.235,4.0,20.0,0.0,0.067,0.029,0.05,0.05,0.006670000000000001,0.006670000000000001,0.19,0.196,104.19,102.7,85.58,102.7,0.139,71,8,15,8.0,15.0,0.533,1,11623,11623,11623,4383,16145,15093,15093,16026,16175,16175,17670,17318,17318,4784,1080,7755,11150,16720,19052,9568,9612,5569,6637,10106,10144,7525,9127,9127,6041,2196,2946,2196,2946,7229,1,32:57,2020,2021
2020-21,1630466,Gabriel Deck,Gabriel,1610612760,OKC,Oklahoma City Thunder,22001040,2021-05-11T00:00:00,OKC @ SAC,L,18.8,103.4,102.5,102.5,125.1,134.2,134.2,-21.7,-31.7,-31.7,0.077,0.0,12.5,0.059,0.0,0.028,0.0,0.0,0.00571,0.00571,0.163,0.172,102.91,99.84,83.2,99.84,0.056,40,4,7,4.0,7.0,0.571,1,11623,11623,11623,15098,14161,14650,14650,18300,20613,20613,18062,19891,19891,13495,11715,12419,5698,19725,19148,1,1,9007,10391,13334,12748,9221,13432,13432,15421,8251,11165,8251,11165,5826,1,18:45,2020,2021
2020-21,1629718,Charlie Brown Jr.,Charlie,1610612760,OKC,Oklahoma City Thunder,22001040,2021-05-11T00:00:00,OKC @ SAC,L,13.0,103.4,100.0,100.0,113.8,117.2,117.2,-10.3,-17.2,-17.2,0.0,0.0,0.0,0.0,0.071,0.042,0.2,0.2,0.00875,0.00875,0.156,0.172,109.01,109.23,91.03,109.23,0.062,30,3,4,3.0,4.0,0.75,1,11623,11623,11623,18490,14154,15193,15193,13549,15062,15062,14965,17010,17010,16819,11715,16819,11150,16224,17270,19585,19665,1974,2021,14012,12730,2878,2901,2901,14813,10694,15987,10694,15987,1826,1,12:58,2020,2021
2020-21,1629658,Jaylen Hoard,Jaylen,1610612760,OKC,Oklahoma City Thunder,22001040,2021-05-11T00:00:00,OKC @ SAC,L,14.6,114.7,103.1,103.1,107.2,116.7,116.7,7.5,-13.5,-13.5,0.286,0.0,80.0,0.0,0.25,0.154,0.0,0.0,0.0,0.0,0.03,0.034,101.05,102.03,85.03,102.03,0.099,32,0,1,0.0,1.0,0.0,1,11623,11623,11623,17703,8602,14326,14326,10223,14710,14710,8453,15936,15936,3200,11715,168,11150,2712,3241,1,1,19893,20448,22144,22125,11914,10083,10083,10379,19893,20551,19893,20551,19893,1,14:35,2020,2021
2020-21,1629676,Isaiah Roby,Isaiah,1610612760,OKC,Oklahoma City Thunder,22001040,2021-05-11T00:00:00,OKC @ SAC,L,26.1,95.4,96.6,96.6,116.4,113.8,113.8,-20.9,-17.2,-17.2,0.133,2.0,15.4,0.0,0.304,0.127,0.077,0.078,0.00375,0.00461,0.157,0.161,106.32,106.87,89.06,106.87,0.077,58,3,8,3.0,8.0,0.375,1,11623,11623,11623,9601,17565,17210,17210,14796,13388,13388,17896,17010,17015,9603,3550,10765,11150,1522,5237,11527,11939,15925,15082,13928,13958,4993,4501,4501,12959,10694,9686,10694,9686,14155,1,26:03,2020,2021
2020-21,1629650,Moses Brown,Moses,1610612760,OKC,Oklahoma City Thunder,22001040,2021-05-11T00:00:00,OKC @ SAC,L,27.4,103.7,106.6,106.6,110.5,108.2,108.2,-6.8,-1.6,-1.6,0.0,0.0,0.0,0.188,0.28,0.228,0.214,0.222,0.0042899999999999995,0.00475,0.192,0.191,107.14,106.79,88.99,106.79,0.097,61,3,7,3.0,7.0,0.429,1,11623,11623,11623,8561,14057,12755,12755,11942,10579,10579,13706,11940,11944,16819,11715,16819,707,2047,848,20280,20456,14492,14749,10004,10642,4203,4568,4568,10603,10694,11165,10694,11165,11933,1,27:25,2020,2021
2020-21,1629647,Darius Bazley,Darius,1610612760,OKC,Oklahoma City Thunder,22001040,2021-05-11T00:00:00,OKC @ SAC,L,35.3,97.8,98.7,98.7,127.6,128.4,128.4,-29.8,-29.7,-29.7,0.227,1.25,17.9,0.024,0.129,0.069,0.14300000000000002,0.147,0.00308,0.00492,0.267,0.269,102.03,101.25,84.37,101.25,0.071,75,3,13,3.0,13.0,0.231,1,11623,11623,11623,2683,16693,16462,16462,19014,19216,19216,19634,19598,19598,5066,6657,9387,10769,10706,12749,16694,17462,17795,14436,3495,3812,10474,11285,11285,13737,10694,4300,10694,4300,18536,1,35:19,2020,2021
2020-21,1630197,Aleksej Pokusevski,Aleksej,1610612760,OKC,Oklahoma City Thunder,22001040,2021-05-11T00:00:00,OKC @ SAC,L,32.2,96.5,98.6,98.6,122.1,119.7,119.7,-25.7,-21.1,-21.1,0.1,0.4,12.5,0.027,0.069,0.045,0.313,0.315,0.00625,0.00563,0.169,0.172,105.9,105.78,88.15,105.78,0.015,71,4,8,4.0,8.0,0.5,1,11623,11623,11623,4912,17190,16499,16499,17222,16147,16147,18924,17902,17903,11723,11201,12419,10322,16564,16675,21846,21877,7026,10819,12614,12743,5466,5474,5474,18966,8251,9686,8251,9686,7582,1,32:13,2020,2021
2020-21,1629004,Svi Mykhailiuk,Svi,1610612760,OKC,Oklahoma City Thunder,22001040,2021-05-11T00:00:00,OKC @ SAC,L,23.1,99.2,102.0,102.0,89.1,92.0,92.0,10.2,10.0,10.0,0.214,3.0,16.7,0.0,0.12,0.063,0.055999999999999994,0.055999999999999994,0.005,0.005,0.259,0.271,108.02,104.86,87.38,104.86,0.149,51,7,14,7.0,14.0,0.5,1,11623,11623,11623,11863,16138,14863,14863,3118,3836,3836,7547,7623,7623,5508,1931,9667,11150,11613,13763,9885,9963,10646,13141,4016,3741,3530,6439,6439,5055,3206,3568,3206,3568,7582,1,23:07,2020,2021
2020-21,1630197,Aleksej Pokusevski,Aleksej,1610612760,OKC,Oklahoma City Thunder,22001025,2021-05-09T00:00:00,OKC @ SAC,L,26.2,94.2,98.1,98.1,122.0,120.4,120.4,-27.8,-22.2,-22.2,0.333,1.67,25.0,0.0,0.105,0.042,0.15,0.151,0.00545,0.00547,0.25,0.247,100.42,98.99,82.5,98.99,0.078,54,5,11,5.0,11.0,0.455,1,11623,11623,11623,9504,17993,16653,16653,17171,16486,16486,19311,18130,18164,1999,5502,5205,11150,12971,17270,17522,17620,9974,11394,4441,5446,12833,14705,14705,12844,6152,6027,6152,6027,11074,1,26:11,2020,2021
2020-21,1630466,Gabriel Deck,Gabriel,1610612760,OKC,Oklahoma City Thunder,22001025,2021-05-09T00:00:00,OKC @ SAC,L,31.4,99.0,101.4,101.4,120.5,117.1,117.1,-21.5,-15.7,-15.7,0.174,0.0,28.6,0.075,0.111,0.09,0.0,0.0,0.00125,0.00256,0.123,0.124,105.92,106.13,88.44,106.13,0.04,69,1,8,1.0,8.0,0.125,1,11623,11623,11623,5480,16212,15071,15071,16613,15019,15019,18010,16542,16542,7337,11715,4109,4445,12294,9555,1,1,19781,19337,17591,17865,5456,5135,5135,17028,16702,9686,16702,9686,19716,1,31:26,2020,2021
2020-21,1629647,Darius Bazley,Darius,1610612760,OKC,Oklahoma City Thunder,22001025,2021-05-09T00:00:00,OKC @ SAC,L,30.2,98.9,100.0,100.0,128.0,132.3,132.3,-29.1,-32.3,-32.3,0.143,0.67,10.0,0.061,0.161,0.109,0.15,0.149,0.00538,0.00592,0.261,0.269,99.85,97.69,81.41,97.69,0.115,61,6,13,6.0,13.0,0.462,1,11623,11623,11623,6418,16258,15193,15193,19150,20178,20178,19534,19968,19970,8804,9817,14007,5604,7909,7119,17522,17540,10203,9682,3856,3839,13650,16530,16530,8591,4526,4300,4526,4300,10881,1,30:13,2020,2021
2020-21,1629658,Jaylen Hoard,Jaylen,1610612760,OKC,Oklahoma City Thunder,22001025,2021-05-09T00:00:00,OKC @ SAC,L,22.1,94.0,98.0,98.0,107.2,100.0,100.0,-13.1,-2.0,-2.0,0.091,0.0,9.1,0.037,0.222,0.111,0.0,0.0,0.0075,0.00784,0.175,0.185,105.32,106.67,88.89,106.67,0.248,49,6,8,6.0,8.0,0.75,1,11623,11623,11623,12652,18049,16720,16720,10184,6113,6113,15806,12070,12069,12406,11715,14598,8455,4029,6750,1,1,3445,3441,11863,11319,6162,4676,4657,770,4526,9686,4526,9686,1826,1,22:03,2020,2021
2020-21,1629676,Isaiah Roby,Isaiah,1610612760,OKC,Oklahoma City Thunder,22001025,2021-05-09T00:00:00,OKC @ SAC,L,23.5,90.7,95.8,95.8,112.4,108.2,108.2,-21.7,-12.3,-12.3,0.133,0.5,16.7,0.0,0.167,0.078,0.33299999999999996,0.33299999999999996,0.00417,0.00417,0.185,0.186,99.96,99.06,82.55,99.06,0.023,48,2,6,2.0,6.0,0.333,1,11623,11623,11623,11555,18999,17431,17431,12839,10560,10560,18060,15600,15600,9603,10215,9667,11150,7229,11246,21864,21909,14855,16272,10704,11230,13519,14608,14608,18457,13638,12753,13638,12753,15094,1,23:30,2020,2021
2020-21,1629650,Moses Brown,Moses,1610612760,OKC,Oklahoma City Thunder,22001025,2021-05-09T00:00:00,OKC @ SAC,L,26.0,94.8,94.3,94.3,137.9,140.0,140.0,-43.1,-45.7,-45.7,0.0,0.0,0.0,0.097,0.208,0.145,0.0,0.0,0.0075,0.00847,0.117,0.121,100.4,99.88,83.24,99.88,0.128,53,3,4,3.0,4.0,0.75,1,11623,11623,11623,9690,17783,17916,17916,21130,21404,21404,21240,21372,21372,16819,11715,16819,3088,4825,3825,1,1,3445,2368,18231,18156,12867,13372,13379,7141,10694,15987,10694,15987,1826,1,25:57,2020,2021
2020-21,1630177,Theo Maledon,Theo,1610612760,OKC,Oklahoma City Thunder,22001025,2021-05-09T00:00:00,OKC @ SAC,L,24.7,89.9,92.0,92.0,143.9,149.0,149.0,-54.0,-57.0,-57.0,0.182,2.0,10.0,0.0,0.091,0.039,0.05,0.051,0.004,0.00388,0.316,0.322,99.13,96.32,80.27,96.32,0.017,50,5,15,5.0,15.0,0.333,1,11623,11623,11623,10668,19199,18575,18575,21807,22138,22138,21902,21953,21953,6847,3550,14007,11150,14301,17661,9568,9675,15280,17038,1421,1508,14648,18186,18186,18824,6152,2946,6152,2946,15094,1,24:40,2020,2021
2020-21,1629004,Svi Mykhailiuk,Svi,1610612760,OKC,Oklahoma City Thunder,22001025,2021-05-09T00:00:00,OKC @ SAC,L,24.2,104.0,105.7,105.7,113.0,110.9,110.9,-9.0,-5.2,-5.2,0.2,3.0,15.8,0.033,0.095,0.059,0.053,0.053,0.0046700000000000005,0.0046700000000000005,0.262,0.267,106.98,107.18,89.32,107.18,0.073,53,5,15,5.0,15.0,0.333,1,11623,11623,11623,11039,13902,13174,13174,13180,11904,11904,14517,13223,13223,5900,1931,10645,9099,13971,14421,9709,9780,13480,14929,3793,3939,4343,4252,4252,13523,6152,2946,6152,2946,15094,1,24:11,2020,2021
2020-21,1629718,Charlie Brown Jr.,Charlie,1610612760,OKC,Oklahoma City Thunder,22001025,2021-05-09T00:00:00,OKC @ SAC,L,15.2,92.5,93.9,93.9,120.5,117.6,117.6,-28.0,-23.7,-23.7,0.222,0.0,40.0,0.0,0.071,0.029,0.0,0.0,0.00333,0.00333,0.077,0.078,105.23,105.67,88.06,105.67,0.016,33,1,3,1.0,3.0,0.333,1,11623,11623,11623,17349,18505,18034,18034,16583,15235,15235,19340,18451,18451,5155,11715,1460,11150,16224,19052,1,1,16814,18119,20936,21011,6254,5581,5581,18922,16702,17566,16702,17566,15094,1,15:13,2020,2021
2020-21,1630221,Josh Hall,Josh,1610612760,OKC,Oklahoma City Thunder,22001025,2021-05-09T00:00:00,OKC @ SAC,L,16.6,78.0,80.6,80.6,133.9,133.3,133.3,-55.9,-52.8,-52.8,0.222,1.0,22.2,0.0,0.0,0.0,0.222,0.225,0.0,0.0,0.163,0.167,105.54,104.1,86.75,104.1,-0.157,36,0,4,0.0,4.0,0.0,1,11623,11623,11623,16516,21304,20907,20907,20516,20304,20304,21980,21798,21799,5155,6835,6856,11150,19725,20503,20407,20626,19893,20448,13334,13323,5899,7363,7363,22697,19893,15987,19893,15987,19893,1,16:36,2020,2021
2020-21,1629676,Isaiah Roby,Isaiah,1610612760,OKC,Oklahoma City Thunder,22001017,2021-05-08T00:00:00,OKC @ GSW,L,22.2,89.3,91.5,91.5,134.8,137.5,137.5,-45.5,-46.0,-46.0,0.0,0.0,0.0,0.0,0.059,0.021,0.5,0.45,0.005,0.0040999999999999995,0.077,0.084,105.07,102.78,85.65,102.78,-0.021,47,1,2,1.0,2.0,0.5,1,11623,11623,11623,12544,19314,18725,18725,20662,21116,21116,21427,21394,21394,16819,11715,16819,11150,17381,19836,22574,22575,10646,16468,20936,20788,6463,9022,9022,21192,16702,19102,16702,19102,7582,1,22:11,2020,2021
2020-21,1629650,Moses Brown,Moses,1610612760,OKC,Oklahoma City Thunder,22001017,2021-05-08T00:00:00,OKC @ GSW,L,19.7,92.2,92.9,92.9,144.5,142.9,142.9,-52.3,-50.0,-50.0,0.0,0.0,0.0,0.167,0.214,0.182,0.091,0.09300000000000001,0.0025,0.00307,0.22,0.214,102.01,102.25,85.21,102.25,0.012,42,2,8,2.0,8.0,0.25,1,11623,11623,11623,14397,18579,18328,18328,21861,21714,21714,21826,21598,21675,16819,11715,16819,903,4458,1986,12713,13280,18441,18731,7175,8315,10525,9752,9756,19178,13638,9686,13638,9686,17720,1,19:43,2020,2021
2020-21,1629647,Darius Bazley,Darius,1610612760,OKC,Oklahoma City Thunder,22001017,2021-05-08T00:00:00,OKC @ GSW,L,28.0,91.6,93.2,93.2,132.4,135.0,135.0,-40.8,-41.8,-41.8,0.188,3.0,16.7,0.0,0.217,0.081,0.055999999999999994,0.055,0.00333,0.00387,0.221,0.22,104.07,102.18,85.15,102.18,0.068,59,4,12,4.0,12.0,0.333,1,11623,11623,11623,8172,18761,18244,18244,20218,20744,20744,21029,21034,21034,6634,1931,9667,11150,4348,10919,9885,9937,16814,17054,7120,7726,7683,9850,9850,14109,8251,5097,8251,5097,15094,1,27:57,2020,2021
2020-21,1629718,Charlie Brown Jr.,Charlie,1610612760,OKC,Oklahoma City Thunder,22001017,2021-05-08T00:00:00,OKC @ GSW,L,7.4,95.1,100.0,100.0,94.8,88.9,88.9,0.3,11.1,11.1,0.333,0.0,40.0,0.0,0.0,0.0,0.0,0.0,0.005,0.005,0.167,0.168,112.99,113.77,94.81,113.77,0.06,17,1,3,1.0,3.0,0.333,1,11623,11623,11623,20363,17693,15193,15193,4719,3042,3042,11041,7215,7217,1999,11715,1460,11150,19725,20503,1,1,10646,13141,12634,13242,1206,1225,1225,15017,16702,17566,16702,17566,15094,1,7:23,2020,2021
2020-21,1629004,Svi Mykhailiuk,Svi,1610612760,OKC,Oklahoma City Thunder,22001017,2021-05-08T00:00:00,OKC @ GSW,L,25.2,93.3,91.2,91.2,116.4,117.2,117.2,-23.2,-26.0,-26.0,0.125,0.67,9.1,0.0,0.19,0.087,0.136,0.13699999999999998,0.005,0.00504,0.333,0.344,108.65,109.45,91.21,109.45,0.107,57,7,16,7.0,16.0,0.438,1,11623,11623,11623,10282,18287,18790,18790,14841,15062,15062,18393,18923,18923,10010,9817,14598,11150,5874,9867,16554,16690,10646,13104,867,957,3094,2765,2765,9492,3206,2412,3206,2412,11830,1,25:13,2020,2021
2020-21,1630221,Josh Hall,Josh,1610612760,OKC,Oklahoma City Thunder,22001017,2021-05-08T00:00:00,OKC @ GSW,L,25.8,95.3,93.1,93.1,122.9,122.8,122.8,-27.6,-29.7,-29.7,0.091,0.0,25.0,0.0,0.263,0.104,0.0,0.0,0.00167,0.00167,0.092,0.096,105.61,106.91,89.09,106.91,0.008,58,1,6,1.0,6.0,0.167,1,11623,11623,11623,9793,17594,18270,18270,17516,17414,17414,19262,19596,19596,12406,11715,5205,11150,2474,7707,1,1,19523,20180,20112,20082,5818,4469,4469,19338,16702,12753,16702,12753,19313,1,25:49,2020,2021
2020-21,1629658,Jaylen Hoard,Jaylen,1610612760,OKC,Oklahoma City Thunder,22001017,2021-05-08T00:00:00,OKC @ GSW,L,24.3,99.0,96.4,96.4,119.1,120.0,120.0,-20.1,-23.6,-23.6,0.176,0.0,18.8,0.042,0.053,0.047,0.0,0.0,0.00455,0.00509,0.217,0.222,108.56,109.63,91.36,109.63,0.102,56,5,11,5.0,11.0,0.455,1,11623,11623,11623,10946,16211,17240,17240,16007,16175,16175,17688,18420,18420,7174,11715,8841,7768,17931,16545,1,1,13774,12702,7463,7573,3150,2687,2687,10009,6152,6027,6152,6027,11074,1,24:18,2020,2021
2020-21,1630177,Theo Maledon,Theo,1610612760,OKC,Oklahoma City Thunder,22001017,2021-05-08T00:00:00,OKC @ GSW,L,22.8,91.8,93.8,93.8,143.1,138.8,138.8,-51.3,-45.0,-45.0,0.182,2.0,13.3,0.029,0.2,0.082,0.067,0.067,0.00417,0.00417,0.228,0.224,101.72,102.18,85.15,102.18,0.059,48,4,12,4.0,12.0,0.333,1,11623,11623,11623,12128,18718,18070,18070,21726,21307,21307,21786,21323,21323,6847,3550,12104,9826,5063,10757,10695,10791,14855,16272,6436,7338,10926,9855,9855,15071,8251,5097,8251,5097,15094,1,22:47,2020,2021
2020-21,1629026,Kenrich Williams,Kenrich,1610612760,OKC,Oklahoma City Thunder,22001017,2021-05-08T00:00:00,OKC @ GSW,L,20.4,86.3,82.2,82.2,126.3,130.4,130.4,-40.0,-48.2,-48.2,0.455,1.67,29.4,0.05,0.222,0.132,0.17600000000000002,0.17600000000000002,0.00722,0.00722,0.255,0.267,106.27,106.97,89.14,106.97,0.146,45,6,9,6.0,9.0,0.667,1,11623,11623,11623,13888,20057,20712,20712,18639,19764,19764,20938,21520,21520,773,5502,3969,6713,4029,4860,18983,19051,4509,5081,4251,3939,5048,4429,4427,5396,4526,8309,4526,8309,2900,1,20:25,2020,2021
2020-21,1630466,Gabriel Deck,Gabriel,1610612760,OKC,Oklahoma City Thunder,22001017,2021-05-08T00:00:00,OKC @ GSW,L,20.1,93.8,91.3,91.3,122.9,122.2,122.2,-29.0,-30.9,-30.9,0.063,1.0,25.0,0.05,0.154,0.091,0.25,0.25,0.01,0.01,0.061,0.064,107.16,108.93,90.77,108.93,0.088,46,2,2,2.0,2.0,1.0,1,11623,11623,11623,14151,18116,18765,18765,17510,17141,17141,19510,19781,19781,14605,6835,5205,6713,8427,9243,20812,20887,532,759,21551,21519,4189,3081,3081,11774,13638,19102,13638,19102,1,1,20:03,2020,2021
2020-21,1629652,Luguentz Dort,Luguentz,1610612760,OKC,Oklahoma City Thunder,22001017,2021-05-08T00:00:00,OKC @ GSW,L,24.2,90.3,92.2,92.2,138.6,134.6,134.6,-48.2,-42.5,-42.5,0.091,1.0,6.3,0.056,0.118,0.075,0.063,0.06,0.005,0.00542,0.25,0.258,101.78,102.22,85.18,102.22,0.082,51,5,13,5.0,13.0,0.385,1,11623,11623,11623,11039,19093,18540,18540,21223,20675,20675,21622,21088,21088,12406,6835,16162,6043,11819,11730,10363,10297,10646,11596,4441,4554,10850,9797,9797,12461,6152,4300,6152,4300,13990,1,24:11,2020,2021
2020-21,1628396,Tony Bradley,Tony,1610612760,OKC,Oklahoma City Thunder,22001001,2021-05-06T00:00:00,OKC @ GSW,L,20.5,101.2,100.0,100.0,106.1,104.7,104.7,-5.0,-4.7,-4.7,0.0,0.0,0.0,0.0,0.227,0.116,0.0,0.0,0.01,0.01,0.093,0.096,98.49,99.76,83.13,99.76,0.156,42,4,4,4.0,4.0,1.0,1,11623,11623,11623,13867,15171,15193,15193,9649,8860,8860,13078,13025,13025,16819,11715,16819,11150,3865,6328,1,1,532,759,20074,20045,15507,13566,13566,4541,8251,15987,8251,15987,1,1,20:27,2020,2021
2020-21,1629660,Ty Jerome,Ty,1610612760,OKC,Oklahoma City Thunder,22001001,2021-05-06T00:00:00,OKC @ GSW,L,22.4,92.9,87.8,87.8,110.5,113.0,113.0,-17.5,-25.3,-25.3,0.5,0.0,15.8,0.0,0.167,0.08,0.0,0.0,0.006790000000000001,0.0073,0.308,0.333,100.22,101.98,84.99,101.98,0.257,49,8,14,8.0,14.0,0.571,1,11623,11623,11623,12427,18387,19669,19669,11910,13007,13007,17071,18792,18792,375,11715,10645,11150,7229,10976,1,1,5486,4872,1683,1168,13136,10188,10191,672,2196,3568,2196,3568,5826,1,22:21,2020,2021
2020-21,1630221,Josh Hall,Josh,1610612760,OKC,Oklahoma City Thunder,22001001,2021-05-06T00:00:00,OKC @ GSW,L,24.2,104.4,104.1,104.1,121.2,119.2,119.2,-16.8,-15.1,-15.1,0.0,0.0,0.0,0.0,0.238,0.111,0.1,0.09699999999999999,0.00375,0.0042899999999999995,0.2,0.211,99.31,100.3,83.59,100.3,0.054,49,3,8,3.0,8.0,0.375,1,11623,11623,11623,11050,13705,13905,13905,16871,15937,15937,16884,16387,16387,16819,11715,16819,11150,3429,6750,13495,13524,15925,15946,8922,8577,14400,12746,12746,15566,10694,9686,10694,9686,14155,1,24:10,2020,2021
2020-21,1629650,Moses Brown,Moses,1610612760,OKC,Oklahoma City Thunder,22001001,2021-05-06T00:00:00,OKC @ GSW,L,27.6,91.2,94.8,94.8,124.7,123.7,123.7,-33.5,-28.9,-28.9,0.0,0.0,0.0,0.057,0.25,0.136,0.25,0.25,0.00333,0.00333,0.062,0.061,103.49,101.92,84.94,101.92,0.029,58,1,3,1.0,3.0,0.333,1,11623,11623,11623,8470,18839,17772,17772,18165,17742,17742,20193,19466,19466,16819,11715,16819,5957,2712,4580,20812,20887,16814,18119,21548,21599,8425,10278,10284,17979,16702,17566,16702,17566,15094,1,27:33,2020,2021
2020-21,1629658,Jaylen Hoard,Jaylen,1610612760,OKC,Oklahoma City Thunder,22001001,2021-05-06T00:00:00,OKC @ GSW,L,2.1,112.8,120.0,120.0,143.4,116.7,116.7,-30.7,3.3,3.3,0.0,0.0,0.0,0.0,0.0,0.0,0.0,0.0,0.0,0.0,0.0,0.0,116.57,125.71,104.76,125.71,0.0,5,0,0,0.0,0.0,0.0,1,11623,11623,11623,22373,9535,6324,6324,21761,14710,14710,19789,9971,9967,16819,11715,16819,11150,19725,20503,1,1,19893,20448,22211,22211,593,310,310,19529,19893,21894,19893,21894,19893,1,2:06,2020,2021
2020-21,1629718,Charlie Brown Jr.,Charlie,1610612760,OKC,Oklahoma City Thunder,22001001,2021-05-06T00:00:00,OKC @ GSW,L,15.8,99.7,96.9,96.9,112.6,109.1,109.1,-12.9,-12.2,-12.2,0.091,1.0,25.0,0.0,0.067,0.032,0.25,0.25,0.0,0.0,0.094,0.097,95.96,98.94,82.45,98.94,-0.044,32,0,2,0.0,2.0,0.0,1,11623,11623,11623,17012,15953,17103,17103,12997,11002,11002,15738,15567,15568,12406,6835,5205,11150,16720,18568,20812,20887,19893,20448,20021,20037,18507,14766,14766,21754,19893,19102,19893,19102,19893,1,15:46,2020,2021
2020-21,1630177,Theo Maledon,Theo,1610612760,OKC,Oklahoma City Thunder,22001001,2021-05-06T00:00:00,OKC @ GSW,L,29.8,98.9,101.6,101.6,117.5,117.5,117.5,-18.6,-15.9,-15.9,0.421,8.0,34.8,0.029,0.107,0.063,0.043,0.042,0.00458,0.00512,0.214,0.224,102.91,101.56,84.63,101.56,0.141,63,5,12,5.0,12.0,0.417,1,11623,11623,11623,6757,16262,15011,15011,15312,15165,15165,17351,16578,16579,1021,129,2363,9991,12845,13697,9230,9228,13689,12547,7627,7289,9224,10808,10808,5872,6152,5097,6152,5097,12627,1,29:47,2020,2021
2020-21,1629647,Darius Bazley,Darius,1610612760,OKC,Oklahoma City Thunder,22001001,2021-05-06T00:00:00,OKC @ GSW,L,28.6,92.0,93.4,93.4,123.0,127.1,127.1,-31.0,-33.7,-33.7,0.133,2.0,8.3,0.0,0.111,0.048,0.042,0.040999999999999995,0.004739999999999999,0.00519,0.324,0.332,103.11,100.66,83.89,100.66,0.113,61,7,19,7.0,19.0,0.368,1,11623,11623,11623,7624,18661,18182,18182,17586,18856,18856,19847,20169,20169,9603,3550,15056,11150,12294,16262,9140,9159,13351,12345,1230,1269,8941,12172,12172,8768,3206,1220,3206,1220,14634,1,28:37,2020,2021
2020-21,1630466,Gabriel Deck,Gabriel,1610612760,OKC,Oklahoma City Thunder,22001001,2021-05-06T00:00:00,OKC @ GSW,L,23.6,102.4,102.0,102.0,112.6,112.5,112.5,-10.2,-10.5,-10.5,0.25,0.0,33.3,0.0,0.087,0.041,0.0,0.0,0.0028599999999999997,0.00381,0.154,0.158,98.27,98.48,82.06,98.48,0.068,49,2,7,2.0,7.0,0.286,1,11623,11623,11623,11456,14641,14830,14830,12948,12712,12712,14927,14974,14974,4026,11715,2412,11150,14797,17453,1,1,18098,17152,14208,14300,15776,15389,15389,14063,13638,11165,13638,11165,17105,1,23:38,2020,2021
2020-21,1629676,Isaiah Roby,Isaiah,1610612760,OKC,Oklahoma City Thunder,22001001,2021-05-06T00:00:00,OKC @ GSW,L,23.8,86.9,90.2,90.2,112.5,112.0,112.0,-25.7,-21.8,-21.8,0.0,0.0,0.0,0.031,0.16,0.088,0.33299999999999996,0.33299999999999996,0.005,0.005,0.155,0.155,103.44,101.71,84.76,101.71,0.016,51,3,6,3.0,6.0,0.5,1,11623,11623,11623,11311,19925,19059,19059,12907,12489,12489,18935,18057,18057,16819,11715,16819,9476,8001,9792,21864,21909,10646,13141,14138,14578,8499,10590,10590,18883,10694,12753,10694,12753,7582,1,23:50,2020,2021
2020-21,1629652,Luguentz Dort,Luguentz,1610612760,OKC,Oklahoma City Thunder,22001001,2021-05-06T00:00:00,OKC @ GSW,L,21.8,84.7,87.0,87.0,119.3,121.7,121.7,-34.5,-34.8,-34.8,0.214,3.0,17.6,0.036,0.048,0.041,0.059000000000000004,0.059000000000000004,0.00269,0.00269,0.28,0.279,103.9,101.52,84.6,101.52,-0.028,46,3,13,3.0,13.0,0.231,1,11623,11623,11623,12847,20347,19824,19824,16057,17001,17001,20340,20305,20307,5508,1931,9414,8694,18319,17453,10092,10174,18400,19196,2843,3286,7914,10877,10877,21392,10694,4300,10694,4300,18536,1,21:45,2020,2021
2020-21,1630466,Gabriel Deck,Gabriel,1610612760,OKC,Oklahoma City Thunder,22000988,2021-05-04T00:00:00,OKC vs. SAC,L,16.0,113.0,108.6,108.6,85.9,88.6,88.6,27.0,20.0,20.0,0.333,0.0,23.1,0.0,0.188,0.086,0.0,0.0,0.00786,0.0083,0.256,0.27,104.47,104.89,87.41,104.89,0.295,35,5,7,5.0,7.0,0.714,1,11623,11623,11623,16880,9452,11816,11816,2469,3005,3005,3179,4727,4726,1999,11715,6542,11150,6008,10077,1,1,3098,2680,4162,3754,7191,6404,6404,409,6152,11165,6152,11165,2429,1,16:01,2020,2021
2020-21,1629660,Ty Jerome,Ty,1610612760,OKC,Oklahoma City Thunder,22000988,2021-05-04T00:00:00,OKC vs. SAC,L,19.3,108.6,107.3,107.3,97.5,102.4,102.4,11.1,4.9,4.9,0.286,0.0,30.8,0.0,0.053,0.023,0.0,0.0,0.00444,0.00444,0.191,0.202,103.93,101.94,84.95,101.94,0.064,41,3,9,3.0,9.0,0.333,1,11623,11623,11623,14698,11648,12405,12405,5701,7840,7840,7274,9417,9415,3200,11715,3545,11150,17931,19658,1,1,14047,15495,10025,9478,7865,10251,10251,14593,10694,8309,10694,8309,15094,1,19:18,2020,2021
2020-21,1630177,Theo Maledon,Theo,1610612760,OKC,Oklahoma City Thunder,22000988,2021-05-04T00:00:00,OKC vs. SAC,L,29.6,87.0,88.9,88.9,98.5,101.6,101.6,-11.5,-12.7,-12.7,0.063,0.5,7.1,0.0,0.026,0.012,0.14300000000000002,0.14400000000000002,0.0025,0.0027600000000000003,0.165,0.164,104.22,101.52,84.6,101.52,-0.021,63,2,10,2.0,10.0,0.2,1,11623,11623,11623,6924,19887,19352,19352,6126,7484,7484,15333,15711,15711,14605,10215,15726,11150,19614,20487,16694,17231,18441,19151,13144,13643,7480,10866,10866,21176,13638,7133,13638,7133,18781,1,29:33,2020,2021
2020-21,1629652,Luguentz Dort,Luguentz,1610612760,OKC,Oklahoma City Thunder,22000988,2021-05-04T00:00:00,OKC vs. SAC,L,28.6,87.5,86.9,86.9,97.8,101.7,101.7,-10.3,-14.8,-14.8,0.267,4.0,17.4,0.045,0.053,0.049,0.043,0.044000000000000004,0.0025,0.0028199999999999996,0.247,0.248,103.16,101.48,84.57,101.48,-0.022,61,3,16,3.0,16.0,0.188,1,11623,11623,11623,7618,19767,19844,19844,5815,7507,7507,14953,16289,16289,3733,1080,9570,7263,17931,16179,9230,9320,18441,19101,4971,5338,8898,10945,10945,21197,10694,2412,10694,2412,19259,1,28:37,2020,2021
2020-21,1629658,Jaylen Hoard,Jaylen,1610612760,OKC,Oklahoma City Thunder,22000988,2021-05-04T00:00:00,OKC vs. SAC,L,18.4,115.3,107.5,107.5,105.0,110.3,110.3,10.4,-2.8,-2.8,0.167,0.0,22.2,0.045,0.316,0.171,0.0,0.0,0.006670000000000001,0.006540000000000001,0.149,0.163,102.02,103.01,85.84,103.01,0.185,40,4,6,4.0,6.0,0.667,1,11623,11623,11623,15337,8339,12316,12316,9105,11597,11597,7495,12330,12330,7471,11715,6856,7263,1352,2417,1,1,5569,7277,14802,13791,10505,8715,8715,2611,8251,12753,8251,12753,2900,1,18:24,2020,2021
2020-21,1629650,Moses Brown,Moses,1610612760,OKC,Oklahoma City Thunder,22000988,2021-05-04T00:00:00,OKC vs. SAC,L,29.5,87.9,90.3,90.3,93.6,98.4,98.4,-5.7,-8.0,-8.0,0.0,0.0,0.0,0.167,0.27,0.215,0.0,0.0,0.00375,0.00375,0.107,0.107,103.9,99.99,83.33,99.99,0.156,62,3,8,3.0,8.0,0.375,1,11623,11623,11623,6945,19694,19018,19018,4364,5905,5905,13376,14199,14200,16819,11715,16819,903,2284,1072,1,1,15925,17266,19106,19282,7923,13220,13220,4536,10694,9686,10694,9686,14155,1,29:31,2020,2021
2020-21,1629647,Darius Bazley,Darius,1610612760,OKC,Oklahoma City Thunder,22000988,2021-05-04T00:00:00,OKC vs. SAC,L,32.0,89.2,91.0,91.0,104.4,107.5,107.5,-15.2,-16.4,-16.4,0.214,0.75,10.3,0.064,0.2,0.126,0.138,0.138,0.004719999999999999,0.0054600000000000004,0.31,0.311,103.04,100.55,83.79,100.55,0.176,67,7,18,7.0,18.0,0.389,1,11623,11623,11623,5083,19335,18838,18838,8853,10222,10222,16447,16739,16738,5508,9685,13983,5352,5063,5309,16632,16732,13377,11430,1644,1878,9034,12349,12349,3075,3206,1562,3206,1562,13924,1,31:59,2020,2021
2020-21,1630221,Josh Hall,Josh,1610612760,OKC,Oklahoma City Thunder,22000988,2021-05-04T00:00:00,OKC vs. SAC,L,22.1,114.2,115.2,115.2,104.1,110.6,110.6,10.1,4.6,4.6,0.0,0.0,0.0,0.08,0.238,0.152,0.125,0.125,0.005,0.005,0.154,0.162,104.57,100.92,84.1,100.92,0.082,46,3,7,3.0,7.0,0.429,1,11623,11623,11623,12593,8860,8533,8533,8696,11779,11779,7552,9522,9522,16819,11715,16819,4055,3429,3418,15469,15631,10646,13141,14208,13879,7091,11770,11770,12399,10694,11165,10694,11165,11933,1,22:07,2020,2021
2020-21,1629676,Isaiah Roby,Isaiah,1610612760,OKC,Oklahoma City Thunder,22000988,2021-05-04T00:00:00,OKC vs. SAC,L,26.8,79.9,80.7,80.7,87.8,91.1,91.1,-7.9,-10.4,-10.4,0.154,2.0,16.7,0.047,0.081,0.063,0.083,0.084,0.0025,0.00338,0.139,0.138,103.59,101.19,84.33,101.19,0.06,57,2,8,2.0,8.0,0.25,1,11623,11623,11623,9031,21115,20898,20898,2838,3594,3594,14129,14949,14949,8323,3550,9667,7230,15425,13763,12082,12420,18441,18033,15925,16450,8286,11360,11360,15029,13638,9686,13638,9686,17720,1,26:48,2020,2021
2020-21,1629004,Svi Mykhailiuk,Svi,1610612760,OKC,Oklahoma City Thunder,22000988,2021-05-04T00:00:00,OKC vs. SAC,L,17.7,119.9,115.4,115.4,106.3,108.1,108.1,13.7,7.3,7.3,0.143,0.0,18.2,0.0,0.067,0.029,0.0,0.0,0.0038900000000000002,0.0038900000000000002,0.205,0.228,102.01,103.15,85.96,103.15,0.012,39,3,9,3.0,9.0,0.333,1,11623,11623,11623,15818,6267,8418,8418,9719,10521,10521,6534,8546,8546,8804,11715,9055,11150,16720,18952,1,1,15724,16979,8658,6991,10516,8541,8541,19150,10694,8309,10694,8309,15094,1,17:41,2020,2021
2020-21,1629026,Kenrich Williams,Kenrich,1610612760,OKC,Oklahoma City Thunder,22000972,2021-05-02T00:00:00,OKC vs. PHX,L,29.8,121.5,119.4,119.4,123.5,119.4,119.4,-2.0,0.0,0.0,0.091,1.0,12.5,0.029,0.174,0.088,0.125,0.126,0.00636,0.00631,0.187,0.188,97.43,99.98,83.31,99.98,0.083,62,6,11,6.0,11.0,0.545,1,11623,11623,11623,6761,5636,6701,6701,17731,15992,15992,12032,11088,11088,12406,6835,12419,9826,6952,9792,15469,15947,6860,8109,10576,11040,16911,13238,13238,12326,4526,6027,4526,6027,6794,1,29:46,2020,2021
2020-21,1629660,Ty Jerome,Ty,1610612760,OKC,Oklahoma City Thunder,22000972,2021-05-02T00:00:00,OKC vs. PHX,L,22.7,114.2,114.9,114.9,125.7,127.7,127.7,-11.5,-12.8,-12.8,0.333,5.0,29.4,0.0,0.111,0.043,0.059000000000000004,0.059000000000000004,0.006500000000000001,0.006889999999999999,0.203,0.207,100.23,99.18,82.65,99.18,0.132,47,5,10,5.0,10.0,0.5,1,11623,11623,11623,12154,8865,8679,8679,18461,19007,19007,15343,15724,15722,1999,622,3969,11150,12294,17187,10092,10234,6466,6012,8777,8983,13113,14452,14452,6740,6152,7133,6152,7133,7582,1,22:45,2020,2021
2020-21,1630177,Theo Maledon,Theo,1610612760,OKC,Oklahoma City Thunder,22000972,2021-05-02T00:00:00,OKC vs. PHX,L,28.2,123.4,121.7,121.7,123.0,118.6,118.6,0.4,3.0,3.0,0.174,2.0,22.2,0.0,0.174,0.082,0.111,0.11,0.006500000000000001,0.00738,0.206,0.215,98.73,101.22,84.35,101.22,0.129,60,5,10,5.0,10.0,0.5,1,11623,11623,11623,7945,4930,5729,5729,17561,15669,15669,11010,10076,10076,7337,3550,6856,11150,6952,10757,14407,14536,6466,4696,8527,8234,15175,11321,11321,7053,6152,7133,6152,7133,7582,1,28:13,2020,2021
2020-21,1629647,Darius Bazley,Darius,1610612760,OKC,Oklahoma City Thunder,22000972,2021-05-02T00:00:00,OKC vs. PHX,L,35.3,124.8,126.4,126.4,125.3,121.6,121.6,-0.6,4.8,4.8,0.111,1.0,14.3,0.135,0.138,0.136,0.14300000000000002,0.142,0.006919999999999999,0.00625,0.209,0.212,98.3,99.17,82.64,99.17,0.083,72,8,13,8.0,13.0,0.615,1,11623,11623,11623,2669,4434,3988,3988,18363,16971,16971,11468,9446,9446,10979,6835,11222,1686,9878,4498,16694,16847,5199,8250,8201,8525,15745,14460,14460,12334,2196,4300,2196,4300,4658,1,35:20,2020,2021
2020-21,1629004,Svi Mykhailiuk,Svi,1610612760,OKC,Oklahoma City Thunder,22000972,2021-05-02T00:00:00,OKC vs. PHX,L,15.1,117.3,118.8,118.8,126.0,125.8,125.8,-8.7,-7.1,-7.1,0.0,0.0,0.0,0.0,0.182,0.069,0.222,0.222,0.005,0.005,0.231,0.241,101.04,100.47,83.72,100.47,0.029,32,3,7,3.0,7.0,0.429,1,11623,11623,11623,17451,7446,6913,6913,18551,18499,18499,14387,13871,13871,16819,11715,16819,11150,6323,12788,20407,20459,10646,13141,6146,5949,11924,12477,12482,18017,10694,11165,10694,11165,11933,1,15:03,2020,2021
2020-21,1629676,Isaiah Roby,Isaiah,1610612760,OKC,Oklahoma City Thunder,22000972,2021-05-02T00:00:00,OKC vs. PHX,L,21.7,95.5,92.3,92.3,129.0,126.0,126.0,-33.5,-33.7,-33.7,0.0,0.0,0.0,0.042,0.182,0.109,0.273,0.268,0.005,0.006710000000000001,0.186,0.206,109.63,112.81,94.01,112.81,0.071,52,3,6,3.0,6.0,0.5,1,11623,11623,11623,12892,17554,18459,18459,19428,18544,18544,20203,20173,20173,16819,11715,16819,7768,6323,7182,21434,21438,10646,6574,10598,9071,2508,1457,1458,13680,10694,12753,10694,12753,7582,1,21:42,2020,2021
2020-21,1629650,Moses Brown,Moses,1610612760,OKC,Oklahoma City Thunder,22000972,2021-05-02T00:00:00,OKC vs. PHX,L,14.4,150.1,148.3,148.3,127.8,123.3,123.3,22.4,24.9,24.9,0.0,0.0,0.0,0.231,0.333,0.273,0.0,0.0,0.006670000000000001,0.00515,0.121,0.119,96.11,98.45,82.04,98.45,0.077,29,2,3,2.0,3.0,0.667,1,11623,11623,11623,17826,530,591,591,19070,17604,17604,4175,3645,3645,16819,11715,16819,353,906,346,1,1,5569,12415,17791,18296,18350,15435,15435,12977,13638,17566,13638,17566,2900,1,14:23,2020,2021
2020-21,1630197,Aleksej Pokusevski,Aleksej,1610612760,OKC,Oklahoma City Thunder,22000972,2021-05-02T00:00:00,OKC vs. PHX,L,10.0,118.8,118.2,118.2,134.9,133.3,133.3,-16.0,-15.2,-15.2,0.25,0.0,33.3,0.0,0.0,0.0,0.0,0.0,0.005,0.005,0.174,0.183,102.51,103.37,86.14,103.37,0.052,22,2,4,2.0,4.0,0.5,1,11623,11623,11623,19615,6762,7172,7172,20671,20304,20304,16691,16389,16388,4026,11715,2412,11150,19725,20503,1,1,10646,13141,11995,11591,9800,8248,8248,15812,13638,15987,13638,15987,7582,1,9:59,2020,2021
2020-21,1629652,Luguentz Dort,Luguentz,1610612760,OKC,Oklahoma City Thunder,22000972,2021-05-02T00:00:00,OKC vs. PHX,L,34.6,120.0,120.3,120.3,119.2,117.3,117.3,0.8,2.9,2.9,0.138,2.0,16.0,0.0,0.03,0.014,0.08,0.08,0.00263,0.00263,0.236,0.244,102.68,103.4,86.17,103.4,-0.018,74,4,19,4.0,19.0,0.211,1,11623,11623,11623,3176,6225,6308,6308,16050,15114,15114,10856,10119,10119,9407,3550,10591,11150,19427,20392,11978,12045,18432,19254,5766,5698,9541,8216,8216,21089,8251,1220,8251,1220,18776,1,34:35,2020,2021
2020-21,1628396,Tony Bradley,Tony,1610612760,OKC,Oklahoma City Thunder,22000972,2021-05-02T00:00:00,OKC vs. PHX,L,9.5,118.5,100.0,100.0,98.8,100.0,100.0,19.6,0.0,0.0,0.0,0.0,0.0,0.333,0.333,0.333,0.0,0.0,0.01,0.01,0.107,0.121,85.77,93.11,77.6,93.11,0.371,20,3,3,3.0,3.0,1.0,1,11623,11623,11623,19754,6918,15193,15193,6258,6113,6113,4835,11088,11088,16819,11715,16819,65,906,104,1,1,532,759,19044,18150,22616,20991,20991,227,10694,17566,10694,17566,1,1,9:32,2020,2021
2020-21,1630466,Gabriel Deck,Gabriel,1610612760,OKC,Oklahoma City Thunder,22000972,2021-05-02T00:00:00,OKC vs. PHX,L,18.7,114.9,112.8,112.8,130.6,128.9,128.9,-15.7,-16.1,-16.1,0.25,0.0,30.0,0.125,0.188,0.15,0.0,0.0,0.006670000000000001,0.00751,0.14,0.155,97.28,98.82,82.35,98.82,0.212,39,4,6,4.0,6.0,0.667,1,11623,11623,11623,15135,8512,9688,9688,19805,19375,19375,16588,16636,16636,4026,11715,3735,1882,6008,3525,1,1,5569,4034,15828,14649,17084,14932,14932,1554,8251,12753,8251,12753,2900,1,18:42,2020,2021
2020-21,1629650,Moses Brown,Moses,1610612760,OKC,Oklahoma City Thunder,22000963,2021-05-01T00:00:00,OKC vs. IND,L,17.9,82.3,85.4,85.4,144.0,147.5,147.5,-61.7,-62.1,-62.1,0.0,0.0,0.0,0.172,0.2,0.179,0.091,0.08800000000000001,0.0077800000000000005,0.00775,0.212,0.224,111.82,108.5,90.42,108.5,0.153,41,7,9,7.0,9.0,0.778,1,11623,11623,11623,15652,20767,20164,20164,21816,22064,22064,22188,22119,22119,16819,11715,16819,884,5063,2086,12713,12745,3221,3596,7963,7320,1566,3318,3318,4797,3206,8309,3206,8309,1717,1,17:55,2020,2021
2020-21,1629004,Svi Mykhailiuk,Svi,1610612760,OKC,Oklahoma City Thunder,22000963,2021-05-01T00:00:00,OKC vs. IND,L,19.7,91.2,90.9,90.9,147.5,147.7,147.7,-56.2,-56.8,-56.8,0.154,1.0,11.8,0.0,0.071,0.021,0.11800000000000001,0.115,0.00462,0.00484,0.268,0.282,106.93,107.03,89.19,107.03,0.029,44,4,13,4.0,13.0,0.308,1,11623,11623,11623,14384,18839,18842,18842,22079,22076,22076,21994,21946,21946,8323,6835,13091,11150,16224,19872,15144,15121,13592,14587,3466,3161,4396,4382,4380,17986,8251,4300,8251,4300,16796,1,19:44,2020,2021
2020-21,1629718,Charlie Brown Jr.,Charlie,1610612760,OKC,Oklahoma City Thunder,22000963,2021-05-01T00:00:00,OKC vs. IND,L,26.9,84.6,84.4,84.4,130.7,130.2,130.2,-46.2,-45.8,-45.8,0.111,0.67,13.3,0.021,0.235,0.078,0.2,0.2,0.004,0.004,0.163,0.171,112.78,113.17,94.31,113.17,0.019,64,3,10,3.0,10.0,0.3,1,11623,11623,11623,8919,20389,20351,20351,19837,19697,19697,21483,21382,21382,10979,9817,12104,11077,3519,11313,19585,19665,15280,16675,13377,12839,1266,1365,1365,18716,10694,7133,10694,7133,16897,1,26:56,2020,2021
2020-21,1628396,Tony Bradley,Tony,1610612760,OKC,Oklahoma City Thunder,22000963,2021-05-01T00:00:00,OKC vs. IND,L,23.5,88.4,87.9,87.9,131.8,130.4,130.4,-43.4,-42.4,-42.4,0.133,1.0,13.3,0.086,0.294,0.154,0.133,0.13699999999999998,0.00625,0.00611,0.191,0.189,115.67,116.57,97.14,116.57,0.116,58,5,8,5.0,8.0,0.625,1,11623,11623,11623,11582,19558,19627,19627,20085,19745,19745,21268,21085,21085,9603,6835,12104,3711,1693,3241,16295,16652,7026,8970,10059,10844,717,801,801,8409,6152,9686,6152,9686,4319,1,23:28,2020,2021
2020-21,1629676,Isaiah Roby,Isaiah,1610612760,OKC,Oklahoma City Thunder,22000963,2021-05-01T00:00:00,OKC vs. IND,L,23.0,65.5,69.8,69.8,141.5,143.4,143.4,-76.0,-73.6,-73.6,0.143,2.0,18.2,0.049,0.231,0.093,0.091,0.091,0.00125,0.00125,0.132,0.135,115.2,110.77,92.31,110.77,0.0,53,1,8,1.0,8.0,0.125,1,11623,11623,11623,11993,22173,21858,21858,21571,21794,21794,22478,22424,22424,8804,3550,9055,6960,3670,9151,12713,12875,19781,20370,16619,16738,779,2118,2160,19529,16702,9686,16702,9686,19716,1,22:58,2020,2021
2020-21,1630177,Theo Maledon,Theo,1610612760,OKC,Oklahoma City Thunder,22000963,2021-05-01T00:00:00,OKC vs. IND,L,24.5,69.4,75.0,75.0,145.8,150.0,150.0,-76.4,-75.0,-75.0,0.133,2.0,11.1,0.023,0.0,0.018,0.055999999999999994,0.055,0.00179,0.00261,0.225,0.231,115.87,109.86,91.55,109.86,-0.038,56,2,14,2.0,14.0,0.143,1,11623,11623,11623,10817,21962,21435,21435,21983,22151,22151,22482,22441,22443,9603,3550,13295,10915,19725,20153,9885,9919,19518,19262,6672,6655,692,2562,2565,21624,13638,3568,13638,3568,19554,1,24:28,2020,2021
2020-21,1629658,Jaylen Hoard,Jaylen,1610612760,OKC,Oklahoma City Thunder,22000963,2021-05-01T00:00:00,OKC vs. IND,L,13.0,91.8,87.1,87.1,97.4,96.7,96.7,-5.6,-9.6,-9.6,0.111,1.0,16.7,0.048,0.077,0.059,0.16699999999999998,0.17,0.00333,0.0025800000000000003,0.139,0.146,109.54,112.95,94.12,112.95,0.01,31,1,3,1.0,3.0,0.333,1,11623,11623,11623,18491,18704,19807,19807,5688,5303,5303,13322,14720,14720,10979,6835,9667,7005,15691,14421,18107,18793,16814,19274,15925,15580,2549,1419,1419,19236,16702,17566,16702,17566,15094,1,12:58,2020,2021
2020-21,1630221,Josh Hall,Josh,1610612760,OKC,Oklahoma City Thunder,22000963,2021-05-01T00:00:00,OKC vs. IND,L,24.0,99.9,98.1,98.1,120.6,120.8,120.8,-20.6,-22.6,-22.6,0.222,4.0,26.7,0.056,0.105,0.073,0.067,0.068,0.00375,0.00359,0.167,0.168,106.34,107.22,89.35,107.22,0.059,54,3,8,3.0,8.0,0.375,1,11623,11623,11623,11216,15887,16653,16653,16640,16618,16618,17841,18239,18239,5155,1080,4914,6043,12971,12207,10695,10971,15925,17695,12634,13220,4968,4228,4228,15088,10694,9686,10694,9686,14155,1,23:57,2020,2021
2020-21,1629647,Darius Bazley,Darius,1610612760,OKC,Oklahoma City Thunder,22000963,2021-05-01T00:00:00,OKC vs. IND,L,24.6,78.2,82.8,82.8,154.8,157.1,157.1,-76.6,-74.4,-74.4,0.133,2.0,9.5,0.023,0.231,0.071,0.048,0.048,0.00265,0.0028000000000000004,0.26,0.264,115.43,111.29,92.75,111.29,0.004,58,4,17,4.0,17.0,0.235,1,11623,11623,11623,10730,21295,20626,20626,22410,22516,22516,22486,22437,22437,9603,3550,14510,10915,3670,12311,9447,9523,18425,19119,3918,4133,754,1958,1958,19513,8251,1960,8251,1960,18520,1,24:35,2020,2021
2020-21,1629026,Kenrich Williams,Kenrich,1610612760,OKC,Oklahoma City Thunder,22000963,2021-05-01T00:00:00,OKC vs. IND,L,19.2,85.0,87.0,87.0,154.9,154.3,154.3,-69.9,-67.4,-67.4,0.308,0.0,30.8,0.0,0.077,0.022,0.0,0.0,0.00444,0.00444,0.158,0.16,116.45,115.3,96.08,115.3,0.08,46,4,9,4.0,9.0,0.444,1,11623,11623,11623,14808,20317,19824,19824,22412,22451,22451,22378,22291,22292,2743,11715,3545,11150,15691,19811,1,1,14047,15495,13800,14061,605,974,974,12692,8251,8309,8251,8309,11399,1,19:09,2020,2021
2020-21,1630466,Gabriel Deck,Gabriel,1610612760,OKC,Oklahoma City Thunder,22000963,2021-05-01T00:00:00,OKC vs. IND,L,23.9,87.7,85.7,85.7,129.2,127.8,127.8,-41.5,-42.1,-42.1,0.133,2.0,12.5,0.132,0.294,0.182,0.063,0.063,0.00333,0.00311,0.203,0.211,108.72,110.61,92.18,110.61,0.061,56,4,12,4.0,12.0,0.333,1,11623,11623,11623,11283,19722,20049,20049,19495,19032,19032,21091,21057,21057,9603,3550,12419,1769,1693,1986,10363,10529,16814,18701,8830,8585,3048,2235,2235,14883,8251,5097,8251,5097,15094,1,23:52,2020,2021
2020-21,1629718,Charlie Brown Jr.,Charlie,1610612760,OKC,Oklahoma City Thunder,22000947,2021-04-29T00:00:00,OKC vs. NOP,L,9.3,105.6,100.0,100.0,110.7,104.8,104.8,-5.0,-4.8,-4.8,0.0,0.0,0.0,0.0,0.2,0.091,0.0,0.0,0.002,0.002,0.208,0.229,102.13,107.88,89.9,107.88,0.013,21,1,5,1.0,5.0,0.2,1,11623,11623,11623,19828,13129,15193,15193,12015,8903,8903,13097,13068,13076,16819,11715,16819,11150,5063,9243,1,1,19207,19922,8279,6918,10333,3750,3750,19120,16702,14368,16702,14368,18781,1,9:21,2020,2021
2020-21,1630466,Gabriel Deck,Gabriel,1610612760,OKC,Oklahoma City Thunder,22000947,2021-04-29T00:00:00,OKC vs. NOP,L,14.6,102.4,100.0,100.0,99.4,97.1,97.1,3.0,2.9,2.9,0.182,2.0,25.0,0.067,0.048,0.056,0.125,0.125,0.002,0.002,0.162,0.17,109.28,111.91,93.26,111.91,-0.026,34,1,5,1.0,5.0,0.2,1,11623,11623,11623,17703,14630,15193,15193,6501,5416,5416,10047,10108,10109,6847,3550,5205,4981,18319,14969,15469,15631,19207,19922,13390,12953,2703,1731,1731,21347,16702,14368,16702,14368,18781,1,14:35,2020,2021
2020-21,1629650,Moses Brown,Moses,1610612760,OKC,Oklahoma City Thunder,22000947,2021-04-29T00:00:00,OKC vs. NOP,L,32.2,86.6,88.6,88.6,98.3,95.8,95.8,-11.8,-7.3,-7.3,0.05,0.33,10.0,0.098,0.368,0.228,0.3,0.304,0.004,0.00425,0.113,0.11,105.51,105.69,88.07,105.69,0.126,70,2,5,2.0,5.0,0.4,1,11623,11623,11623,4900,19983,19472,19472,6058,5017,5017,15402,13944,13944,15639,11241,14007,3075,671,857,21740,21810,15280,16085,18589,19067,5937,5573,5573,7310,13638,14368,13638,14368,12966,1,32:15,2020,2021
2020-21,1629660,Ty Jerome,Ty,1610612760,OKC,Oklahoma City Thunder,22000947,2021-04-29T00:00:00,OKC vs. NOP,L,18.9,88.5,86.4,86.4,111.2,108.9,108.9,-22.7,-22.5,-22.5,0.364,1.33,40.0,0.0,0.083,0.043,0.3,0.3,0.008329999999999999,0.008329999999999999,0.125,0.131,110.33,112.82,94.01,112.82,0.087,44,2,3,2.0,3.0,0.667,1,11623,11623,11623,14978,19538,19954,19954,12246,10938,10938,18282,18217,18218,1663,6412,1460,11150,15066,16989,21740,21767,2318,2498,17231,17208,2131,1455,1455,11892,13638,17566,13638,17566,2900,1,18:56,2020,2021
2020-21,1630197,Aleksej Pokusevski,Aleksej,1610612760,OKC,Oklahoma City Thunder,22000947,2021-04-29T00:00:00,OKC vs. NOP,L,27.6,89.3,91.8,91.8,89.9,88.3,88.3,-0.6,3.5,3.5,0.059,0.0,5.6,0.081,0.171,0.125,0.0,0.0,0.00188,0.0023699999999999997,0.239,0.235,105.87,105.28,87.73,105.28,0.03,61,3,16,3.0,16.0,0.188,1,11623,11623,11623,8446,19314,18631,18631,3305,2964,2964,11486,9925,9925,14895,11715,16432,4014,7138,5315,1,1,19470,19711,5515,6358,5497,5990,5990,17925,10694,2412,10694,2412,19259,1,27:35,2020,2021
2020-21,1630221,Josh Hall,Josh,1610612760,OKC,Oklahoma City Thunder,22000947,2021-04-29T00:00:00,OKC vs. NOP,L,7.0,60.8,62.5,62.5,127.9,133.3,133.3,-67.1,-70.8,-70.8,0.0,0.0,0.0,0.0,0.0,0.0,1.0,1.0,0.0,0.0,0.059,0.057,120.97,116.85,97.37,116.85,-0.06,16,0,0,0.0,0.0,0.0,1,11623,11623,11623,20491,22301,22176,22176,19127,20304,20304,22316,22366,22366,16819,11715,16819,11150,19725,20503,22928,22930,19893,20448,21606,21729,294,765,765,22041,19893,21894,19893,21894,19893,1,6:59,2020,2021
2020-21,1629004,Svi Mykhailiuk,Svi,1610612760,OKC,Oklahoma City Thunder,22000947,2021-04-29T00:00:00,OKC vs. NOP,L,18.1,95.2,90.7,90.7,114.4,111.9,111.9,-19.2,-21.2,-21.2,0.0,0.0,0.0,0.0,0.045,0.024,0.0,0.0,0.00714,0.0076100000000000004,0.174,0.183,108.98,112.92,94.1,112.92,0.132,43,4,7,4.0,7.0,0.571,1,11623,11623,11623,15554,17651,18932,18932,13858,12447,12447,17487,17916,17916,16819,11715,16819,11150,18452,19534,1,1,4629,3864,11995,11521,2897,1429,1430,6647,8251,11165,8251,11165,5826,1,18:04,2020,2021
2020-21,1629676,Isaiah Roby,Isaiah,1610612760,OKC,Oklahoma City Thunder,22000947,2021-04-29T00:00:00,OKC vs. NOP,L,15.8,91.2,89.2,89.2,110.5,108.1,108.1,-19.3,-18.9,-18.9,0.286,1.0,15.4,0.125,0.333,0.243,0.154,0.149,0.006670000000000001,0.006889999999999999,0.268,0.292,110.3,112.74,93.95,112.74,0.275,37,5,9,5.0,9.0,0.556,1,11623,11623,11623,17027,18863,19317,19317,11936,10521,10521,17512,17406,17411,3200,6835,10765,1882,906,650,17624,17552,5569,6035,3434,2646,2145,1474,1474,523,6152,8309,6152,8309,6415,1,15:45,2020,2021
2020-21,1629652,Luguentz Dort,Luguentz,1610612760,OKC,Oklahoma City Thunder,22000947,2021-04-29T00:00:00,OKC vs. NOP,L,33.0,87.0,88.9,88.9,97.2,95.9,95.9,-10.2,-7.0,-7.0,0.056,0.33,5.6,0.0,0.075,0.037,0.16699999999999998,0.16899999999999998,0.005829999999999999,0.00618,0.205,0.2,105.9,105.43,87.86,105.43,0.058,72,5,12,5.0,12.0,0.417,1,11623,11623,11623,4338,19898,19352,19352,5585,5051,5051,14922,13857,13857,15157,11241,16432,11150,16012,17935,18107,18767,8598,8649,8646,9655,5469,5852,5852,15240,6152,5097,6152,5097,12627,1,33:00,2020,2021
2020-21,1630177,Theo Maledon,Theo,1610612760,OKC,Oklahoma City Thunder,22000947,2021-04-29T00:00:00,OKC vs. NOP,L,31.9,82.0,84.1,84.1,95.3,93.0,93.0,-13.3,-8.9,-8.9,0.25,1.0,19.0,0.0,0.026,0.013,0.19,0.184,0.005,0.005809999999999999,0.213,0.22,105.49,105.49,87.91,105.49,0.083,69,5,12,5.0,12.0,0.417,1,11623,11623,11623,5173,20797,20405,20405,4888,4163,4163,15844,14516,14516,4026,6835,8766,11150,19634,20475,19516,19305,10646,10067,7890,7738,5954,5788,5787,12303,6152,5097,6152,5097,12627,1,31:51,2020,2021
2020-21,1629647,Darius Bazley,Darius,1610612760,OKC,Oklahoma City Thunder,22000947,2021-04-29T00:00:00,OKC vs. NOP,L,31.7,84.8,87.0,87.0,105.6,104.3,104.3,-20.8,-17.4,-17.4,0.188,0.6,12.0,0.053,0.111,0.081,0.2,0.198,0.004,0.00436,0.278,0.278,105.31,104.64,87.2,104.64,0.046,69,6,15,6.0,15.0,0.4,1,11623,11623,11623,5311,20331,19824,19824,9406,8705,8705,17865,17044,17047,6634,10145,13046,6380,12294,10832,19585,19660,15280,15769,2922,3314,6166,6690,6690,16469,4526,2946,4526,2946,12966,1,31:39,2020,2021
2020-21,1629026,Kenrich Williams,Kenrich,1610612760,OKC,Oklahoma City Thunder,22000927,2021-04-27T00:00:00,OKC @ BOS,W,23.6,92.3,96.4,96.4,108.4,110.3,110.3,-16.1,-13.9,-13.9,0.067,0.5,11.1,0.1,0.077,0.087,0.222,0.225,0.006,0.0068000000000000005,0.129,0.128,119.62,116.04,96.7,116.04,0.078,56,3,5,3.0,5.0,0.6,1,1,1,1,11503,18546,17240,17240,10839,11638,11638,16698,16042,16042,14289,10215,13295,2837,15691,9867,20407,20626,7872,6256,16949,17435,351,870,870,12839,10694,14368,10694,14368,4810,1,23:35,2020,2021
2020-21,1629650,Moses Brown,Moses,1610612760,OKC,Oklahoma City Thunder,22000927,2021-04-27T00:00:00,OKC @ BOS,W,12.1,102.5,96.7,96.7,94.5,90.3,90.3,8.1,6.3,6.3,0.0,0.0,0.0,0.2,0.2,0.2,0.16699999999999998,0.17,0.0075,0.008199999999999999,0.171,0.177,115.2,121.33,101.1,121.33,0.221,30,3,4,3.0,4.0,0.75,1,1,1,1,18857,14563,17184,17184,4622,3400,3400,8264,8886,8887,16819,11715,16819,515,5063,1349,18107,18793,3445,2783,12252,12262,781,471,471,1318,10694,15987,10694,15987,1826,1,12:04,2020,2021
2020-21,1628396,Tony Bradley,Tony,1610612760,OKC,Oklahoma City Thunder,22000927,2021-04-27T00:00:00,OKC @ BOS,W,12.7,115.2,117.9,117.9,115.8,110.3,110.3,-0.6,7.5,7.5,0.091,1.0,16.7,0.083,0.091,0.087,0.16699999999999998,0.174,0.005,0.00532,0.156,0.155,106.59,107.96,89.96,107.96,0.028,28,1,2,1.0,2.0,0.5,1,1,1,1,18606,8393,7357,7357,14509,11638,11638,11465,8462,8462,12406,6835,9667,3754,14301,9867,18107,18955,10646,11910,14012,14568,4713,3710,3710,18069,16702,19102,16702,19102,7582,1,12:40,2020,2021
2020-21,1629004,Svi Mykhailiuk,Svi,1610612760,OKC,Oklahoma City Thunder,22000927,2021-04-27T00:00:00,OKC @ BOS,W,18.4,94.3,100.0,100.0,93.7,95.1,95.1,0.7,4.9,4.9,0.333,0.0,33.3,0.0,0.211,0.105,0.0,0.0,0.00375,0.00375,0.174,0.176,109.45,105.49,87.91,105.49,0.155,40,2,8,2.0,8.0,0.25,1,1,1,1,15328,17944,15193,15193,4367,4814,4814,10900,9417,9417,1999,11715,2412,11150,4688,7518,1,1,15925,17266,11995,12323,2593,5795,5795,4578,13638,9686,13638,9686,17720,1,18:26,2020,2021
2020-21,1630197,Aleksej Pokusevski,Aleksej,1610612760,OKC,Oklahoma City Thunder,22000927,2021-04-27T00:00:00,OKC @ BOS,W,27.0,109.3,104.8,104.8,90.2,88.7,88.7,19.1,16.1,16.1,0.25,2.0,22.2,0.038,0.143,0.098,0.111,0.111,0.005,0.005,0.2,0.208,107.69,110.95,92.46,110.95,0.093,63,5,12,5.0,12.0,0.417,1,1,1,1,8845,11276,13576,13576,3403,3029,3029,4974,5775,5775,4026,3550,6856,8226,9197,8420,14407,14566,10646,13141,8922,8934,3758,2076,2076,11126,6152,5097,6152,5097,12627,1,27:02,2020,2021
2020-21,1629676,Isaiah Roby,Isaiah,1610612760,OKC,Oklahoma City Thunder,22000927,2021-04-27T00:00:00,OKC @ BOS,W,26.9,106.3,107.8,107.8,102.0,100.0,100.0,4.3,7.8,7.8,0.053,0.33,7.7,0.0,0.219,0.13,0.231,0.235,0.00786,0.00856,0.171,0.171,114.61,114.93,95.77,114.93,0.152,64,5,7,5.0,7.0,0.714,1,1,1,1,8916,12804,12163,12163,7753,6113,6113,9573,8366,8366,15400,11241,15426,11150,4300,5044,20663,20780,3098,2275,12252,12933,875,1032,1032,4861,6152,11165,6152,11165,2429,1,26:56,2020,2021
2020-21,1629660,Ty Jerome,Ty,1610612760,OKC,Oklahoma City Thunder,22000927,2021-04-27T00:00:00,OKC @ BOS,W,23.8,102.1,105.6,105.6,107.2,105.6,105.6,-5.1,0.0,0.0,0.2,0.75,17.6,0.0,0.167,0.089,0.235,0.22899999999999998,0.0075,0.00718,0.237,0.25,109.98,108.97,90.81,108.97,0.107,54,6,10,6.0,10.0,0.6,1,1,1,1,11340,14768,13202,13202,10216,9286,9286,13144,11088,11088,5900,9685,9414,11150,7229,9646,20752,20695,3445,5156,5658,5241,2314,3057,3057,9449,4526,7133,4526,7133,4810,1,23:47,2020,2021
2020-21,1629652,Luguentz Dort,Luguentz,1610612760,OKC,Oklahoma City Thunder,22000927,2021-04-27T00:00:00,OKC @ BOS,W,34.9,103.5,102.4,102.4,97.9,97.7,97.7,5.6,4.7,4.7,0.091,0.67,8.0,0.029,0.064,0.049,0.12,0.121,0.00464,0.00609,0.245,0.247,116.93,117.71,98.09,117.71,0.077,85,5,14,5.0,14.0,0.357,1,1,1,1,2995,14146,14726,14726,5865,5646,5646,9120,9491,9491,12406,9817,15390,9826,17077,16099,15358,15512,13535,9019,5132,5457,548,681,681,12969,6152,3568,6152,3568,14900,1,34:52,2020,2021
2020-21,1630177,Theo Maledon,Theo,1610612760,OKC,Oklahoma City Thunder,22000927,2021-04-27T00:00:00,OKC @ BOS,W,22.9,112.2,108.8,108.8,102.2,103.5,103.5,10.0,5.3,5.3,0.278,1.0,31.3,0.0,0.103,0.06,0.313,0.317,0.0025,0.00521,0.172,0.173,118.37,119.46,99.55,119.46,0.072,57,1,4,1.0,4.0,0.25,1,1,1,1,12039,9818,11723,11723,7857,8357,8357,7594,9266,9267,3477,6835,3457,11150,13183,14304,21846,21886,18441,12240,12213,12675,432,559,559,13609,16702,15987,16702,15987,17720,1,22:54,2020,2021
2020-21,1629647,Darius Bazley,Darius,1610612760,OKC,Oklahoma City Thunder,22000927,2021-04-27T00:00:00,OKC @ BOS,W,37.7,107.7,107.7,107.7,101.5,100.0,100.0,6.3,7.7,7.7,0.182,0.67,14.3,0.057,0.17,0.122,0.214,0.217,0.006,0.0059499999999999996,0.238,0.236,115.57,116.43,97.03,116.43,0.095,91,8,15,8.0,15.0,0.533,1,1,1,1,1228,12084,12190,12190,7484,6113,6113,8871,8393,8393,6847,9817,11222,5957,7222,5793,20280,20407,7872,9539,5636,6271,734,816,816,10809,2196,2946,2196,2946,7229,1,37:43,2020,2021
2020-21,1629026,Kenrich Williams,Kenrich,1610612760,OKC,Oklahoma City Thunder,22000918,2021-04-26T00:00:00,OKC @ PHI,L,26.1,72.2,73.7,73.7,125.4,126.3,126.3,-53.3,-52.6,-52.6,0.25,0.8,26.7,0.043,0.167,0.098,0.33299999999999996,0.336,0.008,0.0068000000000000005,0.167,0.169,106.43,104.96,87.47,104.96,0.061,57,4,5,4.0,5.0,0.8,1,11623,11623,11623,9593,21788,21591,21591,18383,18619,18619,21874,21787,21789,4026,9631,4914,7524,7229,8495,21864,22250,2800,6256,12634,13076,4882,6331,6331,14883,8251,14368,8251,14368,1469,1,26:04,2020,2021
2020-21,1629660,Ty Jerome,Ty,1610612760,OKC,Oklahoma City Thunder,22000918,2021-04-26T00:00:00,OKC @ PHI,L,31.0,85.5,87.9,87.9,107.8,110.6,110.6,-22.3,-22.7,-22.7,0.167,2.0,12.5,0.0,0.065,0.031,0.063,0.063,0.008329999999999999,0.008539999999999999,0.179,0.186,104.98,102.25,85.21,102.25,0.203,66,8,12,8.0,12.0,0.667,1,11623,11623,11623,5831,20204,19640,19640,10527,11769,11769,18171,18268,18268,7471,3550,12419,11150,16977,18807,10363,10529,2318,2289,11385,11302,6578,9755,9761,1880,2196,5097,2196,5097,2900,1,30:59,2020,2021
2020-21,1629647,Darius Bazley,Darius,1610612760,OKC,Oklahoma City Thunder,22000918,2021-04-26T00:00:00,OKC @ PHI,L,30.8,79.0,80.3,80.3,129.5,130.3,130.3,-50.5,-50.0,-50.0,0.111,0.5,11.1,0.037,0.286,0.146,0.222,0.218,0.00545,0.005679999999999999,0.208,0.217,104.18,103.02,85.85,103.02,0.072,66,6,11,6.0,11.0,0.545,1,11623,11623,11623,6002,21205,20928,20928,19560,19727,19727,21754,21672,21596,10979,10215,13295,8455,1822,3802,20407,20428,9974,10697,8362,7973,7532,8694,8694,13601,4526,6027,4526,6027,6794,1,30:45,2020,2021
2020-21,1629650,Moses Brown,Moses,1610612760,OKC,Oklahoma City Thunder,22000918,2021-04-26T00:00:00,OKC @ PHI,L,27.3,98.8,96.8,96.8,123.6,123.7,123.7,-24.7,-27.0,-27.0,0.05,0.33,7.7,0.143,0.278,0.205,0.231,0.233,0.00625,0.00619,0.174,0.181,105.27,106.33,88.61,106.33,0.083,62,5,8,5.0,8.0,0.625,1,11623,11623,11623,8643,16291,17149,17149,17756,17742,17742,18710,19116,19116,15639,11241,15426,1378,2086,1280,20663,20752,7026,8582,11995,11818,6204,4961,4961,12326,6152,9686,6152,9686,4319,1,27:19,2020,2021
2020-21,1629004,Svi Mykhailiuk,Svi,1610612760,OKC,Oklahoma City Thunder,22000918,2021-04-26T00:00:00,OKC @ PHI,L,24.5,85.8,88.9,88.9,105.7,107.7,107.7,-19.9,-18.8,-18.8,0.0,0.0,0.0,0.0,0.077,0.035,0.5,0.5,0.002,0.002,0.154,0.164,106.78,103.96,86.63,103.96,-0.062,54,1,5,1.0,5.0,0.2,1,11623,11623,11623,10814,20136,19352,19352,9463,10306,10306,17660,17378,17379,16819,11715,16819,11150,15691,18215,22574,22586,19207,19922,14208,13666,4545,7549,7549,22068,16702,14368,16702,14368,18781,1,24:28,2020,2021
2020-21,1629658,Jaylen Hoard,Jaylen,1610612760,OKC,Oklahoma City Thunder,22000918,2021-04-26T00:00:00,OKC @ PHI,L,15.8,80.2,88.2,88.2,90.1,91.4,91.4,-9.9,-3.2,-3.2,0.111,0.0,12.5,0.125,0.05,0.091,0.0,0.0,0.002,0.00222,0.159,0.159,110.55,104.61,87.18,104.61,-0.037,34,1,5,1.0,5.0,0.2,1,11623,11623,11623,16982,21056,19555,19555,3370,3688,3688,14817,12483,12483,10979,11715,12419,1882,18144,9243,1,1,19207,19780,13712,14163,2044,6732,6732,21595,16702,14368,16702,14368,18781,1,15:50,2020,2021
2020-21,1629718,Charlie Brown Jr.,Charlie,1610612760,OKC,Oklahoma City Thunder,22000918,2021-04-26T00:00:00,OKC @ PHI,L,11.5,102.5,100.0,100.0,84.6,85.2,85.2,18.0,14.8,14.8,0.0,0.0,0.0,0.0,0.0,0.0,0.0,0.0,0.00375,0.00512,0.156,0.167,115.42,116.5,97.08,116.5,0.074,29,1,4,1.0,4.0,0.25,1,11623,11623,11623,19109,14563,15193,15193,2244,2336,2336,5256,6125,6123,16819,11715,16819,11150,19725,20503,1,1,15925,12547,14012,13380,757,811,811,13386,16702,15987,16702,15987,17720,1,11:32,2020,2021
2020-21,1630177,Theo Maledon,Theo,1610612760,OKC,Oklahoma City Thunder,22000918,2021-04-26T00:00:00,OKC @ PHI,L,22.2,85.6,85.7,85.7,122.7,120.4,120.4,-37.1,-34.7,-34.7,0.133,0.4,12.5,0.0,0.083,0.03,0.313,0.315,0.00563,0.00563,0.246,0.252,104.96,105.87,88.22,105.87,0.042,49,4,8,4.0,8.0,0.5,1,11623,11623,11623,12522,20195,20049,20049,17462,16505,16505,20631,20293,20293,9603,11201,12419,11150,15066,18840,21846,21877,9382,10819,5074,5006,6604,5401,5401,16825,8251,9686,8251,9686,7582,1,22:13,2020,2021
2020-21,1630197,Aleksej Pokusevski,Aleksej,1610612760,OKC,Oklahoma City Thunder,22000918,2021-04-26T00:00:00,OKC @ PHI,L,29.6,84.7,85.9,85.9,128.9,129.7,129.7,-44.2,-43.8,-43.8,0.25,1.0,22.7,0.0,0.087,0.041,0.22699999999999998,0.22899999999999998,0.00318,0.00337,0.233,0.238,104.77,103.67,86.39,103.67,0.016,64,3,11,3.0,11.0,0.273,1,11623,11623,11623,6862,20370,20041,20041,19400,19561,19561,21327,21199,21200,4026,6835,6772,11150,14797,17453,20647,20692,17634,18080,6019,6167,6830,7886,7886,18908,10694,6027,10694,6027,17532,1,29:38,2020,2021
2020-21,1629676,Isaiah Roby,Isaiah,1610612760,OKC,Oklahoma City Thunder,22000918,2021-04-26T00:00:00,OKC @ PHI,L,21.2,71.5,73.3,73.3,104.7,109.1,109.1,-33.2,-35.8,-35.8,0.5,4.0,25.0,0.103,0.217,0.154,0.063,0.063,0.00222,0.0032500000000000003,0.218,0.225,104.15,100.75,83.96,100.75,0.126,45,2,9,2.0,9.0,0.222,1,11623,11623,11623,13301,21830,21616,21616,8986,11002,11002,20143,20423,20423,375,1080,5205,2778,4348,3241,10363,10614,19048,18522,7334,7183,7572,12028,12028,7321,13638,8309,13638,8309,18584,1,21:12,2020,2021
2020-21,1629652,Luguentz Dort,Luguentz,1610612760,OKC,Oklahoma City Thunder,22000902,2021-04-23T00:00:00,OKC vs. WAS,L,34.6,101.6,104.0,104.0,124.2,128.0,128.0,-22.7,-24.0,-24.0,0.048,1.0,5.0,0.048,0.188,0.108,0.05,0.05,0.00367,0.00498,0.218,0.217,106.77,103.95,86.62,103.95,0.093,75,5,15,5.0,15.0,0.333,1,11623,11623,11623,3141,14977,13939,13939,18003,19104,19104,18274,18514,18514,15835,6835,16597,7005,6008,7237,9568,9605,16390,14382,7324,7977,4550,7561,7561,11075,6152,2946,6152,2946,15094,1,34:38,2020,2021
2020-21,1629660,Ty Jerome,Ty,1610612760,OKC,Oklahoma City Thunder,22000902,2021-04-23T00:00:00,OKC vs. WAS,L,19.1,91.2,93.2,93.2,107.7,106.8,106.8,-16.5,-13.6,-13.6,0.308,4.0,33.3,0.0,0.167,0.073,0.083,0.083,0.005,0.005,0.157,0.16,111.5,110.74,92.28,110.74,0.108,44,3,7,3.0,7.0,0.429,1,11623,11623,11623,14876,18853,18252,18252,10464,9895,9895,16814,15957,15963,2743,1080,2412,11150,7229,12124,12082,12206,10646,13141,13960,14090,1668,2189,2189,9311,10694,11165,10694,11165,11933,1,19:04,2020,2021
2020-21,1628396,Tony Bradley,Tony,1610612760,OKC,Oklahoma City Thunder,22000902,2021-04-23T00:00:00,OKC vs. WAS,L,11.3,78.5,77.8,77.8,102.1,100.0,100.0,-23.6,-22.2,-22.2,0.0,0.0,0.0,0.071,0.222,0.13,0.33299999999999996,0.33299999999999996,0.005,0.005,0.188,0.195,113.33,115.03,95.86,115.03,0.061,27,2,4,2.0,4.0,0.5,1,11623,11623,11623,19204,21264,21225,21225,7811,6113,6113,18481,18140,18155,16819,11715,16819,4609,4029,4934,21864,21909,10646,13141,10430,10251,1121,1020,1020,14888,13638,15987,13638,15987,7582,1,11:16,2020,2021
2020-21,1629658,Jaylen Hoard,Jaylen,1610612760,OKC,Oklahoma City Thunder,22000902,2021-04-23T00:00:00,OKC vs. WAS,L,1.4,0.0,0.0,0.0,166.7,125.0,125.0,-166.7,-125.0,-125.0,0.0,0.0,0.0,0.0,0.5,0.25,0.0,0.0,0.0,0.0,0.25,0.5,88.67,141.87,118.23,141.87,0.0,4,0,1,0.0,1.0,0.0,1,11623,11623,11623,22696,22794,22793,22793,22666,18099,18099,22945,22849,22849,16819,11715,16819,11150,107,485,1,1,19893,20448,4441,62,22289,122,122,19529,19893,20551,19893,20551,19893,1,1:21,2020,2021
2020-21,1629676,Isaiah Roby,Isaiah,1610612760,OKC,Oklahoma City Thunder,22000902,2021-04-23T00:00:00,OKC vs. WAS,L,28.9,115.7,114.5,114.5,119.3,117.7,117.7,-3.6,-3.2,-3.2,0.133,0.67,9.5,0.094,0.156,0.125,0.14300000000000002,0.14,0.0053100000000000005,0.00547,0.268,0.28,101.63,102.82,85.68,102.82,0.136,62,8,16,8.0,16.0,0.5,1,11623,11623,11623,7380,8188,8827,8827,16073,15302,15302,12587,12491,12491,9603,9817,14510,3238,8302,5315,16694,16818,10402,11387,3481,3232,11065,8965,8965,6295,2196,2412,2196,2412,7582,1,28:57,2020,2021
2020-21,1629026,Kenrich Williams,Kenrich,1610612760,OKC,Oklahoma City Thunder,22000902,2021-04-23T00:00:00,OKC vs. WAS,L,24.9,123.5,122.4,122.4,110.4,118.4,118.4,13.0,4.1,4.1,0.053,1.0,12.5,0.048,0.069,0.06,0.125,0.125,0.005,0.005,0.123,0.126,97.3,94.3,78.58,94.3,0.041,49,3,6,3.0,6.0,0.5,1,11623,11623,11623,10486,4910,5400,5400,11900,15553,15553,6712,9714,9714,15400,6835,12419,7005,16564,14304,15469,15631,10646,13141,17647,17683,17059,20146,20146,16855,10694,12753,10694,12753,7582,1,24:57,2020,2021
2020-21,1629620,Justin Robinson,Justin,1610612760,OKC,Oklahoma City Thunder,22000902,2021-04-23T00:00:00,OKC vs. WAS,L,1.1,0.0,0.0,0.0,100.0,66.7,66.7,-100.0,-66.7,-66.7,0.0,0.0,0.0,0.0,0.0,0.0,0.0,0.0,0.0,0.0,0.0,0.0,88.62,110.77,92.31,110.77,0.0,2,0,0,0.0,0.0,0.0,1,11623,11623,11623,22801,22794,22793,22793,6846,684,684,22721,22243,22250,16819,11715,16819,11150,19725,20503,1,1,19893,20448,22211,22211,22299,2118,2119,19529,19893,21894,19893,21894,19893,1,1:05,2020,2021
2020-21,1629004,Svi Mykhailiuk,Svi,1610612760,OKC,Oklahoma City Thunder,22000902,2021-04-23T00:00:00,OKC vs. WAS,L,22.9,106.5,110.2,110.2,109.8,112.2,112.2,-3.4,-2.0,-2.0,0.118,1.0,15.4,0.042,0.04,0.041,0.154,0.154,0.00333,0.00333,0.19,0.191,105.49,102.56,85.47,102.56,0.017,49,3,9,3.0,9.0,0.333,1,11623,11623,11623,12019,12703,10959,10959,11596,12635,12635,12523,12070,12071,10626,6835,10765,7768,18834,17453,17624,17714,16814,18119,10245,10714,5960,9335,9335,18870,10694,8309,10694,8309,15094,1,22:56,2020,2021
2020-21,1630177,Theo Maledon,Theo,1610612760,OKC,Oklahoma City Thunder,22000902,2021-04-23T00:00:00,OKC vs. WAS,L,31.1,100.7,100.0,100.0,126.0,127.5,127.5,-25.3,-27.5,-27.5,0.421,4.0,33.3,0.0,0.067,0.03,0.083,0.083,0.00636,0.0070999999999999995,0.203,0.205,107.51,107.27,89.39,107.27,0.15,70,5,11,5.0,11.0,0.455,1,11623,11623,11623,5746,15366,15193,15193,18558,18972,18972,18835,19228,19228,1021,1080,2412,11150,16720,18840,12082,12202,6860,5408,8878,9224,3906,4190,4190,5038,6152,6027,6152,6027,11074,1,31:06,2020,2021
2020-21,1629647,Darius Bazley,Darius,1610612760,OKC,Oklahoma City Thunder,22000902,2021-04-23T00:00:00,OKC vs. WAS,L,32.4,98.3,96.2,96.2,120.2,120.8,120.8,-21.8,-24.6,-24.6,0.0,0.0,0.0,0.091,0.087,0.09,0.0,0.0,0.00625,0.00644,0.165,0.178,114.73,115.7,96.42,115.7,0.112,79,6,12,6.0,12.0,0.5,1,11623,11623,11623,4816,16459,17324,17324,16477,16633,16633,18089,18623,18623,16819,11715,16819,3313,14797,9555,1,1,7026,7538,13127,12158,861,929,929,8893,4526,5097,4526,5097,7582,1,32:22,2020,2021
2020-21,1629650,Moses Brown,Moses,1610612760,OKC,Oklahoma City Thunder,22000902,2021-04-23T00:00:00,OKC vs. WAS,L,6.8,100.7,94.4,94.4,139.2,138.9,138.9,-38.5,-44.4,-44.4,0.0,0.0,0.0,0.125,0.0,0.091,0.0,0.0,0.005,0.005,0.1,0.106,122.39,126.47,105.39,126.47,-0.031,18,1,2,1.0,2.0,0.5,1,11623,11623,11623,20546,15376,17872,17872,21309,21322,21322,20797,21264,21270,16819,11715,16819,1882,19725,9243,1,1,10646,13141,19497,19350,243,298,298,21441,16702,19102,16702,19102,7582,1,6:50,2020,2021
2020-21,1630197,Aleksej Pokusevski,Aleksej,1610612760,OKC,Oklahoma City Thunder,22000902,2021-04-23T00:00:00,OKC vs. WAS,L,25.5,98.0,98.3,98.3,129.2,128.8,128.8,-31.2,-30.5,-30.5,0.0,0.0,0.0,0.031,0.1,0.058,0.267,0.26899999999999996,0.003,0.00368,0.231,0.228,110.19,110.19,91.82,110.19,0.013,58,3,10,3.0,10.0,0.3,1,11623,11623,11623,10075,16587,16611,16611,19477,19344,19344,19867,19714,19714,16819,11715,16819,9476,13367,14697,21411,21442,17843,17555,6146,6935,2200,2400,2400,19077,10694,7133,10694,7133,16897,1,25:29,2020,2021
2020-21,1629026,Kenrich Williams,Kenrich,1610612760,OKC,Oklahoma City Thunder,22000882,2021-04-21T00:00:00,OKC @ IND,L,27.6,102.6,103.0,103.0,112.3,115.6,115.6,-9.7,-12.6,-12.6,0.095,0.67,11.1,0.083,0.133,0.106,0.16699999999999998,0.16399999999999998,0.005829999999999999,0.00563,0.198,0.214,115.9,113.98,94.98,113.98,0.095,67,6,12,6.0,12.0,0.5,1,11623,11623,11623,8446,14560,14411,14411,12775,14293,14293,14747,15684,15684,12196,9817,13295,3754,10236,7475,18107,18211,8598,10809,9450,8320,689,1199,1199,10879,4526,5097,4526,5097,7582,1,27:35,2020,2021
2020-21,1629650,Moses Brown,Moses,1610612760,OKC,Oklahoma City Thunder,22000882,2021-04-21T00:00:00,OKC @ IND,L,16.5,107.8,107.7,107.7,107.8,113.2,113.2,0.0,-5.5,-5.5,0.083,1.0,10.0,0.286,0.227,0.256,0.1,0.092,0.00625,0.00676,0.188,0.21,114.68,112.0,93.33,112.0,0.229,39,5,8,5.0,8.0,0.625,1,11623,11623,11623,16584,12047,12190,12190,10539,13066,13066,11262,13305,13305,12981,6835,14007,152,3865,469,13495,13135,7026,6396,10430,8676,873,1695,1695,1111,6152,9686,6152,9686,4319,1,16:30,2020,2021
2020-21,1629004,Svi Mykhailiuk,Svi,1610612760,OKC,Oklahoma City Thunder,22000882,2021-04-21T00:00:00,OKC @ IND,L,36.2,100.3,103.6,103.6,102.3,102.4,102.4,-2.0,1.2,1.2,0.148,0.8,16.0,0.044,0.159,0.101,0.2,0.2,0.00625,0.00625,0.212,0.215,113.21,111.38,92.82,111.38,0.104,84,9,16,9.0,16.0,0.563,1,11623,11623,11623,2111,15563,14125,14125,7916,7814,7814,12023,10800,10799,8747,9631,10591,7497,8110,8034,19585,19665,7026,8250,7906,8214,1164,1921,1922,9793,1450,2412,1450,2412,6323,1,36:12,2020,2021
2020-21,1630177,Theo Maledon,Theo,1610612760,OKC,Oklahoma City Thunder,22000882,2021-04-21T00:00:00,OKC @ IND,L,36.1,106.6,112.5,112.5,104.3,102.6,102.6,2.4,9.9,9.9,0.2,3.5,35.0,0.0,0.047,0.023,0.1,0.10099999999999999,0.004,0.00414,0.133,0.134,107.23,105.15,87.63,105.15,0.05,80,3,10,3.0,10.0,0.3,1,11623,11623,11623,2204,12602,9793,9793,8787,7892,7892,10282,7629,7629,5900,1744,2333,11150,18436,19698,13495,13898,15280,16421,16607,16907,4110,6122,6122,16071,10694,7133,10694,7133,16897,1,36:04,2020,2021
2020-21,1629658,Jaylen Hoard,Jaylen,1610612760,OKC,Oklahoma City Thunder,22000882,2021-04-21T00:00:00,OKC @ IND,L,13.3,111.3,110.3,110.3,94.9,93.1,93.1,16.3,17.2,17.2,0.0,0.0,0.0,0.071,0.2,0.138,0.16699999999999998,0.16699999999999998,0.008,0.008,0.167,0.173,102.92,104.36,86.97,104.36,0.159,29,4,5,4.0,5.0,0.8,1,11623,11623,11623,18318,10313,10886,10886,4770,4196,4196,5731,5443,5445,16819,11715,16819,4609,5063,4394,18107,18257,2800,3056,12634,12711,9212,7054,7054,4311,8251,14368,8251,14368,1469,1,13:20,2020,2021
2020-21,1630197,Aleksej Pokusevski,Aleksej,1610612760,OKC,Oklahoma City Thunder,22000882,2021-04-21T00:00:00,OKC @ IND,L,5.4,100.0,100.0,100.0,163.6,163.6,163.6,-63.6,-63.6,-63.6,0.25,0.0,25.0,0.143,0.125,0.133,0.0,0.0,0.00333,0.00333,0.214,0.231,102.86,102.86,85.71,102.86,0.072,12,1,3,1.0,3.0,0.333,1,11623,11623,11623,21035,15707,15193,15193,22608,22664,22664,22239,22163,22163,4026,11715,5205,1378,10884,4696,1,1,16814,18119,7627,6712,9301,8869,8882,13574,16702,17566,16702,17566,15094,1,5:22,2020,2021
2020-21,1629620,Justin Robinson,Justin,1610612760,OKC,Oklahoma City Thunder,22000882,2021-04-21T00:00:00,OKC @ IND,L,3.6,94.8,100.0,100.0,239.7,233.3,233.3,-144.9,-133.3,-133.3,0.333,0.0,33.3,0.0,0.0,0.0,0.0,0.0,0.0,0.0,0.154,0.161,114.14,112.81,94.01,112.81,-0.071,8,0,2,0.0,2.0,0.0,1,11623,11623,11623,21718,17797,15193,15193,22986,23001,23001,22896,22889,22874,1999,11715,2412,11150,19725,20503,1,1,19893,20448,14208,14016,958,1457,1457,22180,19893,19102,19893,19102,19893,1,3:37,2020,2021
2020-21,1629676,Isaiah Roby,Isaiah,1610612760,OKC,Oklahoma City Thunder,22000882,2021-04-21T00:00:00,OKC @ IND,L,27.9,106.4,108.3,108.3,122.0,122.8,122.8,-15.5,-14.5,-14.5,0.125,0.0,33.3,0.0,0.103,0.051,0.0,0.0,0.005829999999999999,0.005829999999999999,0.083,0.088,102.1,100.83,84.02,100.83,0.038,60,3,6,3.0,6.0,0.5,1,11623,11623,11623,8247,12723,11909,11909,17152,17414,17414,16557,16194,16194,10010,11715,2412,11150,13183,15852,1,1,8598,9912,20603,20569,10382,11919,11921,17152,10694,12753,10694,12753,7582,1,27:51,2020,2021
2020-21,1629660,Ty Jerome,Ty,1610612760,OKC,Oklahoma City Thunder,22000882,2021-04-21T00:00:00,OKC @ IND,L,21.2,103.0,106.3,106.3,127.6,126.5,126.5,-24.6,-20.3,-20.3,0.294,2.5,31.3,0.0,0.0,0.0,0.125,0.125,0.005,0.005,0.18,0.188,111.08,109.81,91.51,109.81,0.069,48,4,9,4.0,9.0,0.444,1,11623,11623,11623,13301,14389,12870,12870,19024,18686,18686,18683,17728,17728,3064,3052,3457,11150,19725,20503,15469,15631,10646,13141,11305,11015,1823,2587,2587,13957,8251,8309,8251,8309,11399,1,21:12,2020,2021
2020-21,1629647,Darius Bazley,Darius,1610612760,OKC,Oklahoma City Thunder,22000882,2021-04-21T00:00:00,OKC @ IND,L,37.2,104.9,108.3,108.3,102.9,102.4,102.4,2.0,5.9,5.9,0.069,0.67,5.9,0.0,0.2,0.102,0.08800000000000001,0.08800000000000001,0.0038,0.00449,0.32,0.327,108.72,107.22,89.35,107.22,0.092,84,9,25,9.0,25.0,0.36,1,11623,11623,11623,1504,13470,11909,11909,8176,7840,7840,10402,9030,9030,14255,9817,16324,11150,5063,7922,12677,12745,15923,15450,1323,1386,3053,4230,4230,11271,1450,192,1450,192,14893,1,37:09,2020,2021
2020-21,1628396,Tony Bradley,Tony,1610612760,OKC,Oklahoma City Thunder,22000882,2021-04-21T00:00:00,OKC @ IND,L,15.1,105.4,110.0,110.0,142.2,145.2,145.2,-36.9,-35.2,-35.2,0.0,0.0,0.0,0.222,0.235,0.229,0.0,0.0,0.005,0.005,0.205,0.209,99.89,96.78,80.65,96.78,0.129,30,4,8,4.0,8.0,0.5,1,11623,11623,11623,17413,13258,11026,11026,21650,21907,21907,20608,20352,20352,16819,11715,16819,391,3519,838,1,1,10646,13141,8592,8849,13602,17652,17652,7019,8251,9686,8251,9686,7582,1,15:08,2020,2021
2020-21,1629647,Darius Bazley,Darius,1610612760,OKC,Oklahoma City Thunder,22000872,2021-04-19T00:00:00,OKC @ WAS,L,37.9,96.5,96.5,96.5,109.4,112.0,112.0,-12.9,-15.6,-15.6,0.158,3.0,10.7,0.043,0.135,0.083,0.036000000000000004,0.035,0.00395,0.00526,0.258,0.274,107.79,106.52,88.77,106.52,0.116,85,7,19,7.0,19.0,0.368,1,11623,11623,11623,1165,17191,17239,17239,11374,12534,12534,15748,16511,16511,8165,1931,13845,7743,10165,10340,8921,8917,15664,12148,4082,3572,3688,4801,4801,8424,3206,1220,3206,1220,14634,1,37:51,2020,2021
2020-21,1629660,Ty Jerome,Ty,1610612760,OKC,Oklahoma City Thunder,22000872,2021-04-19T00:00:00,OKC @ WAS,L,20.3,104.1,97.8,97.8,89.2,90.9,90.9,14.9,6.9,6.9,0.273,3.0,27.3,0.0,0.185,0.111,0.091,0.092,0.0075,0.00799,0.167,0.174,103.25,105.48,87.9,105.48,0.208,45,3,6,3.0,6.0,0.5,1,11623,11623,11623,14002,13870,16782,16782,3141,3516,3516,6199,8705,8705,3560,1931,4633,11150,6193,6750,12713,13135,3445,3157,12634,12544,8767,5802,5802,1715,10694,12753,10694,12753,7582,1,20:15,2020,2021
2020-21,1630197,Aleksej Pokusevski,Aleksej,1610612760,OKC,Oklahoma City Thunder,22000872,2021-04-19T00:00:00,OKC @ WAS,L,30.0,88.9,89.9,89.9,90.8,91.4,91.4,-1.9,-1.6,-1.6,0.25,0.83,21.7,0.0,0.125,0.058,0.261,0.262,0.00364,0.00337,0.228,0.233,112.02,111.06,92.55,111.06,0.0,69,3,11,3.0,11.0,0.273,1,11623,11623,11623,6539,19416,19173,19173,3558,3688,3688,11974,11923,11923,4026,9609,7294,11150,10884,14660,21391,21403,16412,18080,6459,6516,1492,2041,2041,19529,10694,6027,10694,6027,17532,1,30:02,2020,2021
2020-21,1629650,Moses Brown,Moses,1610612760,OKC,Oklahoma City Thunder,22000872,2021-04-19T00:00:00,OKC @ WAS,L,16.4,82.4,78.0,78.0,112.0,115.0,115.0,-29.6,-37.0,-37.0,0.0,0.0,0.0,0.087,0.308,0.167,0.25,0.25,0.0,0.0,0.083,0.089,117.08,118.66,98.88,118.66,-0.024,41,0,3,0.0,3.0,0.0,1,11623,11623,11623,16667,20762,21216,21216,12631,13986,13986,19608,20548,20548,16819,11715,16819,3610,1456,2489,20812,20887,19893,20448,20603,20508,542,611,611,21299,19893,17566,19893,17566,19893,1,16:23,2020,2021
2020-21,1629620,Justin Robinson,Justin,1610612760,OKC,Oklahoma City Thunder,22000872,2021-04-19T00:00:00,OKC @ WAS,L,10.7,97.0,95.5,95.5,141.9,134.8,134.8,-44.9,-39.3,-39.3,0.0,0.0,0.0,0.0,0.083,0.05,0.5,0.5,0.0,0.0,0.091,0.092,97.24,100.64,83.86,100.64,-0.049,22,0,1,0.0,1.0,0.0,1,11623,11623,11623,19388,16973,17556,17556,21624,20704,20704,21370,20797,20797,16819,11715,16819,11150,15066,15919,22574,22586,19893,20448,20132,20288,17132,12216,12216,21870,19893,20551,19893,20551,19893,1,10:44,2020,2021
2020-21,1629658,Jaylen Hoard,Jaylen,1610612760,OKC,Oklahoma City Thunder,22000872,2021-04-19T00:00:00,OKC @ WAS,L,15.2,125.3,112.1,112.1,119.9,116.7,116.7,5.5,-4.5,-4.5,0.1,1.0,20.0,0.083,0.25,0.188,0.2,0.205,0.01,0.01042,0.118,0.127,92.62,99.38,82.81,99.38,0.153,33,2,2,2.0,2.0,1.0,1,11623,11623,11623,17363,4242,10029,10029,16317,14710,14710,9156,12979,12988,11723,6835,7755,3754,2712,1835,19585,20143,532,567,18092,17544,21035,14136,14136,4787,13638,19102,13638,19102,1,1,15:13,2020,2021
2020-21,1629026,Kenrich Williams,Kenrich,1610612760,OKC,Oklahoma City Thunder,22000872,2021-04-19T00:00:00,OKC @ WAS,L,35.1,108.4,107.7,107.7,118.6,124.4,124.4,-10.2,-16.7,-16.7,0.12,1.5,17.6,0.083,0.114,0.099,0.11800000000000001,0.11900000000000001,0.006,0.00638,0.159,0.163,108.8,106.56,88.8,106.56,0.067,78,5,10,5.0,10.0,0.5,1,11623,11623,11623,2799,11727,12190,12190,15758,17977,17977,14904,16800,16819,10532,5729,9414,3754,12199,8381,15144,15398,7872,7903,13712,13781,2998,4768,4768,14218,6152,7133,6152,7133,7582,1,35:08,2020,2021
2020-21,1629004,Svi Mykhailiuk,Svi,1610612760,OKC,Oklahoma City Thunder,22000872,2021-04-19T00:00:00,OKC @ WAS,L,25.3,119.8,108.9,108.9,117.9,118.5,118.5,1.9,-9.6,-9.6,0.214,3.0,27.3,0.0,0.061,0.038,0.091,0.091,0.00786,0.00786,0.136,0.148,99.66,104.21,86.84,104.21,0.097,56,4,7,4.0,7.0,0.571,1,11623,11623,11623,10178,6330,11656,11656,15473,15608,15608,10431,14726,14726,5508,1931,4633,11150,17292,17866,12713,12875,3098,3392,16250,15341,13920,7222,7232,10642,8251,11165,8251,11165,5826,1,25:20,2020,2021
2020-21,1628396,Tony Bradley,Tony,1610612760,OKC,Oklahoma City Thunder,22000872,2021-04-19T00:00:00,OKC @ WAS,L,19.9,99.1,102.4,102.4,106.1,100.0,100.0,-7.0,2.4,2.4,0.0,0.0,0.0,0.048,0.111,0.077,0.16699999999999998,0.168,0.0077800000000000005,0.008100000000000001,0.255,0.256,104.75,106.25,88.54,106.25,0.149,42,7,9,7.0,9.0,0.778,1,11623,11623,11623,14271,16191,14710,14710,9635,6113,6113,13779,10361,10360,16819,11715,16819,7005,12294,11381,18107,18709,3221,2968,4251,4704,6856,5030,5030,5058,3206,8309,3206,8309,1717,1,19:53,2020,2021
2020-21,1630177,Theo Maledon,Theo,1610612760,OKC,Oklahoma City Thunder,22000872,2021-04-19T00:00:00,OKC @ WAS,L,29.2,105.2,106.2,106.2,118.1,123.4,123.4,-12.9,-17.3,-17.3,0.25,1.67,20.8,0.0,0.25,0.115,0.125,0.126,0.004,0.00441,0.257,0.264,108.98,106.09,88.41,106.09,0.091,65,5,15,5.0,15.0,0.333,1,11623,11623,11623,7195,13336,12936,12936,15535,17636,17636,15727,17025,17025,4026,5502,7641,11150,2712,6468,15469,15932,15280,15652,4141,4173,2898,5180,5180,11327,6152,2946,6152,2946,15094,1,29:11,2020,2021
2020-21,1629650,Moses Brown,Moses,1610612760,OKC,Oklahoma City Thunder,22000865,2021-04-18T00:00:00,OKC @ TOR,L,20.3,74.5,79.1,79.1,113.2,120.5,120.5,-38.7,-41.4,-41.4,0.0,0.0,0.0,0.038,0.103,0.073,0.25,0.25,0.0,0.0,0.083,0.082,109.61,103.11,85.93,103.11,-0.049,43,0,3,0.0,3.0,0.0,1,11623,11623,11623,14002,21627,21084,21084,13234,16510,16510,20814,20998,20998,16819,11715,16819,8226,13183,12207,20812,20887,19893,20448,20603,20858,2517,8579,8579,21868,19893,17566,19893,17566,19893,1,20:15,2020,2021
2020-21,1629647,Darius Bazley,Darius,1610612760,OKC,Oklahoma City Thunder,22000865,2021-04-18T00:00:00,OKC @ TOR,L,33.1,92.7,95.9,95.9,113.9,116.4,116.4,-21.2,-20.5,-20.5,0.056,0.2,4.5,0.059,0.133,0.101,0.22699999999999998,0.22899999999999998,0.005,0.00504,0.266,0.263,108.82,105.86,88.22,105.86,0.063,73,6,15,6.0,15.0,0.4,1,11623,11623,11623,4265,18434,17423,17423,13617,14680,14680,17957,17784,17786,15157,11677,16678,5698,10236,8022,20647,20692,10646,13094,3575,4235,2991,5406,5406,14668,4526,2946,4526,2946,12966,1,33:06,2020,2021
2020-21,1629676,Isaiah Roby,Isaiah,1610612760,OKC,Oklahoma City Thunder,22000865,2021-04-18T00:00:00,OKC @ TOR,L,20.9,123.2,125.6,125.6,105.2,104.5,104.5,18.0,21.0,21.0,0.214,1.0,23.1,0.125,0.3,0.222,0.231,0.233,0.0075,0.00799,0.2,0.202,100.32,99.67,83.06,99.67,0.164,43,4,6,4.0,6.0,0.667,1,11623,11623,11623,13473,5000,4228,4228,9219,8792,8792,5262,4490,4490,5508,6835,6542,1882,1562,931,20663,20752,3445,3157,8922,9463,12998,13696,13696,3919,8251,12753,8251,12753,2900,1,20:57,2020,2021
2020-21,1630177,Theo Maledon,Theo,1610612760,OKC,Oklahoma City Thunder,22000865,2021-04-18T00:00:00,OKC @ TOR,L,27.9,81.3,85.0,85.0,116.4,119.7,119.7,-35.1,-34.7,-34.7,0.133,0.67,18.2,0.0,0.108,0.059,0.273,0.265,0.006,0.00712,0.136,0.14,107.78,103.96,86.63,103.96,0.084,60,3,5,3.0,5.0,0.6,1,11623,11623,11623,8183,20920,20232,20232,14811,16120,16120,20415,20289,20289,9603,9817,9055,11150,12777,14421,21434,21417,7872,5365,16144,16278,3698,7542,7542,12202,10694,14368,10694,14368,4810,1,27:56,2020,2021
2020-21,1630197,Aleksej Pokusevski,Aleksej,1610612760,OKC,Oklahoma City Thunder,22000865,2021-04-18T00:00:00,OKC @ TOR,L,28.4,91.6,95.2,95.2,116.1,119.0,119.0,-24.5,-23.8,-23.8,0.313,5.0,25.0,0.0,0.184,0.101,0.05,0.05,0.0028599999999999997,0.0028599999999999997,0.217,0.216,109.8,106.35,88.63,106.35,0.07,63,4,14,4.0,14.0,0.286,1,11623,11623,11623,7779,18754,17637,17637,14672,15833,15833,18668,18466,18466,2661,622,5205,11150,6286,7995,9568,9612,18098,19019,7389,8117,2407,4936,4937,13905,8251,3568,8251,3568,17105,1,28:26,2020,2021
2020-21,1629004,Svi Mykhailiuk,Svi,1610612760,OKC,Oklahoma City Thunder,22000865,2021-04-18T00:00:00,OKC @ TOR,L,17.9,119.7,118.9,118.9,84.3,86.5,86.5,35.4,32.4,32.4,0.071,0.5,11.1,0.0,0.19,0.111,0.222,0.222,0.00333,0.00333,0.186,0.192,100.46,99.5,82.91,99.5,0.017,37,2,6,2.0,6.0,0.333,1,11623,11623,11623,15707,6377,6854,6854,2187,2571,2571,1963,2454,2453,13934,10215,13295,11150,5874,6750,20407,20459,16814,18119,10626,10604,12760,13945,13945,18855,13638,12753,13638,12753,15094,1,17:51,2020,2021
2020-21,1629026,Kenrich Williams,Kenrich,1610612760,OKC,Oklahoma City Thunder,22000865,2021-04-18T00:00:00,OKC @ TOR,L,21.3,114.3,113.6,113.6,97.8,97.7,97.7,16.4,15.9,15.9,0.133,2.0,22.2,0.111,0.0,0.049,0.111,0.113,0.01,0.0102,0.135,0.138,98.92,99.23,82.69,99.23,0.189,44,4,5,4.0,5.0,0.8,1,11623,11623,11623,13232,8826,9300,9300,5831,5666,5666,5707,5818,5819,9603,3550,6856,2373,19725,16179,14407,14941,532,686,16360,16426,14923,14364,14364,2442,8251,14368,8251,14368,1469,1,21:17,2020,2021
2020-21,1628396,Tony Bradley,Tony,1610612760,OKC,Oklahoma City Thunder,22000865,2021-04-18T00:00:00,OKC @ TOR,L,19.5,115.6,119.5,119.5,82.8,82.9,82.9,32.8,36.6,36.6,0.0,0.0,0.0,0.143,0.042,0.079,0.0,0.0,0.006670000000000001,0.0084,0.109,0.105,102.78,100.96,84.13,100.96,0.123,41,2,3,2.0,3.0,0.667,1,11623,11623,11623,14579,8242,6633,6633,1935,1987,1987,2305,1923,1926,16819,11715,16819,1378,18720,11159,1,1,5569,2451,18933,19438,9415,11711,11711,7688,13638,17566,13638,17566,2900,1,19:30,2020,2021
2020-21,1629652,Luguentz Dort,Luguentz,1610612760,OKC,Oklahoma City Thunder,22000865,2021-04-18T00:00:00,OKC @ TOR,L,31.1,93.6,97.0,97.0,116.3,120.6,120.6,-22.8,-23.6,-23.6,0.154,2.0,9.5,0.0,0.1,0.053,0.048,0.046,0.00767,0.00783,0.253,0.259,107.98,104.15,86.79,104.15,0.188,67,9,15,9.0,15.0,0.6,1,11623,11623,11623,5742,18212,17068,17068,14786,16563,16563,18307,18422,18422,8323,3550,14510,11150,13367,15445,9447,9452,3412,3461,4372,4524,3560,7302,7302,2468,1450,2946,1450,2946,4810,1,31:07,2020,2021
2020-21,1629660,Ty Jerome,Ty,1610612760,OKC,Oklahoma City Thunder,22000865,2021-04-18T00:00:00,OKC @ TOR,L,19.6,130.4,129.3,129.3,88.4,90.2,90.2,42.0,39.0,39.0,0.375,1.5,30.0,0.0,0.087,0.053,0.2,0.2,0.0045000000000000005,0.0045000000000000005,0.298,0.307,101.0,100.41,83.67,100.41,0.11,41,3,10,3.0,10.0,0.3,1,11623,11623,11623,14493,2803,3140,3140,2981,3384,3384,1319,1677,1678,1488,5729,3735,11150,14797,15476,19585,19665,13901,15411,2071,2052,11980,12569,12569,9049,10694,7133,10694,7133,16897,1,19:36,2020,2021
2020-21,1628396,Tony Bradley,Tony,1610612760,OKC,Oklahoma City Thunder,22000845,2021-04-16T00:00:00,OKC @ DET,L,22.5,107.4,108.0,108.0,82.7,80.4,80.4,24.7,27.6,27.6,0.059,0.25,8.3,0.083,0.2,0.143,0.33299999999999996,0.325,0.006670000000000001,0.00751,0.19,0.194,106.55,107.75,89.79,107.75,0.185,50,4,6,4.0,6.0,0.667,1,11623,11623,11623,12324,12261,12076,12076,1916,1653,1653,3630,3155,3155,14895,11581,15056,3754,5063,3903,21864,21902,5569,4034,10245,10324,4750,3865,3865,2611,8251,12753,8251,12753,2900,1,22:30,2020,2021
2020-21,1629647,Darius Bazley,Darius,1610612760,OKC,Oklahoma City Thunder,22000845,2021-04-16T00:00:00,OKC @ DET,L,33.6,91.0,96.1,96.1,107.0,106.4,106.4,-16.1,-10.3,-10.3,0.095,0.67,8.0,0.0,0.175,0.082,0.12,0.121,0.00417,0.00481,0.25,0.246,113.51,110.71,92.26,110.71,0.112,77,7,18,7.0,18.0,0.389,1,11623,11623,11623,3917,18921,17350,17350,10082,9696,9696,16696,14932,14932,12196,9817,15390,11150,6912,10667,15358,15496,14855,14642,4441,5477,1081,2193,2193,8872,3206,1562,3206,1562,13924,1,33:36,2020,2021
2020-21,1629650,Moses Brown,Moses,1610612760,OKC,Oklahoma City Thunder,22000845,2021-04-16T00:00:00,OKC @ DET,L,24.3,77.2,81.1,81.1,117.3,112.7,112.7,-40.2,-31.6,-31.6,0.0,0.0,0.0,0.118,0.129,0.123,0.091,0.08800000000000001,0.005560000000000001,0.005809999999999999,0.169,0.175,107.44,106.89,89.07,106.89,0.128,53,5,9,5.0,9.0,0.556,1,11623,11623,11623,10991,21388,20860,20860,15225,12882,12882,20964,19880,19880,16819,11715,16819,2195,10706,5688,12713,12745,9603,10067,12531,12459,3956,4485,4487,7150,6152,8309,6152,8309,6415,1,24:15,2020,2021
2020-21,1629658,Jaylen Hoard,Jaylen,1610612760,OKC,Oklahoma City Thunder,22000845,2021-04-16T00:00:00,OKC @ DET,L,10.1,104.2,104.5,104.5,89.3,87.5,87.5,14.9,17.0,17.0,0.375,1.5,42.9,0.3,0.167,0.227,0.28600000000000003,0.29100000000000004,0.0,0.00266,0.154,0.149,108.48,109.43,91.19,109.43,0.104,22,0,1,0.0,1.0,0.0,1,11623,11623,11623,19586,13798,13675,13675,3158,2756,2756,6190,5494,5494,1488,5729,1210,130,7229,860,21531,21695,19893,19217,14208,15303,3214,2773,2773,9735,19893,20551,19893,20551,19893,1,10:05,2020,2021
2020-21,1629026,Kenrich Williams,Kenrich,1610612760,OKC,Oklahoma City Thunder,22000845,2021-04-16T00:00:00,OKC @ DET,L,25.6,101.9,105.2,105.2,85.8,81.4,81.4,16.1,23.8,23.8,0.167,2.0,44.4,0.059,0.138,0.095,0.222,0.222,0.0,0.0,0.069,0.069,108.6,109.77,91.47,109.77,0.036,58,0,3,0.0,3.0,0.0,1,11623,11623,11623,10005,14826,13396,13396,2449,1772,1772,5806,3839,3839,7471,3550,1107,5698,9878,8753,20407,20459,19893,20448,21262,21366,3127,2612,2612,17389,19893,17566,19893,17566,19893,1,25:35,2020,2021
2020-21,1629660,Ty Jerome,Ty,1610612760,OKC,Oklahoma City Thunder,22000845,2021-04-16T00:00:00,OKC @ DET,L,18.9,111.1,112.2,112.2,87.1,86.0,86.0,24.0,26.1,26.1,0.2,3.0,23.1,0.0,0.091,0.049,0.077,0.078,0.00438,0.00507,0.208,0.204,106.51,106.67,88.89,106.67,0.078,41,3,8,3.0,8.0,0.375,1,11623,11623,11623,15004,10409,9993,9993,2689,2501,2501,3781,3418,3418,5900,1931,6542,11150,14301,16179,11527,11827,14249,12867,8279,9283,4788,4657,4657,12933,10694,9686,10694,9686,14155,1,18:54,2020,2021
2020-21,1629676,Isaiah Roby,Isaiah,1610612760,OKC,Oklahoma City Thunder,22000845,2021-04-16T00:00:00,OKC @ DET,L,22.2,85.7,92.3,92.3,118.1,114.8,114.8,-32.5,-22.5,-22.5,0.167,2.0,16.7,0.063,0.077,0.069,0.083,0.083,0.005,0.005,0.161,0.161,117.41,114.68,95.57,114.68,0.094,52,4,9,4.0,9.0,0.444,1,11623,11623,11623,12544,20185,18459,18459,15576,13899,13899,20030,18212,18212,7471,3550,9667,5359,15691,12788,12082,12206,10646,13141,13471,13976,510,1071,1071,11025,8251,8309,8251,8309,11399,1,22:11,2020,2021
2020-21,1630177,Theo Maledon,Theo,1610612760,OKC,Oklahoma City Thunder,22000845,2021-04-16T00:00:00,OKC @ DET,L,29.8,81.6,86.6,86.6,111.3,110.4,110.4,-29.7,-23.9,-23.9,0.111,0.67,10.0,0.093,0.111,0.101,0.15,0.151,0.0025,0.00269,0.22,0.218,110.59,107.76,89.8,107.76,-0.01,67,3,14,3.0,14.0,0.214,1,11623,11623,11623,6689,20873,19915,19915,12326,11696,11696,19622,18490,18491,10979,9817,14007,3297,12294,8022,17522,17628,18441,19200,7208,7913,2032,3849,3849,20796,10694,3568,10694,3568,18745,1,29:51,2020,2021
2020-21,1629004,Svi Mykhailiuk,Svi,1610612760,OKC,Oklahoma City Thunder,22000845,2021-04-16T00:00:00,OKC @ DET,L,20.9,100.1,100.0,100.0,94.7,89.8,89.8,5.4,10.2,10.2,0.0,0.0,0.0,0.0,0.143,0.073,0.091,0.092,0.00444,0.00455,0.2,0.198,107.35,110.29,91.91,110.29,0.06,47,4,9,4.0,9.0,0.444,1,11623,11623,11623,13516,15648,15193,15193,4678,3271,3271,9170,7519,7519,16819,11715,16819,11150,9197,12124,12713,13135,14047,15214,8922,9941,4010,2352,2352,14954,8251,8309,8251,8309,11399,1,20:53,2020,2021
2020-21,1629652,Luguentz Dort,Luguentz,1610612760,OKC,Oklahoma City Thunder,22000845,2021-04-16T00:00:00,OKC @ DET,L,32.2,85.2,90.4,90.4,107.7,106.8,106.8,-22.5,-16.4,-16.4,0.133,0.67,7.1,0.02,0.132,0.069,0.107,0.105,0.00525,0.00553,0.289,0.293,111.86,108.93,90.78,108.93,0.146,73,9,20,9.0,20.0,0.45,1,11623,11623,11623,4963,20281,19003,19003,10455,9918,9918,18219,16744,16745,9603,9817,15726,11103,10495,12788,14341,14257,10536,11210,2442,2582,1552,3078,3078,5360,1450,933,1450,933,11351,1,32:10,2020,2021
2020-21,1629660,Ty Jerome,Ty,1610612760,OKC,Oklahoma City Thunder,22000836,2021-04-14T00:00:00,OKC vs. GSW,L,21.3,101.8,98.0,98.0,139.5,140.8,140.8,-37.7,-42.9,-42.9,0.2,1.5,18.8,0.0,0.105,0.045,0.125,0.127,0.00333,0.0046500000000000005,0.22,0.227,108.98,110.51,92.09,110.51,0.03,49,2,9,2.0,9.0,0.222,1,11623,11623,11623,13232,14889,16720,16720,21343,21538,21538,20693,21123,21116,5900,5729,8841,11150,12971,16675,15469,16017,16814,14992,7143,7038,2902,2260,2260,17903,13638,8309,13638,8309,18584,1,21:17,2020,2021
2020-21,1629676,Isaiah Roby,Isaiah,1610612760,OKC,Oklahoma City Thunder,22000836,2021-04-14T00:00:00,OKC vs. GSW,L,28.3,99.4,101.6,101.6,125.2,131.7,131.7,-25.9,-30.1,-30.1,0.182,1.0,28.6,0.0,0.107,0.054,0.28600000000000003,0.28600000000000003,0.0075,0.0075,0.145,0.144,109.19,105.22,87.68,105.22,0.029,61,4,6,4.0,6.0,0.667,1,11623,11623,11623,7897,16087,14983,14983,18337,20074,20074,18971,19651,19651,6847,6835,4109,11150,12845,15395,21531,21567,3445,4095,15222,15781,2762,6037,6037,18025,8251,12753,8251,12753,2900,1,28:17,2020,2021
2020-21,1630221,Josh Hall,Josh,1610612760,OKC,Oklahoma City Thunder,22000836,2021-04-14T00:00:00,OKC vs. GSW,L,10.4,121.5,113.0,113.0,126.9,136.4,136.4,-5.4,-23.3,-23.3,0.0,0.0,0.0,0.0,0.273,0.13,0.2,0.205,0.0,0.0025800000000000003,0.179,0.185,103.77,103.68,86.4,103.68,-0.02,23,0,3,0.0,3.0,0.0,1,11623,11623,11623,19509,5632,9561,9561,18825,20968,20968,13252,18375,18375,16819,11715,16819,11150,2182,4934,19585,20143,19893,19274,11482,11363,8068,7856,7860,21139,19893,17566,19893,17566,19893,1,10:25,2020,2021
2020-21,1629658,Jaylen Hoard,Jaylen,1610612760,OKC,Oklahoma City Thunder,22000836,2021-04-14T00:00:00,OKC vs. GSW,L,18.7,89.6,84.1,84.1,135.9,139.5,139.5,-46.2,-55.4,-55.4,0.0,0.0,0.0,0.043,0.133,0.079,0.375,0.381,0.0,0.0010199999999999999,0.154,0.163,109.63,111.63,93.02,111.63,-0.056,44,0,4,0.0,4.0,0.0,1,11623,11623,11623,15133,19243,20399,20399,20840,21381,21381,21492,21904,21904,16819,11715,16819,7524,10236,11159,22376,22411,19893,20410,14208,13749,2507,1838,1838,21987,19893,15987,19893,15987,19893,1,18:42,2020,2021
2020-21,1629026,Kenrich Williams,Kenrich,1610612760,OKC,Oklahoma City Thunder,22000836,2021-04-14T00:00:00,OKC vs. GSW,L,22.9,110.7,107.7,107.7,157.2,160.8,160.8,-46.5,-53.1,-53.1,0.143,3.0,25.0,0.0,0.118,0.048,0.083,0.084,0.00214,0.00254,0.145,0.149,107.54,107.79,89.83,107.79,-0.016,52,1,7,1.0,7.0,0.143,1,11623,11623,11623,12019,10621,12190,12190,22479,22617,22617,21527,21814,21814,8804,1931,5205,11150,11819,16323,12082,12420,19104,19363,15190,15275,3880,3823,3823,21031,16702,11165,16702,11165,19554,1,22:56,2020,2021
2020-21,1628396,Tony Bradley,Tony,1610612760,OKC,Oklahoma City Thunder,22000836,2021-04-14T00:00:00,OKC vs. GSW,L,14.6,128.3,118.2,118.2,182.2,187.1,187.1,-53.9,-68.9,-68.9,0.111,0.0,10.0,0.308,0.333,0.318,0.0,0.0,0.00857,0.0074199999999999995,0.225,0.234,102.34,105.23,87.69,105.23,0.167,33,6,7,6.0,7.0,0.857,1,11623,11623,11623,17700,3390,7172,7172,22808,22882,22882,21896,22321,22321,10979,11715,14007,124,906,185,1,1,2168,4609,6696,6440,10044,6025,6025,3670,4526,11165,4526,11165,1219,1,14:36,2020,2021
2020-21,1629620,Justin Robinson,Justin,1610612760,OKC,Oklahoma City Thunder,22000836,2021-04-14T00:00:00,OKC vs. GSW,L,10.6,97.5,100.0,100.0,124.6,125.0,125.0,-27.1,-25.0,-25.0,0.286,0.0,50.0,0.083,0.111,0.095,0.0,0.0,0.0125,0.0125,0.069,0.07,112.4,110.77,92.31,110.77,0.211,25,2,2,2.0,2.0,1.0,1,11623,11623,11623,19422,16799,15193,15193,18113,18099,18099,19178,18681,18675,3200,11715,471,3754,12294,8753,1,1,237,220,21267,21313,1376,2153,2157,1591,13638,19102,13638,19102,1,1,10:37,2020,2021
2020-21,1629004,Svi Mykhailiuk,Svi,1610612760,OKC,Oklahoma City Thunder,22000836,2021-04-14T00:00:00,OKC vs. GSW,L,25.5,98.5,98.3,98.3,122.8,128.6,128.6,-24.2,-30.3,-30.3,0.158,1.5,18.8,0.033,0.148,0.088,0.125,0.122,0.00636,0.00612,0.191,0.201,109.77,107.43,89.53,107.43,0.111,58,6,11,6.0,11.0,0.545,1,11623,11623,11623,10090,16389,16611,16611,17487,19224,19224,18610,19685,19685,8165,5729,8841,9099,8963,9792,15469,15513,6860,8888,10059,9582,2422,4083,4083,8937,4526,6027,4526,6027,6794,1,25:28,2020,2021
2020-21,1629647,Darius Bazley,Darius,1610612760,OKC,Oklahoma City Thunder,22000836,2021-04-14T00:00:00,OKC vs. GSW,L,28.3,95.7,96.8,96.8,127.5,132.8,132.8,-31.9,-36.0,-36.0,0.063,0.5,4.5,0.063,0.214,0.133,0.091,0.091,0.005560000000000001,0.005829999999999999,0.292,0.291,106.92,104.18,86.81,104.18,0.134,62,10,18,10.0,18.0,0.556,1,11623,11623,11623,7859,17488,17149,17149,19009,20278,20278,19943,20453,20453,14605,10215,16678,5359,4458,4696,12713,13113,9603,10015,2294,2681,4413,7271,7271,6436,935,1562,935,1562,6415,1,28:20,2020,2021
2020-21,1629650,Moses Brown,Moses,1610612760,OKC,Oklahoma City Thunder,22000836,2021-04-14T00:00:00,OKC vs. GSW,L,28.0,92.6,95.3,95.3,117.8,120.6,120.6,-25.1,-25.3,-25.3,0.0,0.0,0.0,0.219,0.167,0.194,0.222,0.218,0.00615,0.00628,0.24,0.245,111.56,108.68,90.57,108.68,0.134,64,8,13,8.0,13.0,0.615,1,11623,11623,11623,8098,18446,17625,17625,15418,16586,16586,18805,18796,18796,16819,11715,16819,432,7229,1649,20407,20428,7593,8190,5445,5627,1654,3203,3203,6497,2196,4300,2196,4300,4658,1,28:03,2020,2021
2020-21,1630177,Theo Maledon,Theo,1610612760,OKC,Oklahoma City Thunder,22000836,2021-04-14T00:00:00,OKC vs. GSW,L,31.3,106.1,105.7,105.7,130.0,136.2,136.2,-23.9,-30.5,-30.5,0.185,2.5,23.8,0.03,0.063,0.046,0.095,0.094,0.00417,0.00387,0.195,0.201,108.82,106.52,88.77,106.52,0.035,70,5,12,5.0,12.0,0.417,1,11623,11623,11623,5580,12884,13138,13138,19691,20965,20965,18537,19712,19712,6797,3052,6342,9661,17087,16619,13337,13365,14855,17054,9651,9642,2988,4796,4796,17487,6152,5097,6152,5097,12627,1,31:19,2020,2021
2020-21,1629026,Kenrich Williams,Kenrich,1610612760,OKC,Oklahoma City Thunder,22000826,2021-04-13T00:00:00,OKC @ UTA,L,21.3,82.5,83.3,83.3,133.7,139.0,139.0,-51.2,-55.7,-55.7,0.167,2.0,20.0,0.038,0.167,0.091,0.1,0.1,0.0042899999999999995,0.0042899999999999995,0.167,0.169,96.09,93.74,78.12,93.74,0.042,42,3,7,3.0,7.0,0.429,1,11623,11623,11623,13257,20757,20484,20484,20476,21337,21337,21780,21918,21918,7471,3550,7755,8226,7229,9243,13495,13663,14492,15959,12634,13141,18376,20581,20581,16813,10694,11165,10694,11165,11933,1,21:15,2020,2021
2020-21,1629660,Ty Jerome,Ty,1610612760,OKC,Oklahoma City Thunder,22000826,2021-04-13T00:00:00,OKC @ UTA,L,19.3,74.2,77.5,77.5,118.5,120.0,120.0,-44.2,-42.5,-42.5,0.333,0.67,11.8,0.0,0.1,0.042,0.17600000000000002,0.17600000000000002,0.005829999999999999,0.005829999999999999,0.333,0.335,102.49,99.65,83.04,99.65,0.088,40,5,12,5.0,12.0,0.417,1,11623,11623,11623,14723,21647,21272,21272,15706,16175,16175,21329,21090,21090,1999,9817,13091,11150,13367,17270,18983,19051,8598,9912,867,1130,9813,13718,13722,11696,6152,5097,6152,5097,12627,1,19:16,2020,2021
2020-21,1629647,Darius Bazley,Darius,1610612760,OKC,Oklahoma City Thunder,22000826,2021-04-13T00:00:00,OKC @ UTA,L,28.7,111.8,112.1,112.1,101.3,100.0,100.0,10.5,12.1,12.1,0.0,0.0,0.0,0.0,0.032,0.016,0.091,0.092,0.0038900000000000002,0.0035399999999999997,0.155,0.155,96.42,96.89,80.74,96.89,-0.022,58,3,9,3.0,9.0,0.333,1,11623,11623,11623,7528,10038,10061,10061,7406,6113,6113,7452,6939,6939,16819,11715,16819,11150,19311,20323,12713,13135,15724,17795,14167,14619,18029,17512,17513,21210,10694,8309,10694,8309,15094,1,28:44,2020,2021
2020-21,1629004,Svi Mykhailiuk,Svi,1610612760,OKC,Oklahoma City Thunder,22000826,2021-04-13T00:00:00,OKC @ UTA,L,22.3,79.6,78.3,78.3,124.9,129.5,129.5,-45.2,-51.3,-51.3,0.083,0.0,12.5,0.059,0.043,0.053,0.0,0.0,0.00357,0.00336,0.127,0.14,97.69,96.79,80.66,96.79,0.012,46,2,7,2.0,7.0,0.286,1,11623,11623,11623,12449,21137,21191,21191,18208,19529,19529,21409,21716,21716,12981,11715,12419,5698,18591,15476,1,1,16511,18095,17135,16269,16579,17642,17642,19172,13638,11165,13638,11165,17105,1,22:19,2020,2021
2020-21,1628396,Tony Bradley,Tony,1610612760,OKC,Oklahoma City Thunder,22000826,2021-04-13T00:00:00,OKC @ UTA,L,10.6,101.5,109.1,109.1,103.0,104.5,104.5,-1.5,4.5,4.5,0.0,0.0,0.0,0.118,0.231,0.167,0.0,0.0,0.0,0.0,0.036,0.035,103.8,99.37,82.81,99.37,0.085,22,0,1,0.0,1.0,0.0,1,11623,11623,11623,19421,14987,11495,11495,8223,8792,8792,11825,9542,9542,16819,11715,16819,2195,3670,2489,1,1,19893,20448,22088,22107,8032,14143,14142,12121,19893,20551,19893,20551,19893,1,10:38,2020,2021
2020-21,1629620,Justin Robinson,Justin,1610612760,OKC,Oklahoma City Thunder,22000826,2021-04-13T00:00:00,OKC @ UTA,L,2.2,50.0,60.0,60.0,25.8,16.7,16.7,24.2,43.3,43.3,0.0,0.0,0.0,0.0,0.0,0.0,0.0,0.0,0.0,0.0,0.167,0.167,109.86,122.32,101.93,122.32,1.0,5,0,1,0.0,1.0,0.0,1,11623,11623,11623,22349,22519,22228,22228,204,191,191,3752,1309,1309,16819,11715,16819,11150,19725,20503,1,1,19893,20448,12634,13380,2376,414,414,34,19893,20551,19893,20551,19893,1,2:10,2020,2021
2020-21,1629658,Jaylen Hoard,Jaylen,1610612760,OKC,Oklahoma City Thunder,22000826,2021-04-13T00:00:00,OKC @ UTA,L,10.8,103.8,104.2,104.2,73.7,70.8,70.8,30.2,33.3,33.3,0.0,0.0,0.0,0.0,0.143,0.074,0.0,0.0,0.0,0.0,0.0,0.0,105.29,107.16,89.3,107.16,-0.043,24,0,0,0.0,0.0,0.0,1,11623,11623,11623,19382,13989,13846,13846,1007,906,906,2683,2290,2293,16819,11715,16819,11150,9197,11932,1,1,19893,20448,22211,22211,6190,4261,4264,21716,19893,21894,19893,21894,19893,1,10:45,2020,2021
2020-21,1630221,Josh Hall,Josh,1610612760,OKC,Oklahoma City Thunder,22000826,2021-04-13T00:00:00,OKC @ UTA,L,15.2,98.1,103.1,103.1,98.0,100.0,100.0,0.1,3.1,3.1,0.091,1.0,20.0,0.0,0.111,0.053,0.2,0.2,0.0,0.0,0.111,0.112,104.8,101.2,84.33,101.2,-0.04,32,0,3,0.0,3.0,0.0,1,11623,11623,11623,17390,16560,14326,14326,5924,6113,6113,11118,10031,10031,12406,6835,7755,11150,12294,15476,19585,19665,19893,20448,18608,18882,6792,11356,11356,21658,19893,17566,19893,17566,19893,1,15:11,2020,2021
2020-21,1630177,Theo Maledon,Theo,1610612760,OKC,Oklahoma City Thunder,22000826,2021-04-13T00:00:00,OKC @ UTA,L,23.4,105.5,106.4,106.4,110.0,108.3,108.3,-4.5,-2.0,-2.0,0.105,0.0,20.0,0.0,0.0,0.0,0.0,0.0,0.00167,0.00322,0.136,0.133,97.11,97.44,81.2,97.44,0.0,47,1,6,1.0,6.0,0.167,1,11623,11623,11623,11636,13190,12831,12831,11664,10608,10608,12916,12043,12043,11502,11715,7755,11150,19725,20503,1,1,19523,18537,16250,16991,17296,16842,16842,19529,16702,12753,16702,12753,19313,1,23:24,2020,2021
2020-21,1629676,Isaiah Roby,Isaiah,1610612760,OKC,Oklahoma City Thunder,22000826,2021-04-13T00:00:00,OKC @ UTA,L,23.6,86.8,86.0,86.0,122.2,118.0,118.0,-35.4,-32.0,-32.0,0.143,1.0,16.7,0.1,0.273,0.173,0.16699999999999998,0.16699999999999998,0.00313,0.00313,0.172,0.177,99.43,101.67,84.72,101.67,0.064,50,2,8,2.0,8.0,0.25,1,11623,11623,11623,11490,19928,20026,20026,17264,15387,15387,20445,19924,19924,8804,6835,9667,2837,2182,2323,18107,18257,17696,18656,12146,12244,14256,10664,10664,14611,13638,9686,13638,9686,17720,1,23:36,2020,2021
2020-21,1629650,Moses Brown,Moses,1610612760,OKC,Oklahoma City Thunder,22000826,2021-04-13T00:00:00,OKC @ UTA,L,26.2,108.9,109.4,109.4,93.4,90.6,90.6,15.5,18.9,18.9,0.0,0.0,0.0,0.185,0.333,0.263,0.16699999999999998,0.17,0.005,0.00615,0.19,0.192,96.07,97.28,81.07,97.28,0.217,53,4,8,4.0,8.0,0.5,1,11623,11623,11623,9530,11525,11362,11362,4303,3459,3459,5988,5021,5021,16819,11715,16819,739,906,410,18107,18793,10646,8726,10106,10568,18393,17019,17019,1437,8251,9686,8251,9686,7582,1,26:09,2020,2021
2020-21,1629652,Luguentz Dort,Luguentz,1610612760,OKC,Oklahoma City Thunder,22000826,2021-04-13T00:00:00,OKC @ UTA,L,36.6,103.4,104.1,104.1,105.3,104.0,104.0,-2.0,0.1,0.1,0.231,1.5,7.7,0.045,0.125,0.083,0.051,0.051,0.0062900000000000005,0.00616,0.409,0.412,97.49,97.8,81.5,97.8,0.255,74,16,31,16.0,31.0,0.516,1,11623,11623,11623,1863,14182,13924,13924,9283,8564,8564,12006,11070,11070,4916,5729,15426,7263,10884,10340,9700,9714,7025,8689,190,262,16838,16365,16365,692,39,16,39,16,7581,1,36:34,2020,2021
2020-21,1628396,Tony Bradley,Tony,1610612760,OKC,Oklahoma City Thunder,22000199,2021-04-10T00:00:00,OKC vs. PHI,L,25.5,95.1,96.2,96.2,120.3,116.7,116.7,-25.3,-20.5,-20.5,0.071,1.0,6.7,0.111,0.355,0.241,0.067,0.068,0.00636,0.00627,0.246,0.243,98.85,99.83,83.19,99.83,0.215,52,7,11,7.0,11.0,0.636,1,11623,11623,11623,10075,17704,17327,17327,16526,14710,14710,18838,17776,17778,13934,6835,15968,2373,784,661,10695,10971,6860,8231,5074,5747,15017,13457,13457,1468,3206,6027,3206,6027,4151,1,25:29,2020,2021
2020-21,1629652,Luguentz Dort,Luguentz,1610612760,OKC,Oklahoma City Thunder,22000199,2021-04-10T00:00:00,OKC vs. PHI,L,28.8,84.9,86.9,86.9,106.8,106.3,106.3,-21.9,-19.5,-19.5,0.067,0.33,5.9,0.0,0.167,0.086,0.17600000000000002,0.17300000000000001,0.005829999999999999,0.00563,0.242,0.246,104.21,103.27,86.06,103.27,0.07,61,6,12,6.0,12.0,0.5,1,11623,11623,11623,7471,20320,19844,19844,9986,9665,9665,18106,17540,17540,14289,11241,16324,11150,7229,10014,18983,18941,8598,10809,5280,5538,7491,8364,8364,13861,4526,5097,4526,5097,7582,1,28:49,2020,2021
2020-21,1629660,Ty Jerome,Ty,1610612760,OKC,Oklahoma City Thunder,22000199,2021-04-10T00:00:00,OKC vs. PHI,L,21.8,90.3,89.1,89.1,110.7,111.1,111.1,-20.4,-22.0,-22.0,0.385,1.67,31.3,0.0,0.138,0.083,0.188,0.185,0.0075,0.00732,0.224,0.236,99.62,100.11,83.42,100.11,0.158,46,4,6,4.0,6.0,0.667,1,11623,11623,11623,12800,19094,19330,19330,12049,11961,11961,17777,18089,18089,1391,5502,3457,11150,9878,10340,19409,19406,3445,4833,6742,6294,13986,13033,13034,4357,8251,12753,8251,12753,2900,1,21:49,2020,2021
2020-21,1629620,Justin Robinson,Justin,1610612760,OKC,Oklahoma City Thunder,22000199,2021-04-10T00:00:00,OKC vs. PHI,L,5.5,101.2,90.9,90.9,121.5,120.0,120.0,-20.2,-29.1,-29.1,0.0,0.0,0.0,0.0,0.0,0.0,0.0,0.0,0.0,0.005679999999999999,0.091,0.089,86.75,92.2,76.83,92.2,0.0,11,0,0,0.0,0.0,0.0,1,11623,11623,11623,21007,15132,18842,18842,16971,16175,16175,17731,19494,19494,16819,11715,16819,11150,19725,20503,1,1,19893,10610,20132,20516,22524,21481,21480,19529,19893,21894,19893,21894,19893,1,5:28,2020,2021
2020-21,1629650,Moses Brown,Moses,1610612760,OKC,Oklahoma City Thunder,22000199,2021-04-10T00:00:00,OKC vs. PHI,L,19.1,83.8,85.4,85.4,117.3,119.0,119.0,-33.4,-33.7,-33.7,0.0,0.0,0.0,0.154,0.2,0.182,0.16699999999999998,0.16699999999999998,0.006,0.006,0.136,0.137,106.14,104.38,86.99,104.38,0.081,41,3,5,3.0,5.0,0.6,1,11623,11623,11623,14864,20521,20164,20164,15183,15833,15833,20184,20171,20171,16819,11715,16819,1192,5063,1986,18107,18257,7872,9276,16144,16556,5193,7029,7029,12587,10694,14368,10694,14368,4810,1,19:05,2020,2021
2020-21,1630197,Aleksej Pokusevski,Aleksej,1610612760,OKC,Oklahoma City Thunder,22000199,2021-04-10T00:00:00,OKC vs. PHI,L,8.5,105.6,105.6,105.6,134.6,136.8,136.8,-29.0,-31.3,-31.3,0.125,1.0,25.0,0.0,0.3,0.176,0.25,0.25,0.0,0.0,0.15,0.15,105.79,104.88,87.4,104.88,-0.022,18,0,2,0.0,2.0,0.0,1,11623,11623,11623,20092,13157,13202,13202,20630,21043,21043,19503,19831,19831,10010,6835,5205,11150,1562,2187,20812,20887,19893,20448,14667,15171,5603,6419,6418,21211,19893,19102,19893,19102,19893,1,8:28,2020,2021
2020-21,1630177,Theo Maledon,Theo,1610612760,OKC,Oklahoma City Thunder,22000199,2021-04-10T00:00:00,OKC vs. PHI,L,29.6,87.4,87.3,87.3,109.5,112.7,112.7,-22.1,-25.4,-25.4,0.263,2.5,26.3,0.0,0.063,0.034,0.105,0.10400000000000001,0.00364,0.0032500000000000003,0.206,0.214,103.8,102.34,85.28,102.34,0.0,63,3,11,3.0,11.0,0.273,1,11623,11623,11623,6924,19792,19770,19770,11435,12869,12869,18150,18807,18807,3846,3052,5043,11150,17087,18372,14176,14171,16412,18526,8527,8335,8033,9636,9640,19529,10694,6027,10694,6027,17532,1,29:33,2020,2021
2020-21,1629004,Svi Mykhailiuk,Svi,1610612760,OKC,Oklahoma City Thunder,22000199,2021-04-10T00:00:00,OKC vs. PHI,L,20.7,94.1,100.0,100.0,127.8,122.2,122.2,-33.7,-22.2,-22.2,0.067,0.0,12.5,0.0,0.0,0.0,0.0,0.0,0.0042899999999999995,0.0042899999999999995,0.146,0.144,102.74,101.86,84.89,101.86,0.024,43,3,7,3.0,7.0,0.429,1,11623,11623,11623,13639,18046,15193,15193,19076,17141,17141,20242,18140,18131,14289,11715,12419,11150,19725,20503,1,1,14492,15959,15126,15841,9462,10366,10365,18365,10694,11165,10694,11165,11933,1,20:44,2020,2021
2020-21,1629647,Darius Bazley,Darius,1610612760,OKC,Oklahoma City Thunder,22000199,2021-04-10T00:00:00,OKC vs. PHI,L,35.7,89.1,89.6,89.6,114.9,112.8,112.8,-25.7,-23.2,-23.2,0.238,0.56,19.2,0.032,0.195,0.125,0.34600000000000003,0.34600000000000003,0.0070799999999999995,0.0070799999999999995,0.253,0.255,103.58,104.25,86.88,104.25,0.111,77,7,12,7.0,12.0,0.583,1,11623,11623,11623,2450,19354,19230,19230,14075,12904,12904,18946,18352,18352,4670,10214,8731,9296,5669,5315,22347,22306,4856,5463,4400,4784,8306,7173,7173,8938,3206,5097,3206,5097,5615,1,35:41,2020,2021
2020-21,1629026,Kenrich Williams,Kenrich,1610612760,OKC,Oklahoma City Thunder,22000199,2021-04-10T00:00:00,OKC vs. PHI,L,20.6,109.0,109.8,109.8,117.0,111.6,111.6,-7.9,-1.9,-1.9,0.059,0.0,20.0,0.0,0.038,0.023,0.0,0.0,0.005,0.005,0.087,0.088,95.75,97.71,81.42,97.71,0.026,41,2,4,2.0,4.0,0.5,1,11623,11623,11623,13719,11444,11203,11203,15055,12305,12305,14125,12029,12029,14895,11715,7755,11150,18924,19702,1,1,10646,13141,20447,20553,18715,16504,16505,18207,13638,15987,13638,15987,7582,1,20:38,2020,2021
2020-21,1629658,Jaylen Hoard,Jaylen,1610612760,OKC,Oklahoma City Thunder,22000199,2021-04-10T00:00:00,OKC vs. PHI,L,24.3,91.1,90.0,90.0,105.0,105.8,105.8,-13.9,-15.8,-15.8,0.067,0.5,10.0,0.0,0.034,0.022,0.2,0.20199999999999999,0.005,0.005809999999999999,0.176,0.18,100.68,100.88,84.07,100.88,0.072,50,3,6,3.0,6.0,0.5,1,11623,11623,11623,10980,18874,19074,19074,9100,9396,9396,16028,16556,16556,14289,10215,14007,11150,19177,19768,19585,20065,10646,10067,11684,11941,12462,11828,11828,13592,10694,12753,10694,12753,7582,1,24:16,2020,2021
2020-21,1630197,Aleksej Pokusevski,Aleksej,1610612760,OKC,Oklahoma City Thunder,22000785,2021-04-08T00:00:00,OKC vs. CLE,L,27.5,103.9,103.4,103.4,143.1,145.0,145.0,-39.2,-41.6,-41.6,0.095,0.5,10.5,0.0,0.25,0.115,0.21100000000000002,0.212,0.00333,0.00388,0.266,0.265,103.47,102.98,85.82,102.98,0.033,58,3,12,3.0,12.0,0.25,1,11623,11623,11623,8508,13968,14187,14187,21725,21891,21891,20869,21009,21009,12196,10215,13882,11150,2712,6391,20250,20309,16814,17013,3591,4111,8454,8752,8752,17607,10694,5097,10694,5097,17720,1,27:30,2020,2021
2020-21,1629620,Justin Robinson,Justin,1610612760,OKC,Oklahoma City Thunder,22000785,2021-04-08T00:00:00,OKC vs. CLE,L,17.4,98.8,94.3,94.3,136.9,131.6,131.6,-38.1,-37.3,-37.3,0.3,3.0,37.5,0.0,0.111,0.056,0.125,0.125,0.00375,0.00375,0.125,0.13,96.62,100.87,84.06,100.87,0.038,35,1,4,1.0,4.0,0.25,1,11623,11623,11623,16020,16293,17923,17923,20997,20025,20025,20758,20584,20584,2891,1931,1878,11150,12294,14969,15469,15631,15925,17266,17231,17253,17814,11844,11844,17157,16702,15987,16702,15987,17720,1,17:22,2020,2021
2020-21,1630177,Theo Maledon,Theo,1610612760,OKC,Oklahoma City Thunder,22000785,2021-04-08T00:00:00,OKC vs. CLE,L,30.1,98.0,97.1,97.1,118.9,118.2,118.2,-20.9,-21.1,-21.1,0.182,1.33,16.7,0.029,0.034,0.032,0.125,0.121,0.00382,0.00391,0.263,0.281,105.87,106.73,88.94,106.73,0.024,68,6,17,6.0,17.0,0.353,1,11623,11623,11623,6472,16568,17049,17049,15894,15425,15425,17883,17901,17901,6847,6412,9667,9826,19177,18681,15469,15478,15889,16963,3703,3194,5507,4616,4617,18360,4526,1960,4526,1960,15003,1,30:08,2020,2021
2020-21,1629650,Moses Brown,Moses,1610612760,OKC,Oklahoma City Thunder,22000785,2021-04-08T00:00:00,OKC vs. CLE,L,31.1,89.9,91.2,91.2,108.0,106.0,106.0,-18.1,-14.8,-14.8,0.0,0.0,0.0,0.053,0.273,0.155,0.091,0.087,0.006,0.00623,0.141,0.147,103.77,104.02,86.68,104.02,0.141,68,6,10,6.0,10.0,0.6,1,11623,11623,11623,5718,19201,18797,18797,10638,9486,9486,17217,16291,16291,16819,11715,16819,6380,2182,3221,12713,12686,7872,8494,15718,15513,8070,7451,7451,5825,4526,7133,4526,7133,4810,1,31:09,2020,2021
2020-21,1629658,Jaylen Hoard,Jaylen,1610612760,OKC,Oklahoma City Thunder,22000785,2021-04-08T00:00:00,OKC vs. CLE,L,25.0,105.2,100.0,100.0,133.4,127.8,127.8,-28.3,-27.8,-27.8,0.125,2.0,13.3,0.077,0.12,0.098,0.067,0.068,0.00444,0.00515,0.22,0.224,98.16,102.85,85.71,102.85,0.074,53,4,9,4.0,9.0,0.444,1,11623,11623,11623,10474,13345,15193,15193,20425,19032,19032,19383,19272,19276,10010,3550,12104,4204,11613,8454,10695,11016,14047,12503,7143,7313,15925,8955,8955,13358,8251,8309,8251,8309,11399,1,24:58,2020,2021
2020-21,1629004,Svi Mykhailiuk,Svi,1610612760,OKC,Oklahoma City Thunder,22000785,2021-04-08T00:00:00,OKC vs. CLE,L,26.6,86.4,86.7,86.7,104.6,103.3,103.3,-18.2,-16.7,-16.7,0.111,2.0,18.2,0.033,0.107,0.069,0.091,0.091,0.00625,0.00625,0.138,0.14,107.74,108.21,90.17,108.21,0.07,60,4,8,4.0,8.0,0.5,1,11623,11623,11623,9181,20034,19877,19877,8943,8273,8273,17240,16784,16793,10979,3550,9055,9099,12845,12788,12713,12875,7026,8250,15974,16248,3717,3502,3502,13884,8251,9686,8251,9686,7582,1,26:37,2020,2021
2020-21,1629660,Ty Jerome,Ty,1610612760,OKC,Oklahoma City Thunder,22000785,2021-04-08T00:00:00,OKC vs. CLE,L,31.7,114.3,112.3,112.3,136.6,136.9,136.9,-22.2,-24.6,-24.6,0.167,0.0,15.8,0.0,0.1,0.048,0.0,0.0,0.007189999999999999,0.007189999999999999,0.219,0.226,97.77,98.53,82.11,98.53,0.12,65,9,16,9.0,16.0,0.563,1,11623,11623,11623,5299,8778,9945,9945,20955,21057,21057,18168,18628,18627,7471,11715,10645,11150,13367,16323,1,1,4607,5152,7252,7153,16486,15327,15330,7981,1450,2412,1450,2412,6323,1,31:40,2020,2021
2020-21,1628396,Tony Bradley,Tony,1610612760,OKC,Oklahoma City Thunder,22000785,2021-04-08T00:00:00,OKC vs. CLE,L,19.6,117.6,110.0,110.0,154.3,153.7,153.7,-36.6,-43.7,-43.7,0.231,1.5,30.0,0.167,0.059,0.114,0.2,0.20199999999999999,0.005,0.00512,0.163,0.17,95.72,99.1,82.58,99.1,0.05,40,2,4,2.0,4.0,0.5,1,11623,11623,11623,14479,7281,11026,11026,22394,22428,22428,20586,21188,21188,4916,5729,3735,903,17381,6511,19585,20091,10646,12547,13334,12968,18751,14555,14555,16077,13638,15987,13638,15987,7582,1,19:37,2020,2021
2020-21,1629026,Kenrich Williams,Kenrich,1610612760,OKC,Oklahoma City Thunder,22000785,2021-04-08T00:00:00,OKC vs. CLE,L,31.0,96.7,97.1,97.1,113.2,110.1,110.1,-16.5,-13.0,-13.0,0.391,4.5,45.0,0.057,0.161,0.106,0.1,0.1,0.006670000000000001,0.006670000000000001,0.141,0.142,105.72,106.9,89.08,106.9,0.119,69,5,9,5.0,9.0,0.556,1,11623,11623,11623,5831,17132,17037,17037,13239,11564,11564,16815,15809,15806,1333,1009,1094,5957,7909,7475,13495,13663,5569,6637,15718,16031,5702,4477,4477,8051,6152,8309,6152,8309,6415,1,30:59,2020,2021
2020-21,1629650,Moses Brown,Moses,1610612760,OKC,Oklahoma City Thunder,22000781,2021-04-07T00:00:00,OKC vs. CHA,L,27.1,103.9,100.0,100.0,110.6,116.1,116.1,-6.8,-16.1,-16.1,0.0,0.0,0.0,0.226,0.088,0.154,0.182,0.177,0.0025,0.00268,0.162,0.175,101.64,101.11,84.26,101.11,0.0,58,2,8,2.0,8.0,0.25,1,11623,11623,11623,8833,13973,15193,15193,11992,14508,14508,13677,16623,16625,16819,11715,16819,388,14712,3241,19113,19091,18441,19212,13446,12501,11040,11493,11493,19529,13638,9686,13638,9686,17720,1,27:04,2020,2021
2020-21,1629660,Ty Jerome,Ty,1610612760,OKC,Oklahoma City Thunder,22000781,2021-04-07T00:00:00,OKC vs. CHA,L,20.0,82.7,86.0,86.0,97.8,95.5,95.5,-15.1,-9.4,-9.4,0.286,1.0,28.6,0.0,0.045,0.024,0.28600000000000003,0.27699999999999997,0.0,0.00078,0.2,0.214,105.49,104.63,87.19,104.63,-0.046,43,0,6,0.0,6.0,0.0,1,11623,11623,11623,14216,20726,20018,20018,5819,4910,4910,16418,14678,14678,3200,6835,4109,11150,18452,19598,21531,21538,19893,20439,8922,8304,5956,6711,6711,21805,19893,12753,19893,12753,19893,1,19:57,2020,2021
2020-21,1629620,Justin Robinson,Justin,1610612760,OKC,Oklahoma City Thunder,22000781,2021-04-07T00:00:00,OKC vs. CHA,L,12.8,82.9,85.2,85.2,91.6,92.3,92.3,-8.8,-7.1,-7.1,0.125,0.0,20.0,0.0,0.071,0.037,0.0,0.0,0.00375,0.00375,0.129,0.134,101.44,99.63,83.03,99.63,0.058,27,1,4,1.0,4.0,0.25,1,11623,11623,11623,18566,20697,20207,20207,3780,3922,3922,14412,13885,13885,10010,11715,7755,11150,16224,17935,1,1,15925,17266,16949,16806,11348,13749,13749,15210,16702,15987,16702,15987,17720,1,12:46,2020,2021
2020-21,1630177,Theo Maledon,Theo,1610612760,OKC,Oklahoma City Thunder,22000781,2021-04-07T00:00:00,OKC vs. CHA,L,36.4,93.9,93.6,93.6,117.6,120.8,120.8,-23.7,-27.2,-27.2,0.294,0.83,16.1,0.0,0.119,0.062,0.19399999999999998,0.195,0.005829999999999999,0.00633,0.292,0.297,103.38,102.2,85.16,102.2,0.136,78,9,18,9.0,18.0,0.5,1,11623,11623,11623,1967,18090,18139,18139,15343,16633,16633,18491,19159,19159,3064,9609,10566,11150,11772,14022,19575,19638,8598,8088,2287,2427,8581,9825,9825,6247,1450,1562,1450,1562,7582,1,36:24,2020,2021
2020-21,1629026,Kenrich Williams,Kenrich,1610612760,OKC,Oklahoma City Thunder,22000781,2021-04-07T00:00:00,OKC vs. CHA,L,34.4,110.6,110.8,110.8,112.7,116.4,116.4,-2.2,-5.6,-5.6,0.333,4.5,36.0,0.057,0.175,0.12,0.08,0.081,0.00208,0.00218,0.19,0.187,104.4,102.62,85.51,102.62,0.049,74,2,12,2.0,12.0,0.167,1,11623,11623,11623,3336,10673,10666,10666,13026,14680,14680,12087,13368,13368,1999,1009,2207,5957,6912,5959,11978,12119,19193,19790,10106,11105,7270,9245,9245,16154,13638,5097,13638,5097,19313,1,34:23,2020,2021
2020-21,1629004,Svi Mykhailiuk,Svi,1610612760,OKC,Oklahoma City Thunder,22000781,2021-04-07T00:00:00,OKC vs. CHA,L,31.1,106.6,106.2,106.2,114.3,113.6,113.6,-7.6,-7.5,-7.5,0.238,2.5,33.3,0.0,0.088,0.044,0.133,0.133,0.0075,0.0075,0.137,0.138,100.76,101.26,84.38,101.26,0.097,65,4,8,4.0,8.0,0.5,1,11623,11623,11623,5779,12626,12936,12936,13789,13295,13295,14021,14013,14013,4670,3052,2412,11150,14712,16946,16295,16405,3445,4095,16127,16512,12326,11265,11265,10645,8251,9686,8251,9686,7582,1,31:03,2020,2021
2020-21,1630197,Aleksej Pokusevski,Aleksej,1610612760,OKC,Oklahoma City Thunder,22000781,2021-04-07T00:00:00,OKC vs. CHA,L,33.5,107.7,108.1,108.1,105.8,106.8,106.8,1.9,1.4,1.4,0.19,1.33,19.0,0.0,0.22,0.123,0.14300000000000002,0.14300000000000002,0.00893,0.00893,0.21,0.214,106.85,106.19,88.49,106.19,0.175,74,9,14,9.0,14.0,0.643,1,11623,11623,11623,4022,12108,12037,12037,9518,9860,9860,10440,10745,10746,6513,6412,8766,11150,4284,5676,16694,16870,1905,1901,8151,8271,4462,5078,5078,3170,1450,3568,1450,3568,4072,1,33:27,2020,2021
2020-21,1628396,Tony Bradley,Tony,1610612760,OKC,Oklahoma City Thunder,22000781,2021-04-07T00:00:00,OKC vs. CHA,L,20.6,94.3,95.7,95.7,106.8,106.7,106.7,-12.4,-11.0,-11.0,0.0,0.0,0.0,0.111,0.238,0.179,0.182,0.182,0.006670000000000001,0.006670000000000001,0.22,0.226,106.72,106.02,88.35,106.02,0.144,46,6,9,6.0,9.0,0.667,1,11623,11623,11623,13747,17940,17498,17498,9956,9787,9787,15595,15153,15153,16819,11715,16819,2373,3429,2086,19113,19188,5569,6637,7175,7139,4599,5230,5230,5576,4526,8309,4526,8309,2900,1,20:36,2020,2021
2020-21,1629658,Jaylen Hoard,Jaylen,1610612760,OKC,Oklahoma City Thunder,22000781,2021-04-07T00:00:00,OKC vs. CHA,L,24.3,85.4,86.3,86.3,106.0,108.0,108.0,-20.6,-21.7,-21.7,0.091,1.0,10.0,0.0,0.037,0.018,0.1,0.098,0.006670000000000001,0.00793,0.15,0.16,101.06,99.6,83.0,99.6,0.129,51,4,6,4.0,6.0,0.667,1,11623,11623,11623,10921,20241,19977,19977,9572,10452,10452,17823,18032,18032,12406,6835,14007,11150,19032,20090,13495,13610,5569,3283,14667,14104,11890,13790,13790,7019,8251,12753,8251,12753,2900,1,24:20,2020,2021
2020-21,1629026,Kenrich Williams,Kenrich,1610612760,OKC,Oklahoma City Thunder,22000766,2021-04-05T00:00:00,OKC vs. DET,L,21.6,100.3,97.9,97.9,135.7,133.3,133.3,-35.4,-35.4,-35.4,0.133,2.0,14.3,0.115,0.048,0.085,0.071,0.07200000000000001,0.002,0.0027600000000000003,0.222,0.229,104.28,106.5,88.75,106.5,-0.014,48,2,10,2.0,10.0,0.2,1,11623,11623,11623,12949,15556,16732,16732,20817,20304,20304,20444,20376,20376,9603,3550,11222,2291,18319,10195,11065,11297,19207,19151,6852,6865,7403,4816,4816,20980,13638,7133,13638,7133,18781,1,21:38,2020,2021
2020-21,1629658,Jaylen Hoard,Jaylen,1610612760,OKC,Oklahoma City Thunder,22000766,2021-04-05T00:00:00,OKC vs. DET,L,22.1,102.0,103.9,103.9,103.2,96.2,96.2,-1.2,7.7,7.7,0.0,0.0,0.0,0.154,0.087,0.122,0.214,0.21600000000000003,0.004,0.0046,0.237,0.235,109.91,112.77,93.98,112.77,0.061,51,4,10,4.0,10.0,0.4,1,11623,11623,11623,12580,14803,13979,13979,8327,5161,5161,11733,8392,8392,16819,11715,16819,1192,14797,5755,20280,20376,15280,15111,5658,6353,2352,1465,1469,14875,8251,7133,8251,7133,12966,1,22:08,2020,2021
2020-21,1629650,Moses Brown,Moses,1610612760,OKC,Oklahoma City Thunder,22000766,2021-04-05T00:00:00,OKC vs. DET,L,26.0,92.4,94.9,94.9,138.5,133.9,133.9,-46.1,-39.0,-39.0,0.0,0.0,0.0,0.061,0.115,0.085,0.1,0.102,0.00571,0.00628,0.145,0.142,111.32,111.76,93.14,111.76,0.064,59,4,7,4.0,7.0,0.571,1,11623,11623,11623,9661,18527,17750,17750,21210,20564,20564,21474,20744,20744,16819,11715,16819,5604,12083,10253,13495,14105,9007,8202,15222,16030,1744,1789,1789,14557,8251,11165,8251,11165,5826,1,25:59,2020,2021
2020-21,1628396,Tony Bradley,Tony,1610612760,OKC,Oklahoma City Thunder,22000766,2021-04-05T00:00:00,OKC vs. DET,L,22.0,105.3,108.3,108.3,105.1,104.3,104.3,0.2,4.1,4.1,0.125,2.0,18.2,0.08,0.333,0.196,0.091,0.092,0.00571,0.00571,0.167,0.163,104.69,103.56,86.3,103.56,0.137,48,4,7,4.0,7.0,0.571,1,11623,11623,11623,12677,13304,11909,11909,9145,8679,8679,11074,9717,9718,10010,3550,9055,4055,906,1595,12713,13135,9007,10521,12634,13742,6925,8031,8031,6234,8251,11165,8251,11165,5826,1,22:01,2020,2021
2020-21,1629004,Svi Mykhailiuk,Svi,1610612760,OKC,Oklahoma City Thunder,22000766,2021-04-05T00:00:00,OKC vs. DET,L,26.2,86.1,90.0,90.0,124.5,124.6,124.6,-38.4,-34.6,-34.6,0.133,2.0,12.5,0.0,0.103,0.048,0.063,0.064,0.0055000000000000005,0.00672,0.212,0.208,113.44,110.91,92.43,110.91,0.168,60,5,10,5.0,10.0,0.5,1,11623,11623,11623,9504,20092,19074,19074,18093,18045,18045,20788,20277,20277,9603,3550,12419,11150,13183,16262,10363,10657,9832,6524,7906,8968,1095,2083,2083,3595,6152,7133,6152,7133,7582,1,26:11,2020,2021
2020-21,1629660,Ty Jerome,Ty,1610612760,OKC,Oklahoma City Thunder,22000766,2021-04-05T00:00:00,OKC vs. DET,L,27.7,104.9,108.2,108.2,125.0,119.7,119.7,-20.1,-11.5,-11.5,0.263,5.0,27.8,0.0,0.13,0.052,0.055999999999999994,0.055999999999999994,0.00417,0.00417,0.178,0.178,105.18,105.77,88.14,105.77,0.081,61,5,12,5.0,12.0,0.417,1,11623,11623,11623,8368,13491,12008,12008,18232,16120,16120,17693,15307,15307,3846,622,4542,11150,10560,15690,9885,9963,14855,16272,11565,12114,6337,5488,5488,12501,6152,5097,6152,5097,12627,1,27:41,2020,2021
2020-21,1630177,Theo Maledon,Theo,1610612760,OKC,Oklahoma City Thunder,22000766,2021-04-05T00:00:00,OKC vs. DET,L,26.3,88.1,90.0,90.0,130.8,133.3,133.3,-42.7,-43.3,-43.3,0.063,0.33,5.6,0.0,0.214,0.102,0.16699999999999998,0.165,0.00417,0.00493,0.254,0.26,111.87,109.64,91.37,109.64,0.073,60,5,12,5.0,12.0,0.417,1,11623,11623,11623,9423,19630,19074,19074,19851,20304,20304,21204,21159,21156,14605,11241,16432,11150,4458,7958,18107,18240,14855,14429,4341,4453,1545,2673,2677,13531,6152,5097,6152,5097,12627,1,26:16,2020,2021
2020-21,203121,Darius Miller,Darius,1610612760,OKC,Oklahoma City Thunder,22000766,2021-04-05T00:00:00,OKC vs. DET,L,12.7,96.2,96.4,96.4,112.1,107.4,107.4,-15.9,-11.0,-11.0,0.333,0.0,50.0,0.0,0.1,0.042,0.0,0.0,0.005,0.005,0.094,0.094,102.24,104.21,86.84,104.21,0.155,28,1,3,1.0,3.0,0.333,1,11623,11623,11623,18607,17303,17240,17240,12685,10186,10186,16656,15142,15142,1999,11715,471,11150,13367,17270,1,1,10646,13141,20021,20227,10179,7222,7226,4564,16702,17566,16702,17566,15094,1,12:40,2020,2021
2020-21,1630197,Aleksej Pokusevski,Aleksej,1610612760,OKC,Oklahoma City Thunder,22000766,2021-04-05T00:00:00,OKC vs. DET,L,31.5,95.8,98.6,98.6,133.5,132.9,132.9,-37.6,-34.3,-34.3,0.0,0.0,0.0,0.053,0.063,0.057,0.174,0.171,0.004739999999999999,0.00489,0.28,0.286,111.02,109.71,91.43,109.71,0.027,71,8,19,8.0,19.0,0.421,1,11623,11623,11623,5427,17437,16499,16499,20434,20295,20295,20690,20246,20246,16819,11715,16819,6380,17087,14762,18927,18900,13351,14497,2833,2916,1850,2637,2637,18178,2196,1220,2196,1220,12562,1,31:30,2020,2021
2020-21,1629620,Justin Robinson,Justin,1610612760,OKC,Oklahoma City Thunder,22000766,2021-04-05T00:00:00,OKC vs. DET,L,23.9,114.7,115.1,115.1,114.8,111.5,111.5,-0.1,3.6,3.6,0.1,0.0,22.2,0.0,0.045,0.02,0.0,0.0,0.005,0.005410000000000001,0.111,0.134,103.97,105.29,87.74,105.29,0.029,53,3,7,3.0,7.0,0.429,1,11623,11623,11623,11225,8597,8596,8596,14034,12247,12247,11275,9905,9905,11723,11715,6856,11150,18452,19967,1,1,10646,11637,18608,16883,7826,5979,5979,18022,10694,11165,10694,11165,11933,1,23:56,2020,2021
2020-21,203121,Darius Miller,Darius,1610612760,OKC,Oklahoma City Thunder,22000753,2021-04-03T00:00:00,OKC @ POR,L,13.7,92.1,96.6,96.6,111.3,110.0,110.0,-19.2,-13.4,-13.4,0.0,0.0,0.0,0.05,0.063,0.056,0.2,0.19399999999999998,0.00571,0.00661,0.294,0.3,105.05,103.23,86.03,103.23,0.133,29,3,7,3.0,7.0,0.429,1,11623,11623,11623,18124,18619,17210,17210,12331,11441,11441,17494,15912,15913,16819,11715,16819,6713,17087,14969,19585,19612,9007,7089,2182,2301,6489,8429,8429,6504,10694,11165,10694,11165,11933,1,13:43,2020,2021
2020-21,1629676,Isaiah Roby,Isaiah,1610612760,OKC,Oklahoma City Thunder,22000753,2021-04-03T00:00:00,OKC @ POR,L,23.3,44.3,42.9,42.9,136.0,134.5,134.5,-91.7,-91.7,-91.7,0.2,0.14,7.7,0.0,0.2,0.086,0.5379999999999999,0.509,0.005,0.00434,0.19,0.212,112.06,114.58,95.48,114.58,-0.034,56,2,4,2.0,4.0,0.5,1,11623,11623,11623,11738,22611,22580,22580,20861,20668,20668,22647,22639,22639,5900,11712,15426,11150,5063,10014,22853,22819,10646,15868,10106,8495,1480,1094,1094,21550,13638,15987,13638,15987,7582,1,23:15,2020,2021
2020-21,1628382,Justin Jackson,Justin,1610612760,OKC,Oklahoma City Thunder,22000753,2021-04-03T00:00:00,OKC @ POR,L,16.9,83.2,88.6,88.6,106.6,105.6,105.6,-23.5,-17.0,-17.0,0.1,0.0,11.1,0.0,0.053,0.023,0.0,0.0,0.0,0.0,0.195,0.194,103.66,100.93,84.11,100.93,-0.119,35,0,8,0.0,8.0,0.0,1,11623,11623,11623,16340,20653,19472,19472,9889,9286,9286,18445,16925,16926,11723,11715,13295,11150,17931,19702,1,1,19893,20448,9651,10372,8208,11751,11751,22548,19893,9686,19893,9686,19893,1,16:53,2020,2021
2020-21,1630177,Theo Maledon,Theo,1610612760,OKC,Oklahoma City Thunder,22000753,2021-04-03T00:00:00,OKC @ POR,L,22.3,57.4,55.8,55.8,145.2,147.1,147.1,-87.8,-91.3,-91.3,0.111,0.0,6.7,0.0,0.083,0.04,0.0,0.0,0.00125,0.00254,0.241,0.248,110.2,111.1,92.58,111.1,-0.022,52,1,12,1.0,12.0,0.083,1,11623,11623,11623,12497,22382,22363,22363,21920,22032,22032,22609,22636,22636,10979,11715,15968,11150,15066,17523,1,1,19781,19362,5348,5369,2196,2031,2031,21228,16702,5097,16702,5097,19880,1,22:15,2020,2021
2020-21,1630197,Aleksej Pokusevski,Aleksej,1610612760,OKC,Oklahoma City Thunder,22000753,2021-04-03T00:00:00,OKC @ POR,L,30.9,74.0,71.8,71.8,132.3,132.9,132.9,-58.3,-61.0,-61.0,0.267,1.0,19.0,0.0,0.059,0.028,0.19,0.19,0.00308,0.00308,0.213,0.221,108.06,109.46,91.21,109.46,0.009,71,3,13,3.0,13.0,0.231,1,11623,11623,11623,5875,21665,21726,21726,20200,20291,20291,22072,22084,22084,3733,6835,8766,11150,17381,19128,19516,19566,17795,18719,7890,7639,3493,2762,2762,19326,10694,4300,10694,4300,18536,1,30:55,2020,2021
2020-21,1629660,Ty Jerome,Ty,1610612760,OKC,Oklahoma City Thunder,22000753,2021-04-03T00:00:00,OKC @ POR,L,25.9,114.2,115.1,115.1,122.1,119.2,119.2,-7.9,-4.1,-4.1,0.19,4.0,33.3,0.067,0.034,0.051,0.083,0.084,0.005,0.00509,0.129,0.13,96.64,97.42,81.19,97.42,0.044,53,2,6,2.0,6.0,0.333,1,11623,11623,11623,9748,8856,8596,8596,17229,15937,15937,14113,12836,12836,6513,1080,2412,4981,19177,15852,12082,12525,10646,12712,16949,17231,17784,16849,16849,16594,13638,12753,13638,12753,15094,1,25:52,2020,2021
2020-21,1629004,Svi Mykhailiuk,Svi,1610612760,OKC,Oklahoma City Thunder,22000753,2021-04-03T00:00:00,OKC @ POR,L,23.1,45.0,45.3,45.3,129.4,128.8,128.8,-84.4,-83.6,-83.6,0.0,0.0,0.0,0.0,0.087,0.036,0.4,0.405,0.002,0.00255,0.164,0.167,109.21,109.17,90.97,109.17,-0.056,53,1,5,1.0,5.0,0.2,1,11623,11623,11623,11891,22598,22561,22561,19541,19354,19354,22577,22565,22565,16819,11715,16819,11150,14797,18102,22429,22505,19207,19340,13214,13380,2749,2942,2942,21988,16702,14368,16702,14368,18781,1,23:05,2020,2021
2020-21,1629650,Moses Brown,Moses,1610612760,OKC,Oklahoma City Thunder,22000753,2021-04-03T00:00:00,OKC @ POR,L,23.1,54.7,53.7,53.7,128.4,128.3,128.3,-73.7,-74.6,-74.6,0.0,0.0,0.0,0.194,0.308,0.246,0.1,0.102,0.00571,0.00571,0.159,0.16,110.35,111.39,92.83,111.39,0.141,54,4,7,4.0,7.0,0.571,1,11623,11623,11623,11917,22442,22409,22409,19241,19189,19189,22439,22439,22439,16819,11715,16819,662,1456,628,13495,14105,9007,10576,13761,14122,2120,1916,1916,5849,8251,11165,8251,11165,5826,1,23:03,2020,2021
2020-21,1629026,Kenrich Williams,Kenrich,1610612760,OKC,Oklahoma City Thunder,22000753,2021-04-03T00:00:00,OKC @ POR,L,25.3,110.5,113.5,113.5,117.2,117.6,117.6,-6.7,-4.2,-4.2,0.133,0.0,12.5,0.037,0.129,0.086,0.0,0.0,0.00577,0.00628,0.233,0.241,99.37,97.85,81.54,97.85,0.152,52,7,13,7.0,13.0,0.538,1,11623,11623,11623,10244,10725,9377,9377,15159,15235,15235,13655,12861,12861,9603,11715,12419,8455,10706,10014,1,1,8913,8190,5966,5921,14341,16302,16302,4812,3206,4300,3206,4300,7057,1,25:16,2020,2021
2020-21,1630221,Josh Hall,Josh,1610612760,OKC,Oklahoma City Thunder,22000753,2021-04-03T00:00:00,OKC @ POR,L,11.2,150.8,137.5,137.5,145.0,143.5,143.5,5.8,-6.0,-6.0,0.167,1.0,33.3,0.0,0.133,0.095,0.33299999999999996,0.33299999999999996,0.005,0.005,0.154,0.168,95.66,100.71,83.93,100.71,0.031,24,1,2,1.0,2.0,0.5,1,11623,11623,11623,19230,503,1479,1479,21897,21798,21798,9035,13509,13509,7471,6835,2412,11150,10236,8753,21864,21909,10646,13141,14208,13290,18817,12106,12106,17867,16702,19102,16702,19102,7582,1,11:12,2020,2021
2020-21,1628396,Tony Bradley,Tony,1610612760,OKC,Oklahoma City Thunder,22000753,2021-04-03T00:00:00,OKC @ POR,L,24.5,108.7,107.7,107.7,124.6,124.0,124.0,-15.9,-16.3,-16.3,0.133,2.0,16.7,0.074,0.214,0.145,0.083,0.084,0.0075,0.00788,0.172,0.178,99.15,99.85,83.21,99.85,0.168,52,6,8,6.0,8.0,0.75,1,11623,11623,11623,10781,11582,12190,12190,18119,17848,17848,16658,16707,16707,9603,3550,9667,4471,4458,3825,12082,12420,3445,3342,12146,12147,14624,13418,13418,3586,4526,9686,4526,9686,1826,1,24:31,2020,2021
2020-21,1630177,Theo Maledon,Theo,1610612760,OKC,Oklahoma City Thunder,22000744,2021-04-02T00:00:00,OKC @ PHX,L,31.0,92.4,92.9,92.9,130.7,130.0,130.0,-38.3,-37.1,-37.1,0.25,0.6,9.7,0.0,0.208,0.081,0.161,0.16399999999999998,0.006939999999999999,0.00737,0.359,0.359,108.27,108.27,90.23,108.27,0.161,70,10,18,10.0,18.0,0.556,1,11623,11623,11623,5798,18531,18328,18328,19821,19618,19618,20773,20560,20561,4026,10145,14486,11150,4825,10919,18081,18238,5182,4716,549,732,3358,3458,3463,4120,935,1562,935,1562,6415,1,31:02,2020,2021
2020-21,1628382,Justin Jackson,Justin,1610612760,OKC,Oklahoma City Thunder,22000744,2021-04-02T00:00:00,OKC @ PHX,L,12.0,110.1,108.0,108.0,149.4,148.0,148.0,-39.3,-40.0,-40.0,0.333,1.0,9.1,0.0,0.111,0.043,0.091,0.092,0.00813,0.00845,0.357,0.373,98.56,100.0,83.33,100.0,0.234,25,5,8,5.0,8.0,0.625,1,11623,11623,11623,18882,10886,12076,12076,22178,22086,22086,20883,20846,20849,1999,6835,14598,11150,12294,16989,12713,13135,2708,2392,568,558,15402,13181,13180,993,6152,9686,6152,9686,4319,1,12:00,2020,2021
2020-21,1630221,Josh Hall,Josh,1610612760,OKC,Oklahoma City Thunder,22000744,2021-04-02T00:00:00,OKC @ PHX,L,22.5,106.9,108.9,108.9,136.4,138.6,138.6,-29.5,-29.7,-29.7,0.125,2.0,25.0,0.0,0.059,0.025,0.125,0.127,0.0,0.0020499999999999997,0.118,0.116,96.45,94.79,78.99,94.79,-0.053,45,0,4,0.0,4.0,0.0,1,11623,11623,11623,12294,12491,11669,11669,20930,21291,21291,19596,19602,19602,10010,3550,5205,11150,17381,19472,15469,16017,19893,19874,18092,18578,18000,19739,19739,21943,19893,15987,19893,15987,19893,1,22:32,2020,2021
2020-21,1629676,Isaiah Roby,Isaiah,1610612760,OKC,Oklahoma City Thunder,22000744,2021-04-02T00:00:00,OKC @ PHX,L,23.0,85.9,85.2,85.2,136.4,137.7,137.7,-50.4,-52.6,-52.6,0.125,0.67,18.2,0.0,0.222,0.083,0.273,0.273,0.00167,0.00167,0.148,0.154,111.86,111.81,93.18,111.81,-0.008,54,1,6,1.0,6.0,0.167,1,11623,11623,11623,11993,20114,20207,20207,20929,21173,21173,21750,21781,21781,10010,9817,9055,11150,4029,10340,21434,21471,19523,20180,14946,14772,1553,1771,1771,20734,16702,12753,16702,12753,19313,1,22:58,2020,2021
2020-21,1629660,Ty Jerome,Ty,1610612760,OKC,Oklahoma City Thunder,22000744,2021-04-02T00:00:00,OKC @ PHX,L,17.8,116.4,120.0,120.0,139.5,142.9,142.9,-23.1,-22.9,-22.9,0.231,3.0,20.0,0.059,0.077,0.067,0.067,0.067,0.00227,0.00227,0.293,0.292,97.06,94.47,78.73,94.47,-0.018,35,2,11,2.0,11.0,0.182,1,11623,11623,11623,15743,7869,6324,6324,21352,21714,21714,18372,18295,18295,4916,1931,7755,5698,15691,13105,10695,10791,19032,19747,2263,2634,17344,20018,20018,21097,13638,6027,13638,6027,19269,1,17:47,2020,2021
2020-21,1629650,Moses Brown,Moses,1610612760,OKC,Oklahoma City Thunder,22000744,2021-04-02T00:00:00,OKC @ PHX,L,23.8,94.3,96.3,96.3,129.9,131.5,131.5,-35.7,-35.2,-35.2,0.0,0.0,0.0,0.097,0.211,0.14,0.16699999999999998,0.17,0.0,0.0010199999999999999,0.095,0.096,110.88,109.06,90.88,109.06,0.008,54,0,4,0.0,4.0,0.0,1,11623,11623,11623,11354,17965,17277,17277,19653,20008,20008,20479,20354,20354,16819,11715,16819,3088,4688,4278,18107,18793,19893,20410,19892,20060,1901,3002,3002,19331,19893,15987,19893,15987,19893,1,23:46,2020,2021
2020-21,203121,Darius Miller,Darius,1610612760,OKC,Oklahoma City Thunder,22000744,2021-04-02T00:00:00,OKC @ PHX,L,6.9,123.5,113.3,113.3,159.9,157.1,157.1,-36.3,-43.8,-43.8,0.2,0.0,50.0,0.0,0.0,0.0,0.0,0.0,0.0,0.0,0.063,0.068,95.26,100.38,83.65,100.38,0.029,15,0,1,0.0,1.0,0.0,1,11623,11623,11623,20507,4876,9412,9412,22531,22516,22516,20564,21215,21215,5900,11715,471,11150,19725,20503,1,1,19893,20448,21477,21396,19176,12607,12607,17996,19893,20551,19893,20551,19893,1,6:56,2020,2021
2020-21,1629004,Svi Mykhailiuk,Svi,1610612760,OKC,Oklahoma City Thunder,22000744,2021-04-02T00:00:00,OKC @ PHX,L,23.3,81.1,80.0,80.0,126.8,123.6,123.6,-45.7,-43.6,-43.6,0.0,0.0,0.0,0.063,0.105,0.078,0.111,0.113,0.0028599999999999997,0.00381,0.145,0.15,111.24,113.39,94.49,113.39,0.036,55,2,7,2.0,7.0,0.286,1,11623,11623,11623,11724,20955,20931,20931,18796,17704,17704,21446,21182,21182,16819,11715,16819,5359,12971,11246,14407,14893,18098,17152,15190,15201,1775,1306,1311,17389,13638,11165,13638,11165,17105,1,23:17,2020,2021
2020-21,1630197,Aleksej Pokusevski,Aleksej,1610612760,OKC,Oklahoma City Thunder,22000744,2021-04-02T00:00:00,OKC @ PHX,L,32.9,94.1,91.7,91.7,137.1,140.0,140.0,-43.0,-48.3,-48.3,0.267,2.0,18.2,0.051,0.125,0.079,0.091,0.092,0.00643,0.00635,0.217,0.227,103.28,103.54,86.28,103.54,0.113,72,7,14,7.0,14.0,0.5,1,11623,11623,11623,4423,18035,18648,18648,21022,21404,21404,21238,21523,21523,3733,3550,9055,6647,10884,11116,12713,13135,6601,7997,7455,7037,8732,8059,8059,8777,3206,3568,3206,3568,7582,1,32:55,2020,2021
2020-21,1629026,Kenrich Williams,Kenrich,1610612760,OKC,Oklahoma City Thunder,22000744,2021-04-02T00:00:00,OKC @ PHX,L,22.6,116.8,116.7,116.7,131.6,133.3,133.3,-14.8,-16.7,-16.7,0.188,0.0,23.1,0.042,0.125,0.075,0.0,0.0,0.005,0.005,0.182,0.182,99.57,98.97,82.48,98.97,0.074,48,4,10,4.0,10.0,0.4,1,11623,11623,11623,12280,7683,7802,7802,20028,20304,20304,16316,16800,16784,6634,11715,6542,7768,10884,11784,1,1,10646,13141,11021,11672,14053,14734,14734,13414,8251,7133,8251,7133,12966,1,22:33,2020,2021
2020-21,1628396,Tony Bradley,Tony,1610612760,OKC,Oklahoma City Thunder,22000744,2021-04-02T00:00:00,OKC @ PHX,L,24.2,104.2,102.0,102.0,142.0,143.8,143.8,-37.8,-41.8,-41.8,0.0,0.0,0.0,0.08,0.235,0.143,0.14300000000000002,0.134,0.006670000000000001,0.00699,0.127,0.138,96.62,97.06,80.88,97.06,0.076,50,4,6,4.0,6.0,0.667,1,11623,11623,11623,11005,13816,14847,14847,21628,21811,21811,20719,21033,21033,16819,11715,16819,4055,3519,3903,16694,16494,5569,5707,17135,16458,17811,17300,17301,13098,8251,12753,8251,12753,2900,1,24:14,2020,2021
2020-21,1629004,Svi Mykhailiuk,Svi,1610612760,OKC,Oklahoma City Thunder,22000727,2021-03-31T00:00:00,OKC vs. TOR,W,35.6,115.2,113.3,113.3,106.8,108.1,108.1,8.4,5.2,5.2,0.0,0.0,0.0,0.026,0.186,0.11,0.222,0.217,0.00786,0.00762,0.198,0.208,100.38,100.57,83.81,100.57,0.159,75,9,14,9.0,14.0,0.643,1,1,1,1,2543,8418,9412,9412,9967,10521,10521,8139,9282,9282,16819,11715,16819,10585,6176,7085,20407,20402,3098,3861,9433,8954,12904,12331,12331,4276,1450,3568,1450,3568,4072,1,35:34,2020,2021
2020-21,203121,Darius Miller,Darius,1610612760,OKC,Oklahoma City Thunder,22000727,2021-03-31T00:00:00,OKC vs. TOR,W,18.8,111.7,107.3,107.3,113.3,110.0,110.0,-1.6,-2.7,-2.7,0.083,0.0,14.3,0.0,0.105,0.054,0.0,0.0,0.009170000000000001,0.009170000000000001,0.128,0.142,99.97,103.5,86.25,103.5,0.114,41,4,6,4.0,6.0,0.667,1,1,1,1,15081,10082,12405,12405,13294,11441,11441,11856,12300,12300,12981,11715,11222,11150,12971,15309,1,1,1699,1683,17098,16102,13508,8109,8109,8665,8251,12753,8251,12753,2900,1,18:47,2020,2021
2020-21,1629676,Isaiah Roby,Isaiah,1610612760,OKC,Oklahoma City Thunder,22000727,2021-03-31T00:00:00,OKC vs. TOR,W,32.1,116.9,115.2,115.2,115.9,116.9,116.9,1.0,-1.8,-1.8,0.15,0.75,15.0,0.121,0.158,0.141,0.2,0.201,0.00625,0.0066,0.21,0.211,97.75,98.02,81.68,98.02,0.122,66,7,12,7.0,12.0,0.583,1,1,1,1,5028,7642,8564,8564,14552,14931,14931,10781,11988,11988,8588,9685,11092,2113,8129,4233,19585,20040,7026,7107,8151,8610,16511,16053,16053,7823,3206,5097,3206,5097,5615,1,32:05,2020,2021
2020-21,1630177,Theo Maledon,Theo,1610612760,OKC,Oklahoma City Thunder,22000727,2021-03-31T00:00:00,OKC vs. TOR,W,32.5,107.6,105.7,105.7,113.0,111.9,111.9,-5.4,-6.2,-6.2,0.261,1.5,22.2,0.025,0.162,0.091,0.14800000000000002,0.14400000000000002,0.0025,0.0031,0.236,0.257,99.97,101.3,84.42,101.3,0.039,70,3,16,3.0,16.0,0.188,1,1,1,1,4718,12174,13138,13138,13129,12470,12470,13246,13577,13577,3929,5729,6856,10683,7873,9243,17487,17231,18441,18715,5766,4671,13511,11208,11208,17120,10694,2412,10694,2412,19259,1,32:28,2020,2021
2020-21,1628396,Tony Bradley,Tony,1610612760,OKC,Oklahoma City Thunder,22000727,2021-03-31T00:00:00,OKC vs. TOR,W,17.9,107.1,102.5,102.5,76.6,76.3,76.3,30.5,26.2,26.2,0.083,1.0,12.5,0.1,0.227,0.167,0.125,0.129,0.0025,0.00434,0.149,0.156,102.02,104.48,87.07,104.48,0.123,40,1,4,1.0,4.0,0.25,1,1,1,1,15652,12398,14650,14650,1227,1250,1250,2627,3408,3408,12981,6835,12419,2837,3865,2489,15469,16204,18441,15868,14802,14493,10497,6909,6909,7699,16702,15987,16702,15987,17720,1,17:55,2020,2021
2020-21,1630221,Josh Hall,Josh,1610612760,OKC,Oklahoma City Thunder,22000727,2021-03-31T00:00:00,OKC vs. TOR,W,21.0,113.9,114.3,114.3,75.2,72.1,72.1,38.6,42.2,42.2,0.25,2.0,28.6,0.0,0.185,0.104,0.14300000000000002,0.14800000000000002,0.0,0.00332,0.2,0.198,95.38,97.26,81.05,97.26,0.059,42,0,4,0.0,4.0,0.0,1,1,1,1,13453,9039,8875,8875,1124,964,964,1618,1397,1397,4026,3550,4109,11150,6193,7707,16694,17501,19893,18504,8922,9976,19073,17052,17052,15088,19893,15987,19893,15987,19893,1,20:59,2020,2021
2020-21,1629026,Kenrich Williams,Kenrich,1610612760,OKC,Oklahoma City Thunder,22000727,2021-03-31T00:00:00,OKC vs. TOR,W,28.1,119.1,116.9,116.9,103.8,105.4,105.4,15.3,11.6,11.6,0.053,0.5,11.1,0.063,0.167,0.118,0.222,0.222,0.008329999999999999,0.008329999999999999,0.108,0.11,98.13,98.34,81.95,98.34,0.092,59,4,6,4.0,6.0,0.667,1,1,1,1,8078,6636,7729,7729,8583,9223,9223,6033,7098,7098,15400,10215,13295,5359,7229,6131,20407,20459,2318,2498,18973,19109,15970,15593,15593,11269,8251,12753,8251,12753,2900,1,28:04,2020,2021
2020-21,1628382,Justin Jackson,Justin,1610612760,OKC,Oklahoma City Thunder,22000727,2021-03-31T00:00:00,OKC vs. TOR,W,24.1,111.6,109.8,109.8,91.4,92.2,92.2,20.2,17.6,17.6,0.214,3.0,16.7,0.08,0.071,0.075,0.055999999999999994,0.055999999999999994,0.0042899999999999995,0.0042899999999999995,0.25,0.267,101.21,101.65,84.71,101.65,0.091,51,5,14,5.0,14.0,0.357,1,1,1,1,11106,10101,11185,11185,3735,3894,3894,4696,5349,5350,5508,1931,9667,4055,16224,11730,9885,9963,14492,15959,4441,3958,11651,10678,10683,11311,6152,3568,6152,3568,14900,1,24:05,2020,2021
2020-21,1629650,Moses Brown,Moses,1610612760,OKC,Oklahoma City Thunder,22000727,2021-03-31T00:00:00,OKC vs. TOR,W,30.1,118.0,116.1,116.1,121.5,121.3,121.3,-3.5,-5.2,-5.2,0.0,0.0,0.0,0.219,0.143,0.179,0.0,0.0,0.006,0.00716,0.182,0.186,97.3,98.13,81.77,98.13,0.188,62,6,10,6.0,10.0,0.6,1,1,1,1,6508,7146,8100,8100,16988,16836,16836,12566,13203,13203,16819,11715,16819,432,9197,2106,1,1,7872,5228,11021,11241,17064,15909,15909,2492,4526,7133,4526,7133,4810,1,30:05,2020,2021
2020-21,1629026,Kenrich Williams,Kenrich,1610612760,OKC,Oklahoma City Thunder,22000713,2021-03-29T00:00:00,OKC vs. DAL,L,20.8,113.5,106.7,106.7,116.3,115.9,115.9,-2.8,-9.2,-9.2,0.214,3.0,25.0,0.0,0.208,0.135,0.083,0.083,0.005,0.005,0.191,0.203,99.17,102.49,85.41,102.49,0.102,45,4,8,4.0,8.0,0.5,1,11623,11623,11623,13556,9184,12676,12676,14779,14424,14424,12307,14625,14625,5508,1931,5205,11150,4825,4602,12082,12206,10646,13141,10025,9357,14590,9433,9433,10090,8251,9686,8251,9686,7582,1,20:51,2020,2021
2020-21,1629004,Svi Mykhailiuk,Svi,1610612760,OKC,Oklahoma City Thunder,22000713,2021-03-29T00:00:00,OKC vs. DAL,L,27.3,102.6,101.7,101.7,128.8,124.1,124.1,-26.2,-22.4,-22.4,0.071,1.0,8.3,0.0,0.12,0.05,0.083,0.083,0.008,0.008,0.164,0.168,99.78,102.1,85.09,102.1,0.122,58,7,10,7.0,10.0,0.7,1,11623,11623,11623,8668,14530,14952,14952,19381,17894,17894,19023,18201,18201,13934,6835,15056,11150,11613,15919,12082,12206,2800,3056,13187,13227,13755,9978,9978,7823,3206,7133,3206,7133,2696,1,27:16,2020,2021
2020-21,1629660,Ty Jerome,Ty,1610612760,OKC,Oklahoma City Thunder,22000713,2021-03-29T00:00:00,OKC vs. DAL,L,29.9,109.7,106.1,106.1,117.5,117.2,117.2,-7.8,-11.1,-11.1,0.217,5.0,38.5,0.0,0.094,0.058,0.077,0.078,0.008,0.00814,0.116,0.116,102.34,104.23,86.86,104.23,0.105,66,3,5,3.0,5.0,0.6,1,11623,11623,11623,6619,11092,12970,12970,15282,15043,15043,14055,15211,15211,5413,622,1791,11150,14156,14697,11527,11939,2800,2893,18303,18543,10037,7200,7200,9692,10694,14368,10694,14368,4810,1,29:56,2020,2021
2020-21,1629676,Isaiah Roby,Isaiah,1610612760,OKC,Oklahoma City Thunder,22000713,2021-03-29T00:00:00,OKC vs. DAL,L,34.1,106.9,105.5,105.5,118.0,116.2,116.2,-11.1,-10.7,-10.7,0.136,0.0,15.8,0.051,0.226,0.129,0.0,0.0,0.00357,0.00381,0.195,0.197,102.12,103.61,86.34,103.61,0.101,73,5,14,5.0,14.0,0.357,1,11623,11623,11623,3576,12473,13258,13258,15513,14566,14566,15196,15069,15069,9436,11715,10645,6647,3956,5137,1,1,16511,17152,9651,10053,10352,7957,7957,10133,6152,3568,6152,3568,14900,1,34:03,2020,2021
2020-21,1630221,Josh Hall,Josh,1610612760,OKC,Oklahoma City Thunder,22000713,2021-03-29T00:00:00,OKC vs. DAL,L,21.7,106.7,102.1,102.1,121.2,120.8,120.8,-14.5,-18.8,-18.8,0.071,0.25,7.7,0.0,0.045,0.028,0.308,0.313,0.005829999999999999,0.00644,0.24,0.245,103.62,106.09,88.41,106.09,0.022,48,3,6,3.0,6.0,0.5,1,11623,11623,11623,12875,12583,14816,14816,16890,16644,16644,16233,17349,17350,13934,11581,15426,11150,18452,19148,21817,21868,8598,7538,5445,5575,8260,5170,5170,18558,10694,12753,10694,12753,7582,1,21:43,2020,2021
2020-21,1629650,Moses Brown,Moses,1610612760,OKC,Oklahoma City Thunder,22000713,2021-03-29T00:00:00,OKC vs. DAL,L,29.6,96.7,95.5,95.5,131.4,131.8,131.8,-34.7,-36.4,-36.4,0.0,0.0,0.0,0.081,0.25,0.148,0.091,0.096,0.002,0.00319,0.147,0.142,106.33,106.88,89.06,106.88,0.038,66,1,5,1.0,5.0,0.2,1,11623,11623,11623,6860,17096,17556,17556,20006,20083,20083,20359,20479,20482,16819,11715,16819,4014,2712,3702,12713,13499,19207,18572,15041,16034,4984,4496,4496,17196,16702,14368,16702,14368,18781,1,29:39,2020,2021
2020-21,1630197,Aleksej Pokusevski,Aleksej,1610612760,OKC,Oklahoma City Thunder,22000713,2021-03-29T00:00:00,OKC vs. DAL,L,34.0,104.1,101.3,101.3,121.6,121.3,121.3,-17.5,-20.0,-20.0,0.1,1.0,9.1,0.054,0.121,0.086,0.091,0.09,0.00559,0.00573,0.233,0.245,105.22,106.75,88.95,106.75,0.096,76,8,17,8.0,17.0,0.471,1,11623,11623,11623,3649,13880,15142,15142,17024,16846,16846,17072,17696,17696,11723,6835,14598,6314,11515,10077,12713,12834,9563,10370,6034,5626,6273,4602,4602,10797,2196,1960,2196,1960,10674,1,33:57,2020,2021
2020-21,1628396,Tony Bradley,Tony,1610612760,OKC,Oklahoma City Thunder,22000713,2021-03-29T00:00:00,OKC vs. DAL,L,14.1,118.6,112.9,112.9,125.3,119.4,119.4,-6.8,-6.5,-6.5,0.1,0.25,11.1,0.286,0.167,0.2,0.444,0.45,0.01,0.01031,0.242,0.25,100.37,105.41,87.84,105.41,0.109,31,3,3,3.0,3.0,1.0,1,11623,11623,11623,17942,6884,9644,9644,18360,15992,15992,13691,13662,13664,11723,11581,13295,152,7229,1349,22561,22577,532,613,5280,5139,12908,5874,5874,9179,10694,17566,10694,17566,1,1,14:07,2020,2021
2020-21,1630177,Theo Maledon,Theo,1610612760,OKC,Oklahoma City Thunder,22000713,2021-03-29T00:00:00,OKC vs. DAL,L,28.5,90.5,85.2,85.2,132.7,132.2,132.2,-42.3,-47.0,-47.0,0.071,0.5,5.3,0.026,0.192,0.094,0.105,0.107,0.0034599999999999995,0.0044800000000000005,0.257,0.269,97.94,101.11,84.26,101.11,0.043,61,4,13,4.0,13.0,0.308,1,11623,11623,11623,7738,19041,20201,20201,20279,20169,20169,21169,21453,21453,13934,10215,16519,10461,5781,8983,14176,14410,16752,15459,4106,3813,16248,11489,11489,16686,8251,4300,8251,4300,16796,1,28:29,2020,2021
2020-21,1629650,Moses Brown,Moses,1610612760,OKC,Oklahoma City Thunder,22000699,2021-03-27T00:00:00,OKC vs. BOS,L,32.7,99.6,98.6,98.6,104.3,107.2,107.2,-4.7,-8.7,-8.7,0.0,0.0,0.0,0.167,0.459,0.315,0.133,0.129,0.008,0.00777,0.19,0.201,102.82,101.91,84.93,101.91,0.263,70,8,10,8.0,10.0,0.8,1,11623,11623,11623,4550,16000,16505,16505,8789,10128,10128,12994,14427,14427,16819,11715,16819,903,287,191,16295,16204,2800,3572,10216,9629,9354,10294,10294,622,2196,7133,2196,7133,1469,1,32:44,2020,2021
2020-21,1630197,Aleksej Pokusevski,Aleksej,1610612760,OKC,Oklahoma City Thunder,22000699,2021-03-27T00:00:00,OKC vs. BOS,L,31.1,95.6,95.2,95.2,104.8,106.5,106.5,-9.2,-11.3,-11.3,0.263,1.67,26.3,0.0,0.054,0.029,0.158,0.159,0.003,0.00368,0.2,0.202,96.37,95.85,79.87,95.85,0.052,62,3,10,3.0,10.0,0.3,1,11623,11623,11623,5779,17514,17679,17679,9046,9710,9710,14584,15257,15259,3846,5502,5043,11150,17875,18952,17934,18057,17843,17555,8922,9499,18076,18736,18736,15845,10694,7133,10694,7133,16897,1,31:03,2020,2021
2020-21,1629026,Kenrich Williams,Kenrich,1610612760,OKC,Oklahoma City Thunder,22000699,2021-03-27T00:00:00,OKC vs. BOS,L,29.7,89.9,89.6,89.6,115.4,115.2,115.2,-25.4,-25.6,-25.6,0.111,2.0,16.7,0.0,0.036,0.016,0.083,0.083,0.006670000000000001,0.006670000000000001,0.141,0.141,107.15,107.47,89.56,107.47,0.073,67,5,9,5.0,9.0,0.556,1,11623,11623,11623,6810,19197,19244,19244,14299,14066,14066,18872,18842,18842,10979,3550,9667,11150,19107,20258,12082,12206,5569,6637,15731,16113,4193,4045,4045,13464,6152,8309,6152,8309,6415,1,29:42,2020,2021
2020-21,1629004,Svi Mykhailiuk,Svi,1610612760,OKC,Oklahoma City Thunder,22000699,2021-03-27T00:00:00,OKC vs. BOS,L,23.9,81.2,81.1,81.1,115.6,113.0,113.0,-34.4,-31.8,-31.8,0.143,2.0,14.3,0.033,0.043,0.038,0.071,0.071,0.0027300000000000002,0.0027300000000000002,0.211,0.211,106.16,107.45,89.54,107.45,0.005,53,2,11,2.0,11.0,0.182,1,11623,11623,11623,11259,20941,20860,20860,14427,12981,12981,20329,19907,19907,8804,3550,11222,9099,18591,17866,11065,11178,18356,19177,8035,8638,5167,4076,4076,19476,13638,6027,13638,6027,19269,1,23:54,2020,2021
2020-21,1630221,Josh Hall,Josh,1610612760,OKC,Oklahoma City Thunder,22000699,2021-03-27T00:00:00,OKC vs. BOS,L,20.4,86.6,85.4,85.4,105.5,108.3,108.3,-18.9,-22.9,-22.9,0.083,1.0,10.0,0.0,0.208,0.094,0.1,0.10400000000000001,0.002,0.00262,0.164,0.162,113.69,112.94,94.12,112.94,-0.013,48,1,5,1.0,5.0,0.2,1,11623,11623,11623,13896,19991,20158,20158,9358,10608,10608,17430,18304,18304,12981,6835,14007,11150,4825,8931,13495,14189,19207,19259,13248,13883,1033,1422,1422,20935,16702,14368,16702,14368,18781,1,20:24,2020,2021
2020-21,1629676,Isaiah Roby,Isaiah,1610612760,OKC,Oklahoma City Thunder,22000699,2021-03-27T00:00:00,OKC vs. BOS,L,27.2,100.5,98.2,98.2,101.6,103.6,103.6,-1.1,-5.4,-5.4,0.053,0.5,10.0,0.077,0.161,0.123,0.2,0.205,0.002,0.00296,0.15,0.149,98.53,98.7,82.25,98.7,0.005,56,1,5,1.0,5.0,0.2,1,11623,11623,11623,8690,15465,16630,16630,7559,8376,8376,11672,13268,13268,15400,10215,14007,4204,7909,5720,19585,20143,19207,18941,14667,15259,15458,15080,15082,19467,16702,14368,16702,14368,18781,1,27:14,2020,2021
2020-21,1629660,Ty Jerome,Ty,1610612760,OKC,Oklahoma City Thunder,22000699,2021-03-27T00:00:00,OKC vs. BOS,L,21.7,84.2,83.7,83.7,111.8,107.8,107.8,-27.6,-24.2,-24.2,0.091,0.33,9.1,0.0,0.0,0.0,0.273,0.273,0.005,0.005,0.185,0.186,108.38,110.68,92.24,110.68,0.023,49,3,7,3.0,7.0,0.429,1,11623,11623,11623,12901,20468,20467,20467,12556,10397,10397,19276,18549,18549,12406,11241,14598,11150,19725,20503,21434,21471,10646,13141,10704,11230,3287,2199,2199,18476,10694,11165,10694,11165,11933,1,21:41,2020,2021
2020-21,1630177,Theo Maledon,Theo,1610612760,OKC,Oklahoma City Thunder,22000699,2021-03-27T00:00:00,OKC vs. BOS,L,37.1,92.6,92.0,92.0,108.0,110.4,110.4,-15.3,-18.4,-18.4,0.222,2.0,16.7,0.026,0.159,0.098,0.083,0.084,0.00563,0.00619,0.241,0.243,99.06,98.28,81.9,98.28,0.168,75,7,16,7.0,16.0,0.438,1,11623,11623,11623,1527,18450,18575,18575,10618,11672,11672,16499,17278,17278,5155,3550,9667,10461,8110,8495,12082,12420,9382,8582,5397,5787,14725,15684,15684,3611,3206,2412,3206,2412,11830,1,37:07,2020,2021
2020-21,1629652,Luguentz Dort,Luguentz,1610612760,OKC,Oklahoma City Thunder,22000699,2021-03-27T00:00:00,OKC vs. BOS,L,16.2,103.6,100.0,100.0,82.4,87.5,87.5,21.2,12.5,12.5,0.0,0.0,0.0,0.0,0.083,0.048,0.091,0.091,0.005,0.005,0.282,0.299,97.58,96.4,80.33,96.4,0.1,33,4,10,4.0,10.0,0.4,1,11623,11623,11623,16789,14081,15193,15193,1879,2756,2756,4444,6772,6772,16819,11715,16819,11150,15066,16323,12713,12875,10646,13141,2771,2359,16708,18099,18099,10264,8251,7133,8251,7133,12966,1,16:11,2020,2021
2020-21,1629676,Isaiah Roby,Isaiah,1610612760,OKC,Oklahoma City Thunder,22000674,2021-03-24T00:00:00,OKC vs. MEM,L,28.8,85.2,87.3,87.3,107.9,106.2,106.2,-22.6,-18.9,-18.9,0.15,1.5,16.7,0.026,0.179,0.091,0.111,0.113,0.0027300000000000002,0.0035299999999999997,0.208,0.209,107.16,106.76,88.97,106.76,0.062,63,3,11,3.0,11.0,0.273,1,11623,11623,11623,7504,20267,19770,19770,10579,9567,9567,18267,17392,17392,8588,5729,9667,10461,6647,9243,14407,14941,18356,17830,8279,8798,4185,4591,4591,14775,10694,6027,10694,6027,17532,1,28:47,2020,2021
2020-21,1630177,Theo Maledon,Theo,1610612760,OKC,Oklahoma City Thunder,22000674,2021-03-24T00:00:00,OKC vs. MEM,L,32.5,84.3,85.9,85.9,109.9,106.8,106.8,-25.7,-20.9,-20.9,0.0,0.0,0.0,0.023,0.1,0.055,0.125,0.125,0.00357,0.00357,0.2,0.204,105.95,106.43,88.69,106.43,0.01,71,4,14,4.0,14.0,0.286,1,11623,11623,11623,4707,20446,20046,20046,11637,9918,9918,18927,17865,17865,16819,11715,16819,10915,13367,15203,15469,15631,16511,17707,8922,9289,5412,4878,4878,19239,8251,3568,8251,3568,17105,1,32:28,2020,2021
2020-21,1629652,Luguentz Dort,Luguentz,1610612760,OKC,Oklahoma City Thunder,22000674,2021-03-24T00:00:00,OKC vs. MEM,L,31.3,92.2,94.1,94.1,104.5,102.9,102.9,-12.3,-8.8,-8.8,0.15,0.0,14.3,0.026,0.067,0.043,0.0,0.0,0.00382,0.00391,0.234,0.237,105.3,105.02,87.52,105.02,0.068,68,6,17,6.0,17.0,0.353,1,11623,11623,11623,5597,18583,17966,17966,8881,8083,8083,15561,14476,14476,8588,11715,11222,10585,16720,16989,1,1,15889,16963,5943,6223,6180,6254,6254,14060,4526,1960,4526,1960,15003,1,31:19,2020,2021
2020-21,1629660,Ty Jerome,Ty,1610612760,OKC,Oklahoma City Thunder,22000674,2021-03-24T00:00:00,OKC vs. MEM,L,21.2,104.3,102.0,102.0,114.8,118.8,118.8,-10.6,-16.7,-16.7,0.2,1.5,21.4,0.0,0.111,0.061,0.14300000000000002,0.14300000000000002,0.00611,0.00611,0.208,0.216,110.75,110.07,91.73,110.07,0.106,49,4,9,4.0,9.0,0.444,1,11623,11623,11623,13333,13772,14830,14830,14044,15695,15695,15044,16853,16853,5900,5729,7364,11150,12294,14088,16694,16870,7662,8909,8380,8120,1958,2458,2458,9578,8251,8309,8251,8309,11399,1,21:09,2020,2021
2020-21,1629026,Kenrich Williams,Kenrich,1610612760,OKC,Oklahoma City Thunder,22000674,2021-03-24T00:00:00,OKC vs. MEM,L,19.2,118.3,115.6,115.6,105.0,104.4,104.4,13.3,11.1,11.1,0.267,4.0,36.4,0.0,0.125,0.073,0.091,0.091,0.009170000000000001,0.009170000000000001,0.143,0.149,110.76,112.35,93.63,112.35,0.15,45,5,6,5.0,6.0,0.833,1,11623,11623,11623,14755,7006,8369,8369,9113,8762,8762,6630,7215,7215,3733,1080,2091,11150,10884,12124,12713,12875,1699,1683,15276,15270,1957,1588,1588,4989,6152,12753,6152,12753,1305,1,19:14,2020,2021
2020-21,1630197,Aleksej Pokusevski,Aleksej,1610612760,OKC,Oklahoma City Thunder,22000674,2021-03-24T00:00:00,OKC vs. MEM,L,32.4,102.8,100.0,100.0,109.3,110.5,110.5,-6.6,-10.5,-10.5,0.185,1.0,26.3,0.0,0.081,0.042,0.263,0.265,0.00688,0.00732,0.167,0.171,111.78,112.67,93.89,112.67,0.072,76,5,8,5.0,8.0,0.625,1,11623,11623,11623,4798,14490,15193,15193,11315,11712,11712,13624,14987,14992,6797,6835,5043,11150,15425,17270,21398,21415,5264,4812,12634,12834,1579,1498,1498,13624,6152,9686,6152,9686,4319,1,32:23,2020,2021
2020-21,1629004,Svi Mykhailiuk,Svi,1610612760,OKC,Oklahoma City Thunder,22000674,2021-03-24T00:00:00,OKC vs. MEM,L,18.3,111.4,109.1,109.1,102.8,107.1,107.1,8.6,1.9,1.9,0.125,2.0,15.4,0.056,0.04,0.047,0.077,0.077,0.0034999999999999996,0.0034999999999999996,0.224,0.239,113.73,112.63,93.86,112.63,0.049,44,3,10,3.0,10.0,0.3,1,11623,11623,11623,15385,10211,11495,11495,8132,10055,10055,8082,10510,10510,10010,3550,10765,6043,18834,16545,11527,11664,16699,17837,6742,6098,1024,1506,1506,16099,10694,7133,10694,7133,16897,1,18:20,2020,2021
2020-21,1629650,Moses Brown,Moses,1610612760,OKC,Oklahoma City Thunder,22000674,2021-03-24T00:00:00,OKC vs. MEM,L,31.0,111.7,111.3,111.3,101.9,102.9,102.9,9.8,8.4,8.4,0.0,0.0,0.0,0.065,0.278,0.179,0.071,0.07200000000000001,0.0077800000000000005,0.00733,0.175,0.182,109.56,109.28,91.07,109.28,0.164,71,7,9,7.0,9.0,0.778,1,11623,11623,11623,5846,10065,10456,10456,7710,8042,8042,7684,8138,8138,16819,11715,16819,5251,2086,2106,11065,11281,3221,4807,11897,11671,2543,2873,2873,3895,3206,8309,3206,8309,1717,1,30:58,2020,2021
2020-21,201143,Al Horford,Al,1610612760,OKC,Oklahoma City Thunder,22000674,2021-03-24T00:00:00,OKC vs. MEM,L,25.4,88.7,87.7,87.7,103.5,103.6,103.6,-14.8,-15.9,-15.9,0.429,0.0,35.3,0.094,0.217,0.145,0.0,0.0,0.0059099999999999995,0.0059099999999999995,0.169,0.179,105.34,105.83,88.19,105.83,0.202,57,6,11,6.0,11.0,0.545,1,11623,11623,11623,10136,19494,19678,19678,8437,8404,8404,16326,16595,16595,930,11715,2293,3238,4348,3825,1,1,8444,9705,12531,12008,6144,5428,5428,1922,4526,6027,4526,6027,6794,1,25:24,2020,2021
2020-21,1628983,Shai Gilgeous-Alexander,Shai,1610612760,OKC,Oklahoma City Thunder,22000654,2021-03-22T00:00:00,OKC @ MIN,W,34.1,100.5,101.4,101.4,94.5,97.1,97.1,6.0,4.3,4.3,0.25,2.0,12.5,0.0,0.071,0.038,0.063,0.063,0.00565,0.00605,0.341,0.347,100.97,99.14,82.62,99.14,0.181,71,11,23,11.0,23.0,0.478,1,1,1,1,3508,15467,15093,15093,4637,5452,5452,8974,9647,9647,4026,3550,12419,11150,16224,17735,10363,10607,9367,9151,792,918,12020,14503,14503,2842,575,385,575,385,10537,1,34:08,2020,2021
2020-21,1629004,Svi Mykhailiuk,Svi,1610612760,OKC,Oklahoma City Thunder,22000654,2021-03-22T00:00:00,OKC @ MIN,W,14.7,144.8,143.8,143.8,110.2,109.7,109.7,34.6,34.1,34.1,0.231,0.0,30.0,0.0,0.077,0.042,0.0,0.0,0.00714,0.00714,0.194,0.207,102.35,103.01,85.84,103.01,0.164,32,4,7,4.0,7.0,0.571,1,1,1,1,17660,787,852,852,11796,11312,11312,2062,2208,2208,4916,11715,3735,11150,15691,17270,1,1,4629,5264,9714,8988,10014,8710,8710,3864,8251,11165,8251,11165,5826,1,14:41,2020,2021
2020-21,1629676,Isaiah Roby,Isaiah,1610612760,OKC,Oklahoma City Thunder,22000654,2021-03-22T00:00:00,OKC @ MIN,W,31.0,92.6,93.5,93.5,98.3,101.6,101.6,-5.7,-8.1,-8.1,0.0,0.0,0.0,0.03,0.079,0.056,0.3,0.3,0.00643,0.00643,0.141,0.144,98.14,96.04,80.03,96.04,0.026,62,4,7,4.0,7.0,0.571,1,1,1,1,5829,18458,18142,18142,6044,7484,7484,13369,14205,14206,16819,11715,16819,9661,15626,14928,21740,21767,6601,7731,15731,15854,15954,18513,18513,18188,8251,11165,8251,11165,5826,1,30:59,2020,2021
2020-21,1630197,Aleksej Pokusevski,Aleksej,1610612760,OKC,Oklahoma City Thunder,22000654,2021-03-22T00:00:00,OKC @ MIN,W,33.3,97.6,98.5,98.5,98.5,103.0,103.0,-0.9,-4.5,-4.5,0.105,1.0,11.8,0.0,0.214,0.117,0.11800000000000001,0.11800000000000001,0.005,0.005,0.197,0.201,99.19,96.51,80.43,96.51,0.117,67,5,13,5.0,13.0,0.385,1,1,1,1,4121,16770,16529,16529,6108,8115,8115,11592,12958,12958,11502,6835,13091,11150,4458,6282,15144,15229,10646,13141,9464,9612,14563,17949,17949,8276,6152,4300,6152,4300,13990,1,33:19,2020,2021
2020-21,1630177,Theo Maledon,Theo,1610612760,OKC,Oklahoma City Thunder,22000654,2021-03-22T00:00:00,OKC @ MIN,W,33.3,97.6,98.5,98.5,98.5,103.0,103.0,-0.9,-4.5,-4.5,0.238,2.5,26.3,0.029,0.071,0.052,0.105,0.105,0.00375,0.00375,0.184,0.188,99.19,96.51,80.43,96.51,0.061,67,3,12,3.0,12.0,0.25,1,1,1,1,4121,16770,16529,16529,6108,8115,8115,11592,12958,12958,4670,3052,5043,9991,16224,15673,14176,14263,15925,17266,10821,11067,14563,17949,17949,14917,10694,5097,10694,5097,17720,1,33:19,2020,2021
2020-21,1629660,Ty Jerome,Ty,1610612760,OKC,Oklahoma City Thunder,22000654,2021-03-22T00:00:00,OKC @ MIN,W,25.9,127.8,127.3,127.3,105.3,107.3,107.3,22.5,20.0,20.0,0.273,6.0,42.9,0.042,0.111,0.078,0.071,0.071,0.010709999999999999,0.010709999999999999,0.131,0.136,102.59,101.85,84.87,101.85,0.168,55,5,7,5.0,7.0,0.714,1,1,1,1,9704,3522,3687,3687,9250,10137,10137,4127,4727,4730,3560,373,1210,7768,12294,11246,11065,11178,480,497,16735,16655,9690,10403,10403,3602,6152,11165,6152,11165,2429,1,25:55,2020,2021
2020-21,1629026,Kenrich Williams,Kenrich,1610612760,OKC,Oklahoma City Thunder,22000654,2021-03-22T00:00:00,OKC @ MIN,W,20.7,137.5,136.4,136.4,124.3,123.8,123.8,13.2,12.6,12.6,0.188,1.5,25.0,0.067,0.167,0.121,0.16699999999999998,0.16699999999999998,0.00857,0.00857,0.184,0.193,99.05,99.65,83.04,99.65,0.109,44,5,7,5.0,7.0,0.714,1,1,1,1,13658,1496,1661,1661,18022,17757,17757,6656,6765,6765,6634,5729,5205,4981,7229,5856,18107,18257,2168,2254,10881,10457,14743,13718,13724,9222,6152,11165,6152,11165,2429,1,20:43,2020,2021
2020-21,1629650,Moses Brown,Moses,1610612760,OKC,Oklahoma City Thunder,22000654,2021-03-22T00:00:00,OKC @ MIN,W,33.9,116.3,117.1,117.1,99.0,102.9,102.9,17.3,14.3,14.3,0.0,0.0,0.0,0.156,0.325,0.25,0.25,0.25,0.00333,0.00333,0.1,0.105,101.47,99.18,82.65,99.18,0.089,70,2,6,2.0,6.0,0.333,1,1,1,1,3714,7940,7649,7649,6323,8042,8042,5478,6273,6285,16819,11715,16819,1181,1266,485,20812,20887,16814,18119,19497,19460,11292,14453,14453,11561,13638,12753,13638,12753,15094,1,33:53,2020,2021
2020-21,1628382,Justin Jackson,Justin,1610612760,OKC,Oklahoma City Thunder,22000654,2021-03-22T00:00:00,OKC @ MIN,W,13.0,149.5,148.1,148.1,107.6,107.4,107.4,41.9,40.7,40.7,0.333,0.0,36.4,0.0,0.0,0.0,0.0,0.0,0.005,0.00666,0.241,0.244,98.83,99.35,82.79,99.35,0.176,27,2,5,2.0,5.0,0.4,1,1,1,1,18454,579,601,601,10394,10186,10186,1326,1522,1522,1999,11715,2091,11150,19725,20503,1,1,10646,6997,5348,5710,15031,14180,14180,3114,13638,14368,13638,14368,12966,1,13:03,2020,2021
2020-21,1629652,Luguentz Dort,Luguentz,1610612760,OKC,Oklahoma City Thunder,22000016,2021-03-21T00:00:00,OKC @ HOU,W,33.1,109.6,107.0,107.0,120.1,115.7,115.7,-10.5,-8.7,-8.7,0.176,1.5,10.7,0.026,0.074,0.045,0.071,0.07200000000000001,0.00523,0.00503,0.291,0.298,99.29,102.34,85.28,102.34,0.078,71,10,22,10.0,22.0,0.455,1,1,1,1,4292,11166,12539,12539,16450,14345,14345,15030,14426,14426,7174,5729,13845,10585,16059,16675,11065,11283,10587,13124,2346,2365,14427,9630,9630,12818,935,524,935,524,11074,1,33:04,2020,2021
2020-21,1630197,Aleksej Pokusevski,Aleksej,1610612760,OKC,Oklahoma City Thunder,22000016,2021-03-21T00:00:00,OKC @ HOU,W,28.8,99.0,96.8,96.8,107.3,103.2,103.2,-8.3,-6.3,-6.3,0.095,2.0,14.3,0.056,0.269,0.145,0.071,0.073,0.00333,0.00418,0.158,0.16,101.8,105.0,87.5,105.0,0.1,63,2,9,2.0,9.0,0.222,1,1,1,1,7481,16220,17135,17135,10279,8208,8208,14261,13625,13627,12196,3550,11222,6043,2301,3854,11065,11407,16814,16258,13800,14133,10830,6274,6274,10264,13638,8309,13638,8309,18584,1,28:48,2020,2021
2020-21,1628382,Justin Jackson,Justin,1610612760,OKC,Oklahoma City Thunder,22000016,2021-03-21T00:00:00,OKC @ HOU,W,13.0,122.1,114.3,114.3,128.6,125.9,125.9,-6.5,-11.6,-11.6,0.143,1.0,11.1,0.0,0.0,0.0,0.111,0.107,0.01,0.010249999999999999,0.267,0.295,97.07,101.42,84.52,101.42,0.188,28,5,6,5.0,6.0,0.833,1,1,1,1,18470,5408,8875,8875,19291,18524,18524,13599,15370,15370,8804,6835,13295,11150,19725,20503,14407,14410,532,652,3504,2516,17334,11035,11035,2497,6152,12753,6152,12753,1305,1,13:01,2020,2021
2020-21,1629676,Isaiah Roby,Isaiah,1610612760,OKC,Oklahoma City Thunder,22000016,2021-03-21T00:00:00,OKC @ HOU,W,34.1,112.8,111.1,111.1,121.0,116.7,116.7,-8.2,-5.6,-5.6,0.087,2.0,10.5,0.077,0.179,0.119,0.053,0.052000000000000005,0.00462,0.005600000000000001,0.195,0.201,98.74,101.3,84.42,101.3,0.111,72,6,13,6.0,13.0,0.462,1,1,1,1,3524,9529,10477,10477,16796,14710,14710,14208,13338,13345,12829,3550,13882,4204,6647,6031,9709,9770,13592,10964,9643,9579,15165,11206,11206,9008,4526,4300,4526,4300,10881,1,34:07,2020,2021
2020-21,1629660,Ty Jerome,Ty,1610612760,OKC,Oklahoma City Thunder,22000016,2021-03-21T00:00:00,OKC @ HOU,W,28.2,118.5,115.9,115.9,105.1,101.6,101.6,13.4,14.3,14.3,0.192,5.0,41.7,0.0,0.138,0.071,0.083,0.08,0.00167,0.00155,0.097,0.107,103.39,106.32,88.6,106.32,0.009,63,1,6,1.0,6.0,0.167,1,1,1,1,7945,6911,8212,8212,9150,7484,7484,6588,6289,6289,6484,622,1364,11150,9878,12311,12082,12064,19523,20253,19803,19289,8566,4965,4965,19315,16702,12753,16702,12753,19313,1,28:13,2020,2021
2020-21,1629004,Svi Mykhailiuk,Svi,1610612760,OKC,Oklahoma City Thunder,22000016,2021-03-21T00:00:00,OKC @ HOU,W,20.8,129.7,127.9,127.9,126.0,123.3,123.3,3.8,4.7,4.7,0.214,0.75,16.7,0.0,0.211,0.114,0.222,0.222,0.0068200000000000005,0.0068200000000000005,0.306,0.31,97.56,99.31,82.76,99.31,0.144,43,6,11,6.0,11.0,0.545,1,1,1,1,13598,2983,3516,3516,18536,17580,17580,9772,9498,9498,5508,9685,9667,11150,4688,6511,20407,20459,5409,6224,1766,1934,16737,14266,14242,5582,4526,6027,4526,6027,6794,1,20:47,2020,2021
2020-21,1629026,Kenrich Williams,Kenrich,1610612760,OKC,Oklahoma City Thunder,22000016,2021-03-21T00:00:00,OKC @ HOU,W,21.7,137.4,135.6,135.6,121.0,118.2,118.2,16.3,17.4,17.4,0.211,2.0,40.0,0.167,0.158,0.162,0.2,0.2,0.00875,0.00875,0.113,0.115,96.84,98.66,82.22,98.66,0.13,45,3,4,3.0,4.0,0.75,1,1,1,1,12929,1505,1782,1782,16825,15425,15425,5729,5420,5420,5685,3550,1460,903,8129,2835,19585,19665,1974,2021,18519,18688,17573,15145,15145,6966,10694,15987,10694,15987,1826,1,21:39,2020,2021
2020-21,1629650,Moses Brown,Moses,1610612760,OKC,Oklahoma City Thunder,22000016,2021-03-21T00:00:00,OKC @ HOU,W,28.1,104.1,100.0,100.0,103.6,98.3,98.3,0.5,1.7,1.7,0.0,0.0,0.0,0.229,0.214,0.222,0.154,0.158,0.00625,0.00611,0.171,0.172,98.87,103.53,86.27,103.53,0.137,61,5,8,5.0,8.0,0.625,1,1,1,1,8087,13855,15193,15193,8477,5889,5889,10968,10613,10614,16819,11715,16819,376,4458,931,17624,18018,7026,8970,12307,12798,14980,8065,8065,6211,6152,9686,6152,9686,4319,1,28:03,2020,2021
2020-21,1630177,Theo Maledon,Theo,1610612760,OKC,Oklahoma City Thunder,22000016,2021-03-21T00:00:00,OKC @ HOU,W,32.3,101.5,101.4,101.4,100.6,97.2,97.2,0.9,4.2,4.2,0.087,1.0,11.8,0.049,0.065,0.056,0.11800000000000001,0.11800000000000001,0.00417,0.00466,0.172,0.173,102.89,104.76,87.3,104.76,0.068,70,4,12,4.0,12.0,0.333,1,1,1,1,4847,14982,15085,15085,7117,5471,5471,10819,9658,9658,12829,6835,13091,6960,16977,14969,15144,15296,14855,14949,12146,12637,9254,6558,6558,14102,8251,5097,8251,5097,15094,1,32:18,2020,2021
2020-21,1629650,Moses Brown,Moses,1610612760,OKC,Oklahoma City Thunder,22000626,2021-03-18T00:00:00,OKC @ ATL,L,23.5,101.0,100.0,100.0,108.3,104.1,104.1,-7.3,-4.1,-4.1,0.0,0.0,0.0,0.067,0.059,0.064,0.0,0.0,0.00333,0.00363,0.125,0.129,97.77,100.23,83.52,100.23,0.028,49,2,6,2.0,6.0,0.333,1,11623,11623,11623,11583,15246,15193,15193,10797,8617,8617,13915,12817,12817,16819,11715,16819,4981,17381,13638,1,1,16814,17625,17231,17396,16481,12860,12860,18067,13638,12753,13638,12753,15094,1,23:28,2020,2021
2020-21,1629004,Svi Mykhailiuk,Svi,1610612760,OKC,Oklahoma City Thunder,22000626,2021-03-18T00:00:00,OKC @ ATL,L,16.0,107.0,109.1,109.1,108.6,105.7,105.7,-1.6,3.4,3.4,0.0,0.0,0.0,0.0,0.167,0.063,0.33299999999999996,0.33299999999999996,0.0,0.0,0.079,0.08,101.37,101.79,84.82,101.79,-0.015,33,0,2,0.0,2.0,0.0,1,11623,11623,11623,16867,12439,11495,11495,10923,9363,9363,11837,9953,9953,16819,11715,16819,11150,7229,13763,21864,21909,19893,20448,20878,20943,11433,10488,10486,21001,19893,19102,19893,19102,19893,1,16:02,2020,2021
2020-21,1630197,Aleksej Pokusevski,Aleksej,1610612760,OKC,Oklahoma City Thunder,22000626,2021-03-18T00:00:00,OKC @ ATL,L,27.1,83.4,83.3,83.3,123.1,125.0,125.0,-39.7,-41.7,-41.7,0.143,2.0,14.3,0.053,0.182,0.1,0.071,0.071,0.00182,0.00182,0.19,0.194,98.04,97.3,81.08,97.3,0.0,54,2,11,2.0,11.0,0.182,1,11623,11623,11623,8776,20602,20484,20484,17601,18099,18099,20911,21021,21021,8804,3550,11222,6380,6323,8040,11065,11178,19499,20098,10106,10382,16088,16999,17009,19529,13638,6027,13638,6027,19269,1,27:08,2020,2021
2020-21,1629676,Isaiah Roby,Isaiah,1610612760,OKC,Oklahoma City Thunder,22000626,2021-03-18T00:00:00,OKC @ ATL,L,24.4,73.3,73.5,73.5,119.9,122.0,122.0,-46.5,-48.5,-48.5,0.1,0.5,11.1,0.083,0.238,0.14,0.222,0.225,0.006,0.0068000000000000005,0.14,0.141,98.39,97.44,81.2,97.44,0.091,49,3,5,3.0,5.0,0.6,1,11623,11623,11623,10885,21714,21613,21613,16330,17100,17100,21529,21529,21529,11723,10215,13295,3754,3429,4255,20407,20626,7872,6256,15792,16209,15633,16833,16835,11315,10694,14368,10694,14368,4810,1,24:23,2020,2021
2020-21,1629660,Ty Jerome,Ty,1610612760,OKC,Oklahoma City Thunder,22000626,2021-03-18T00:00:00,OKC @ ATL,L,24.4,106.9,105.9,105.9,112.3,107.8,107.8,-5.4,-2.0,-2.0,0.143,0.0,16.7,0.0,0.059,0.021,0.0,0.0,0.009000000000000001,0.009000000000000001,0.172,0.18,97.98,100.47,83.72,100.47,0.173,51,6,10,6.0,10.0,0.6,1,11623,11623,11623,10899,12497,13033,13033,12811,10397,10397,13274,12048,12044,8804,11715,9667,11150,17381,19836,1,1,1791,1842,12146,11909,16188,12477,12462,3256,4526,7133,4526,7133,4810,1,24:22,2020,2021
2020-21,1629652,Luguentz Dort,Luguentz,1610612760,OKC,Oklahoma City Thunder,22000626,2021-03-18T00:00:00,OKC @ ATL,L,23.6,80.4,81.3,81.3,117.9,127.1,127.1,-37.5,-45.8,-45.8,0.0,0.0,0.0,0.0,0.043,0.018,0.1,0.10099999999999999,0.00375,0.0045000000000000005,0.182,0.181,101.84,97.49,81.24,97.49,-0.005,48,2,8,2.0,8.0,0.25,1,11623,11623,11623,11457,21040,20833,20833,15450,18841,18841,20667,21383,21383,16819,11715,16819,11150,18591,20090,13495,13942,15925,15341,11021,11772,10780,16788,16788,20651,13638,9686,13638,9686,17720,1,23:38,2020,2021
2020-21,201143,Al Horford,Al,1610612760,OKC,Oklahoma City Thunder,22000626,2021-03-18T00:00:00,OKC @ ATL,L,24.5,87.1,88.0,88.0,121.2,130.0,130.0,-34.1,-42.0,-42.0,0.154,0.0,12.5,0.031,0.217,0.109,0.0,0.0,0.00308,0.00384,0.246,0.253,101.9,97.83,81.52,97.83,0.108,50,3,13,3.0,13.0,0.231,1,11623,11623,11623,10767,19863,19608,19608,16867,19618,19618,20290,21051,21051,8323,11715,12419,9476,4348,7145,1,1,17795,17120,5074,4901,10704,16332,16331,9291,10694,4300,10694,4300,18536,1,24:32,2020,2021
2020-21,1628983,Shai Gilgeous-Alexander,Shai,1610612760,OKC,Oklahoma City Thunder,22000626,2021-03-18T00:00:00,OKC @ ATL,L,30.9,83.4,85.5,85.5,116.0,119.0,119.0,-32.6,-33.6,-33.6,0.364,2.0,16.0,0.0,0.107,0.043,0.08,0.079,0.004719999999999999,0.00492,0.296,0.302,99.65,97.19,80.99,97.19,0.095,62,8,18,8.0,18.0,0.444,1,11623,11623,11623,5915,20592,20147,20147,14642,15833,15833,20043,20160,20160,1663,3550,10591,11150,12845,17151,11978,11989,13377,14446,2141,2214,13948,17131,17131,10882,2196,1562,2196,1562,11399,1,30:52,2020,2021
2020-21,1630177,Theo Maledon,Theo,1610612760,OKC,Oklahoma City Thunder,22000626,2021-03-18T00:00:00,OKC @ ATL,L,22.0,110.7,113.0,113.0,109.1,108.7,108.7,1.7,4.3,4.3,0.333,5.0,31.3,0.042,0.056,0.048,0.063,0.063,0.005,0.005,0.216,0.22,101.39,100.52,83.76,100.52,0.11,46,4,10,4.0,10.0,0.4,1,11623,11623,11623,12709,10594,9561,9561,11194,10818,10818,10530,9618,9614,1999,622,3457,7768,17678,16323,10363,10451,10646,13141,7550,7721,11411,12391,12391,9116,8251,7133,8251,7133,12966,1,21:58,2020,2021
2020-21,1629026,Kenrich Williams,Kenrich,1610612760,OKC,Oklahoma City Thunder,22000626,2021-03-18T00:00:00,OKC @ ATL,L,23.6,114.1,114.0,114.0,110.4,112.2,112.2,3.7,1.8,1.8,0.118,2.0,13.3,0.077,0.211,0.133,0.067,0.068,0.004,0.00425,0.232,0.236,101.42,100.61,83.84,100.61,0.072,50,4,10,4.0,10.0,0.4,1,11623,11623,11623,11472,8925,9138,9138,11862,12635,12635,9782,10583,10583,10626,3550,12104,4204,4688,4696,10695,10971,15280,16085,6075,6273,11373,12260,12260,13660,8251,7133,8251,7133,12966,1,23:37,2020,2021
2020-21,1629676,Isaiah Roby,Isaiah,1610612760,OKC,Oklahoma City Thunder,22000612,2021-03-16T00:00:00,OKC @ CHI,L,31.6,92.6,95.4,95.4,132.5,137.5,137.5,-39.9,-42.1,-42.1,0.091,2.0,15.4,0.054,0.1,0.075,0.077,0.078,0.005,0.00557,0.138,0.138,101.45,98.13,81.77,98.13,0.075,65,4,9,4.0,9.0,0.444,1,11623,11623,11623,5395,18458,17602,17602,20232,21116,21116,20934,21063,21063,12406,3550,10765,6314,13367,11869,11527,11827,10646,11052,16078,16472,11333,15900,15903,13281,8251,8309,8251,8309,11399,1,31:33,2020,2021
2020-21,1630197,Aleksej Pokusevski,Aleksej,1610612760,OKC,Oklahoma City Thunder,22000612,2021-03-16T00:00:00,OKC @ CHI,L,29.4,89.6,93.4,93.4,137.2,142.6,142.6,-47.7,-49.2,-49.2,0.043,1.0,9.1,0.059,0.222,0.131,0.091,0.091,0.00222,0.00222,0.135,0.136,103.88,99.76,83.13,99.76,0.023,61,2,9,2.0,9.0,0.222,1,11623,11623,11623,7073,19260,18182,18182,21035,21708,21708,21604,21568,21568,16167,6835,14598,5698,4029,4907,12713,12875,19048,19762,16287,16688,7940,13560,13560,18473,13638,8309,13638,8309,18584,1,29:21,2020,2021
2020-21,1628382,Justin Jackson,Justin,1610612760,OKC,Oklahoma City Thunder,22000612,2021-03-16T00:00:00,OKC @ CHI,L,22.3,121.2,115.9,115.9,81.7,86.4,86.4,39.5,29.5,29.5,0.0,0.0,0.0,0.0,0.08,0.045,0.083,0.084,0.004,0.0046,0.255,0.264,95.43,94.78,78.98,94.78,0.067,44,4,10,4.0,10.0,0.4,1,11623,11623,11623,12471,5750,8191,8191,1747,2546,2546,1518,2842,2842,16819,11715,16819,11150,15483,16675,12082,12420,15280,15111,4251,4187,19032,19753,19753,14182,8251,7133,8251,7133,12966,1,22:17,2020,2021
2020-21,1629026,Kenrich Williams,Kenrich,1610612760,OKC,Oklahoma City Thunder,22000612,2021-03-16T00:00:00,OKC @ CHI,L,23.8,122.5,117.4,117.4,96.9,104.4,104.4,25.6,12.9,12.9,0.267,4.0,28.6,0.0,0.192,0.116,0.071,0.071,0.0077800000000000005,0.0077800000000000005,0.204,0.212,93.38,91.76,76.47,91.76,0.21,46,6,9,6.0,9.0,0.667,1,11623,11623,11623,11332,5258,7551,7551,5459,8762,8762,3418,6660,6660,3733,1080,4109,11150,5781,6328,11065,11178,3221,3540,8714,8472,20567,21680,21680,1630,4526,8309,4526,8309,2900,1,23:48,2020,2021
2020-21,1629660,Ty Jerome,Ty,1610612760,OKC,Oklahoma City Thunder,22000612,2021-03-16T00:00:00,OKC @ CHI,L,29.4,111.9,108.2,108.2,99.4,106.9,106.9,12.6,1.3,1.3,0.136,0.0,30.0,0.0,0.029,0.018,0.0,0.0,0.00714,0.006979999999999999,0.109,0.127,99.01,97.09,80.91,97.09,0.102,61,4,7,4.0,7.0,0.571,1,11623,11623,11623,7026,9948,12008,12008,6480,9933,9933,6837,10765,10765,9436,11715,3735,11150,19477,20128,1,1,4629,5739,18893,17540,14793,17238,17238,10073,8251,11165,8251,11165,5826,1,29:25,2020,2021
2020-21,1629650,Moses Brown,Moses,1610612760,OKC,Oklahoma City Thunder,22000612,2021-03-16T00:00:00,OKC @ CHI,L,29.8,105.2,111.1,111.1,137.2,141.9,141.9,-31.9,-30.8,-30.8,0.0,0.0,0.0,0.229,0.296,0.258,0.055999999999999994,0.055,0.00563,0.00577,0.234,0.236,105.25,100.67,83.89,100.67,0.133,63,9,16,9.0,16.0,0.563,1,11623,11623,11623,6729,13315,10477,10477,21030,21635,21635,19950,19773,19773,16819,11715,16819,376,1668,451,9885,9919,9382,10247,5943,6289,6238,12158,12157,6574,1450,2412,1450,2412,6323,1,29:48,2020,2021
2020-21,203121,Darius Miller,Darius,1610612760,OKC,Oklahoma City Thunder,22000612,2021-03-16T00:00:00,OKC @ CHI,L,14.0,124.6,116.7,116.7,82.2,86.7,86.7,42.5,30.0,30.0,0.154,2.0,28.6,0.0,0.059,0.034,0.14300000000000002,0.13699999999999998,0.0,0.0034699999999999996,0.161,0.183,102.26,102.73,85.61,102.73,0.095,30,0,3,0.0,3.0,0.0,1,11623,11623,11623,17990,4492,7802,7802,1842,2596,2596,1284,2781,2781,8323,3550,4109,11150,17381,18272,16694,16652,19893,17874,13471,11576,10159,9078,9078,10817,19893,17566,19893,17566,19893,1,14:01,2020,2021
2020-21,1630177,Theo Maledon,Theo,1610612760,OKC,Oklahoma City Thunder,22000612,2021-03-16T00:00:00,OKC @ CHI,L,32.2,91.7,95.4,95.4,132.0,140.6,140.6,-40.4,-45.2,-45.2,0.125,1.0,18.8,0.027,0.1,0.06,0.188,0.188,0.004,0.004,0.163,0.163,101.32,96.25,80.21,96.25,0.019,65,3,10,3.0,10.0,0.3,1,11623,11623,11623,4963,18744,17602,17602,20142,21518,21518,20983,21331,21331,10010,6835,8841,10322,13367,14359,19409,19466,15280,16675,13377,13746,11502,18276,18276,18721,10694,7133,10694,7133,16897,1,32:10,2020,2021
2020-21,1628983,Shai Gilgeous-Alexander,Shai,1610612760,OKC,Oklahoma City Thunder,22000612,2021-03-16T00:00:00,OKC @ CHI,L,27.6,87.4,91.4,91.4,152.4,156.1,156.1,-65.0,-64.8,-64.8,0.083,0.13,3.8,0.0,0.042,0.018,0.308,0.303,0.00588,0.00602,0.352,0.36,103.45,99.94,83.28,99.94,0.079,58,10,17,10.0,17.0,0.588,1,11623,11623,11623,8423,19779,18755,18755,22335,22499,22499,22269,22192,22192,12981,11713,16772,11150,18720,20128,21817,21809,8558,9227,649,711,8482,13287,13287,12800,935,1960,935,1960,5559,1,27:37,2020,2021
2020-21,1629660,Ty Jerome,Ty,1610612760,OKC,Oklahoma City Thunder,22000593,2021-03-14T00:00:00,OKC vs. MEM,W,29.5,112.5,115.2,115.2,135.1,132.8,132.8,-22.6,-17.7,-17.7,0.263,1.67,25.0,0.043,0.172,0.115,0.15,0.15,0.005,0.005,0.203,0.204,106.0,105.61,88.01,105.61,0.087,66,5,12,5.0,12.0,0.417,1,1,1,1,6935,9707,8564,8564,20701,20285,20285,18256,17110,17110,3846,5502,5205,7524,7064,6391,17522,17575,10646,13141,8853,9302,5339,5645,5645,11827,6152,5097,6152,5097,12627,1,29:33,2020,2021
2020-21,1628983,Shai Gilgeous-Alexander,Shai,1610612760,OKC,Oklahoma City Thunder,22000593,2021-03-14T00:00:00,OKC vs. MEM,W,34.4,115.3,114.7,114.7,132.7,131.1,131.1,-17.3,-16.4,-16.4,0.25,1.0,15.6,0.037,0.083,0.063,0.156,0.157,0.00588,0.00687,0.321,0.329,102.98,103.9,86.59,103.9,0.125,75,8,17,8.0,17.0,0.471,1,1,1,1,3297,8338,8772,8772,20262,19924,19924,17013,16734,16734,4026,6835,10743,8455,15066,13697,17912,17981,8558,6117,1278,1326,9131,7608,7608,7415,2196,1960,2196,1960,10674,1,34:25,2020,2021
2020-21,1628382,Justin Jackson,Justin,1610612760,OKC,Oklahoma City Thunder,22000593,2021-03-14T00:00:00,OKC vs. MEM,W,21.5,122.6,125.0,125.0,139.1,131.3,131.3,-16.5,-6.3,-6.3,0.111,1.0,20.0,0.056,0.15,0.105,0.2,0.20199999999999999,0.003,0.0034000000000000002,0.151,0.152,105.37,107.38,89.48,107.38,0.013,48,1,5,1.0,5.0,0.2,1,1,1,1,13106,5202,4322,4322,21304,19952,19952,16809,13582,13582,10979,6835,7755,6043,8802,7518,19585,20091,17843,17979,14610,14985,6101,4113,4113,19077,16702,14368,16702,14368,18781,1,21:27,2020,2021
2020-21,1630197,Aleksej Pokusevski,Aleksej,1610612760,OKC,Oklahoma City Thunder,22000593,2021-03-14T00:00:00,OKC vs. MEM,W,39.1,135.4,137.3,137.3,118.2,115.7,115.7,17.2,21.7,21.7,0.133,1.33,18.2,0.036,0.225,0.147,0.136,0.138,0.00731,0.00779,0.194,0.195,101.46,101.81,84.84,101.81,0.14,83,7,13,7.0,13.0,0.538,1,1,1,1,668,1824,1523,1523,15588,14322,14322,5493,4358,4358,9603,6412,9055,8694,4006,3725,16554,16716,4357,3524,9809,10275,11314,10459,10459,5890,3206,4300,3206,4300,7057,1,39:08,2020,2021
2020-21,1629650,Moses Brown,Moses,1610612760,OKC,Oklahoma City Thunder,22000593,2021-03-14T00:00:00,OKC vs. MEM,W,24.2,137.6,140.8,140.8,132.7,131.4,131.4,4.8,9.4,9.4,0.056,1.0,11.1,0.118,0.095,0.105,0.111,0.107,0.008329999999999999,0.00888,0.145,0.151,99.88,99.24,82.7,99.24,0.085,49,5,6,5.0,6.0,0.833,1,1,1,1,11039,1485,1105,1105,20277,19987,19987,9384,7794,7794,15157,6835,13295,2195,13971,7518,14407,14410,2318,1955,15165,15087,13626,14343,14343,12109,6152,12753,6152,12753,1305,1,24:11,2020,2021
2020-21,1629026,Kenrich Williams,Kenrich,1610612760,OKC,Oklahoma City Thunder,22000593,2021-03-14T00:00:00,OKC vs. MEM,W,25.6,110.6,107.0,107.0,106.9,101.8,101.8,3.7,5.3,5.3,0.214,3.0,21.4,0.059,0.107,0.089,0.071,0.073,0.00938,0.00871,0.177,0.182,102.67,106.94,89.12,106.94,0.142,57,7,8,7.0,8.0,0.875,1,1,1,1,9995,10665,12549,12549,9998,7557,7557,9785,9258,9267,5508,1931,7364,5698,12845,9646,11065,11407,1612,2128,11629,11683,9565,4441,4441,5771,3206,9686,3206,9686,1164,1,25:35,2020,2021
2020-21,203121,Darius Miller,Darius,1610612760,OKC,Oklahoma City Thunder,22000593,2021-03-14T00:00:00,OKC vs. MEM,W,20.1,129.1,132.6,132.6,95.7,93.2,93.2,33.4,39.4,39.4,0.25,0.0,44.4,0.0,0.125,0.088,0.0,0.0,0.01,0.01034,0.109,0.115,103.71,103.71,86.42,103.71,0.186,43,3,4,3.0,4.0,0.75,1,1,1,1,14098,3151,2386,2386,5041,4226,4226,2227,1646,1646,4026,11715,1107,11150,10884,9713,1,1,532,610,18933,18616,8153,7828,7828,2602,10694,15987,10694,15987,1826,1,20:08,2020,2021
2020-21,203488,Mike Muscala,Mike,1610612760,OKC,Oklahoma City Thunder,22000593,2021-03-14T00:00:00,OKC vs. MEM,W,12.2,130.8,138.5,138.5,93.3,88.5,88.5,37.5,50.0,50.0,0.111,0.0,20.0,0.0,0.25,0.188,0.0,0.0,0.00875,0.00901,0.148,0.161,102.33,102.02,85.01,102.02,0.165,26,3,4,3.0,4.0,0.75,1,1,1,1,18785,2708,1373,1373,4287,2986,2986,1738,962,903,10979,11715,7755,11150,2712,1835,1,1,1974,1822,14856,13965,10054,10116,10118,3807,10694,15987,10694,15987,1826,1,12:14,2020,2021
2020-21,1629676,Isaiah Roby,Isaiah,1610612760,OKC,Oklahoma City Thunder,22000593,2021-03-14T00:00:00,OKC vs. MEM,W,33.3,111.6,112.5,112.5,115.9,111.1,111.1,-4.3,1.4,1.4,0.042,0.11,5.9,0.048,0.175,0.131,0.529,0.541,0.0075,0.00753,0.2,0.199,101.97,103.73,86.44,103.73,0.046,72,3,4,3.0,4.0,0.75,1,1,1,1,4123,10105,9793,9793,14603,11961,11961,12854,10730,10729,16303,11714,16324,7005,6912,4907,22852,22855,3445,3999,8922,9841,10581,7801,7801,16421,10694,15987,10694,15987,1826,1,33:19,2020,2021
2020-21,1629676,Isaiah Roby,Isaiah,1610612760,OKC,Oklahoma City Thunder,22000586,2021-03-13T00:00:00,OKC vs. NYK,L,26.0,98.4,94.4,94.4,104.2,105.7,105.7,-5.9,-11.2,-11.2,0.214,1.0,21.4,0.0,0.037,0.021,0.214,0.214,0.00625,0.00625,0.19,0.201,97.38,98.71,82.25,98.71,0.081,54,5,8,5.0,8.0,0.625,1,11623,11623,11623,9630,16450,17872,17872,8780,9346,9346,13411,15236,15236,5508,6835,7364,11150,19032,19836,20280,20329,7026,8250,10245,9646,16966,15078,15078,12514,6152,9686,6152,9686,4319,1,26:01,2020,2021
2020-21,201143,Al Horford,Al,1610612760,OKC,Oklahoma City Thunder,22000586,2021-03-13T00:00:00,OKC vs. NYK,L,27.2,100.8,93.0,93.0,116.4,120.4,120.4,-15.6,-27.4,-27.4,0.0,0.0,0.0,0.045,0.143,0.1,0.182,0.182,0.00889,0.00889,0.183,0.198,95.8,98.06,81.72,98.06,0.136,57,7,9,7.0,9.0,0.778,1,11623,11623,11623,8753,15351,18317,18317,14818,16486,16486,16584,19205,19205,16819,11715,16819,7263,9197,8040,19113,19188,1918,1919,10933,9959,18672,15991,15991,6326,3206,8309,3206,8309,1717,1,27:10,2020,2021
2020-21,1630197,Aleksej Pokusevski,Aleksej,1610612760,OKC,Oklahoma City Thunder,22000586,2021-03-13T00:00:00,OKC vs. NYK,L,29.8,107.3,103.3,103.3,116.4,119.7,119.7,-9.1,-16.4,-16.4,0.091,1.0,13.3,0.083,0.161,0.127,0.133,0.133,0.00182,0.00182,0.194,0.204,97.91,98.37,81.97,98.37,0.0,61,2,11,2.0,11.0,0.182,1,11623,11623,11623,6761,12312,14268,14268,14811,16120,16120,14541,16726,16727,12406,6835,12104,3754,7909,5237,16295,16405,19499,20098,9766,9297,16284,15553,15553,19529,13638,6027,13638,6027,19269,1,29:46,2020,2021
2020-21,1628382,Justin Jackson,Justin,1610612760,OKC,Oklahoma City Thunder,22000586,2021-03-13T00:00:00,OKC vs. NYK,L,16.5,81.6,82.9,82.9,124.6,116.2,116.2,-42.9,-33.4,-33.4,0.125,1.0,10.0,0.0,0.059,0.029,0.1,0.10099999999999999,0.00571,0.00635,0.257,0.25,101.77,104.62,87.18,104.62,0.128,35,3,7,3.0,7.0,0.429,1,11623,11623,11623,16578,20871,20608,20608,18108,14566,14566,21229,20140,20140,10010,6835,14007,11150,17381,18952,13495,13942,9007,7997,4106,5140,10858,6720,6720,7112,10694,11165,10694,11165,11933,1,16:31,2020,2021
2020-21,1629026,Kenrich Williams,Kenrich,1610612760,OKC,Oklahoma City Thunder,22000586,2021-03-13T00:00:00,OKC vs. NYK,L,28.2,91.1,91.7,91.7,129.7,128.8,128.8,-38.6,-37.1,-37.1,0.176,1.5,18.8,0.0,0.077,0.038,0.125,0.12300000000000001,0.006,0.0057399999999999994,0.206,0.213,101.16,101.16,84.3,101.16,0.088,60,6,10,6.0,10.0,0.6,1,11623,11623,11623,7928,18897,18648,18648,19600,19344,19344,20809,20562,20562,7174,5729,8841,11150,15691,17866,15469,15557,7872,10340,8501,8376,11731,11415,11418,11718,4526,7133,4526,7133,4810,1,28:14,2020,2021
2020-21,1629660,Ty Jerome,Ty,1610612760,OKC,Oklahoma City Thunder,22000586,2021-03-13T00:00:00,OKC vs. NYK,L,28.3,94.0,93.2,93.2,115.0,113.6,113.6,-21.0,-20.3,-20.3,0.263,5.0,29.4,0.0,0.192,0.094,0.059000000000000004,0.059000000000000004,0.005,0.00506,0.19,0.193,98.9,99.91,83.26,99.91,0.107,59,4,10,4.0,10.0,0.4,1,11623,11623,11623,7857,18065,18244,18244,14113,13268,13268,17911,17744,17744,3846,622,3969,11150,5781,8931,10092,10234,10646,12961,10106,10444,14948,13337,13337,9411,8251,7133,8251,7133,12966,1,28:21,2020,2021
2020-21,1629652,Luguentz Dort,Luguentz,1610612760,OKC,Oklahoma City Thunder,22000586,2021-03-13T00:00:00,OKC vs. NYK,L,28.4,111.3,104.9,104.9,113.6,113.3,113.3,-2.3,-8.4,-8.4,0.238,5.0,26.3,0.0,0.188,0.107,0.053,0.052000000000000005,0.00222,0.00522,0.219,0.238,99.26,102.37,85.31,102.37,0.121,61,2,9,2.0,9.0,0.222,1,11623,11623,11623,7839,10262,13518,13518,13470,13116,13116,12134,14338,14338,4670,622,5043,11150,6008,7332,9709,9733,19048,12223,7271,6145,14484,9592,9592,7840,13638,8309,13638,8309,18584,1,28:22,2020,2021
2020-21,1629650,Moses Brown,Moses,1610612760,OKC,Oklahoma City Thunder,22000586,2021-03-13T00:00:00,OKC vs. NYK,L,26.7,99.3,98.3,98.3,134.9,133.9,133.9,-35.6,-35.7,-35.7,0.0,0.0,0.0,0.077,0.28,0.176,0.14300000000000002,0.145,0.008,0.0076500000000000005,0.111,0.112,101.76,102.66,85.55,102.66,0.1,58,4,5,4.0,5.0,0.8,1,11623,11623,11623,9160,16113,16611,16611,20675,20568,20568,20468,20405,20405,16819,11715,16819,4204,2047,2187,16694,17322,2800,3774,18608,18897,10865,9183,9184,10245,8251,14368,8251,14368,1469,1,26:39,2020,2021
2020-21,1630177,Theo Maledon,Theo,1610612760,OKC,Oklahoma City Thunder,22000586,2021-03-13T00:00:00,OKC vs. NYK,L,28.9,98.8,98.3,98.3,121.5,120.0,120.0,-22.7,-21.7,-21.7,0.176,0.6,18.8,0.0,0.143,0.078,0.313,0.315,0.00714,0.00635,0.213,0.212,97.86,98.69,82.24,98.69,0.025,59,4,7,4.0,7.0,0.571,1,11623,11623,11623,7384,16302,16604,16604,16971,16175,16175,18279,18028,18028,7174,10145,8841,11150,9197,11246,21846,21877,4629,7997,7818,8492,16344,15093,15093,18263,8251,11165,8251,11165,5826,1,28:56,2020,2021
2020-21,1629652,Luguentz Dort,Luguentz,1610612760,OKC,Oklahoma City Thunder,22000575,2021-03-11T00:00:00,OKC vs. DAL,W,30.4,128.2,129.5,129.5,117.4,119.7,119.7,10.8,9.8,9.8,0.091,2.0,15.4,0.033,0.138,0.085,0.077,0.078,0.006670000000000001,0.00709,0.157,0.159,97.87,96.47,80.4,96.47,0.087,61,4,9,4.0,9.0,0.444,1,1,1,1,6301,3407,3067,3067,15271,16120,16120,7363,7654,7654,12406,3550,10765,9099,9878,10253,11527,11827,5569,5442,13928,14250,16342,18006,18006,11802,8251,8309,8251,8309,11399,1,30:21,2020,2021
2020-21,1629026,Kenrich Williams,Kenrich,1610612760,OKC,Oklahoma City Thunder,22000575,2021-03-11T00:00:00,OKC vs. DAL,W,17.7,118.6,112.1,112.1,101.9,109.4,109.4,16.7,2.7,2.7,0.077,0.0,16.7,0.048,0.091,0.07,0.0,0.0,0.005,0.0040999999999999995,0.119,0.121,89.15,88.39,73.65,88.39,0.03,33,2,4,2.0,4.0,0.5,1,1,1,1,15836,6868,10029,10029,7671,11183,11183,5626,10201,10201,13495,11715,9667,7005,14301,12682,1,1,10646,16468,18002,18084,22205,22604,22604,17943,13638,15987,13638,15987,7582,1,17:39,2020,2021
2020-21,1628983,Shai Gilgeous-Alexander,Shai,1610612760,OKC,Oklahoma City Thunder,22000575,2021-03-11T00:00:00,OKC vs. DAL,W,32.6,130.5,132.3,132.3,113.6,113.6,113.6,16.9,18.7,18.7,0.353,3.0,17.6,0.029,0.031,0.03,0.059000000000000004,0.059000000000000004,0.00523,0.00616,0.368,0.373,97.1,96.39,80.33,96.39,0.159,65,11,22,11.0,22.0,0.5,1,1,1,1,4612,2789,2430,2430,13426,13295,13295,5576,5079,5079,1805,1931,9414,9826,19376,18840,10092,10224,10587,8688,455,552,17305,18104,18104,4268,575,524,575,524,7582,1,32:37,2020,2021
2020-21,201143,Al Horford,Al,1610612760,OKC,Oklahoma City Thunder,22000575,2021-03-11T00:00:00,OKC vs. DAL,W,27.7,135.8,135.1,135.1,119.0,121.4,121.4,16.8,13.7,13.7,0.111,0.0,11.8,0.037,0.296,0.167,0.0,0.0,0.006670000000000001,0.0068000000000000005,0.227,0.242,98.73,97.97,81.64,97.97,0.17,57,8,15,8.0,15.0,0.533,1,1,1,1,8368,1766,1854,1854,15922,16855,16855,5608,6447,6447,10979,11715,13091,8455,1668,2489,1,1,5569,6335,6480,5807,15190,16136,16136,3464,2196,2946,2196,2946,7229,1,27:41,2020,2021
2020-21,1629676,Isaiah Roby,Isaiah,1610612760,OKC,Oklahoma City Thunder,22000575,2021-03-11T00:00:00,OKC vs. DAL,W,20.0,114.0,110.8,110.8,96.5,102.8,102.8,17.6,8.0,8.0,0.091,1.0,14.3,0.087,0.16,0.125,0.14300000000000002,0.14300000000000002,0.009000000000000001,0.009000000000000001,0.13,0.133,89.41,87.82,73.18,87.82,0.224,37,4,5,4.0,5.0,0.8,1,1,1,1,14219,8963,10666,10666,5316,7997,7997,5375,8282,8282,12406,6835,11222,3610,8001,5315,16694,16870,1791,1842,16785,16921,22145,22677,22677,1239,8251,14368,8251,14368,1469,1,19:57,2020,2021
2020-21,1629660,Ty Jerome,Ty,1610612760,OKC,Oklahoma City Thunder,22000575,2021-03-11T00:00:00,OKC vs. DAL,W,27.0,120.1,115.4,115.4,108.5,113.5,113.5,11.6,1.9,1.9,0.045,0.0,11.1,0.065,0.138,0.1,0.0,0.0,0.00188,0.00188,0.125,0.129,92.84,92.56,77.13,92.56,0.005,52,1,8,1.0,8.0,0.125,1,1,1,1,8891,6181,8418,8418,10894,13217,13217,7129,10516,10516,16002,11715,13295,5251,9878,8040,1,1,19470,20075,17231,17341,20913,21286,21286,19468,16702,9686,16702,9686,19716,1,26:58,2020,2021
2020-21,1630177,Theo Maledon,Theo,1610612760,OKC,Oklahoma City Thunder,22000575,2021-03-11T00:00:00,OKC vs. DAL,W,35.7,123.8,120.0,120.0,114.5,118.8,118.8,9.4,1.2,1.2,0.333,4.5,45.0,0.0,0.1,0.053,0.1,0.1,0.00611,0.00611,0.133,0.14,93.9,93.58,77.98,93.58,0.087,70,4,9,4.0,9.0,0.444,1,1,1,1,2474,4781,6324,6324,13884,15752,15752,7835,10810,10810,1999,1009,1094,11150,13367,15476,13495,13663,7662,8909,16610,16298,20224,20704,20704,11898,8251,8309,8251,8309,11399,1,35:39,2020,2021
2020-21,1630197,Aleksej Pokusevski,Aleksej,1610612760,OKC,Oklahoma City Thunder,22000575,2021-03-11T00:00:00,OKC vs. DAL,W,29.9,126.8,128.3,128.3,119.4,121.7,121.7,7.5,6.7,6.7,0.136,1.5,16.7,0.1,0.179,0.138,0.111,0.113,0.00455,0.00549,0.217,0.218,97.88,96.37,80.31,96.37,0.088,60,4,11,4.0,11.0,0.364,1,1,1,1,6647,3811,3413,3413,16110,16985,16985,8474,8760,8783,9436,5729,9667,2837,6647,4394,14407,14941,13774,11361,7389,7912,16322,18127,18127,11733,8251,6027,8251,6027,14681,1,29:53,2020,2021
2020-21,1629650,Moses Brown,Moses,1610612760,OKC,Oklahoma City Thunder,22000575,2021-03-11T00:00:00,OKC vs. DAL,W,19.3,114.4,108.3,108.3,101.7,108.6,108.6,12.7,-0.2,-0.2,0.0,0.0,0.0,0.217,0.304,0.261,0.1,0.10099999999999999,0.00375,0.0045000000000000005,0.222,0.229,89.07,88.52,73.77,88.52,0.183,36,3,8,3.0,8.0,0.375,1,1,1,1,14733,8740,11909,11909,7608,10760,10760,6801,11571,11571,16819,11715,16819,436,1522,427,13495,13942,15925,15341,6852,6851,22222,22582,22582,2709,10694,9686,10694,9686,14155,1,19:15,2020,2021
2020-21,1628382,Justin Jackson,Justin,1610612760,OKC,Oklahoma City Thunder,22000556,2021-03-04T00:00:00,OKC @ SAS,W,11.5,44.8,42.9,42.9,104.3,100.0,100.0,-59.5,-57.1,-57.1,0.0,0.0,0.0,0.067,0.167,0.111,0.429,0.429,0.0025,0.0025,0.233,0.243,109.7,114.62,95.51,114.62,-0.016,28,1,4,1.0,4.0,0.25,1,1,1,1,19118,22599,22580,22580,8809,6113,6113,22105,21960,21958,16819,11715,16819,4981,7229,6750,22527,22534,18441,19403,5966,5722,2467,1084,1084,21049,16702,15987,16702,15987,17720,1,11:31,2020,2021
2020-21,1629660,Ty Jerome,Ty,1610612760,OKC,Oklahoma City Thunder,22000556,2021-03-04T00:00:00,OKC @ SAS,W,19.3,80.2,79.5,79.5,90.8,86.0,86.0,-10.6,-6.5,-6.5,0.154,2.0,28.6,0.0,0.1,0.049,0.14300000000000002,0.14300000000000002,0.0,0.0,0.104,0.105,104.77,108.0,90.0,108.0,-0.068,44,0,4,0.0,4.0,0.0,1,1,1,1,14683,21057,21046,21046,3547,2501,2501,15046,13677,13677,8323,3550,4109,11150,13367,16179,16694,16870,19893,20448,19264,19428,6825,3657,3674,22152,19893,15987,19893,15987,19893,1,19:20,2020,2021
2020-21,1629026,Kenrich Williams,Kenrich,1610612760,OKC,Oklahoma City Thunder,22000556,2021-03-04T00:00:00,OKC @ SAS,W,25.4,81.2,78.6,78.6,97.5,94.8,94.8,-16.3,-16.3,-16.3,0.2,2.0,22.2,0.033,0.12,0.073,0.111,0.111,0.0075,0.0075,0.113,0.116,104.4,107.65,89.7,107.65,0.137,56,4,6,4.0,6.0,0.667,1,1,1,1,10124,20936,21142,21142,5713,4712,4712,16761,16690,16690,5900,3550,6856,9099,11613,12207,14407,14566,3445,4095,18548,18527,7279,3943,3943,6160,8251,12753,8251,12753,2900,1,25:25,2020,2021
2020-21,1629676,Isaiah Roby,Isaiah,1610612760,OKC,Oklahoma City Thunder,22000556,2021-03-04T00:00:00,OKC @ SAS,W,28.0,114.1,113.6,113.6,105.8,105.0,105.0,8.3,8.6,8.6,0.1,1.0,15.4,0.107,0.13,0.118,0.154,0.157,0.00571,0.00685,0.175,0.172,101.32,101.97,84.97,101.97,0.102,59,4,7,4.0,7.0,0.571,1,1,1,1,8128,8921,9339,9339,9520,9009,9009,8194,8096,8096,11723,6835,10765,2613,10560,6131,17624,17956,9007,6147,11959,12818,11513,10215,10215,9977,8251,11165,8251,11165,5826,1,28:01,2020,2021
2020-21,203488,Mike Muscala,Mike,1610612760,OKC,Oklahoma City Thunder,22000556,2021-03-04T00:00:00,OKC @ SAS,W,22.7,93.7,94.2,94.2,89.8,87.8,87.8,3.9,6.5,6.5,0.0,0.0,0.0,0.08,0.217,0.146,0.133,0.133,0.006919999999999999,0.006919999999999999,0.263,0.262,106.13,107.02,89.18,107.02,0.193,52,7,13,7.0,13.0,0.538,1,1,1,1,12219,18146,17945,17945,3289,2851,2851,9709,8839,8839,16819,11715,16819,4055,4348,3802,16295,16405,5199,5961,3703,4293,5212,4388,4388,2240,3206,4300,3206,4300,7057,1,22:39,2020,2021
2020-21,1628983,Shai Gilgeous-Alexander,Shai,1610612760,OKC,Oklahoma City Thunder,22000556,2021-03-04T00:00:00,OKC @ SAS,W,36.9,118.1,117.5,117.5,98.4,97.5,97.5,19.8,20.0,20.0,0.381,4.0,24.2,0.0,0.088,0.042,0.061,0.06,0.00632,0.00705,0.291,0.297,102.66,103.41,86.18,103.41,0.211,80,11,19,11.0,19.0,0.579,1,1,1,1,1653,7072,7523,7523,6070,5575,5575,4799,4720,4720,1446,1080,6260,11150,14712,17239,10323,10331,6996,5536,2346,2440,9570,8198,8198,1597,575,1220,575,1220,5785,1,36:54,2020,2021
2020-21,1629647,Darius Bazley,Darius,1610612760,OKC,Oklahoma City Thunder,22000556,2021-03-04T00:00:00,OKC @ SAS,W,30.4,119.1,118.8,118.8,102.4,103.1,103.1,16.7,15.7,15.7,0.0,0.0,0.0,0.0,0.37,0.169,0.188,0.187,0.0034999999999999996,0.0042,0.229,0.23,102.17,102.01,85.01,102.01,0.075,64,3,10,3.0,10.0,0.3,1,1,1,1,6301,6641,6913,6913,7964,8161,8161,5637,5886,5886,16819,11715,16819,11150,665,2452,19409,19452,16699,16234,6390,6767,10279,10135,10136,13292,10694,7133,10694,7133,16897,1,30:21,2020,2021
2020-21,1630177,Theo Maledon,Theo,1610612760,OKC,Oklahoma City Thunder,22000556,2021-03-04T00:00:00,OKC @ SAS,W,29.3,96.0,95.5,95.5,101.7,101.5,101.5,-5.7,-6.1,-6.1,0.25,5.0,38.5,0.0,0.25,0.111,0.077,0.078,0.00417,0.00509,0.113,0.112,106.73,107.15,89.29,107.15,0.094,66,2,6,2.0,6.0,0.333,1,1,1,1,7084,17356,17556,17556,7613,7448,7448,13363,13541,13541,4026,622,1791,11150,2712,6750,11527,11916,14855,12712,18571,18951,4592,4277,4277,10961,13638,12753,13638,12753,15094,1,29:21,2020,2021
2020-21,1629652,Luguentz Dort,Luguentz,1610612760,OKC,Oklahoma City Thunder,22000556,2021-03-04T00:00:00,OKC @ SAS,W,36.5,122.3,121.8,121.8,96.9,96.2,96.2,25.4,25.6,25.6,0.036,1.0,5.3,0.054,0.03,0.043,0.053,0.052000000000000005,0.00406,0.00433,0.212,0.216,102.02,102.62,85.52,102.62,0.049,78,5,16,5.0,16.0,0.313,1,1,1,1,1904,5338,5685,5685,5475,5123,5123,3489,3487,3487,16664,6835,16519,6314,19427,17151,9709,9736,15239,15903,7948,8082,10501,9234,9234,16153,6152,2412,6152,2412,16742,1,36:29,2020,2021
2020-21,1628983,Shai Gilgeous-Alexander,Shai,1610612760,OKC,Oklahoma City Thunder,22000549,2021-03-03T00:00:00,OKC @ DAL,L,34.6,75.1,76.5,76.5,95.7,100.0,100.0,-20.6,-23.5,-23.5,0.214,1.5,13.0,0.0,0.077,0.036,0.087,0.08800000000000001,0.00367,0.00425,0.26,0.261,98.75,95.68,79.73,95.68,0.074,68,5,15,5.0,15.0,0.333,1,11623,11623,11623,3158,21568,21354,21354,5034,6113,6113,17834,18407,18414,5508,5729,12326,11150,15691,18102,12597,12745,16390,16143,3950,4351,15136,18882,18882,13401,6152,2946,6152,2946,15094,1,34:37,2020,2021
2020-21,201143,Al Horford,Al,1610612760,OKC,Oklahoma City Thunder,22000549,2021-03-03T00:00:00,OKC @ DAL,L,29.1,66.8,64.9,64.9,93.7,98.3,98.3,-26.9,-33.4,-33.4,0.125,1.0,7.1,0.053,0.061,0.056,0.071,0.071,0.00417,0.00417,0.21,0.219,95.81,94.79,78.99,94.79,0.048,57,5,12,5.0,12.0,0.417,1,11623,11623,11623,7238,22091,22119,22119,4382,5872,5872,19150,20141,20141,10010,6835,15726,6380,17292,14928,11065,11178,14855,16272,8178,7834,18655,19741,19741,16273,6152,5097,6152,5097,12627,1,29:07,2020,2021
2020-21,1628382,Justin Jackson,Justin,1610612760,OKC,Oklahoma City Thunder,22000549,2021-03-03T00:00:00,OKC @ DAL,L,7.3,80.6,92.3,92.3,60.1,53.3,53.3,20.6,39.0,39.0,0.2,0.0,20.0,0.0,0.25,0.1,0.0,0.0,0.0,0.0,0.235,0.237,92.92,92.27,76.89,92.27,-0.077,13,0,4,0.0,4.0,0.0,1,11623,11623,11623,20395,21012,18459,18459,506,444,444,4610,1683,1683,5900,11715,7755,11150,2712,8040,1,1,19893,20448,5778,6235,20857,21438,21438,22234,19893,15987,19893,15987,19893,1,7:17,2020,2021
2020-21,1629652,Luguentz Dort,Luguentz,1610612760,OKC,Oklahoma City Thunder,22000549,2021-03-03T00:00:00,OKC @ DAL,L,24.5,75.9,72.0,72.0,93.2,98.0,98.0,-17.2,-26.0,-26.0,0.182,0.67,13.3,0.033,0.148,0.088,0.2,0.20199999999999999,0.00167,0.00253,0.236,0.246,96.84,96.91,80.76,96.91,-0.059,50,1,9,1.0,9.0,0.111,1,11623,11623,11623,10781,21493,21709,21709,4238,5757,5757,16992,18909,18909,6847,9817,12104,9099,8963,9792,19585,20043,19523,19385,5724,5536,17584,17482,17482,22036,16702,8309,16702,8309,19785,1,24:31,2020,2021
2020-21,1630177,Theo Maledon,Theo,1610612760,OKC,Oklahoma City Thunder,22000549,2021-03-03T00:00:00,OKC @ DAL,L,30.7,82.7,88.1,88.1,77.4,79.0,79.0,5.3,9.1,9.1,0.067,0.33,7.1,0.0,0.088,0.043,0.214,0.214,0.0055000000000000005,0.0055000000000000005,0.197,0.197,98.49,94.49,78.74,94.49,0.079,59,5,10,5.0,10.0,0.5,1,11623,11623,11623,6013,20705,19586,19586,1292,1489,1489,9203,7887,7887,14289,11241,15726,11150,14712,16989,20280,20329,9832,11300,9504,10007,15506,19992,19992,12713,6152,7133,6152,7133,7582,1,30:44,2020,2021
2020-21,203488,Mike Muscala,Mike,1610612760,OKC,Oklahoma City Thunder,22000549,2021-03-03T00:00:00,OKC @ DAL,L,14.2,85.5,93.8,93.8,83.0,87.1,87.1,2.5,6.7,6.7,0.091,0.0,25.0,0.0,0.188,0.097,0.0,0.0,0.0,0.0,0.083,0.086,114.12,106.35,88.63,106.35,0.0,32,0,3,0.0,3.0,0.0,1,11623,11623,11623,17901,20208,18070,18070,1969,2703,2703,10235,8789,8789,12406,11715,5205,11150,6008,8591,1,1,19893,20448,20603,20692,961,4936,4936,19529,19893,17566,19893,17566,19893,1,14:13,2020,2021
2020-21,1629647,Darius Bazley,Darius,1610612760,OKC,Oklahoma City Thunder,22000549,2021-03-03T00:00:00,OKC @ DAL,L,28.0,73.0,73.6,73.6,82.2,85.2,85.2,-9.2,-11.6,-11.6,0.0,0.0,0.0,0.027,0.281,0.145,0.067,0.068,0.00364,0.004030000000000001,0.25,0.251,93.68,91.65,76.38,91.65,0.162,53,3,11,3.0,11.0,0.273,1,11623,11623,11623,8114,21735,21605,21605,1848,2336,2336,14562,15357,15357,16819,11715,16819,10322,2030,3870,10695,11016,16412,16637,4441,5100,20370,21727,21727,4053,10694,6027,10694,6027,17532,1,28:01,2020,2021
2020-21,1629026,Kenrich Williams,Kenrich,1610612760,OKC,Oklahoma City Thunder,22000549,2021-03-03T00:00:00,OKC @ DAL,L,21.3,85.3,93.2,93.2,94.5,91.1,91.1,-9.2,2.1,2.1,0.077,1.0,11.1,0.038,0.15,0.087,0.111,0.106,0.005,0.00538,0.154,0.162,103.16,100.37,83.64,100.37,0.106,44,3,7,3.0,7.0,0.429,1,11623,11623,11623,13246,20264,18252,18252,4624,3602,3602,14573,10472,10473,13495,6835,13295,8226,8802,9867,14407,14345,10646,11724,14208,13866,8886,12631,12631,9591,10694,11165,10694,11165,11933,1,21:17,2020,2021
2020-21,1629660,Ty Jerome,Ty,1610612760,OKC,Oklahoma City Thunder,22000549,2021-03-03T00:00:00,OKC @ DAL,L,28.6,78.6,84.2,84.2,89.0,89.5,89.5,-10.5,-5.3,-5.3,0.143,0.0,22.2,0.026,0.067,0.043,0.0,0.0,0.00929,0.00929,0.101,0.103,99.38,95.72,79.77,95.72,0.143,57,5,7,5.0,7.0,0.714,1,11623,11623,11623,7639,21253,20375,20375,3110,3193,3193,15007,13229,13239,8804,11715,6856,10585,16720,16989,1,1,1643,1592,19475,19584,14323,18847,18847,5619,6152,11165,6152,11165,2429,1,28:35,2020,2021
2020-21,1629676,Isaiah Roby,Isaiah,1610612760,OKC,Oklahoma City Thunder,22000549,2021-03-03T00:00:00,OKC @ DAL,L,21.6,86.1,91.5,91.5,83.5,82.6,82.6,2.6,8.9,8.9,0.071,0.5,7.7,0.071,0.286,0.163,0.154,0.155,0.00222,0.00253,0.214,0.22,105.93,103.17,85.98,103.17,0.064,47,2,9,2.0,9.0,0.222,1,11623,11623,11623,12949,20096,18725,18725,2049,1939,1939,10199,7979,7979,13934,10215,15426,4609,1822,2792,17624,17842,19048,19385,7627,7723,5444,8514,8514,14523,13638,8309,13638,8309,18584,1,21:38,2020,2021
2020-21,1629647,Darius Bazley,Darius,1610612760,OKC,Oklahoma City Thunder,22000518,2021-02-27T00:00:00,OKC vs. DEN,L,32.5,82.0,80.0,80.0,128.8,123.6,123.6,-46.8,-43.6,-43.6,0.0,0.0,0.0,0.0,0.133,0.058,0.0,0.0,0.00594,0.00619,0.24,0.242,101.54,104.97,87.47,104.97,0.115,70,8,16,8.0,16.0,0.5,1,11623,11623,11623,4710,20795,20931,20931,19376,17696,17696,21551,21180,21180,16819,11715,16819,11150,10236,14660,1,1,8408,8582,5445,5801,11202,6325,6325,8552,2196,2412,2196,2412,7582,1,32:28,2020,2021
2020-21,201143,Al Horford,Al,1610612760,OKC,Oklahoma City Thunder,22000518,2021-02-27T00:00:00,OKC vs. DEN,L,24.9,86.4,84.3,84.3,149.7,149.0,149.0,-63.3,-64.7,-64.7,0.143,2.0,14.3,0.071,0.167,0.109,0.071,0.071,0.0027300000000000002,0.0027300000000000002,0.222,0.227,96.89,98.31,81.93,98.31,0.022,51,3,11,3.0,11.0,0.273,1,11623,11623,11623,10510,20027,20366,20366,22182,22141,22141,22235,22191,22191,8804,3550,11222,4609,7229,7182,11065,11178,18356,19177,6852,7008,17531,15633,15633,18538,10694,6027,10694,6027,17532,1,24:54,2020,2021
2020-21,1629652,Luguentz Dort,Luguentz,1610612760,OKC,Oklahoma City Thunder,22000518,2021-02-27T00:00:00,OKC vs. DEN,L,20.6,76.6,74.4,74.4,139.4,141.9,141.9,-62.8,-67.4,-67.4,0.0,0.0,0.0,0.0,0.059,0.024,0.0,0.0,0.00167,0.00167,0.133,0.137,99.63,100.19,83.5,100.19,-0.024,43,1,6,1.0,6.0,0.167,1,11623,11623,11623,13747,21433,21549,21549,21333,21629,21629,22218,22293,22293,16819,11715,16819,11150,17381,19534,1,1,19523,20180,16444,16556,13971,12904,12903,21284,16702,12753,16702,12753,19313,1,20:36,2020,2021
2020-21,1630177,Theo Maledon,Theo,1610612760,OKC,Oklahoma City Thunder,22000518,2021-02-27T00:00:00,OKC vs. DEN,L,32.3,86.6,84.5,84.5,128.9,125.7,125.7,-42.3,-41.2,-41.2,0.273,6.0,42.9,0.0,0.094,0.042,0.071,0.07200000000000001,0.0,0.00073,0.105,0.106,102.11,104.66,87.22,104.66,0.007,71,0,6,0.0,6.0,0.0,1,11623,11623,11623,4828,19978,20329,20329,19399,18470,18470,21168,20982,20982,3560,373,1210,11150,14156,17270,11065,11387,19893,20442,19164,19344,10372,6673,6673,19400,19893,12753,19893,12753,19893,1,32:20,2020,2021
2020-21,1629660,Ty Jerome,Ty,1610612760,OKC,Oklahoma City Thunder,22000518,2021-02-27T00:00:00,OKC vs. DEN,L,29.8,109.6,109.4,109.4,109.0,110.9,110.9,0.7,-1.6,-1.6,0.095,0.0,14.3,0.032,0.0,0.017,0.0,0.0,0.00625,0.00625,0.169,0.174,103.95,103.14,85.95,103.14,0.061,64,6,12,6.0,12.0,0.5,1,11623,11623,11623,6742,11127,11391,11391,11139,11920,11920,10898,11914,11914,12196,11715,11222,9296,19725,20180,1,1,7026,8250,12565,12525,7845,8546,8546,14854,4526,5097,4526,5097,7582,1,29:47,2020,2021
2020-21,1628382,Justin Jackson,Justin,1610612760,OKC,Oklahoma City Thunder,22000518,2021-02-27T00:00:00,OKC vs. DEN,L,13.8,88.0,90.6,90.6,81.0,78.8,78.8,6.9,11.8,11.8,0.0,0.0,0.0,0.125,0.077,0.103,0.0,0.0,0.002,0.002,0.139,0.143,113.52,113.45,94.55,113.45,0.029,32,1,5,1.0,5.0,0.2,1,11623,11623,11623,18112,19666,18948,18948,1673,1461,1461,8669,7018,7018,16819,11715,16819,1882,15691,7771,1,1,19207,19922,15925,15906,1078,1296,1296,17959,16702,14368,16702,14368,18781,1,13:45,2020,2021
2020-21,1628983,Shai Gilgeous-Alexander,Shai,1610612760,OKC,Oklahoma City Thunder,22000518,2021-02-27T00:00:00,OKC vs. DEN,L,26.1,86.9,83.3,83.3,145.1,147.2,147.2,-58.1,-63.8,-63.8,0.462,1.5,27.3,0.0,0.25,0.104,0.182,0.183,0.005,0.00547,0.281,0.29,96.97,98.33,81.94,98.33,0.113,54,5,11,5.0,11.0,0.455,1,11623,11623,11623,9553,19907,20484,20484,21905,22042,22042,22069,22174,22174,729,5729,4633,11150,2712,7707,19113,19288,10646,11394,2824,2739,17433,15614,15614,8795,6152,6027,6152,6027,11074,1,26:07,2020,2021
2020-21,1629026,Kenrich Williams,Kenrich,1610612760,OKC,Oklahoma City Thunder,22000518,2021-02-27T00:00:00,OKC vs. DEN,L,17.7,118.3,122.2,122.2,129.4,137.1,137.1,-11.2,-14.9,-14.9,0.077,0.5,10.0,0.111,0.25,0.167,0.2,0.20199999999999999,0.009170000000000001,0.00872,0.22,0.221,100.62,96.18,80.15,96.18,0.11,36,5,6,5.0,6.0,0.833,1,11623,11623,11623,15795,7010,5442,5442,19543,21081,21081,15232,16324,16324,13495,10215,14007,2373,2712,2489,19585,20065,1699,2105,7208,7656,12549,18360,18360,9123,6152,12753,6152,12753,1305,1,17:43,2020,2021
2020-21,203488,Mike Muscala,Mike,1610612760,OKC,Oklahoma City Thunder,22000518,2021-02-27T00:00:00,OKC vs. DEN,L,14.6,117.6,118.8,118.8,99.8,106.7,106.7,17.8,12.1,12.1,0.0,0.0,0.0,0.0,0.077,0.034,0.0,0.0,0.008,0.008,0.135,0.142,105.62,101.69,84.74,101.69,0.119,32,3,5,3.0,5.0,0.6,1,11623,11623,11623,17680,7314,6913,6913,6636,9787,9787,5297,6937,6937,16819,11715,16819,11150,15691,18272,1,1,2800,3056,16287,16096,5799,10628,10628,8113,10694,14368,10694,14368,4810,1,14:38,2020,2021
2020-21,1629676,Isaiah Roby,Isaiah,1610612760,OKC,Oklahoma City Thunder,22000518,2021-02-27T00:00:00,OKC vs. DEN,L,27.7,103.6,103.3,103.3,96.6,98.4,98.4,7.0,4.9,4.9,0.368,1.17,28.0,0.0,0.321,0.155,0.24,0.23800000000000002,0.0055000000000000005,0.00615,0.269,0.281,107.44,106.57,88.81,106.57,0.193,61,5,10,5.0,10.0,0.5,1,11623,11623,11623,8351,14117,14268,14268,5357,5919,5919,8665,9409,9409,1612,6793,4505,11150,1300,3207,20798,20822,9832,8726,3417,3205,3960,4762,4762,2261,6152,7133,6152,7133,7582,1,27:42,2020,2021
2020-21,1629026,Kenrich Williams,Kenrich,1610612760,OKC,Oklahoma City Thunder,22000510,2021-02-26T00:00:00,OKC vs. ATL,W,25.2,118.2,123.5,123.5,104.5,101.9,101.9,13.7,21.6,21.6,0.111,2.0,16.7,0.0,0.067,0.036,0.083,0.083,0.008329999999999999,0.008329999999999999,0.175,0.178,99.28,98.29,81.91,98.29,0.133,51,7,9,7.0,9.0,0.778,1,1,1,1,10331,7067,4998,4998,8893,7628,7628,6536,4372,4372,10979,3550,9667,11150,16720,18046,12082,12206,2318,2498,11863,12193,14446,15676,15676,6504,3206,8309,3206,8309,1717,1,25:09,2020,2021
2020-21,1628983,Shai Gilgeous-Alexander,Shai,1610612760,OKC,Oklahoma City Thunder,22000510,2021-02-26T00:00:00,OKC vs. ATL,W,35.7,117.7,120.3,120.3,110.5,109.5,109.5,7.2,10.8,10.8,0.16,2.0,16.7,0.027,0.091,0.062,0.083,0.084,0.00656,0.00676,0.241,0.245,100.09,99.5,82.91,99.5,0.137,74,9,16,9.0,16.0,0.563,1,1,1,1,2439,7249,6308,6308,11952,11234,11234,8582,7328,7331,8086,3550,9667,10322,14301,14022,12082,12420,6368,6396,5397,5600,13341,13945,13945,6246,1450,2412,1450,2412,6323,1,35:42,2020,2021
2020-21,1628382,Justin Jackson,Justin,1610612760,OKC,Oklahoma City Thunder,22000510,2021-02-26T00:00:00,OKC vs. ATL,W,13.7,130.6,137.0,137.0,136.6,132.1,132.1,-6.0,4.9,4.9,0.077,0.0,20.0,0.0,0.091,0.048,0.0,0.0,0.00375,0.00375,0.143,0.141,97.17,96.47,80.39,96.47,0.027,27,1,4,1.0,4.0,0.25,1,1,1,1,18137,2748,1560,1560,20962,20149,20149,13444,9408,9408,13495,11715,7755,11150,14301,16323,1,1,15925,17266,15276,16129,17230,18018,18017,18153,16702,15987,16702,15987,17720,1,13:41,2020,2021
2020-21,1629652,Luguentz Dort,Luguentz,1610612760,OKC,Oklahoma City Thunder,22000510,2021-02-26T00:00:00,OKC vs. ATL,W,32.3,115.0,117.9,117.9,102.2,101.5,101.5,12.7,16.4,16.4,0.08,2.0,10.5,0.0,0.071,0.039,0.053,0.053,0.00571,0.00603,0.224,0.227,100.64,99.72,83.1,99.72,0.088,67,6,14,6.0,14.0,0.429,1,1,1,1,4889,8507,7349,7349,7862,7412,7412,6795,5691,5692,13392,3550,13882,11150,16224,17636,9709,9859,9007,9197,6818,7017,12526,13617,13617,11696,4526,3568,4526,3568,11933,1,32:15,2020,2021
2020-21,1629676,Isaiah Roby,Isaiah,1610612760,OKC,Oklahoma City Thunder,22000510,2021-02-26T00:00:00,OKC vs. ATL,W,31.6,115.4,118.5,118.5,110.0,109.2,109.2,5.4,9.2,9.2,0.074,2.0,20.0,0.0,0.098,0.053,0.1,0.096,0.005,0.004699999999999999,0.108,0.118,99.68,98.73,82.28,98.73,0.015,65,3,7,3.0,7.0,0.429,1,1,1,1,5356,8305,7072,7072,11692,11118,11118,9185,7854,7854,13864,3550,7755,11150,13834,15445,13495,13459,10646,14832,18973,18410,13899,15043,15043,18990,10694,11165,10694,11165,11933,1,31:36,2020,2021
2020-21,1630177,Theo Maledon,Theo,1610612760,OKC,Oklahoma City Thunder,22000510,2021-02-26T00:00:00,OKC vs. ATL,W,34.4,115.5,117.6,117.6,122.5,120.6,120.6,-7.0,-2.9,-2.9,0.429,12.0,48.0,0.036,0.077,0.06,0.04,0.039,0.00455,0.00528,0.181,0.19,95.01,94.84,79.03,94.84,0.136,68,4,11,4.0,11.0,0.364,1,1,1,1,3297,8279,7438,7438,17360,16563,16563,13777,12406,12398,930,16,971,8694,15691,14359,9074,9092,13774,12102,11285,10836,19408,19700,19700,6339,8251,6027,8251,6027,14681,1,34:25,2020,2021
2020-21,203488,Mike Muscala,Mike,1610612760,OKC,Oklahoma City Thunder,22000510,2021-02-26T00:00:00,OKC vs. ATL,W,16.4,123.0,128.1,128.1,118.9,111.8,111.8,4.2,16.4,16.4,0.0,0.0,0.0,0.0,0.188,0.107,0.0,0.0,0.00625,0.00625,0.242,0.24,95.53,96.59,80.49,96.59,0.082,32,4,8,4.0,8.0,0.5,1,1,1,1,16659,5036,3465,3465,15893,12354,12354,9622,5712,5712,16819,11715,16819,11150,6008,7332,1,1,7026,8250,5280,5996,18935,17869,17879,12447,8251,9686,8251,9686,7582,1,16:24,2020,2021
2020-21,1629660,Ty Jerome,Ty,1610612760,OKC,Oklahoma City Thunder,22000510,2021-02-26T00:00:00,OKC vs. ATL,W,22.1,126.1,126.7,126.7,118.5,115.2,115.2,7.6,11.4,11.4,0.389,7.0,46.7,0.053,0.174,0.119,0.067,0.067,0.00643,0.00643,0.167,0.169,97.72,98.9,82.42,98.9,0.153,45,4,7,4.0,7.0,0.571,1,1,1,1,12623,4010,3876,3876,15725,14108,14108,8418,7148,7148,1352,204,1002,6380,6952,6047,10695,10791,6601,7731,12634,13074,16547,14820,14820,4721,8251,11165,8251,11165,5826,1,22:05,2020,2021
2020-21,1629647,Darius Bazley,Darius,1610612760,OKC,Oklahoma City Thunder,22000510,2021-02-26T00:00:00,OKC vs. ATL,W,28.7,112.2,115.5,115.5,109.5,106.9,106.9,2.7,8.6,8.6,0.056,0.33,5.6,0.065,0.256,0.171,0.16699999999999998,0.16899999999999998,0.0070799999999999995,0.006540000000000001,0.258,0.263,97.25,96.95,80.79,96.95,0.172,58,8,12,8.0,12.0,0.667,1,1,1,1,7545,9843,8388,8388,11415,9933,9933,10160,8071,8071,15157,11241,16432,5251,2686,2381,18107,18767,4856,7277,4089,4215,17125,17433,17433,3386,2196,5097,2196,5097,2900,1,28:43,2020,2021
2020-21,1628983,Shai Gilgeous-Alexander,Shai,1610612760,OKC,Oklahoma City Thunder,22000495,2021-02-24T00:00:00,OKC vs. SAS,W,38.0,111.9,113.2,113.2,93.5,92.2,92.2,18.5,21.0,21.0,0.222,1.0,12.1,0.0,0.19,0.094,0.121,0.122,0.008,0.00845,0.333,0.332,96.46,96.59,80.49,96.59,0.285,76,13,20,13.0,20.0,0.65,1,1,1,1,1089,9961,9510,9510,4321,3919,3919,5122,4503,4503,5155,6835,13027,11150,5874,8975,15431,15538,2800,2389,867,1254,17987,17865,17865,458,211,933,211,933,4027,1,38:01,2020,2021
2020-21,1628977,Hamidou Diallo,Hamidou,1610612760,OKC,Oklahoma City Thunder,22000495,2021-02-24T00:00:00,OKC vs. SAS,W,10.8,80.0,87.0,87.0,105.8,108.7,108.7,-25.8,-21.7,-21.7,0.167,1.0,12.5,0.0,0.154,0.071,0.125,0.125,0.00417,0.00417,0.269,0.269,108.26,102.38,85.32,102.38,0.07,23,2,6,2.0,6.0,0.333,1,1,1,1,19374,21076,19824,19824,9468,10818,10818,18951,18036,18038,7471,6835,12419,11150,8427,12311,15469,15631,14855,16272,3373,3823,3365,9581,9581,13884,13638,12753,13638,12753,15094,1,10:47,2020,2021
2020-21,1628382,Justin Jackson,Justin,1610612760,OKC,Oklahoma City Thunder,22000495,2021-02-24T00:00:00,OKC vs. SAS,W,13.3,100.4,106.5,106.5,114.2,109.4,109.4,-13.9,-2.9,-2.9,0.3,1.5,27.3,0.0,0.214,0.107,0.182,0.182,0.00417,0.00417,0.229,0.229,114.91,113.97,94.97,113.97,0.074,31,2,6,2.0,6.0,0.333,1,1,1,1,18350,15539,12785,12785,13774,11183,11183,16024,12388,12388,2891,5729,4633,11150,4458,7332,19113,19188,14855,16272,6390,6842,829,1201,1201,13444,13638,12753,13638,12753,15094,1,13:16,2020,2021
2020-21,1630177,Theo Maledon,Theo,1610612760,OKC,Oklahoma City Thunder,22000495,2021-02-24T00:00:00,OKC vs. SAS,W,34.7,101.5,101.4,101.4,93.2,90.3,90.3,8.3,11.1,11.1,0.12,3.0,33.3,0.0,0.083,0.042,0.111,0.111,0.003,0.003,0.078,0.078,97.23,98.81,82.34,98.81,0.045,71,1,5,1.0,5.0,0.2,1,1,1,1,3081,15027,15093,15093,4246,3394,3394,8183,7214,7214,10532,1931,2412,11150,15066,17239,14407,14566,17843,18807,20926,21008,17139,14948,14948,16585,16702,14368,16702,14368,18781,1,34:44,2020,2021
2020-21,1629652,Luguentz Dort,Luguentz,1610612760,OKC,Oklahoma City Thunder,22000495,2021-02-24T00:00:00,OKC vs. SAS,W,30.7,110.2,110.2,110.2,96.6,95.2,95.2,13.6,15.0,15.0,0.059,0.5,6.7,0.03,0.097,0.063,0.133,0.133,0.006670000000000001,0.006670000000000001,0.209,0.209,93.74,94.49,78.74,94.49,0.111,59,6,12,6.0,12.0,0.5,1,1,1,1,6013,10836,10975,10975,5360,4832,4832,6540,6057,6057,14895,10215,15968,9661,13864,13763,16295,16405,5569,6637,8242,8814,20335,19992,19992,9019,4526,5097,4526,5097,7582,1,30:44,2020,2021
2020-21,1629647,Darius Bazley,Darius,1610612760,OKC,Oklahoma City Thunder,22000495,2021-02-24T00:00:00,OKC vs. SAS,W,30.3,110.1,110.0,110.0,91.9,87.3,87.3,18.2,22.7,22.7,0.0,0.0,0.0,0.094,0.226,0.159,0.2,0.2,0.0,0.0,0.152,0.152,94.91,97.41,81.17,97.41,-0.013,60,0,8,0.0,8.0,0.0,1,1,1,1,6344,10902,11026,11026,3844,2747,2747,5182,4106,4106,16819,11715,16819,3238,3956,3011,19585,19665,19893,20448,14541,15000,19490,16875,16875,20900,19893,9686,19893,9686,19893,1,30:18,2020,2021
2020-21,1629676,Isaiah Roby,Isaiah,1610612760,OKC,Oklahoma City Thunder,22000495,2021-02-24T00:00:00,OKC vs. SAS,W,17.0,87.4,91.9,91.9,116.6,118.9,118.9,-29.2,-27.0,-27.0,0.1,0.33,11.1,0.048,0.211,0.125,0.33299999999999996,0.33299999999999996,0.005,0.005,0.186,0.187,108.07,104.4,87.0,104.4,0.029,37,2,5,2.0,5.0,0.4,1,1,1,1,16263,19770,18606,18606,14924,15781,15781,19541,19126,19128,11723,11241,13295,7005,4688,5315,21864,21909,10646,13141,10626,11175,3485,7013,7013,18017,13638,14368,13638,14368,12966,1,17:01,2020,2021
2020-21,1629026,Kenrich Williams,Kenrich,1610612760,OKC,Oklahoma City Thunder,22000495,2021-02-24T00:00:00,OKC vs. SAS,W,18.0,90.7,95.0,95.0,108.1,107.3,107.3,-17.3,-12.3,-12.3,0.077,0.5,16.7,0.048,0.2,0.122,0.33299999999999996,0.33299999999999996,0.005,0.005,0.109,0.109,110.03,107.9,89.92,107.9,0.041,40,1,3,1.0,3.0,0.333,1,1,1,1,15584,18991,17714,17714,10646,10150,10150,17015,15594,15594,13495,10215,9667,7005,5063,5793,21864,21909,10646,13141,18933,19167,2279,3740,3740,16862,16702,17566,16702,17566,15094,1,18:01,2020,2021
2020-21,203488,Mike Muscala,Mike,1610612760,OKC,Oklahoma City Thunder,22000495,2021-02-24T00:00:00,OKC vs. SAS,W,17.5,75.8,77.5,77.5,106.9,105.0,105.0,-31.1,-27.5,-27.5,0.0,0.0,0.0,0.05,0.211,0.128,0.0,0.0,0.00438,0.00438,0.186,0.187,110.04,109.82,91.52,109.82,0.058,40,3,8,3.0,8.0,0.375,1,1,1,1,15943,21508,21272,21272,10029,9009,9009,19858,19222,19222,16819,11715,16819,6713,4688,5156,1,1,14249,15694,10626,11175,2275,2581,2581,15157,10694,9686,10694,9686,14155,1,17:29,2020,2021
2020-21,201143,Al Horford,Al,1610612760,OKC,Oklahoma City Thunder,22000495,2021-02-24T00:00:00,OKC vs. SAS,W,29.7,112.1,112.1,112.1,92.7,90.2,90.2,19.4,21.9,21.9,0.438,0.0,30.4,0.097,0.133,0.115,0.0,0.0,0.005,0.005,0.246,0.246,94.93,96.32,80.27,96.32,0.164,58,7,16,7.0,16.0,0.438,1,1,1,1,6841,9867,10061,10061,4090,3362,3362,4899,4304,4304,888,11715,3690,3088,10236,6468,1,1,10646,13141,5023,5492,19469,18188,18188,3914,3206,2412,3206,2412,11830,1,29:39,2020,2021
2020-21,1628382,Justin Jackson,Justin,1610612760,OKC,Oklahoma City Thunder,22000475,2021-02-22T00:00:00,OKC vs. MIA,L,15.5,84.5,86.7,86.7,103.4,100.0,100.0,-18.8,-13.3,-13.3,0.0,0.0,0.0,0.0,0.067,0.031,0.0,0.0,0.0025,0.00338,0.265,0.271,95.77,96.21,80.17,96.21,-0.02,30,2,8,2.0,8.0,0.25,1,11623,11623,11623,17211,20402,19877,19877,8366,6113,6113,17391,15866,15875,16819,11715,16819,11150,16720,18719,1,1,18441,18033,3628,3725,18701,18331,18331,21139,13638,9686,13638,9686,17720,1,15:28,2020,2021
2020-21,1628983,Shai Gilgeous-Alexander,Shai,1610612760,OKC,Oklahoma City Thunder,22000475,2021-02-22T00:00:00,OKC vs. MIA,L,35.3,102.0,102.9,102.9,120.5,122.9,122.9,-18.5,-20.0,-20.0,0.357,1.67,19.2,0.034,0.03,0.032,0.115,0.11699999999999999,0.00733,0.0076500000000000005,0.288,0.288,95.75,94.42,78.68,94.42,0.172,69,10,15,10.0,15.0,0.667,1,11623,11623,11623,2669,14801,14458,14458,16612,17426,17426,17321,17635,17635,1745,5502,8731,8907,19427,18568,15079,15215,4322,3774,2489,2808,18718,20068,20068,3337,935,2946,935,2946,2900,1,35:20,2020,2021
2020-21,1630177,Theo Maledon,Theo,1610612760,OKC,Oklahoma City Thunder,22000475,2021-02-22T00:00:00,OKC vs. MIA,L,33.7,97.2,100.0,100.0,105.3,102.9,102.9,-8.0,-2.9,-2.9,0.25,2.5,35.7,0.032,0.108,0.074,0.14300000000000002,0.14300000000000002,0.00571,0.00571,0.127,0.127,94.9,94.67,78.89,94.67,0.073,65,3,7,3.0,7.0,0.429,1,11623,11623,11623,3820,16879,15193,15193,9256,8087,8087,14162,12398,12398,4026,3052,2226,9296,12777,12069,16694,16870,9007,10391,17190,17555,19500,19834,19833,13523,10694,11165,10694,11165,11933,1,33:43,2020,2021
2020-21,203488,Mike Muscala,Mike,1610612760,OKC,Oklahoma City Thunder,22000475,2021-02-22T00:00:00,OKC vs. MIA,L,20.2,88.3,90.0,90.0,109.1,102.4,102.4,-20.8,-12.4,-12.4,0.1,1.0,9.1,0.0,0.111,0.051,0.091,0.092,0.00563,0.00619,0.227,0.231,95.48,97.67,81.39,97.67,0.099,40,3,8,3.0,8.0,0.375,1,11623,11623,11623,14081,19567,19074,19074,11232,7814,7814,17874,15617,15617,11723,6835,14598,11150,12294,15759,12713,13135,9382,8582,6480,6681,18986,16576,16576,10453,10694,9686,10694,9686,14155,1,20:09,2020,2021
2020-21,1628977,Hamidou Diallo,Hamidou,1610612760,OKC,Oklahoma City Thunder,22000475,2021-02-22T00:00:00,OKC vs. MIA,L,20.3,79.0,80.5,80.5,106.4,102.4,102.4,-27.4,-21.9,-21.9,0.167,0.67,33.3,0.0,0.2,0.095,0.5,0.5,0.0,0.0,0.089,0.091,97.06,98.05,81.71,98.05,-0.015,41,0,1,0.0,1.0,0.0,1,11623,11623,11623,13953,21203,20916,20916,9789,7814,7814,19238,18078,18078,7471,9817,2412,11150,5063,8753,22574,22586,19893,20448,20355,20357,17351,16009,16009,21001,19893,20551,19893,20551,19893,1,20:19,2020,2021
2020-21,1629026,Kenrich Williams,Kenrich,1610612760,OKC,Oklahoma City Thunder,22000475,2021-02-22T00:00:00,OKC vs. MIA,L,23.6,99.4,100.0,100.0,110.7,104.2,104.2,-11.3,-4.2,-4.2,0.077,0.0,12.5,0.042,0.261,0.149,0.0,0.0,0.00417,0.00436,0.132,0.134,94.07,96.68,80.57,96.68,0.089,47,2,6,2.0,6.0,0.333,1,11623,11623,11623,11496,16071,15193,15193,12049,8633,8633,15275,12848,12847,13495,11715,12419,7768,2548,3616,1,1,14855,15769,16639,16848,20098,17751,17754,11642,13638,12753,13638,12753,15094,1,23:35,2020,2021
2020-21,1629652,Luguentz Dort,Luguentz,1610612760,OKC,Oklahoma City Thunder,22000475,2021-02-22T00:00:00,OKC vs. MIA,L,32.1,108.5,109.5,109.5,124.9,125.0,125.0,-16.4,-15.5,-15.5,0.2,2.0,17.4,0.0,0.226,0.121,0.087,0.086,0.00233,0.0032,0.284,0.288,95.48,95.0,79.17,95.0,0.023,63,3,15,3.0,15.0,0.2,1,11623,11623,11623,5018,11684,11309,11309,18218,18099,18099,16797,16486,16486,5900,3550,9570,11150,3956,5922,12597,12639,19017,18570,2722,2807,18980,19532,19532,18476,10694,2946,10694,2946,18781,1,32:05,2020,2021
2020-21,1629676,Isaiah Roby,Isaiah,1610612760,OKC,Oklahoma City Thunder,22000475,2021-02-22T00:00:00,OKC vs. MIA,L,27.9,106.2,107.4,107.4,116.9,116.1,116.1,-10.7,-8.7,-8.7,0.067,0.5,11.1,0.087,0.1,0.094,0.222,0.225,0.01,0.0102,0.138,0.137,94.97,94.79,78.99,94.79,0.115,54,4,5,4.0,5.0,0.8,1,11623,11623,11623,8247,12847,12358,12358,15024,14508,14508,15068,14423,14423,14289,10215,13295,3610,13367,8931,20407,20626,532,686,15998,16586,19439,19737,19737,8476,8251,14368,8251,14368,1469,1,27:51,2020,2021
2020-21,1629647,Darius Bazley,Darius,1610612760,OKC,Oklahoma City Thunder,22000475,2021-02-22T00:00:00,OKC vs. MIA,L,31.5,105.5,106.6,106.6,115.3,116.4,116.4,-9.7,-9.8,-9.8,0.059,0.25,7.1,0.0,0.152,0.085,0.28600000000000003,0.28600000000000003,0.00722,0.00722,0.2,0.201,93.87,92.95,77.46,92.95,0.095,61,5,9,5.0,9.0,0.556,1,11623,11623,11623,5427,13176,12755,12755,14242,14651,14651,14757,14791,14792,14895,11581,15726,11150,8717,10253,21531,21567,4509,5081,8922,9565,20249,21070,21070,10882,6152,8309,6152,8309,6415,1,31:30,2020,2021
2020-21,1628983,Shai Gilgeous-Alexander,Shai,1610612760,OKC,Oklahoma City Thunder,22000466,2021-02-21T00:00:00,OKC @ CLE,W,35.8,120.9,123.9,123.9,110.8,109.9,109.9,10.1,14.1,14.1,0.391,3.0,29.0,0.0,0.108,0.065,0.09699999999999999,0.09300000000000001,0.006999999999999999,0.00764,0.301,0.315,95.91,95.11,79.26,95.11,0.205,71,9,15,9.0,15.0,0.6,1,1,1,1,2352,5870,4872,4872,12088,11419,11419,7571,6325,6324,1333,1931,4087,11150,12777,13514,13453,13278,4934,3826,1928,1740,18552,19411,19411,1817,1450,2946,1450,2946,4810,1,35:50,2020,2021
2020-21,1630177,Theo Maledon,Theo,1610612760,OKC,Oklahoma City Thunder,22000466,2021-02-21T00:00:00,OKC @ CLE,W,33.3,107.8,109.0,109.0,110.9,106.0,106.0,-3.1,3.0,3.0,0.136,0.6,20.0,0.0,0.069,0.034,0.33299999999999996,0.324,0.00929,0.00941,0.164,0.171,95.1,96.72,80.6,96.72,0.069,67,5,7,5.0,7.0,0.714,1,1,1,1,4158,12054,11636,11636,12117,9486,9486,12400,10090,10089,9436,10145,7755,11150,16564,18372,21864,21901,1643,1510,13165,12887,19322,17707,17707,13942,6152,11165,6152,11165,2429,1,33:15,2020,2021
2020-21,1629026,Kenrich Williams,Kenrich,1610612760,OKC,Oklahoma City Thunder,22000466,2021-02-21T00:00:00,OKC @ CLE,W,18.7,132.9,131.0,131.0,90.6,90.2,90.2,42.3,40.7,40.7,0.063,0.0,14.3,0.059,0.133,0.094,0.0,0.0,0.006670000000000001,0.006670000000000001,0.128,0.132,105.74,106.71,88.93,106.71,0.145,42,4,6,4.0,6.0,0.667,1,1,1,1,15158,2290,2707,2707,3501,3384,3384,1295,1524,1524,14605,11715,11222,5698,10236,8983,1,1,5569,6637,17098,17073,5674,4630,4630,5487,8251,12753,8251,12753,2900,1,18:40,2020,2021
2020-21,1629647,Darius Bazley,Darius,1610612760,OKC,Oklahoma City Thunder,22000466,2021-02-21T00:00:00,OKC @ CLE,W,30.3,106.4,110.3,110.3,111.9,110.0,110.0,-5.6,0.3,0.3,0.045,0.0,12.5,0.043,0.182,0.125,0.0,0.0,0.0028599999999999997,0.0028599999999999997,0.117,0.114,94.4,93.52,77.93,93.52,0.056,58,2,7,2.0,7.0,0.286,1,1,1,1,6355,12739,10886,10886,12618,11441,11441,13307,10963,10963,16002,11715,12419,7524,6323,5315,1,1,18098,19019,18231,18694,19891,20738,20738,15425,13638,11165,13638,11165,17105,1,30:17,2020,2021
2020-21,201143,Al Horford,Al,1610612760,OKC,Oklahoma City Thunder,22000466,2021-02-21T00:00:00,OKC @ CLE,W,27.7,105.7,109.3,109.3,113.0,110.9,110.9,-7.4,-1.6,-1.6,0.063,0.0,7.7,0.0,0.286,0.157,0.0,0.0,0.006670000000000001,0.006670000000000001,0.214,0.211,95.25,94.55,78.8,94.55,0.184,54,7,12,7.0,12.0,0.583,1,1,1,1,8389,13108,11453,11453,13180,11904,11904,13942,11946,11946,14605,11715,15426,11150,1822,3109,1,1,5569,6637,7627,8593,19192,19948,19948,2676,3206,5097,3206,5097,5615,1,27:40,2020,2021
2020-21,1629676,Isaiah Roby,Isaiah,1610612760,OKC,Oklahoma City Thunder,22000466,2021-02-21T00:00:00,OKC @ CLE,W,20.3,132.7,131.8,131.8,93.4,90.9,90.9,39.3,40.9,40.9,0.167,3.0,27.3,0.125,0.15,0.139,0.091,0.092,0.00333,0.00436,0.163,0.165,102.17,103.87,86.56,103.87,0.089,44,2,6,2.0,6.0,0.333,1,1,1,1,13943,2330,2508,2508,4300,3516,3516,1537,1511,1512,7471,1931,4633,1882,8802,4341,12713,13135,16814,15769,13283,13566,10275,7652,7653,11642,13638,12753,13638,12753,15094,1,20:20,2020,2021
2020-21,203488,Mike Muscala,Mike,1610612760,OKC,Oklahoma City Thunder,22000466,2021-02-21T00:00:00,OKC @ CLE,W,17.3,134.5,135.9,135.9,89.6,89.2,89.2,44.9,46.7,46.7,0.071,1.0,7.7,0.067,0.267,0.167,0.077,0.077,0.0059099999999999995,0.0059099999999999995,0.273,0.276,105.57,105.24,87.7,105.24,0.129,39,5,11,5.0,11.0,0.455,1,1,1,1,16058,1966,1741,1741,3238,3139,3139,1139,1110,1110,13934,6835,15426,4981,2354,2489,11527,11664,8444,9705,3165,3428,5857,6017,6017,6999,6152,6027,6152,6027,11074,1,17:20,2020,2021
2020-21,1629652,Luguentz Dort,Luguentz,1610612760,OKC,Oklahoma City Thunder,22000466,2021-02-21T00:00:00,OKC @ CLE,W,30.7,106.4,106.7,106.7,113.4,111.5,111.5,-7.0,-4.8,-4.8,0.05,0.5,7.7,0.0,0.03,0.018,0.154,0.154,0.005,0.005,0.194,0.196,94.0,94.69,78.91,94.69,0.038,60,4,10,4.0,10.0,0.4,1,1,1,1,6068,12739,12676,12676,13353,12223,12223,13785,13092,13092,15639,10215,15426,11150,19427,20153,17624,17714,10646,13141,9809,10139,20157,19822,19822,17205,8251,7133,8251,7133,12966,1,30:40,2020,2021
2020-21,1628977,Hamidou Diallo,Hamidou,1610612760,OKC,Oklahoma City Thunder,22000466,2021-02-21T00:00:00,OKC @ CLE,W,26.0,125.4,124.6,124.6,90.8,91.1,91.1,34.6,33.5,33.5,0.095,1.0,15.4,0.0,0.067,0.038,0.154,0.154,0.01,0.008369999999999999,0.175,0.181,104.22,104.44,87.03,104.44,0.103,57,5,5,5.0,5.0,1.0,1,1,1,1,9672,4220,4632,4632,3559,3594,3594,2059,2273,2273,12196,6835,10765,11150,16720,17735,17624,17825,532,2484,11959,11809,7478,6959,6959,9843,6152,14368,6152,14368,1,1,25:58,2020,2021
2020-21,1630177,Theo Maledon,Theo,1610612760,OKC,Oklahoma City Thunder,22000453,2021-02-19T00:00:00,OKC @ MIL,L,30.1,83.7,82.5,82.5,108.7,111.3,111.3,-25.0,-28.8,-28.8,0.133,2.0,22.2,0.0,0.103,0.044,0.111,0.111,0.00417,0.00417,0.101,0.106,100.23,99.72,83.1,99.72,0.015,63,2,6,2.0,6.0,0.333,1,11623,11623,11623,6508,20553,20667,20667,10972,12130,12130,18777,19439,19439,9603,3550,6856,11150,13183,16946,14407,14566,14855,16272,19475,19375,13115,13610,13614,18966,13638,12753,13638,12753,15094,1,30:05,2020,2021
2020-21,1628977,Hamidou Diallo,Hamidou,1610612760,OKC,Oklahoma City Thunder,22000453,2021-02-19T00:00:00,OKC @ MIL,L,31.2,99.2,98.4,98.4,93.4,98.4,98.4,5.8,0.1,0.1,0.15,3.0,17.6,0.135,0.024,0.077,0.059000000000000004,0.057,0.004,0.0037,0.194,0.206,97.51,95.42,79.51,95.42,0.0,63,4,10,4.0,10.0,0.4,1,11623,11623,11623,5678,16141,16566,16566,4309,5905,5905,9034,11071,11071,8588,1931,9414,1686,19669,11381,10092,10087,15280,17535,9714,9092,16806,19131,19131,19529,8251,7133,8251,7133,12966,1,31:11,2020,2021
2020-21,1629652,Luguentz Dort,Luguentz,1610612760,OKC,Oklahoma City Thunder,22000453,2021-02-19T00:00:00,OKC @ MIL,L,32.5,85.3,86.4,86.4,100.1,98.5,98.5,-14.8,-12.1,-12.1,0.071,0.0,5.6,0.024,0.029,0.026,0.0,0.0,0.00469,0.00491,0.236,0.244,97.26,97.44,81.2,97.44,0.065,66,6,16,6.0,16.0,0.375,1,11623,11623,11623,4688,20263,19954,19954,6906,5958,5958,16330,15536,15538,13934,11715,16432,10850,19477,19311,1,1,13441,14467,5743,5653,17105,16840,16840,14481,4526,2412,4526,2412,14155,1,32:31,2020,2021
2020-21,1629676,Isaiah Roby,Isaiah,1610612760,OKC,Oklahoma City Thunder,22000453,2021-02-19T00:00:00,OKC @ MIL,L,20.7,102.5,100.0,100.0,85.1,87.8,87.8,17.4,12.2,12.2,0.143,0.0,33.3,0.0,0.269,0.149,0.0,0.0,0.01,0.01,0.089,0.091,96.7,96.42,80.35,96.42,0.185,42,3,4,3.0,4.0,0.75,1,11623,11623,11623,13701,14567,15193,15193,2336,2859,2859,5434,6906,6907,8804,11715,2412,11150,2301,3616,1,1,532,759,20355,20386,17731,18076,18076,2643,10694,15987,10694,15987,1826,1,20:40,2020,2021
2020-21,1628983,Shai Gilgeous-Alexander,Shai,1610612760,OKC,Oklahoma City Thunder,22000453,2021-02-19T00:00:00,OKC @ MIL,L,36.0,86.9,89.2,89.2,106.2,106.8,106.8,-19.2,-17.7,-17.7,0.278,1.25,19.2,0.0,0.108,0.047,0.154,0.154,0.00385,0.004719999999999999,0.253,0.253,99.57,97.97,81.64,97.97,0.06,74,4,13,4.0,13.0,0.308,1,11623,11623,11623,2236,19909,19317,19317,9662,9918,9918,17490,17109,17109,3477,6657,8731,11150,12777,16488,17624,17823,15831,14823,4400,4942,14047,16124,16124,15010,8251,4300,8251,4300,16796,1,36:01,2020,2021
2020-21,1629026,Kenrich Williams,Kenrich,1610612760,OKC,Oklahoma City Thunder,22000453,2021-02-19T00:00:00,OKC @ MIL,L,18.7,100.1,97.4,97.4,76.1,81.1,81.1,24.0,16.3,16.3,0.143,2.0,28.6,0.05,0.154,0.109,0.14300000000000002,0.14300000000000002,0.005,0.005,0.122,0.125,98.24,96.49,80.41,96.49,0.118,38,2,4,2.0,4.0,0.5,1,11623,11623,11623,15169,15633,16923,16923,1185,1731,1731,3788,5732,5732,8804,3550,4109,6713,8427,7182,16694,16870,10646,13141,17726,17745,15819,17986,17986,8213,13638,15987,13638,15987,7582,1,18:39,2020,2021
2020-21,1628382,Justin Jackson,Justin,1610612760,OKC,Oklahoma City Thunder,22000453,2021-02-19T00:00:00,OKC @ MIL,L,6.0,72.7,66.7,66.7,131.1,123.1,123.1,-58.4,-56.4,-56.4,0.0,0.0,0.0,0.0,0.25,0.143,0.33299999999999996,0.33299999999999996,0.005,0.005,0.231,0.25,92.21,99.37,82.8,99.37,0.087,12,1,2,1.0,2.0,0.5,1,11623,11623,11623,20796,21753,21947,21947,19945,17493,17493,22078,21934,21934,16819,11715,16819,11150,2712,3903,21864,21909,10646,13141,6146,5140,21228,14149,14149,11866,16702,19102,16702,19102,7582,1,6:02,2020,2021
2020-21,203488,Mike Muscala,Mike,1610612760,OKC,Oklahoma City Thunder,22000453,2021-02-19T00:00:00,OKC @ MIL,L,14.9,87.2,84.4,84.4,85.7,87.1,87.1,1.5,-2.7,-2.7,0.125,0.0,10.0,0.05,0.273,0.167,0.0,0.0,0.00333,0.0037099999999999998,0.25,0.27,100.41,101.25,84.38,101.25,0.228,32,3,9,3.0,9.0,0.333,1,11623,11623,11623,17520,19838,20351,20351,2416,2703,2703,10572,12318,12318,10010,11715,14007,6713,2182,2489,1,1,16814,17522,4441,3779,12844,11270,11270,1148,10694,8309,10694,8309,15094,1,14:56,2020,2021
2020-21,1629647,Darius Bazley,Darius,1610612760,OKC,Oklahoma City Thunder,22000453,2021-02-19T00:00:00,OKC @ MIL,L,20.6,62.0,60.0,60.0,98.3,95.6,95.6,-36.2,-35.6,-35.6,0.0,0.0,0.0,0.0,0.263,0.098,0.125,0.125,0.0042899999999999995,0.0042899999999999995,0.167,0.176,101.93,105.11,87.59,105.11,0.087,45,2,7,2.0,7.0,0.286,1,11623,11623,11623,13795,22262,22228,22228,6030,4949,4949,20550,20395,20396,16819,11715,16819,11150,2474,8454,15469,15631,14492,15959,12634,12366,10642,6179,6178,11830,13638,11165,13638,11165,17105,1,20:33,2020,2021
2020-21,201143,Al Horford,Al,1610612760,OKC,Oklahoma City Thunder,22000453,2021-02-19T00:00:00,OKC @ MIL,L,29.4,77.8,78.3,78.3,110.5,110.0,110.0,-32.7,-31.7,-31.7,0.333,4.0,21.1,0.0,0.179,0.074,0.053,0.053,0.00357,0.00357,0.227,0.233,98.17,98.07,81.73,98.07,0.076,60,4,14,4.0,14.0,0.286,1,11623,11623,11623,7057,21316,21190,21190,11941,11441,11441,20063,19883,19883,1999,1080,7550,11150,6647,12069,9709,9780,16511,17707,6480,6531,15910,15981,15981,13156,8251,3568,8251,3568,17105,1,29:22,2020,2021
2020-21,1628983,Shai Gilgeous-Alexander,Shai,1610612760,OKC,Oklahoma City Thunder,22000562,2021-02-17T00:00:00,OKC @ MEM,L,32.6,114.1,112.9,112.9,111.9,114.1,114.1,2.2,-1.2,-1.2,0.333,6.0,25.0,0.03,0.065,0.047,0.042,0.040999999999999995,0.005,0.00628,0.243,0.253,104.14,103.7,86.42,103.7,0.125,70,6,14,6.0,14.0,0.429,1,11623,11623,11623,4608,8923,9669,9669,12618,13539,13539,10352,11780,11780,1999,373,5205,9661,16977,16497,9140,9139,10646,8202,5225,4933,7584,7836,7836,7415,4526,3568,4526,3568,11933,1,32:38,2020,2021
2020-21,1629676,Isaiah Roby,Isaiah,1610612760,OKC,Oklahoma City Thunder,22000562,2021-02-17T00:00:00,OKC @ MEM,L,23.4,102.9,103.8,103.8,113.1,115.4,115.4,-10.2,-11.5,-11.5,0.333,2.0,25.0,0.071,0.273,0.16,0.125,0.126,0.005,0.00506,0.214,0.21,108.3,106.74,88.95,106.74,0.087,52,4,9,4.0,9.0,0.444,1,11623,11623,11623,11651,14432,14005,14005,13221,14153,14153,14932,15329,15330,1999,3550,5205,4609,2182,2925,15469,15947,10646,12921,7627,8678,3337,4603,4603,11912,8251,8309,8251,8309,11399,1,23:23,2020,2021
2020-21,1629652,Luguentz Dort,Luguentz,1610612760,OKC,Oklahoma City Thunder,22000562,2021-02-17T00:00:00,OKC @ MEM,L,28.9,104.9,104.8,104.8,122.1,124.6,124.6,-17.2,-19.9,-19.9,0.056,0.5,6.3,0.031,0.038,0.034,0.125,0.124,0.0025,0.0042,0.224,0.225,107.3,106.24,88.53,106.24,0.0,63,2,10,2.0,10.0,0.2,1,11623,11623,11623,7398,13491,13576,13576,17197,18056,18056,16980,17621,17621,15157,10215,16162,9476,18924,18272,15469,15621,18441,16234,6794,7192,4057,5041,5041,19529,13638,7133,13638,7133,18781,1,28:55,2020,2021
2020-21,1628977,Hamidou Diallo,Hamidou,1610612760,OKC,Oklahoma City Thunder,22000562,2021-02-17T00:00:00,OKC @ MEM,L,19.8,105.4,102.4,102.4,117.9,117.1,117.1,-12.5,-14.6,-14.6,0.364,2.0,23.5,0.0,0.15,0.083,0.11800000000000001,0.11599999999999999,0.00222,0.00357,0.295,0.315,97.46,99.2,82.67,99.2,0.037,41,2,9,2.0,9.0,0.222,1,11623,11623,11623,14294,13225,14683,14683,15457,14986,14986,15606,16241,16243,1663,3550,6409,11150,8802,10340,15144,15193,19048,17707,2151,1739,16874,14421,14421,17316,13638,8309,13638,8309,18584,1,19:50,2020,2021
2020-21,1629647,Darius Bazley,Darius,1610612760,OKC,Oklahoma City Thunder,22000562,2021-02-17T00:00:00,OKC @ MEM,L,31.9,111.6,111.4,111.4,124.5,123.9,123.9,-12.9,-12.5,-12.5,0.118,1.0,11.1,0.0,0.25,0.115,0.111,0.111,0.00643,0.00643,0.216,0.216,105.78,106.08,88.4,106.08,0.108,70,7,14,7.0,14.0,0.5,1,11623,11623,11623,5140,10145,10355,10355,18089,17839,17839,15752,15662,15662,10626,6835,13295,11150,2712,6468,14407,14566,6601,7731,7500,8070,5614,5184,5184,9311,3206,3568,3206,3568,7582,1,31:54,2020,2021
2020-21,203488,Mike Muscala,Mike,1610612760,OKC,Oklahoma City Thunder,22000562,2021-02-17T00:00:00,OKC @ MEM,L,26.1,116.4,114.8,114.8,123.7,124.5,124.5,-7.3,-9.7,-9.7,0.0,0.0,0.0,0.0,0.125,0.067,0.083,0.078,0.00864,0.00884,0.207,0.229,97.89,98.22,81.85,98.22,0.116,54,7,11,7.0,11.0,0.636,1,11623,11623,11623,9540,7888,8703,8703,17802,18022,18022,13910,14760,14760,16819,11715,16819,11150,10884,13105,12082,11827,2146,1979,8427,6886,16314,15764,15764,8456,3206,6027,3206,6027,4151,1,26:09,2020,2021
2020-21,1628382,Justin Jackson,Justin,1610612760,OKC,Oklahoma City Thunder,22000562,2021-02-17T00:00:00,OKC @ MEM,L,10.0,99.1,91.3,91.3,116.3,114.3,114.3,-17.2,-23.0,-23.0,0.167,0.25,12.5,0.143,0.083,0.105,0.5,0.508,0.0075,0.006939999999999999,0.28,0.31,100.9,106.11,88.43,106.11,0.0,23,1,2,1.0,2.0,0.5,1,11623,11623,11623,19629,16198,18765,18765,14740,13569,13569,16994,18312,18312,7471,11581,12419,1378,15066,7518,22574,22816,3445,5844,2843,1937,12115,5153,5153,19529,16702,19102,16702,19102,7582,1,9:57,2020,2021
2020-21,1629026,Kenrich Williams,Kenrich,1610612760,OKC,Oklahoma City Thunder,22000562,2021-02-17T00:00:00,OKC @ MEM,L,24.3,113.8,111.5,111.5,105.8,100.0,100.0,8.0,11.5,11.5,0.158,0.0,75.0,0.053,0.16,0.114,0.0,0.0,0.01,0.01,0.018,0.018,98.75,102.58,85.48,102.58,0.079,52,1,1,1.0,1.0,1.0,1,11623,11623,11623,10922,9046,10309,10309,9480,6113,6113,8278,7112,7113,8165,11715,174,6380,8001,6586,1,1,532,759,22206,22205,15147,9303,9304,12751,16702,20551,16702,20551,1,1,24:20,2020,2021
2020-21,203121,Darius Miller,Darius,1610612760,OKC,Oklahoma City Thunder,22000562,2021-02-17T00:00:00,OKC @ MEM,L,9.1,96.2,90.5,90.5,132.2,115.0,115.0,-36.0,-24.5,-24.5,0.4,2.0,50.0,0.0,0.1,0.063,0.25,0.25,0.015,0.015,0.095,0.101,98.18,108.33,90.28,108.33,0.15,21,1,1,1.0,1.0,1.0,1,11623,11623,11623,19905,17303,18977,18977,20171,13986,13986,20530,18610,18610,1165,3550,471,11150,13367,13763,20812,20887,1,1,19892,19711,15890,3429,3429,4994,16702,20551,16702,20551,1,1,9:05,2020,2021
2020-21,1630177,Theo Maledon,Theo,1610612760,OKC,Oklahoma City Thunder,22000562,2021-02-17T00:00:00,OKC @ MEM,L,33.8,119.4,119.4,119.4,117.8,122.5,122.5,1.7,-3.1,-3.1,0.095,0.67,15.4,0.0,0.156,0.075,0.231,0.233,0.00857,0.00888,0.143,0.143,103.53,101.49,84.57,101.49,0.089,72,4,7,4.0,7.0,0.571,1,11623,11623,11623,3759,6506,6655,6655,15405,17300,17300,10515,12455,12455,12196,9817,10765,11150,8302,11869,20663,20752,2168,1936,15276,15894,8365,10936,10936,11616,8251,11165,8251,11165,5826,1,33:49,2020,2021
2020-21,1629647,Darius Bazley,Darius,1610612760,OKC,Oklahoma City Thunder,22000432,2021-02-16T00:00:00,OKC vs. POR,L,36.1,97.2,98.6,98.6,115.3,114.9,114.9,-18.1,-16.2,-16.2,0.3,0.0,24.0,0.0,0.13,0.069,0.0,0.0,0.0028100000000000004,0.00376,0.238,0.233,98.95,98.39,81.99,98.39,0.101,74,4,16,4.0,16.0,0.25,1,11623,11623,11623,2179,16907,16469,16469,14265,13938,13938,17215,16674,16677,2891,11715,6294,11150,10560,12788,1,1,18273,17252,5637,6545,14869,15510,15510,10214,8251,2412,8251,2412,17720,1,36:06,2020,2021
2020-21,1629026,Kenrich Williams,Kenrich,1610612760,OKC,Oklahoma City Thunder,22000432,2021-02-16T00:00:00,OKC vs. POR,L,19.7,89.6,90.5,90.5,119.8,119.0,119.0,-30.2,-28.6,-28.6,0.077,0.33,16.7,0.043,0.259,0.16,0.5,0.5,0.0075,0.0075,0.111,0.11,102.4,102.26,85.21,102.26,0.058,42,1,2,1.0,2.0,0.5,1,11623,11623,11623,14409,19246,18977,18977,16313,15833,15833,19718,19396,19397,13495,11241,9667,7524,2592,2925,22574,22586,3445,4095,18608,19071,9956,9742,9742,15149,16702,19102,16702,19102,7582,1,19:43,2020,2021
2020-21,203121,Darius Miller,Darius,1610612760,OKC,Oklahoma City Thunder,22000432,2021-02-16T00:00:00,OKC vs. POR,L,3.2,108.7,100.0,100.0,171.4,171.4,171.4,-62.7,-71.4,-71.4,0.0,0.0,0.0,0.0,0.0,0.0,1.0,1.0,0.0,0.0,0.143,0.155,101.33,105.55,87.96,105.55,0.0,7,0,0,0.0,0.0,0.0,1,11623,11623,11623,21904,11582,15193,15193,22740,22773,22773,22216,22371,22371,16819,11715,16819,11150,19725,20503,22928,22930,19893,20448,15276,14578,11488,5715,5715,19529,19893,21894,19893,21894,19893,1,3:11,2020,2021
2020-21,1630177,Theo Maledon,Theo,1610612760,OKC,Oklahoma City Thunder,22000432,2021-02-16T00:00:00,OKC vs. POR,L,27.9,104.0,105.0,105.0,118.4,115.5,115.5,-14.4,-10.5,-10.5,0.143,0.0,27.3,0.0,0.057,0.03,0.0,0.0,0.0028599999999999997,0.00421,0.119,0.125,101.0,101.69,84.74,101.69,0.049,60,2,7,2.0,7.0,0.286,1,11623,11623,11623,8247,13923,13470,13470,15671,14245,14245,16194,14986,14986,8804,11715,4633,11150,17613,18929,1,1,18098,16214,17977,17792,11977,10623,10623,16142,13638,11165,13638,11165,17105,1,27:51,2020,2021
2020-21,201143,Al Horford,Al,1610612760,OKC,Oklahoma City Thunder,22000432,2021-02-16T00:00:00,OKC vs. POR,L,29.1,86.9,88.5,88.5,121.5,121.0,121.0,-34.6,-32.4,-32.4,0.214,1.5,18.8,0.0,0.132,0.068,0.125,0.11800000000000001,0.005,0.00505,0.197,0.21,102.17,101.44,84.54,101.44,0.065,61,5,11,5.0,11.0,0.455,1,11623,11623,11623,7247,19919,19493,19493,17001,16702,16702,20355,19990,19990,5508,5729,8841,11150,10495,12894,15469,15296,10646,13005,9504,8734,10276,11000,10998,14430,6152,6027,6152,6027,11074,1,29:06,2020,2021
2020-21,1628977,Hamidou Diallo,Hamidou,1610612760,OKC,Oklahoma City Thunder,22000432,2021-02-16T00:00:00,OKC vs. POR,L,30.6,111.3,114.8,114.8,110.3,111.7,111.7,1.0,3.1,3.1,0.111,1.0,10.0,0.065,0.059,0.062,0.1,0.099,0.00536,0.00525,0.265,0.268,97.06,94.95,79.13,94.95,0.084,61,7,14,7.0,14.0,0.5,1,11623,11623,11623,6132,10321,8727,8727,11809,12325,12325,10785,10050,10050,10979,6835,14007,5251,17381,14041,13495,13640,10285,12177,3628,3904,17349,19581,19581,12210,3206,3568,3206,3568,7582,1,30:35,2020,2021
2020-21,1629652,Luguentz Dort,Luguentz,1610612760,OKC,Oklahoma City Thunder,22000432,2021-02-16T00:00:00,OKC vs. POR,L,36.7,94.2,94.8,94.8,123.9,124.7,124.7,-29.7,-29.9,-29.9,0.167,3.0,13.0,0.024,0.111,0.07,0.043,0.042,0.00528,0.00582,0.244,0.255,101.43,100.8,84.0,100.8,0.123,77,8,18,8.0,18.0,0.444,1,11623,11623,11623,1791,17980,17781,17781,17900,18079,18079,19624,19618,19618,7471,1931,12326,10769,12294,12682,9230,9210,10483,10057,5173,4786,11364,11955,11962,7658,2196,1562,2196,1562,11399,1,36:40,2020,2021
2020-21,1628382,Justin Jackson,Justin,1610612760,OKC,Oklahoma City Thunder,22000432,2021-02-16T00:00:00,OKC vs. POR,L,16.1,110.9,111.8,111.8,118.6,121.9,121.9,-7.8,-10.1,-10.1,0.273,3.0,30.0,0.0,0.0,0.0,0.1,0.1,0.005,0.005,0.189,0.193,100.32,98.59,82.16,98.59,0.044,34,2,6,2.0,6.0,0.333,1,11623,11623,11623,16845,10529,10201,10201,15772,17053,17053,14053,14871,14871,3560,1931,3735,11150,19725,20503,13495,13663,10646,13141,10287,10461,12987,15254,15254,16622,13638,12753,13638,12753,15094,1,16:04,2020,2021
2020-21,1629676,Isaiah Roby,Isaiah,1610612760,OKC,Oklahoma City Thunder,22000432,2021-02-16T00:00:00,OKC vs. POR,L,23.6,118.1,118.8,118.8,106.8,110.9,110.9,11.3,7.9,7.9,0.118,2.0,18.2,0.091,0.296,0.204,0.091,0.09300000000000001,0.006670000000000001,0.00709,0.17,0.171,97.53,95.46,79.55,95.46,0.161,48,4,6,4.0,6.0,0.667,1,11623,11623,11623,11457,7106,6913,6913,9969,11882,11882,7211,8343,8343,10626,3550,9055,3313,1668,1307,12713,13280,5569,5423,12444,12909,16770,19092,19093,4086,8251,12753,8251,12753,2900,1,23:38,2020,2021
2020-21,203488,Mike Muscala,Mike,1610612760,OKC,Oklahoma City Thunder,22000432,2021-02-16T00:00:00,OKC vs. POR,L,17.1,135.4,138.2,138.2,100.7,100.0,100.0,34.6,38.2,38.2,0.0,0.0,0.0,0.067,0.2,0.143,0.0,0.0,0.009000000000000001,0.0087,0.158,0.168,94.7,94.03,78.35,94.03,0.203,34,4,5,4.0,5.0,0.8,1,11623,11623,11623,16212,1829,1404,1404,7158,6113,6113,2058,1739,1740,16819,11715,16819,4981,5063,3903,1,1,1791,2133,13800,13282,19677,20358,20358,1878,8251,14368,8251,14368,1469,1,17:06,2020,2021
2020-21,1629676,Isaiah Roby,Isaiah,1610612760,OKC,Oklahoma City Thunder,22000415,2021-02-14T00:00:00,OKC vs. MIL,W,17.7,96.9,91.9,91.9,105.2,108.3,108.3,-8.3,-16.4,-16.4,0.167,0.0,33.3,0.136,0.19,0.163,0.0,0.0,0.008329999999999999,0.00773,0.085,0.088,98.12,99.26,82.72,99.26,0.156,37,2,3,2.0,3.0,0.667,1,1,1,1,15836,17026,18606,18606,9200,10608,10608,14242,16747,16747,7471,11715,2412,1639,5874,2807,1,1,2318,3611,20552,20579,15984,14313,14313,4520,13638,17566,13638,17566,2900,1,17:39,2020,2021
2020-21,1629026,Kenrich Williams,Kenrich,1610612760,OKC,Oklahoma City Thunder,22000415,2021-02-14T00:00:00,OKC vs. MIL,W,34.0,116.9,120.0,120.0,111.0,110.8,110.8,6.0,9.2,9.2,0.161,1.67,29.4,0.028,0.088,0.057,0.17600000000000002,0.17300000000000001,0.005,0.00536,0.143,0.149,106.58,105.28,87.73,105.28,0.053,75,4,8,4.0,8.0,0.5,1,1,1,1,3633,7596,6324,6324,12168,11849,11849,8993,7868,7868,8072,5502,3969,10167,14712,14762,18983,18941,10646,11763,15276,15329,4724,5993,5993,15745,8251,9686,8251,9686,7582,1,33:58,2020,2021
2020-21,203121,Darius Miller,Darius,1610612760,OKC,Oklahoma City Thunder,22000415,2021-02-14T00:00:00,OKC vs. MIL,W,11.1,99.1,95.5,95.5,83.5,86.4,86.4,15.6,9.1,9.1,0.143,1.0,20.0,0.0,0.0,0.0,0.2,0.2,0.008329999999999999,0.008329999999999999,0.154,0.165,95.05,95.14,79.28,95.14,0.13,22,2,3,2.0,3.0,0.667,1,1,1,1,19262,16207,17556,17556,2049,2546,2546,5957,7889,7906,8804,6835,7755,11150,19725,20503,19585,19665,2318,2498,14208,13554,19368,19386,19386,6952,13638,17566,13638,17566,2900,1,11:06,2020,2021
2020-21,1629652,Luguentz Dort,Luguentz,1610612760,OKC,Oklahoma City Thunder,22000415,2021-02-14T00:00:00,OKC vs. MIL,W,36.2,111.2,112.7,112.7,102.9,102.6,102.6,8.3,10.1,10.1,0.071,0.29,7.7,0.029,0.14,0.091,0.26899999999999996,0.27,0.00577,0.005600000000000001,0.27,0.278,104.05,103.52,86.27,103.52,0.065,79,6,13,6.0,13.0,0.462,1,1,1,1,2133,10346,9781,9781,8170,7917,7917,8187,7565,7565,13934,11575,15426,9826,9775,9243,21432,21465,8913,10957,3362,3313,7708,8080,8080,14366,4526,4300,4526,4300,10881,1,36:10,2020,2021
2020-21,1628977,Hamidou Diallo,Hamidou,1610612760,OKC,Oklahoma City Thunder,22000415,2021-02-14T00:00:00,OKC vs. MIL,W,26.0,101.7,101.9,101.9,98.3,100.0,100.0,3.5,1.9,1.9,0.15,3.0,15.0,0.2,0.241,0.22,0.05,0.05,0.00188,0.00188,0.27,0.274,99.86,98.9,82.41,98.9,0.033,53,3,16,3.0,16.0,0.188,1,1,1,1,9672,14912,14892,14892,6026,6113,6113,9868,10529,10529,8588,1931,11092,515,3336,992,9568,9612,19470,20075,3350,3565,13645,14822,14822,17652,10694,2412,10694,2412,19259,1,25:58,2020,2021
2020-21,1629647,Darius Bazley,Darius,1610612760,OKC,Oklahoma City Thunder,22000415,2021-02-14T00:00:00,OKC vs. MIL,W,31.6,105.8,107.0,107.0,106.7,107.0,107.0,-1.0,0.0,0.0,0.143,0.0,18.8,0.0,0.147,0.069,0.0,0.0,0.006919999999999999,0.006919999999999999,0.163,0.167,108.58,107.79,89.83,107.79,0.149,71,8,13,8.0,13.0,0.615,1,1,1,1,5342,13045,12539,12539,9952,10034,10034,11619,11088,11088,8804,11715,8841,11150,9072,12749,1,1,5199,5961,13377,13344,3144,3822,3822,5083,2196,4300,2196,4300,4658,1,31:37,2020,2021
2020-21,1628382,Justin Jackson,Justin,1610612760,OKC,Oklahoma City Thunder,22000415,2021-02-14T00:00:00,OKC vs. MIL,W,33.9,110.4,113.3,113.3,111.5,111.8,111.8,-1.1,1.5,1.5,0.208,5.0,22.7,0.024,0.059,0.039,0.045,0.045,0.00688,0.00688,0.195,0.198,108.54,107.01,89.17,107.01,0.132,75,9,16,9.0,16.0,0.563,1,1,1,1,3717,10741,9412,9412,12458,12420,12420,11675,10696,10696,5798,622,6772,10850,17381,17636,9331,9377,5264,6054,9643,9966,3168,4400,4400,6661,1450,2412,1450,2412,6323,1,33:52,2020,2021
2020-21,201143,Al Horford,Al,1610612760,OKC,Oklahoma City Thunder,22000415,2021-02-14T00:00:00,OKC vs. MIL,W,30.4,114.4,115.9,115.9,104.7,106.1,106.1,9.7,9.9,9.9,0.391,0.0,34.6,0.0,0.219,0.111,0.0,0.0,0.00563,0.00592,0.227,0.231,108.21,106.75,88.96,106.75,0.179,69,8,16,8.0,16.0,0.5,1,1,1,1,6301,8776,8171,8171,8966,9515,9515,7719,7641,7641,1333,11715,2378,11150,4300,6750,1,1,9382,9655,6563,6662,3401,4597,4597,2944,2196,2412,2196,2412,7582,1,30:21,2020,2021
2020-21,203488,Mike Muscala,Mike,1610612760,OKC,Oklahoma City Thunder,22000415,2021-02-14T00:00:00,OKC vs. MIL,W,19.3,102.3,102.5,102.5,102.3,102.5,102.5,0.0,0.0,0.0,0.143,0.0,22.2,0.0,0.13,0.065,0.0,0.0,0.00571,0.00571,0.14,0.143,99.59,99.4,82.83,99.4,0.089,40,3,7,3.0,7.0,0.429,1,1,1,1,14691,14674,14650,14650,7891,7865,7865,11138,11088,11088,8804,11715,6856,11150,10560,13428,1,1,9007,10391,15828,15995,14021,14105,14105,11616,10694,11165,10694,11165,11933,1,19:19,2020,2021
2020-21,1628977,Hamidou Diallo,Hamidou,1610612760,OKC,Oklahoma City Thunder,22000401,2021-02-12T00:00:00,OKC @ DEN,L,36.6,89.1,91.7,91.7,101.6,101.4,101.4,-12.5,-9.7,-9.7,0.095,0.67,9.1,0.023,0.118,0.065,0.136,0.138,0.00433,0.00477,0.238,0.241,95.01,93.73,78.11,93.73,0.048,72,6,15,6.0,15.0,0.4,1,11623,11623,11623,1816,19376,18648,18648,7542,7364,7364,15610,14773,14773,12196,9817,14598,10915,11819,13495,16554,16716,14435,14708,5584,5945,19403,20586,20587,16227,4526,2946,4526,2946,12966,1,36:37,2020,2021
2020-21,203121,Darius Miller,Darius,1610612760,OKC,Oklahoma City Thunder,22000401,2021-02-12T00:00:00,OKC @ DEN,L,10.5,90.0,100.0,100.0,50.3,50.0,50.0,39.7,50.0,50.0,0.1,0.0,20.0,0.071,0.154,0.111,0.0,0.0,0.0,0.0,0.148,0.146,105.44,100.16,83.47,100.16,-0.042,22,0,4,0.0,4.0,0.0,1,11623,11623,11623,19451,19182,15193,15193,356,339,339,1498,907,908,11723,11715,7755,4609,8427,6750,1,1,19893,20448,14856,15614,6015,12967,12967,21701,19893,15987,19893,15987,19893,1,10:33,2020,2021
2020-21,1629652,Luguentz Dort,Luguentz,1610612760,OKC,Oklahoma City Thunder,22000401,2021-02-12T00:00:00,OKC @ DEN,L,30.6,107.3,108.3,108.3,110.7,108.1,108.1,-3.4,0.3,0.3,0.059,1.0,5.6,0.0,0.111,0.051,0.055999999999999994,0.055,0.00433,0.0046,0.243,0.252,95.05,95.74,79.78,95.74,0.042,60,6,15,6.0,15.0,0.4,1,11623,11623,11623,6132,12335,11909,11909,12043,10504,10504,12548,10992,10992,14895,6835,16432,11150,12294,15852,9885,9919,14435,15111,5264,4976,19370,18837,18837,16821,4526,2946,4526,2946,12966,1,30:35,2020,2021
2020-21,1629026,Kenrich Williams,Kenrich,1610612760,OKC,Oklahoma City Thunder,22000401,2021-02-12T00:00:00,OKC @ DEN,L,35.8,97.8,98.6,98.6,115.8,116.4,116.4,-18.0,-17.8,-17.8,0.409,4.5,47.4,0.105,0.206,0.153,0.105,0.105,0.00438,0.00438,0.123,0.124,97.82,97.15,80.96,97.15,0.108,72,3,8,3.0,8.0,0.375,1,11623,11623,11623,2362,16685,16489,16489,14533,14680,14680,17181,17156,17156,1139,1009,986,2662,4968,3385,14176,14263,14249,15694,17591,17864,16417,17181,17181,9367,10694,9686,10694,9686,14155,1,35:49,2020,2021
2020-21,203488,Mike Muscala,Mike,1610612760,OKC,Oklahoma City Thunder,22000401,2021-02-12T00:00:00,OKC @ DEN,L,22.3,78.8,84.8,84.8,68.9,67.4,67.4,9.9,17.4,17.4,0.077,1.0,10.0,0.0,0.286,0.138,0.1,0.096,0.00375,0.00415,0.161,0.167,101.51,98.8,82.33,98.8,0.19,46,3,8,3.0,8.0,0.375,1,11623,11623,11623,12434,21242,20274,20274,761,783,783,7659,5410,5413,13495,6835,14007,11150,1822,4394,13495,13459,15925,16401,13547,13341,11249,14964,14966,2349,10694,9686,10694,9686,14155,1,22:21,2020,2021
2020-21,1629676,Isaiah Roby,Isaiah,1610612760,OKC,Oklahoma City Thunder,22000401,2021-02-12T00:00:00,OKC @ DEN,L,19.0,83.7,87.2,87.2,77.2,75.0,75.0,6.5,12.2,12.2,0.273,3.0,30.0,0.083,0.125,0.104,0.1,0.10099999999999999,0.006,0.0059499999999999996,0.149,0.148,100.38,99.73,83.11,99.73,0.176,39,3,5,3.0,5.0,0.6,1,11623,11623,11623,14923,20551,19793,19793,1258,1109,1109,8809,6913,6913,3560,1931,3735,3754,10884,7707,13495,14011,7872,9539,14802,15437,12895,13603,13603,3117,10694,14368,10694,14368,4810,1,19:01,2020,2021
2020-21,1629647,Darius Bazley,Darius,1610612760,OKC,Oklahoma City Thunder,22000401,2021-02-12T00:00:00,OKC @ DEN,L,29.1,103.7,103.4,103.4,114.5,117.2,117.2,-10.8,-13.9,-13.9,0.1,1.0,14.3,0.032,0.231,0.123,0.14300000000000002,0.14400000000000002,0.0027800000000000004,0.0035399999999999997,0.179,0.183,97.68,96.66,80.55,96.66,0.058,59,2,9,2.0,9.0,0.222,1,11623,11623,11623,7287,14070,14223,14223,13893,15062,15062,15115,16024,16024,11723,6835,11222,9296,3670,5720,16694,17231,18283,17795,11448,11544,16591,17775,17775,15166,13638,8309,13638,8309,18584,1,29:03,2020,2021
2020-21,201143,Al Horford,Al,1610612760,OKC,Oklahoma City Thunder,22000401,2021-02-12T00:00:00,OKC @ DEN,L,28.2,109.2,107.0,107.0,118.5,121.8,121.8,-9.3,-14.8,-14.8,0.25,0.0,20.0,0.034,0.167,0.094,0.0,0.0,0.005,0.00504,0.246,0.257,95.8,95.49,79.57,95.49,0.109,57,6,15,6.0,15.0,0.4,1,11623,11623,11623,7999,11323,12549,12549,15741,17038,17038,14611,16294,16294,4026,11715,7755,8907,7229,8931,1,1,10646,13094,5023,4660,18678,19058,19058,9231,4526,2946,4526,2946,12966,1,28:09,2020,2021
2020-21,1628382,Justin Jackson,Justin,1610612760,OKC,Oklahoma City Thunder,22000401,2021-02-12T00:00:00,OKC @ DEN,L,27.9,92.0,94.9,94.9,89.2,91.5,91.5,2.8,3.4,3.4,0.214,1.5,17.6,0.059,0.029,0.043,0.11800000000000001,0.115,0.00773,0.00812,0.203,0.208,104.5,101.6,84.67,101.6,0.205,59,7,11,7.0,11.0,0.636,1,11623,11623,11623,8230,18642,17750,17750,3148,3719,3719,10131,9950,9950,5508,5729,9414,5698,19519,16989,15144,15151,3319,2945,8830,8920,7162,10738,10738,1791,3206,6027,3206,6027,4151,1,27:52,2020,2021
2020-21,201143,Al Horford,Al,1610612760,OKC,Oklahoma City Thunder,22000390,2021-02-10T00:00:00,OKC @ LAL,L,33.9,96.7,100.0,100.0,92.5,92.9,92.9,4.2,7.1,7.1,0.444,4.0,27.6,0.056,0.194,0.119,0.069,0.069,0.00639,0.00662,0.273,0.27,100.96,99.07,82.56,99.07,0.261,70,11,18,11.0,18.0,0.611,1,11623,11623,11623,3666,17117,15193,15193,4020,4103,4103,9601,8586,8588,827,1080,4616,6043,5724,6031,11017,11052,6827,7070,3165,3794,12032,14602,14604,634,575,1562,575,1562,4761,1,33:55,2020,2021
2020-21,203121,Darius Miller,Darius,1610612760,OKC,Oklahoma City Thunder,22000390,2021-02-10T00:00:00,OKC @ LAL,L,14.5,97.7,100.0,100.0,106.2,100.0,100.0,-8.4,0.0,0.0,0.0,0.0,0.0,0.0,0.25,0.115,0.0,0.0,0.01,0.01,0.118,0.115,107.26,109.18,90.98,109.18,0.149,33,3,4,3.0,4.0,0.75,1,11623,11623,11623,17758,16706,15193,15193,9678,6113,6113,14297,11088,11088,16819,11715,16819,11150,2712,6391,1,1,532,759,18092,18628,4081,2938,2938,5124,10694,15987,10694,15987,1826,1,14:31,2020,2021
2020-21,1629026,Kenrich Williams,Kenrich,1610612760,OKC,Oklahoma City Thunder,22000390,2021-02-10T00:00:00,OKC @ LAL,L,40.3,98.5,103.7,103.7,103.2,103.6,103.6,-4.7,0.1,0.1,0.083,0.4,9.5,0.022,0.125,0.071,0.23800000000000002,0.23800000000000002,0.00857,0.00857,0.207,0.206,100.53,97.77,81.47,97.77,0.135,81,11,14,11.0,14.0,0.786,1,11623,11623,11623,419,16405,14068,14068,8289,8402,8402,12987,11059,11059,12981,11201,14510,11016,10884,12582,20790,20822,2168,2254,8488,9107,12674,16420,16420,6410,575,3568,575,3568,1705,1,40:16,2020,2021
2020-21,1628977,Hamidou Diallo,Hamidou,1610612760,OKC,Oklahoma City Thunder,22000390,2021-02-10T00:00:00,OKC @ LAL,L,37.5,106.0,109.0,109.0,97.0,98.7,98.7,9.0,10.3,10.3,0.172,5.0,23.8,0.026,0.308,0.169,0.048,0.045,0.00385,0.00466,0.184,0.198,101.97,99.72,83.1,99.72,0.124,78,5,13,5.0,13.0,0.385,1,11623,11623,11623,1325,12924,11630,11630,5530,6073,6073,7942,7495,7498,7445,622,6342,10461,1456,2478,9447,9371,15831,14942,10873,9913,10587,13621,13621,7619,6152,4300,6152,4300,13990,1,37:33,2020,2021
2020-21,1629652,Luguentz Dort,Luguentz,1610612760,OKC,Oklahoma City Thunder,22000390,2021-02-10T00:00:00,OKC @ LAL,L,41.2,91.4,92.9,92.9,100.0,102.4,102.4,-8.5,-9.4,-9.4,0.154,1.33,16.0,0.065,0.053,0.06,0.12,0.11800000000000001,0.0041199999999999995,0.00464,0.223,0.231,101.16,99.15,82.62,99.15,0.063,85,7,17,7.0,17.0,0.412,1,11623,11623,11623,275,18805,18326,18326,6722,7809,7809,14327,14679,14679,8323,6412,10591,5239,17931,14407,15358,15357,15148,15016,6847,6732,11733,14489,14489,14692,3206,1960,3206,1960,12852,1,41:09,2020,2021
2020-21,1629647,Darius Bazley,Darius,1610612760,OKC,Oklahoma City Thunder,22000390,2021-02-10T00:00:00,OKC @ LAL,L,42.8,92.9,95.5,95.5,104.7,107.9,107.9,-11.8,-12.4,-12.4,0.063,1.0,10.5,0.0,0.167,0.079,0.105,0.105,0.003,0.003,0.173,0.176,102.02,99.18,82.65,99.18,0.027,88,4,15,4.0,15.0,0.267,1,11623,11623,11623,122,18382,17556,17556,8988,10415,10415,15413,15620,15620,14605,6835,13882,11150,7229,11240,14176,14263,17843,18807,12088,12312,10491,14457,14457,18108,8251,2946,8251,2946,17674,1,42:50,2020,2021
2020-21,1628382,Justin Jackson,Justin,1610612760,OKC,Oklahoma City Thunder,22000390,2021-02-10T00:00:00,OKC @ LAL,L,27.3,116.6,120.4,120.4,114.2,116.7,116.7,2.4,3.7,3.7,0.167,0.0,30.8,0.0,0.04,0.021,0.0,0.0,0.005,0.005,0.155,0.156,97.57,95.0,79.17,95.0,0.057,54,4,9,4.0,9.0,0.444,1,11623,11623,11623,8657,7785,6254,6254,13748,14710,14710,10284,9849,9845,7471,11715,3545,11150,18834,19836,1,1,10646,13141,14138,14529,16722,19531,19531,15339,8251,8309,8251,8309,11399,1,27:17,2020,2021
2020-21,203488,Mike Muscala,Mike,1610612760,OKC,Oklahoma City Thunder,22000390,2021-02-10T00:00:00,OKC @ LAL,L,27.5,114.8,120.4,120.4,114.9,114.5,114.5,-0.1,5.8,5.8,0.28,0.0,38.9,0.0,0.13,0.067,0.0,0.0,0.002,0.0027600000000000003,0.19,0.186,97.27,95.11,79.26,95.11,0.056,54,2,10,2.0,10.0,0.2,1,11623,11623,11623,8504,8592,6254,6254,14073,13797,13797,11301,9063,9063,3444,11715,1754,11150,10560,13105,1,1,19207,19151,10245,11305,17092,19409,19409,15388,13638,7133,13638,7133,18781,1,27:30,2020,2021
2020-21,1629652,Luguentz Dort,Luguentz,1610612760,OKC,Oklahoma City Thunder,22000374,2021-02-08T00:00:00,OKC @ LAL,L,38.0,85.1,88.8,88.8,107.4,105.0,105.0,-22.2,-16.3,-16.3,0.0,0.0,0.0,0.0,0.071,0.033,0.077,0.078,0.0027300000000000002,0.00295,0.144,0.144,102.12,101.08,84.23,101.08,-0.023,80,3,11,3.0,11.0,0.273,1,11623,11623,11623,1102,20288,19442,19442,10299,9009,9009,18166,16687,16687,16819,11715,16819,11150,16224,18416,11527,11827,18356,18950,15265,15799,10358,11536,11536,21235,10694,6027,10694,6027,17532,1,37:59,2020,2021
2020-21,1629026,Kenrich Williams,Kenrich,1610612760,OKC,Oklahoma City Thunder,22000374,2021-02-08T00:00:00,OKC @ LAL,L,29.5,112.2,110.9,110.9,111.3,112.3,112.3,0.9,-1.4,-1.4,0.08,0.0,25.0,0.143,0.08,0.119,0.0,0.0,0.005829999999999999,0.00509,0.076,0.09,104.8,104.9,87.41,104.9,0.064,64,3,6,3.0,6.0,0.5,1,11623,11623,11623,6961,9840,10609,10609,12304,12668,12668,10815,11841,11841,13392,11715,5205,1378,15483,6031,1,1,8598,12712,21028,20445,6795,6395,6395,14600,10694,12753,10694,12753,7582,1,29:31,2020,2021
2020-21,1628382,Justin Jackson,Justin,1610612760,OKC,Oklahoma City Thunder,22000374,2021-02-08T00:00:00,OKC @ LAL,L,26.8,108.8,110.3,110.3,113.3,113.3,113.3,-4.5,-3.0,-3.0,0.111,2.0,15.4,0.0,0.167,0.069,0.077,0.07400000000000001,0.006999999999999999,0.0067,0.164,0.174,106.38,105.59,87.99,105.59,0.095,58,6,10,6.0,10.0,0.6,1,11623,11623,11623,9007,11563,10886,10886,13285,13116,13116,12912,12423,12423,10979,3550,10765,11150,7229,12788,11527,11516,4934,6583,13187,12574,4935,5666,5666,10880,4526,7133,4526,7133,4810,1,26:49,2020,2021
2020-21,203121,Darius Miller,Darius,1610612760,OKC,Oklahoma City Thunder,22000374,2021-02-08T00:00:00,OKC @ LAL,L,12.1,95.0,83.3,83.3,127.2,132.1,132.1,-32.3,-48.8,-48.8,0.1,0.0,100.0,0.0,0.111,0.043,0.0,0.0,0.0,0.0,0.0,0.0,109.73,114.88,95.74,114.88,0.032,30,0,0,0.0,0.0,0.0,1,11623,11623,11623,18832,17735,20484,20484,18921,20149,20149,19997,21545,21545,11723,11715,1,11150,12294,16989,1,1,19893,20448,22211,22211,2447,1039,1039,17713,19893,21894,19893,21894,19893,1,12:07,2020,2021
2020-21,1628977,Hamidou Diallo,Hamidou,1610612760,OKC,Oklahoma City Thunder,22000374,2021-02-08T00:00:00,OKC @ LAL,L,40.9,96.6,101.2,101.2,98.0,97.6,97.6,-1.4,3.5,3.5,0.08,0.0,9.5,0.088,0.133,0.108,0.0,0.0,0.005,0.0053300000000000005,0.179,0.179,101.98,99.8,83.16,99.8,0.119,86,8,17,8.0,17.0,0.471,1,11623,11623,11623,314,17141,15182,15182,5906,5622,5622,11777,9907,9907,13392,11715,14510,3609,10236,7293,1,1,10646,11881,11447,12080,10572,13504,13504,8051,2196,1960,2196,1960,10674,1,40:53,2020,2021
2020-21,201143,Al Horford,Al,1610612760,OKC,Oklahoma City Thunder,22000374,2021-02-08T00:00:00,OKC @ LAL,L,34.1,87.2,89.0,89.0,108.5,108.3,108.3,-21.2,-19.3,-19.3,0.15,1.5,12.0,0.022,0.111,0.062,0.08,0.08,0.0034999999999999996,0.0034999999999999996,0.262,0.267,102.98,101.97,84.97,101.97,0.024,73,6,20,6.0,20.0,0.3,1,11623,11623,11623,3522,19820,19349,19349,10861,10608,10608,17963,17502,17502,8588,5729,13046,11016,12294,14022,11978,12045,16699,17837,3809,3991,9136,10216,10216,18369,4526,933,4526,933,16897,1,34:08,2020,2021
2020-21,1629647,Darius Bazley,Darius,1610612760,OKC,Oklahoma City Thunder,22000374,2021-02-08T00:00:00,OKC @ LAL,L,42.0,94.2,97.8,97.8,99.4,97.8,97.8,-5.2,0.0,0.0,0.111,0.75,10.0,0.034,0.311,0.155,0.133,0.132,0.00381,0.00453,0.25,0.255,104.68,103.51,86.26,103.51,0.131,91,7,21,7.0,21.0,0.333,1,11623,11623,11623,185,17987,16781,16781,6486,5683,5683,13157,11080,11080,10979,9685,14007,8907,1434,3206,16295,16384,15912,15304,4441,4743,6946,8091,8091,6848,3206,691,3206,691,15094,1,41:58,2020,2021
2020-21,1628983,Shai Gilgeous-Alexander,Shai,1610612760,OKC,Oklahoma City Thunder,22000374,2021-02-08T00:00:00,OKC @ LAL,L,41.6,96.8,98.9,98.9,98.1,97.7,97.7,-1.3,1.2,1.2,0.435,2.5,24.4,0.018,0.136,0.069,0.098,0.09699999999999999,0.0048,0.0053300000000000005,0.29,0.297,102.51,101.59,84.66,101.59,0.162,89,10,25,10.0,25.0,0.4,1,11623,11623,11623,227,17079,16411,16411,5938,5663,5663,11745,10808,10808,907,3052,6254,11145,10001,12786,13492,13563,13286,11880,2402,2412,9795,10760,10760,4072,935,192,935,192,12966,1,41:35,2020,2021
2020-21,1629647,Darius Bazley,Darius,1610612760,OKC,Oklahoma City Thunder,22000359,2021-02-06T00:00:00,OKC vs. MIN,W,26.0,93.0,95.0,95.0,119.4,119.3,119.3,-26.4,-24.3,-24.3,0.059,0.5,6.7,0.0,0.138,0.074,0.133,0.136,0.0055000000000000005,0.00553,0.215,0.225,109.21,108.07,90.06,108.07,0.076,60,5,10,5.0,10.0,0.5,1,1,1,1,9661,18349,17714,17714,16118,15977,15977,19052,18568,18568,14895,10215,15968,11150,9878,11932,16295,16606,9832,11210,7576,7269,2745,3619,3619,13139,6152,7133,6152,7133,7582,1,25:59,2020,2021
2020-21,1629026,Kenrich Williams,Kenrich,1610612760,OKC,Oklahoma City Thunder,22000359,2021-02-06T00:00:00,OKC vs. MIN,W,30.4,110.0,113.8,113.8,111.5,115.4,115.4,-1.5,-1.5,-1.5,0.0,0.0,0.0,0.1,0.182,0.143,0.091,0.091,0.005,0.005,0.149,0.152,106.12,102.52,85.43,102.52,0.092,65,5,10,5.0,10.0,0.5,1,1,1,1,6247,10942,9217,9217,12417,14153,14153,11816,11910,11910,16819,11715,16819,2837,6323,3903,12713,12875,10646,13141,14838,14943,5229,9375,9377,11248,6152,7133,6152,7133,7582,1,30:26,2020,2021
2020-21,1628983,Shai Gilgeous-Alexander,Shai,1610612760,OKC,Oklahoma City Thunder,22000359,2021-02-06T00:00:00,OKC vs. MIN,W,34.4,115.7,118.9,118.9,109.0,111.0,111.0,6.7,8.0,8.0,0.318,3.5,21.2,0.0,0.231,0.125,0.061,0.059000000000000004,0.0059099999999999995,0.0062900000000000005,0.313,0.329,105.03,102.71,85.59,102.71,0.208,74,12,22,12.0,22.0,0.545,1,1,1,1,3347,8179,6854,6854,11182,11938,11938,8751,8305,8305,2557,1744,7526,11150,3670,5315,10323,10289,8444,8179,1508,1338,6513,9116,9116,1721,346,524,346,524,6794,1,34:21,2020,2021
2020-21,1628977,Hamidou Diallo,Hamidou,1610612760,OKC,Oklahoma City Thunder,22000359,2021-02-06T00:00:00,OKC vs. MIN,W,31.3,116.6,118.5,118.5,114.6,115.6,115.6,2.0,2.8,2.8,0.136,1.5,15.8,0.0,0.167,0.095,0.105,0.106,0.005,0.0054,0.216,0.214,100.17,98.91,82.43,98.91,0.1,65,6,13,6.0,13.0,0.462,1,1,1,1,5599,7771,7072,7072,13913,14293,14293,10387,10163,10163,9436,5729,10645,11150,7229,8753,14176,14314,10646,11650,7500,8262,13209,14804,14806,10337,4526,4300,4526,4300,10881,1,31:18,2020,2021
2020-21,1628382,Justin Jackson,Justin,1610612760,OKC,Oklahoma City Thunder,22000359,2021-02-06T00:00:00,OKC vs. MIN,W,19.5,119.5,123.8,123.8,113.0,107.1,107.1,6.5,16.7,16.7,0.118,1.0,25.0,0.0,0.043,0.024,0.25,0.25,0.0075,0.0075,0.122,0.121,102.68,103.47,86.23,103.47,0.046,42,2,4,2.0,4.0,0.5,1,1,1,1,14582,6484,4903,4903,13131,10055,10055,8799,5582,5584,10626,6835,5205,11150,18591,19534,20812,20887,3445,4095,17672,18104,9530,8131,8128,16453,13638,15987,13638,15987,7582,1,19:29,2020,2021
2020-21,203488,Mike Muscala,Mike,1610612760,OKC,Oklahoma City Thunder,22000359,2021-02-06T00:00:00,OKC vs. MIN,W,23.5,114.2,115.4,115.4,105.8,108.0,108.0,8.4,7.4,7.4,0.067,1.0,6.3,0.08,0.071,0.075,0.063,0.06,0.006670000000000001,0.00751,0.259,0.277,105.61,104.02,86.69,104.02,0.185,52,7,12,7.0,12.0,0.583,1,1,1,1,11532,8844,8418,8418,9490,10452,10452,8122,8510,8510,14289,6835,16162,4055,16224,11730,10363,10337,5569,4034,4016,3414,5809,7445,7446,2661,3206,5097,3206,5097,5615,1,23:32,2020,2021
2020-21,1630177,Theo Maledon,Theo,1610612760,OKC,Oklahoma City Thunder,22000359,2021-02-06T00:00:00,OKC vs. MIN,W,31.0,104.9,108.8,108.8,115.2,116.2,116.2,-10.2,-7.4,-7.4,0.231,2.0,35.3,0.034,0.067,0.051,0.17600000000000002,0.17600000000000002,0.00625,0.00625,0.145,0.148,107.71,105.29,87.74,105.29,0.06,68,4,8,4.0,8.0,0.5,1,1,1,1,5818,13471,11693,11693,14202,14552,14552,14931,13975,13975,4916,3550,2293,8907,16720,15852,18983,19051,7026,8250,15242,15425,3739,5980,5980,15026,8251,9686,8251,9686,7582,1,31:00,2020,2021
2020-21,1629652,Luguentz Dort,Luguentz,1610612760,OKC,Oklahoma City Thunder,22000359,2021-02-06T00:00:00,OKC vs. MIN,W,31.9,115.5,119.1,119.1,112.4,117.9,117.9,3.0,1.2,1.2,0.107,1.5,18.8,0.067,0.114,0.092,0.125,0.126,0.0045000000000000005,0.0046,0.169,0.171,105.77,101.67,84.73,101.67,0.054,68,4,10,4.0,10.0,0.4,1,1,1,1,5157,8290,6778,6778,12861,15363,15363,10034,10796,10796,11457,5729,8841,4981,12199,9194,15469,15947,13901,15111,12594,12843,5627,10647,10647,15584,8251,7133,8251,7133,12966,1,31:52,2020,2021
2020-21,203121,Darius Miller,Darius,1610612760,OKC,Oklahoma City Thunder,22000359,2021-02-06T00:00:00,OKC vs. MIN,W,12.1,138.9,137.0,137.0,137.1,134.6,134.6,1.7,2.4,2.4,0.167,0.0,66.7,0.0,0.083,0.05,0.0,0.0,0.015,0.015,0.033,0.034,103.89,105.56,87.97,105.56,0.073,27,1,1,1.0,1.0,1.0,1,1,1,1,18865,1344,1560,1560,21029,20675,20675,10487,10349,10349,7471,11715,198,11150,15066,15919,1,1,1,1,22110,22124,7933,5706,5706,13515,16702,20551,16702,20551,1,1,12:03,2020,2021
2020-21,201143,Al Horford,Al,1610612760,OKC,Oklahoma City Thunder,22000348,2021-02-05T00:00:00,OKC vs. MIN,L,29.1,123.7,125.4,125.4,92.5,92.2,92.2,31.2,33.2,33.2,0.4,4.0,26.7,0.071,0.143,0.111,0.067,0.066,0.00605,0.0064,0.314,0.32,105.42,104.92,87.44,104.92,0.22,63,10,19,10.0,19.0,0.526,1,11623,11623,11623,7288,4802,4276,4276,4033,3903,3903,2537,2365,2365,1165,1080,4914,4609,9197,6750,10695,10773,7846,7839,1473,1594,6048,6370,6370,1336,935,1220,935,1220,7428,1,29:03,2020,2021
2020-21,1629026,Kenrich Williams,Kenrich,1610612760,OKC,Oklahoma City Thunder,22000348,2021-02-05T00:00:00,OKC vs. MIN,L,36.4,100.4,100.0,100.0,111.8,115.4,115.4,-11.4,-15.4,-15.4,0.077,0.67,18.2,0.075,0.026,0.051,0.273,0.273,0.0075,0.0075,0.101,0.104,104.9,103.42,86.18,103.42,0.05,79,4,6,4.0,6.0,0.667,1,11623,11623,11623,1943,15551,15193,15193,12550,14153,14153,15309,16450,16456,13495,9817,9055,4445,19634,15904,21434,21471,3445,4095,19496,19514,6674,8194,8194,16012,8251,12753,8251,12753,2900,1,36:26,2020,2021
2020-21,1628977,Hamidou Diallo,Hamidou,1610612760,OKC,Oklahoma City Thunder,22000348,2021-02-05T00:00:00,OKC vs. MIN,L,37.2,106.6,106.3,106.3,106.1,110.3,110.3,0.6,-4.0,-4.0,0.37,5.0,34.5,0.0,0.051,0.026,0.069,0.07,0.00462,0.00484,0.213,0.214,103.88,102.07,85.06,102.07,0.084,80,6,13,6.0,13.0,0.462,1,11623,11623,11623,1505,12613,12870,12870,9630,11597,11597,10953,12799,12799,1599,622,2387,11150,18115,19311,11017,11124,13592,14579,7781,8359,7942,10025,10025,12175,4526,4300,4526,4300,10881,1,37:09,2020,2021
2020-21,1628382,Justin Jackson,Justin,1610612760,OKC,Oklahoma City Thunder,22000348,2021-02-05T00:00:00,OKC vs. MIN,L,30.1,86.3,85.5,85.5,101.2,106.6,106.6,-14.9,-21.1,-21.1,0.125,2.0,16.7,0.0,0.121,0.063,0.083,0.083,0.0038900000000000002,0.0038900000000000002,0.149,0.153,100.04,97.96,81.64,97.96,0.054,62,3,9,3.0,9.0,0.333,1,11623,11623,11623,6472,20049,20147,20147,7402,9765,9765,16359,17896,17896,10010,3550,9667,11150,11515,13763,12082,12206,15724,16979,14783,14862,13417,16138,16138,15642,10694,8309,10694,8309,15094,1,30:08,2020,2021
2020-21,203121,Darius Miller,Darius,1610612760,OKC,Oklahoma City Thunder,22000348,2021-02-05T00:00:00,OKC vs. MIN,L,13.8,86.8,85.7,85.7,79.8,89.3,89.3,7.0,-3.6,-3.6,0.4,2.0,25.0,0.0,0.1,0.061,0.125,0.125,0.009000000000000001,0.009000000000000001,0.207,0.209,102.54,97.39,81.16,97.39,0.293,28,3,5,3.0,5.0,0.6,1,11623,11623,11623,18093,19932,20049,20049,1523,3159,3159,8647,12609,12603,1165,3550,5205,11150,13367,14179,15469,15631,1791,1842,8427,8757,9765,16894,16891,417,10694,14368,10694,14368,4810,1,13:48,2020,2021
2020-21,1629647,Darius Bazley,Darius,1610612760,OKC,Oklahoma City Thunder,22000348,2021-02-05T00:00:00,OKC vs. MIN,L,35.4,98.9,97.4,97.4,96.0,98.7,98.7,2.9,-1.3,-1.3,0.038,1.0,5.6,0.0,0.25,0.132,0.055999999999999994,0.055999999999999994,0.00321,0.00381,0.202,0.205,103.72,103.1,85.92,103.1,0.073,77,4,14,4.0,14.0,0.286,1,11623,11623,11623,2631,16259,16915,16915,5150,6057,6057,10096,11790,11790,16523,6835,16432,11150,2712,4860,9885,10040,17614,17152,8896,9230,8129,8594,8594,13469,8251,3568,8251,3568,17105,1,35:23,2020,2021
2020-21,1629676,Isaiah Roby,Isaiah,1610612760,OKC,Oklahoma City Thunder,22000348,2021-02-05T00:00:00,OKC vs. MIN,L,33.5,108.9,110.0,110.0,100.5,105.7,105.7,8.4,4.3,4.3,0.12,0.6,16.7,0.071,0.132,0.106,0.278,0.278,0.0055000000000000005,0.0055000000000000005,0.192,0.196,103.37,100.25,83.54,100.25,0.097,70,5,10,5.0,10.0,0.5,1,11623,11623,11623,3988,11511,11026,11026,7041,9363,9363,8142,9632,9632,10532,10145,9667,4609,10495,7475,21517,21540,9832,11300,9930,10213,8595,12821,12821,10671,6152,7133,6152,7133,7582,1,33:31,2020,2021
2020-21,203488,Mike Muscala,Mike,1610612760,OKC,Oklahoma City Thunder,22000348,2021-02-05T00:00:00,OKC vs. MIN,L,24.5,86.8,86.0,86.0,107.1,111.8,111.8,-20.3,-25.8,-25.8,0.0,0.0,0.0,0.045,0.269,0.167,0.16699999999999998,0.168,0.00611,0.00658,0.226,0.231,100.49,98.8,82.34,98.8,0.133,50,4,9,4.0,9.0,0.444,1,11623,11623,11623,10767,19928,20026,20026,10162,12354,12354,17755,18874,18874,16819,11715,16819,7263,2301,2489,18107,18709,7662,7158,6581,6743,12735,14960,14960,6504,8251,8309,8251,8309,11399,1,24:32,2020,2021
2020-21,201143,Al Horford,Al,1610612760,OKC,Oklahoma City Thunder,22000333,2021-02-03T00:00:00,OKC vs. HOU,W,29.0,84.7,88.2,88.2,93.8,93.9,93.9,-9.1,-5.7,-5.7,0.188,0.43,14.3,0.0,0.194,0.097,0.33299999999999996,0.32799999999999996,0.006999999999999999,0.00751,0.237,0.245,113.25,110.83,92.36,110.83,0.127,68,6,10,6.0,10.0,0.6,1,1,1,1,7317,20360,19555,19555,4430,4435,4435,14551,13399,13399,6634,11191,11222,11150,5724,8591,21864,21907,4934,4076,5679,5627,1155,2104,2104,7204,4526,7133,4526,7133,4810,1,29:01,2020,2021
2020-21,203488,Mike Muscala,Mike,1610612760,OKC,Oklahoma City Thunder,22000333,2021-02-03T00:00:00,OKC vs. HOU,W,16.9,100.4,100.0,100.0,48.6,47.2,47.2,51.9,52.8,52.8,0.2,0.0,22.2,0.0,0.227,0.128,0.0,0.0,0.0042899999999999995,0.00508,0.184,0.214,100.4,102.05,85.04,102.05,0.268,36,2,7,2.0,7.0,0.286,1,1,1,1,16308,15493,15193,15193,322,333,333,797,808,808,5900,11715,6856,11150,3865,5156,1,1,14492,12801,10821,8325,12865,10059,10065,571,13638,11165,13638,11165,17105,1,16:56,2020,2021
2020-21,1628382,Justin Jackson,Justin,1610612760,OKC,Oklahoma City Thunder,22000333,2021-02-03T00:00:00,OKC vs. HOU,W,29.8,88.2,89.7,89.7,77.6,75.8,75.8,10.6,13.9,13.9,0.1,2.0,16.7,0.034,0.121,0.081,0.083,0.083,0.00222,0.00222,0.133,0.137,107.63,107.98,89.98,107.98,-0.006,68,2,9,2.0,9.0,0.222,1,1,1,1,6742,19609,19203,19203,1301,1214,1214,7438,6367,6367,11723,3550,9667,8907,11515,10919,12082,12206,19048,19762,16444,16597,3810,3690,3690,20658,13638,8309,13638,8309,18584,1,29:47,2020,2021
2020-21,203121,Darius Miller,Darius,1610612760,OKC,Oklahoma City Thunder,22000333,2021-02-03T00:00:00,OKC vs. HOU,W,10.2,141.1,133.3,133.3,47.4,42.9,42.9,93.8,90.5,90.5,0.0,0.0,0.0,0.0,0.25,0.158,0.0,0.0,0.0,0.00647,0.091,0.111,91.24,98.66,82.22,98.66,0.22,21,0,1,0.0,1.0,0.0,1,1,1,1,19544,1095,2091,2091,319,297,297,228,195,195,16819,11715,16819,11150,2712,3027,1,1,19893,7523,20132,18973,21637,15144,15142,1335,19893,20551,19893,20551,19893,1,10:13,2020,2021
2020-21,1629647,Darius Bazley,Darius,1610612760,OKC,Oklahoma City Thunder,22000333,2021-02-03T00:00:00,OKC vs. HOU,W,34.3,87.0,87.7,87.7,95.3,95.0,95.0,-8.3,-7.3,-7.3,0.105,1.0,10.5,0.0,0.343,0.164,0.105,0.107,0.00538,0.0060999999999999995,0.193,0.196,113.04,112.82,94.01,112.82,0.165,81,6,13,6.0,13.0,0.462,1,1,1,1,3422,19888,19683,19683,4920,4762,4762,14264,13972,13972,11502,6835,13882,11150,897,2752,14176,14382,10203,8990,9872,10194,1194,1454,1454,3836,4526,4300,4526,4300,10881,1,34:15,2020,2021
2020-21,1630177,Theo Maledon,Theo,1610612760,OKC,Oklahoma City Thunder,22000333,2021-02-03T00:00:00,OKC vs. HOU,W,35.8,87.2,87.8,87.8,89.3,89.0,89.0,-2.2,-1.2,-1.2,0.167,1.33,20.0,0.0,0.081,0.04,0.15,0.151,0.00208,0.00233,0.178,0.183,110.16,109.94,91.62,109.94,0.028,82,2,12,2.0,12.0,0.167,1,1,1,1,2376,19850,19659,19659,3174,3110,3110,12088,11779,11779,7471,6412,7755,11150,15425,17523,17522,17620,19193,19720,11588,11525,2218,2525,2525,18066,13638,5097,13638,5097,19313,1,35:48,2020,2021
2020-21,1629026,Kenrich Williams,Kenrich,1610612760,OKC,Oklahoma City Thunder,22000333,2021-02-03T00:00:00,OKC vs. HOU,W,23.1,107.0,105.9,105.9,60.0,57.7,57.7,47.0,48.2,48.2,0.2,2.0,15.4,0.083,0.138,0.113,0.077,0.078,0.010629999999999999,0.009729999999999999,0.204,0.205,104.24,106.86,89.05,106.86,0.295,51,7,8,7.0,8.0,0.875,1,1,1,1,11842,12457,13033,13033,480,506,506,1023,1034,1034,5900,3550,10765,3754,9878,6643,11527,11939,499,1362,8754,9189,7447,4513,4513,407,3206,9686,3206,9686,1164,1,23:08,2020,2021
2020-21,1629676,Isaiah Roby,Isaiah,1610612760,OKC,Oklahoma City Thunder,22000333,2021-02-03T00:00:00,OKC vs. HOU,W,19.0,111.1,102.3,102.3,60.0,58.1,58.1,51.1,44.2,44.2,0.125,1.0,8.3,0.0,0.087,0.049,0.083,0.084,0.006670000000000001,0.00658,0.25,0.268,102.71,108.73,90.61,108.73,0.174,43,6,9,6.0,9.0,0.667,1,1,1,1,14934,10382,14729,14729,504,513,513,833,1267,1267,10010,6835,15056,11150,14797,16179,12082,12420,5569,7158,4441,3901,9501,3185,3185,3210,4526,8309,4526,8309,2900,1,18:59,2020,2021
2020-21,1628977,Hamidou Diallo,Hamidou,1610612760,OKC,Oklahoma City Thunder,22000333,2021-02-03T00:00:00,OKC vs. HOU,W,32.8,87.9,89.7,89.7,91.2,92.1,92.1,-3.3,-2.4,-2.4,0.05,0.17,5.3,0.059,0.189,0.127,0.316,0.322,0.005560000000000001,0.00687,0.209,0.211,114.32,112.63,93.85,112.63,0.132,78,5,9,5.0,9.0,0.556,1,1,1,1,4476,19675,19192,19192,3683,3877,3877,12498,12177,12177,15639,11707,16519,5698,5973,5289,21859,21896,9603,6110,8201,8604,930,1510,1510,6677,6152,8309,6152,8309,6415,1,32:49,2020,2021
2020-21,1629652,Luguentz Dort,Luguentz,1610612760,OKC,Oklahoma City Thunder,22000333,2021-02-03T00:00:00,OKC vs. HOU,W,9.1,106.0,104.3,104.3,94.6,100.0,100.0,11.4,4.3,4.3,0.25,0.0,28.6,0.0,0.0,0.0,0.0,0.0,0.0,0.0,0.217,0.221,124.31,121.76,101.47,121.76,-0.063,23,0,5,0.0,5.0,0.0,1,1,1,1,19910,12946,13767,13767,4652,6113,6113,7162,9618,9614,4026,11715,4109,11150,19725,20503,1,1,19893,20448,7389,7658,202,450,450,22081,19893,14368,19893,14368,19893,1,9:04,2020,2021
2020-21,201143,Al Horford,Al,1610612760,OKC,Oklahoma City Thunder,22000318,2021-02-01T00:00:00,OKC vs. HOU,L,25.3,87.5,87.3,87.3,118.6,120.0,120.0,-31.2,-32.7,-32.7,0.2,3.0,17.6,0.067,0.192,0.125,0.059000000000000004,0.059000000000000004,0.00462,0.00462,0.23,0.238,104.84,104.35,86.96,104.35,0.12,55,5,13,5.0,13.0,0.385,1,11623,11623,11623,10213,19766,19779,19779,15780,16175,16175,19864,20033,20033,5900,1931,9414,4981,5781,5315,10092,10174,13592,15065,6320,6174,6747,7072,7064,7984,6152,4300,6152,4300,13990,1,25:18,2020,2021
2020-21,1630197,Aleksej Pokusevski,Aleksej,1610612760,OKC,Oklahoma City Thunder,22000318,2021-02-01T00:00:00,OKC vs. HOU,L,20.1,104.9,106.5,106.5,119.2,123.4,123.4,-14.4,-16.9,-16.9,0.063,1.0,16.7,0.0,0.111,0.067,0.16699999999999998,0.16699999999999998,0.0025,0.0025,0.1,0.101,114.05,111.23,92.69,111.23,0.016,46,1,4,1.0,4.0,0.25,1,11623,11623,11623,14146,13506,12766,12766,16051,17621,17621,16173,16891,16891,14605,6835,9667,11150,12294,13105,18107,18257,18441,19403,19497,19790,975,1988,1988,18905,16702,15987,16702,15987,17720,1,20:04,2020,2021
2020-21,1629652,Luguentz Dort,Luguentz,1610612760,OKC,Oklahoma City Thunder,22000318,2021-02-01T00:00:00,OKC vs. HOU,L,23.9,84.8,84.6,84.6,120.4,121.2,121.2,-35.6,-36.5,-36.5,0.063,1.0,9.1,0.0,0.12,0.057,0.091,0.092,0.00313,0.00394,0.175,0.18,104.86,104.65,87.21,104.65,0.037,52,2,8,2.0,8.0,0.25,1,11623,11623,11623,11295,20338,20288,20288,16556,16779,16779,20471,20507,20507,14605,6835,14598,11150,11613,14879,12713,13135,17696,16897,11863,11924,6719,6680,6680,17285,13638,9686,13638,9686,17720,1,23:51,2020,2021
2020-21,1629676,Isaiah Roby,Isaiah,1610612760,OKC,Oklahoma City Thunder,22000318,2021-02-01T00:00:00,OKC vs. HOU,L,11.7,118.9,114.8,114.8,141.8,153.6,153.6,-23.0,-38.8,-38.8,0.0,0.0,0.0,0.0,0.188,0.125,0.2,0.205,0.0,0.0025800000000000003,0.179,0.18,115.69,112.82,94.02,112.82,0.059,27,0,3,0.0,3.0,0.0,1,11623,11623,11623,19055,6750,8703,8703,21617,22423,22423,18337,20720,20720,16819,11715,16819,11150,6008,5315,19585,20143,19893,19274,11482,11885,711,1452,1452,15088,19893,17566,19893,17566,19893,1,11:42,2020,2021
2020-21,1630221,Josh Hall,Josh,1610612760,OKC,Oklahoma City Thunder,22000318,2021-02-01T00:00:00,OKC vs. HOU,L,7.6,113.4,111.1,111.1,123.0,122.2,122.2,-9.7,-11.1,-11.1,0.333,2.0,66.7,0.0,0.333,0.167,0.33299999999999996,0.33299999999999996,0.0,0.0,0.05,0.051,112.66,114.19,95.15,114.19,0.069,18,0,0,0.0,0.0,0.0,1,11623,11623,11623,20310,9250,10477,10477,17592,17141,17141,14735,15172,15168,1999,3550,198,11150,906,2489,21864,21909,19893,20448,21846,21865,1300,1151,1151,13960,19893,21894,19893,21894,19893,1,7:34,2020,2021
2020-21,1629650,Moses Brown,Moses,1610612760,OKC,Oklahoma City Thunder,22000318,2021-02-01T00:00:00,OKC vs. HOU,L,5.1,93.5,84.6,84.6,100.9,100.0,100.0,-7.4,-15.4,-15.4,0.0,0.0,0.0,0.167,0.375,0.286,0.5,0.5,0.0,0.0,0.143,0.157,117.1,123.56,102.97,123.56,0.067,13,0,1,0.0,1.0,0.0,1,11623,11623,11623,21167,18216,20288,20288,7259,6113,6113,13943,16450,16451,16819,11715,16819,903,594,268,22574,22586,19893,20448,15276,14431,538,377,377,14218,19893,20551,19893,20551,19893,1,5:03,2020,2021
2020-21,1629647,Darius Bazley,Darius,1610612760,OKC,Oklahoma City Thunder,22000318,2021-02-01T00:00:00,OKC vs. HOU,L,30.1,96.3,94.0,94.0,127.5,128.1,128.1,-31.2,-34.1,-34.1,0.056,0.5,5.6,0.031,0.172,0.098,0.111,0.113,0.005,0.00508,0.233,0.241,103.32,104.34,86.95,104.34,0.066,67,6,13,6.0,13.0,0.462,1,11623,11623,11623,6472,17252,18016,18016,19002,19135,19135,19865,20222,20222,15157,10215,16432,9476,7064,8420,14407,14893,10646,12790,6019,5876,8669,7086,7086,14302,4526,4300,4526,4300,10881,1,30:08,2020,2021
2020-21,1630177,Theo Maledon,Theo,1610612760,OKC,Oklahoma City Thunder,22000318,2021-02-01T00:00:00,OKC vs. HOU,L,28.4,92.7,91.8,91.8,109.3,111.7,111.7,-16.5,-19.9,-19.9,0.056,0.5,8.3,0.0,0.034,0.016,0.16699999999999998,0.17,0.005,0.00628,0.159,0.162,102.92,102.31,85.26,102.31,0.06,61,3,7,3.0,7.0,0.429,1,11623,11623,11623,7824,18437,18631,18631,11289,12325,12325,16828,17623,17623,15157,10215,15056,11150,19177,20308,18107,18793,10646,8202,13688,13869,9210,9665,9665,14982,10694,11165,10694,11165,11933,1,28:23,2020,2021
2020-21,1629026,Kenrich Williams,Kenrich,1610612760,OKC,Oklahoma City Thunder,22000318,2021-02-01T00:00:00,OKC vs. HOU,L,20.3,106.7,106.4,106.4,125.2,131.9,131.9,-18.5,-25.5,-25.5,0.133,0.0,22.2,0.056,0.111,0.089,0.0,0.0,0.005,0.005,0.137,0.14,114.02,111.22,92.69,111.22,0.072,47,3,7,3.0,7.0,0.429,1,11623,11623,11623,13977,12560,12831,12831,18325,20108,20108,17306,18832,18828,9603,11715,6856,6043,12294,9646,1,1,10646,13141,16094,16216,978,1989,1989,13582,10694,11165,10694,11165,11933,1,20:17,2020,2021
2020-21,203488,Mike Muscala,Mike,1610612760,OKC,Oklahoma City Thunder,22000318,2021-02-01T00:00:00,OKC vs. HOU,L,12.8,112.6,114.8,114.8,126.4,118.5,118.5,-13.7,-3.7,-3.7,0.0,0.0,0.0,0.231,0.154,0.192,0.16699999999999998,0.16699999999999998,0.006,0.006,0.188,0.19,98.83,101.0,84.17,101.0,0.095,27,2,5,2.0,5.0,0.4,1,11623,11623,11623,18552,9583,8703,8703,18679,15608,15608,15981,12659,12651,16819,11715,16819,353,8427,1689,18107,18257,7872,9276,10430,10736,15033,11645,11645,10882,13638,14368,13638,14368,12966,1,12:50,2020,2021
2020-21,1628382,Justin Jackson,Justin,1610612760,OKC,Oklahoma City Thunder,22000318,2021-02-01T00:00:00,OKC vs. HOU,L,10.5,105.2,100.0,100.0,97.0,100.0,100.0,8.2,0.0,0.0,0.167,0.0,12.5,0.0,0.133,0.074,0.0,0.0,0.006670000000000001,0.0072699999999999996,0.25,0.267,113.01,114.1,95.09,114.1,0.188,25,3,6,3.0,6.0,0.5,1,11623,11623,11623,19463,13319,15193,15193,5538,6113,6113,8228,11088,11088,7471,11715,12419,11150,10236,11932,1,1,5569,4939,4441,3961,1201,1175,1175,2497,10694,12753,10694,12753,7582,1,10:31,2020,2021
2020-21,1628983,Shai Gilgeous-Alexander,Shai,1610612760,OKC,Oklahoma City Thunder,22000318,2021-02-01T00:00:00,OKC vs. HOU,L,29.0,90.3,92.1,92.1,131.6,139.1,139.1,-41.2,-47.0,-47.0,0.333,1.0,19.2,0.0,0.065,0.032,0.192,0.193,0.006,0.00598,0.304,0.306,109.23,105.22,87.69,105.22,0.098,63,8,15,8.0,15.0,0.533,1,11623,11623,11623,7353,19087,18567,18567,20028,21346,21346,21074,21456,21456,1999,6835,8731,11150,16977,18681,19557,19606,7872,9479,1825,2074,2727,6034,6034,10504,2196,2946,2196,2946,7229,1,28:58,2020,2021
2020-21,1628977,Hamidou Diallo,Hamidou,1610612760,OKC,Oklahoma City Thunder,22000318,2021-02-01T00:00:00,OKC vs. HOU,L,15.4,126.7,129.4,129.4,154.1,170.6,170.6,-27.4,-41.2,-41.2,0.5,0.0,33.3,0.0,0.133,0.067,0.0,0.0,0.00929,0.00901,0.211,0.221,113.12,106.31,88.59,106.31,0.182,34,6,7,6.0,7.0,0.857,1,11623,11623,11623,17270,3836,3090,3090,22388,22771,22771,19226,20979,20974,375,11715,2412,11150,10236,13105,1,1,1643,1813,8035,7686,1182,4980,4980,2779,4526,11165,4526,11165,1219,1,15:21,2020,2021
2020-21,1628983,Shai Gilgeous-Alexander,Shai,1610612760,OKC,Oklahoma City Thunder,22000295,2021-01-29T00:00:00,OKC vs. BKN,L,31.2,120.9,118.6,118.6,137.8,142.6,142.6,-16.9,-24.1,-24.1,0.25,1.25,20.0,0.031,0.111,0.068,0.16,0.162,0.006999999999999999,0.0076300000000000005,0.263,0.271,107.16,106.32,88.6,106.32,0.121,70,7,10,7.0,10.0,0.7,1,11623,11623,11623,5707,5885,7023,7023,21114,21710,21710,16930,18529,18529,4026,6657,7755,9476,12294,12995,18029,18164,4934,3840,3703,3706,4188,4964,4964,7916,3206,7133,3206,7133,2696,1,31:09,2020,2021
2020-21,203488,Mike Muscala,Mike,1610612760,OKC,Oklahoma City Thunder,22000295,2021-01-29T00:00:00,OKC vs. BKN,L,15.6,108.8,102.7,102.7,130.6,136.1,136.1,-21.8,-33.4,-33.4,0.0,0.0,0.0,0.0,0.235,0.138,0.2,0.2,0.0075,0.0075,0.135,0.143,111.77,112.63,93.86,112.63,0.078,37,2,4,2.0,4.0,0.5,1,11623,11623,11623,17154,11538,14550,14550,19805,20948,20948,18081,20145,20145,16819,11715,16819,11150,3519,4394,19585,19665,3445,4095,16287,15891,1591,1507,1507,12818,13638,15987,13638,15987,7582,1,15:33,2020,2021
2020-21,1628977,Hamidou Diallo,Hamidou,1610612760,OKC,Oklahoma City Thunder,22000295,2021-01-29T00:00:00,OKC vs. BKN,L,22.7,110.1,101.8,101.8,130.2,135.8,135.8,-20.2,-34.0,-34.0,0.222,1.0,11.8,0.0,0.13,0.071,0.11800000000000001,0.11800000000000001,0.005,0.006939999999999999,0.268,0.288,112.32,114.27,95.22,114.27,0.12,55,4,9,4.0,9.0,0.444,1,11623,11623,11623,12193,10906,14912,14912,19736,20908,20908,17718,20206,20206,5155,6835,13091,11150,10560,12311,15144,15282,10646,5844,3466,2805,1399,1143,1143,8011,8251,8309,8251,8309,11399,1,22:41,2020,2021
2020-21,201143,Al Horford,Al,1610612760,OKC,Oklahoma City Thunder,22000295,2021-01-29T00:00:00,OKC vs. BKN,L,23.6,127.9,133.3,133.3,139.4,140.0,140.0,-11.5,-6.7,-6.7,0.235,0.0,21.1,0.08,0.211,0.136,0.0,0.0,0.0053300000000000005,0.0053300000000000005,0.268,0.267,104.96,102.57,85.47,102.57,0.123,51,6,15,6.0,15.0,0.4,1,11623,11623,11623,11457,3497,2091,2091,21342,21404,21404,15345,13730,13737,4784,11715,7550,4055,4688,4498,1,1,10351,11844,3466,3958,6598,9320,9320,7726,4526,2946,4526,2946,12966,1,23:38,2020,2021
2020-21,1629676,Isaiah Roby,Isaiah,1610612760,OKC,Oklahoma City Thunder,22000295,2021-01-29T00:00:00,OKC vs. BKN,L,11.8,80.8,63.3,63.3,144.4,150.0,150.0,-63.6,-86.7,-86.7,0.0,0.0,0.0,0.071,0.214,0.143,0.0,0.0,0.0,0.0,0.0,0.0,107.29,118.3,98.58,118.3,0.009,30,0,0,0.0,0.0,0.0,1,11623,11623,11623,19020,20987,22161,22161,21853,22151,22151,22240,22587,22588,16819,11715,16819,4609,4458,3903,1,1,19893,20448,22211,22211,4065,633,633,19304,19893,21894,19893,21894,19893,1,11:46,2020,2021
2020-21,1629026,Kenrich Williams,Kenrich,1610612760,OKC,Oklahoma City Thunder,22000295,2021-01-29T00:00:00,OKC vs. BKN,L,5.4,98.2,78.6,78.6,178.6,175.0,175.0,-80.4,-96.4,-96.4,0.0,0.0,0.0,0.0,0.0,0.0,0.0,0.0,0.0,0.0,0.0,0.0,101.2,114.6,95.5,114.6,0.029,14,0,0,0.0,0.0,0.0,1,11623,11623,11623,21016,16518,21142,21142,22786,22803,22803,22530,22668,22668,16819,11715,16819,11150,19725,20503,1,1,19893,20448,22211,22211,11665,1089,1089,17959,19893,21894,19893,21894,19893,1,5:27,2020,2021
2020-21,1630197,Aleksej Pokusevski,Aleksej,1610612760,OKC,Oklahoma City Thunder,22000295,2021-01-29T00:00:00,OKC vs. BKN,L,16.4,92.9,87.2,87.2,155.9,156.8,156.8,-63.0,-69.6,-69.6,0.0,0.0,0.0,0.0,0.111,0.053,0.0,0.0,0.00167,0.00167,0.14,0.152,107.89,111.11,92.59,111.11,-0.011,39,1,6,1.0,6.0,0.167,1,11623,11623,11623,16644,18390,19793,19793,22441,22511,22511,22224,22343,22343,16819,11715,16819,11150,12294,15476,1,1,19523,20180,15869,15006,3617,2027,2027,20829,16702,12753,16702,12753,19313,1,16:25,2020,2021
2020-21,1629652,Luguentz Dort,Luguentz,1610612760,OKC,Oklahoma City Thunder,22000295,2021-01-29T00:00:00,OKC vs. BKN,L,32.8,122.4,127.5,127.5,136.4,139.1,139.1,-14.0,-11.6,-11.6,0.074,1.0,10.0,0.0,0.04,0.017,0.1,0.09699999999999999,0.00179,0.003,0.24,0.246,104.03,100.87,84.06,100.87,-0.016,69,2,14,2.0,14.0,0.143,1,11623,11623,11623,4469,5314,3624,3624,20922,21351,21351,16065,15351,15353,13864,6835,14007,11150,18834,20242,13495,13524,19518,18800,5445,5562,7735,11845,11846,21053,13638,3568,13638,3568,19554,1,32:50,2020,2021
2020-21,1630177,Theo Maledon,Theo,1610612760,OKC,Oklahoma City Thunder,22000295,2021-01-29T00:00:00,OKC vs. BKN,L,33.4,125.5,125.3,125.3,136.9,139.7,139.7,-11.4,-14.4,-14.4,0.125,3.0,21.4,0.0,0.111,0.05,0.071,0.07200000000000001,0.01222,0.012150000000000001,0.134,0.138,107.33,106.29,88.58,106.29,0.147,75,8,9,8.0,9.0,0.889,1,11623,11623,11623,4055,4211,4306,4306,20989,21400,21400,15307,16182,16182,10010,1931,7364,11150,12294,15919,11065,11297,322,291,16434,16466,4032,4987,4987,5292,2196,8309,2196,8309,1139,1,33:25,2020,2021
2020-21,1629650,Moses Brown,Moses,1610612760,OKC,Oklahoma City Thunder,22000295,2021-01-29T00:00:00,OKC vs. BKN,L,4.7,109.4,118.2,118.2,120.0,109.1,109.1,-10.6,9.1,9.1,0.5,0.0,50.0,0.125,0.0,0.071,0.0,0.0,0.01,0.01,0.143,0.144,110.94,111.55,92.96,111.55,0.228,11,2,2,2.0,2.0,1.0,1,11623,11623,11623,21276,11233,7172,7172,16377,11002,11002,15042,7889,7888,375,11715,471,1882,19725,12311,1,1,532,759,15276,15781,1880,1866,1874,1145,13638,19102,13638,19102,1,1,4:44,2020,2021
2020-21,1629647,Darius Bazley,Darius,1610612760,OKC,Oklahoma City Thunder,22000295,2021-01-29T00:00:00,OKC vs. BKN,L,32.6,129.5,128.4,128.4,122.2,121.9,121.9,7.3,6.5,6.5,0.148,2.0,25.0,0.0,0.179,0.086,0.125,0.126,0.006670000000000001,0.00709,0.152,0.156,107.69,108.28,90.23,108.28,0.1,74,5,9,5.0,9.0,0.556,1,11623,11623,11623,4634,3049,3389,3389,17253,17083,17083,8528,8840,8840,8747,3550,5205,11150,6647,10014,15469,15947,5569,5442,14521,14552,3759,3456,3456,10264,6152,8309,6152,8309,6415,1,32:35,2020,2021
2020-21,1628382,Justin Jackson,Justin,1610612760,OKC,Oklahoma City Thunder,22000295,2021-01-29T00:00:00,OKC vs. BKN,L,4.7,109.4,118.2,118.2,120.0,109.1,109.1,-10.6,9.1,9.1,0.25,0.0,14.3,0.125,0.333,0.214,0.0,0.0,0.00333,0.00333,0.429,0.432,110.94,111.55,92.96,111.55,0.123,11,2,6,2.0,6.0,0.333,1,11623,11623,11623,21276,11233,7172,7172,16377,11002,11002,15042,7889,7888,4026,11715,11222,1882,906,1076,1,1,16814,18119,134,203,1880,1866,1874,7714,13638,12753,13638,12753,15094,1,4:44,2020,2021
2020-21,1630221,Josh Hall,Josh,1610612760,OKC,Oklahoma City Thunder,22000295,2021-01-29T00:00:00,OKC vs. BKN,L,5.1,109.4,118.2,118.2,136.4,125.0,125.0,-26.9,-6.8,-6.8,0.0,0.0,0.0,0.0,0.0,0.0,0.0,0.0,0.005,0.00521,0.214,0.207,108.74,109.31,91.09,109.31,0.031,11,1,2,1.0,2.0,0.5,1,11623,11623,11623,21167,11233,7172,7172,20922,18099,18099,19157,13790,13790,16819,11715,16819,11150,19725,20503,1,1,10646,12240,7627,8973,3038,2846,2846,17849,16702,19102,16702,19102,7582,1,5:03,2020,2021
2020-21,1630197,Aleksej Pokusevski,Aleksej,1610612760,OKC,Oklahoma City Thunder,22000281,2021-01-27T00:00:00,OKC @ PHX,W,22.4,99.3,97.8,97.8,98.7,106.7,106.7,0.6,-8.9,-8.9,0.125,2.0,18.2,0.0,0.129,0.078,0.091,0.091,0.00438,0.00438,0.184,0.194,99.53,96.36,80.3,96.36,0.099,45,3,8,3.0,8.0,0.375,1,1,1,1,12368,16125,16782,16782,6193,9787,9787,10938,14512,14512,10010,3550,9055,11150,10706,11246,12713,12875,14249,15694,10881,10314,14105,18148,18144,10437,10694,9686,10694,9686,14155,1,22:25,2020,2021
2020-21,203488,Mike Muscala,Mike,1610612760,OKC,Oklahoma City Thunder,22000281,2021-01-27T00:00:00,OKC @ PHX,W,13.6,91.8,92.9,92.9,77.7,78.6,78.6,14.1,14.3,14.3,0.0,0.0,0.0,0.0,0.0,0.0,0.33299999999999996,0.33299999999999996,0.005,0.005,0.097,0.099,100.24,99.1,82.59,99.1,0.0,28,1,2,1.0,2.0,0.5,1,1,1,1,18202,18709,18328,18328,1307,1427,1427,6420,6251,6275,16819,11715,16819,11150,19725,20503,21864,21909,10646,13141,19816,19895,13110,14551,14551,19529,16702,19102,16702,19102,7582,1,13:34,2020,2021
2020-21,1629647,Darius Bazley,Darius,1610612760,OKC,Oklahoma City Thunder,22000281,2021-01-27T00:00:00,OKC @ PHX,W,30.1,103.3,101.5,101.5,82.1,84.6,84.6,21.2,16.9,16.9,0.053,1.0,6.3,0.0,0.184,0.097,0.063,0.063,0.0034599999999999995,0.0036,0.217,0.219,104.97,104.34,86.95,104.34,0.059,66,4,13,4.0,13.0,0.308,1,1,1,1,6472,14209,15038,15038,1835,2245,2245,4445,5545,5545,15400,6835,16162,11150,6286,8562,10363,10529,16752,17684,7389,7786,6581,7086,7086,15139,8251,4300,8251,4300,16796,1,30:08,2020,2021
2020-21,1629026,Kenrich Williams,Kenrich,1610612760,OKC,Oklahoma City Thunder,22000281,2021-01-27T00:00:00,OKC @ PHX,W,17.6,90.6,86.5,86.5,109.6,116.7,116.7,-19.0,-30.2,-30.2,0.231,3.0,50.0,0.067,0.143,0.111,0.16699999999999998,0.16699999999999998,0.005,0.005,0.073,0.08,100.61,99.73,83.11,99.73,0.053,37,1,2,1.0,2.0,0.5,1,1,1,1,15892,19011,19928,19928,11481,14710,14710,17445,19663,19663,4916,1931,471,4981,9197,6750,18107,18257,10646,13141,21112,20919,12567,13596,13596,15668,16702,19102,16702,19102,7582,1,17:34,2020,2021
2020-21,1628382,Justin Jackson,Justin,1610612760,OKC,Oklahoma City Thunder,22000281,2021-01-27T00:00:00,OKC @ PHX,W,6.6,69.2,69.2,69.2,44.6,42.9,42.9,24.6,26.4,26.4,0.25,0.0,50.0,0.0,0.154,0.091,0.0,0.0,0.0,0.0,0.067,0.071,95.9,97.93,81.61,97.93,0.118,13,0,1,0.0,1.0,0.0,1,1,1,1,20599,21972,21880,21880,300,297,297,3663,3373,3373,4026,11715,471,11150,8427,9243,1,1,19893,20448,21317,21263,18562,16192,16192,8213,19893,20551,19893,20551,19893,1,6:37,2020,2021
2020-21,1629652,Luguentz Dort,Luguentz,1610612760,OKC,Oklahoma City Thunder,22000281,2021-01-27T00:00:00,OKC @ PHX,W,30.7,108.0,102.9,102.9,79.8,82.1,82.1,28.2,20.9,20.9,0.053,0.5,7.1,0.0,0.024,0.013,0.14300000000000002,0.14300000000000002,0.00636,0.00636,0.183,0.192,104.53,105.46,87.89,105.46,0.032,68,5,11,5.0,11.0,0.455,1,1,1,1,6022,11983,14432,14432,1512,1864,1864,2993,4520,4520,15400,10215,15726,11150,19669,20452,16694,16870,6860,7939,10963,10595,7129,5821,5821,17701,6152,6027,6152,6027,11074,1,30:43,2020,2021
2020-21,1628983,Shai Gilgeous-Alexander,Shai,1610612760,OKC,Oklahoma City Thunder,22000281,2021-01-27T00:00:00,OKC @ PHX,W,31.3,103.2,102.9,102.9,97.1,104.5,104.5,6.1,-1.5,-1.5,0.444,2.0,23.5,0.03,0.162,0.1,0.11800000000000001,0.11800000000000001,0.0038900000000000002,0.0047799999999999995,0.361,0.366,107.17,103.4,86.17,103.4,0.166,68,6,18,6.0,18.0,0.333,1,1,1,1,5563,14291,14432,14432,5562,8775,8775,8946,11907,11907,827,3550,6409,9661,7873,8040,15144,15277,15724,14694,530,615,4174,8214,8215,3758,4526,1562,4526,1562,15094,1,31:20,2020,2021
2020-21,1628977,Hamidou Diallo,Hamidou,1610612760,OKC,Oklahoma City Thunder,22000281,2021-01-27T00:00:00,OKC @ PHX,W,18.2,96.4,92.1,92.1,104.2,113.5,113.5,-7.8,-21.4,-21.4,0.091,0.5,7.7,0.067,0.174,0.132,0.154,0.15,0.00444,0.00484,0.286,0.322,101.25,99.08,82.57,99.08,0.088,38,4,9,4.0,9.0,0.444,1,1,1,1,15485,17241,18552,18552,8755,13237,13237,14078,17949,17949,12406,10215,15426,4981,6952,4860,17624,17593,14047,14565,2524,1524,11600,14572,14571,11696,8251,8309,8251,8309,11399,1,18:10,2020,2021
2020-21,201143,Al Horford,Al,1610612760,OKC,Oklahoma City Thunder,22000281,2021-01-27T00:00:00,OKC @ PHX,W,29.8,109.6,107.7,107.7,83.5,84.8,84.8,26.2,22.8,22.8,0.118,0.0,14.3,0.032,0.286,0.167,0.0,0.0,0.00875,0.00875,0.176,0.18,105.44,105.5,87.92,105.5,0.296,65,8,12,8.0,12.0,0.667,1,1,1,1,6729,11127,12190,12190,2054,2290,2290,3322,4072,4072,10626,11715,11222,9296,1822,2489,1,1,1974,2021,11684,11966,6016,5781,5781,400,2196,5097,2196,5097,2900,1,29:48,2020,2021
2020-21,1629676,Isaiah Roby,Isaiah,1610612760,OKC,Oklahoma City Thunder,22000281,2021-01-27T00:00:00,OKC @ PHX,W,9.9,108.7,110.5,110.5,133.3,161.1,161.1,-24.6,-50.6,-50.6,0.0,0.0,0.0,0.0,0.091,0.056,0.0,0.0,0.01,0.01,0.095,0.098,99.59,89.7,74.75,89.7,0.063,19,2,2,2.0,2.0,1.0,1,1,1,1,19646,11582,10792,10792,20376,22624,22624,18681,21686,21686,16819,11715,16819,11150,14301,14969,1,1,532,759,19892,19924,14024,22334,22334,14697,13638,19102,13638,19102,1,1,9:54,2020,2021
2020-21,1630177,Theo Maledon,Theo,1610612760,OKC,Oklahoma City Thunder,22000281,2021-01-27T00:00:00,OKC @ PHX,W,29.8,105.0,103.1,103.1,91.6,92.3,92.3,13.5,10.8,10.8,0.105,1.0,18.2,0.031,0.147,0.091,0.182,0.182,0.00786,0.00786,0.134,0.137,103.44,103.95,86.63,103.95,0.106,64,4,7,4.0,7.0,0.571,1,1,1,1,6742,13419,14326,14326,3774,3922,3922,6584,7327,7327,11502,6835,9055,9476,9072,9243,19113,19188,3098,3392,16405,16595,8506,7556,7556,9552,8251,11165,8251,11165,5826,1,29:47,2020,2021
2020-21,1628382,Justin Jackson,Justin,1610612760,OKC,Oklahoma City Thunder,22000267,2021-01-25T00:00:00,OKC @ POR,W,16.0,135.2,136.4,136.4,137.2,137.5,137.5,-1.9,-1.1,-1.1,0.2,0.0,33.3,0.071,0.083,0.077,0.0,0.0,0.004,0.0051,0.167,0.167,97.79,97.25,81.04,97.25,0.081,33,2,5,2.0,5.0,0.4,1,1,1,1,16864,1854,1661,1661,21030,21116,21116,11992,11751,11751,5900,11715,2412,4609,15066,11381,1,1,15280,12629,12634,13380,16465,17062,17062,12564,13638,14368,13638,14368,12966,1,16:03,2020,2021
2020-21,203488,Mike Muscala,Mike,1610612760,OKC,Oklahoma City Thunder,22000267,2021-01-25T00:00:00,OKC @ POR,W,20.6,147.1,147.6,147.6,129.7,126.8,126.8,17.3,20.8,20.8,0.0,0.0,0.0,0.0,0.125,0.059,0.0,0.0,0.009170000000000001,0.00893,0.261,0.285,96.02,96.91,80.76,96.91,0.184,42,8,12,8.0,12.0,0.667,1,1,1,1,13792,664,624,624,19616,18769,18769,5462,4543,4543,16819,11715,16819,11150,10884,14421,1,1,1699,1914,3856,2966,18450,17485,17485,2705,2196,5097,2196,5097,2900,1,20:33,2020,2021
2020-21,1628983,Shai Gilgeous-Alexander,Shai,1610612760,OKC,Oklahoma City Thunder,22000267,2021-01-25T00:00:00,OKC @ POR,W,32.4,124.2,122.4,122.4,115.5,117.4,117.4,8.8,5.0,5.0,0.333,2.0,23.1,0.0,0.209,0.12,0.115,0.11800000000000001,0.00792,0.00732,0.27,0.266,100.86,100.74,83.95,100.74,0.209,67,8,12,8.0,12.0,0.667,1,1,1,1,4766,4636,5424,5424,14340,15120,15120,8019,9379,9379,1999,3550,6542,11150,4805,5959,15079,15291,3061,4833,3327,4051,12184,12044,12044,1689,2196,5097,2196,5097,2900,1,32:24,2020,2021
2020-21,1629647,Darius Bazley,Darius,1610612760,OKC,Oklahoma City Thunder,22000267,2021-01-25T00:00:00,OKC @ POR,W,28.8,120.1,116.4,116.4,114.0,116.1,116.1,6.1,0.3,0.3,0.125,2.0,11.8,0.036,0.154,0.104,0.059000000000000004,0.06,0.0068200000000000005,0.006959999999999999,0.224,0.225,101.96,102.56,85.47,102.56,0.161,61,6,11,6.0,11.0,0.545,1,1,1,1,7499,6184,7996,7996,13647,14524,14524,8934,10995,10995,10010,3550,13091,8694,8427,7672,10092,10337,5409,5823,6794,7245,10601,9333,9333,4112,4526,6027,4526,6027,6794,1,28:47,2020,2021
2020-21,1628977,Hamidou Diallo,Hamidou,1610612760,OKC,Oklahoma City Thunder,22000267,2021-01-25T00:00:00,OKC @ POR,W,21.3,142.3,142.9,142.9,123.6,120.9,120.9,18.7,21.9,21.9,0.111,0.0,15.4,0.0,0.158,0.079,0.0,0.0,0.00625,0.00517,0.234,0.231,94.99,95.85,79.87,95.85,0.08,42,5,8,5.0,8.0,0.625,1,1,1,1,13232,998,907,907,17767,16681,16681,5067,4299,4299,10979,11715,10765,11150,8129,11159,1,1,7026,12394,5916,6754,19416,18731,18731,12626,6152,9686,6152,9686,4319,1,21:17,2020,2021
2020-21,1630197,Aleksej Pokusevski,Aleksej,1610612760,OKC,Oklahoma City Thunder,22000267,2021-01-25T00:00:00,OKC @ POR,W,20.3,130.8,131.7,131.7,129.4,129.3,129.3,1.4,2.4,2.4,0.105,2.0,28.6,0.0,0.176,0.081,0.14300000000000002,0.14300000000000002,0.0075,0.0075,0.111,0.113,97.47,97.19,80.99,97.19,0.079,41,2,4,2.0,4.0,0.5,1,1,1,1,14002,2714,2535,2535,19535,19450,19450,10616,10335,10338,11502,3550,4109,11150,6734,10832,16694,16870,3445,4095,18608,18811,16865,17139,17139,12762,13638,15987,13638,15987,7582,1,20:15,2020,2021
2020-21,1630177,Theo Maledon,Theo,1610612760,OKC,Oklahoma City Thunder,22000267,2021-01-25T00:00:00,OKC @ POR,W,21.7,122.7,119.6,119.6,116.1,114.9,114.9,6.6,4.7,4.7,0.25,4.0,33.3,0.0,0.143,0.085,0.083,0.083,0.0042899999999999995,0.0042899999999999995,0.163,0.167,100.89,102.7,85.58,102.7,0.049,46,2,7,2.0,7.0,0.286,1,1,1,1,12868,5199,6613,6613,14663,13955,13955,8791,9493,9493,4026,1080,2412,11150,9197,10195,12082,12206,14492,15959,13283,13315,12138,9130,9130,16182,13638,11165,13638,11165,17105,1,21:44,2020,2021
2020-21,1629676,Isaiah Roby,Isaiah,1610612760,OKC,Oklahoma City Thunder,22000267,2021-01-25T00:00:00,OKC @ POR,W,27.4,112.0,106.8,106.8,111.4,113.6,113.6,0.7,-6.8,-6.8,0.063,0.0,6.7,0.071,0.026,0.045,0.0,0.0,0.00409,0.005679999999999999,0.215,0.226,102.05,103.45,86.21,103.45,0.084,59,4,11,4.0,11.0,0.364,1,1,1,1,8597,9914,12652,12652,12359,13268,13268,10913,13781,13779,14605,11715,15968,4609,19634,16844,1,1,15170,10610,7576,7130,10448,8150,8150,12164,8251,6027,8251,6027,14681,1,27:23,2020,2021
2020-21,1629026,Kenrich Williams,Kenrich,1610612760,OKC,Oklahoma City Thunder,22000267,2021-01-25T00:00:00,OKC @ POR,W,21.6,127.6,126.7,126.7,139.3,136.2,136.2,-11.7,-9.5,-9.5,0.118,0.0,20.0,0.174,0.136,0.156,0.0,0.0,0.0042899999999999995,0.00444,0.157,0.159,100.85,102.36,85.3,102.36,0.08,45,3,7,3.0,7.0,0.429,1,1,1,1,12994,3587,3876,3876,21316,20958,20958,15380,14699,14699,10626,11715,7755,859,10001,3176,1,1,14492,15557,13960,14249,12198,9602,9602,12600,10694,11165,10694,11165,11933,1,21:34,2020,2021
2020-21,1629652,Luguentz Dort,Luguentz,1610612760,OKC,Oklahoma City Thunder,22000267,2021-01-25T00:00:00,OKC @ POR,W,30.0,122.1,118.8,118.8,109.2,109.2,109.2,12.9,9.5,9.5,0.136,1.5,25.0,0.034,0.05,0.043,0.16699999999999998,0.16699999999999998,0.005,0.005,0.129,0.132,101.8,103.17,85.98,103.17,0.024,64,3,7,3.0,7.0,0.429,1,1,1,1,6561,5418,6913,6913,11243,11118,11118,6735,7771,7771,9436,5729,5205,8907,18144,16989,18107,18257,10646,13141,17016,17094,10837,8516,8516,18369,10694,11165,10694,11165,11933,1,30:01,2020,2021
2020-21,1630177,Theo Maledon,Theo,1610612760,OKC,Oklahoma City Thunder,22000251,2021-01-24T00:00:00,OKC @ LAC,L,16.8,83.0,85.0,85.0,103.4,102.7,102.7,-20.4,-17.7,-17.7,0.077,0.0,16.7,0.0,0.118,0.047,0.0,0.0,0.002,0.002,0.102,0.106,111.08,110.05,91.71,110.05,-0.034,40,1,5,1.0,5.0,0.2,1,11623,11623,11623,16399,20671,20232,20232,8376,7957,7957,17770,17119,17119,13495,11715,9667,11150,11819,16545,1,1,19207,19922,19426,19315,1821,2472,2472,21538,16702,14368,16702,14368,18781,1,16:48,2020,2021
2020-21,1629652,Luguentz Dort,Luguentz,1610612760,OKC,Oklahoma City Thunder,22000251,2021-01-24T00:00:00,OKC @ LAC,L,30.9,109.5,113.3,113.3,123.3,125.8,125.8,-13.7,-12.5,-12.5,0.115,3.0,21.4,0.037,0.0,0.017,0.071,0.071,0.002,0.002,0.162,0.162,97.5,94.89,79.07,94.89,-0.024,60,2,10,2.0,10.0,0.2,1,11623,11623,11623,5924,11189,9412,9412,17656,18499,18499,15973,15628,15628,10895,1931,7364,8455,19725,20214,11065,11178,19207,19922,13446,13929,16825,19657,19657,21296,13638,7133,13638,7133,18781,1,30:52,2020,2021
2020-21,1629026,Kenrich Williams,Kenrich,1610612760,OKC,Oklahoma City Thunder,22000251,2021-01-24T00:00:00,OKC @ LAC,L,13.5,78.0,82.8,82.8,66.9,69.0,69.0,11.1,13.8,13.8,0.125,0.0,14.3,0.091,0.111,0.1,0.0,0.0,0.005829999999999999,0.005829999999999999,0.162,0.168,107.67,102.98,85.82,102.98,0.219,29,3,6,3.0,6.0,0.5,1,11623,11623,11623,18223,21306,20626,20626,688,823,823,7277,6407,6410,10010,11715,11222,3313,12294,8040,1,1,8598,9912,13390,13242,3770,8748,8748,1372,10694,12753,10694,12753,7582,1,13:31,2020,2021
2020-21,1628983,Shai Gilgeous-Alexander,Shai,1610612760,OKC,Oklahoma City Thunder,22000251,2021-01-24T00:00:00,OKC @ LAC,L,36.7,102.2,102.7,102.7,112.7,116.2,116.2,-10.6,-13.5,-13.5,0.304,3.5,25.0,0.026,0.122,0.076,0.071,0.07200000000000001,0.0053100000000000005,0.00617,0.253,0.254,98.51,96.76,80.64,96.76,0.144,74,8,16,8.0,16.0,0.5,1,11623,11623,11623,1762,14740,14550,14550,13029,14566,14566,15049,15920,15920,2839,1744,5205,10461,11479,11670,11065,11394,10402,8676,4400,4880,15474,17668,17668,5520,2196,2412,2196,2412,7582,1,36:43,2020,2021
2020-21,1630197,Aleksej Pokusevski,Aleksej,1610612760,OKC,Oklahoma City Thunder,22000251,2021-01-24T00:00:00,OKC @ LAC,L,17.1,79.8,82.1,82.1,79.4,78.9,78.9,0.4,3.1,3.1,0.0,0.0,0.0,0.0,0.182,0.078,0.111,0.111,0.00125,0.00125,0.188,0.195,108.98,107.81,89.84,107.81,-0.011,39,1,8,1.0,8.0,0.125,1,11623,11623,11623,16190,21119,20738,20738,1483,1475,1475,11020,10046,10046,16819,11715,16819,11150,6323,11246,14407,14566,19781,20370,10430,10227,2895,3804,3813,20833,16702,9686,16702,9686,19716,1,17:09,2020,2021
2020-21,1629676,Isaiah Roby,Isaiah,1610612760,OKC,Oklahoma City Thunder,22000251,2021-01-24T00:00:00,OKC @ LAC,L,26.1,109.2,109.6,109.6,126.0,126.4,126.4,-16.8,-16.8,-16.8,0.158,0.0,23.1,0.13,0.25,0.196,0.0,0.0,0.005,0.005,0.169,0.175,97.06,96.72,80.6,96.72,0.12,52,5,10,5.0,10.0,0.5,1,11623,11623,11623,9599,11349,11278,11278,18570,18656,18656,16906,16870,16870,8165,11715,6542,1780,2712,1586,1,1,10646,13141,12487,12463,17350,17703,17703,8010,6152,7133,6152,7133,7582,1,26:03,2020,2021
2020-21,1629647,Darius Bazley,Darius,1610612760,OKC,Oklahoma City Thunder,22000251,2021-01-24T00:00:00,OKC @ LAC,L,29.0,113.4,115.8,115.8,121.7,122.0,122.0,-8.3,-6.2,-6.2,0.083,0.5,15.4,0.0,0.344,0.19,0.308,0.308,0.00643,0.00643,0.169,0.171,97.18,96.06,80.05,96.06,0.096,57,4,7,4.0,7.0,0.571,1,11623,11623,11623,7342,9246,8232,8232,17062,17114,17114,14260,13580,13580,12981,10215,10765,11150,883,1779,21817,21845,6601,7731,12531,12849,17215,18484,18484,10793,8251,11165,8251,11165,5826,1,28:59,2020,2021
2020-21,1628977,Hamidou Diallo,Hamidou,1610612760,OKC,Oklahoma City Thunder,22000251,2021-01-24T00:00:00,OKC @ LAC,L,19.7,80.9,82.6,82.6,91.9,90.9,90.9,-11.0,-8.3,-8.3,0.2,1.0,12.5,0.065,0.13,0.093,0.125,0.124,0.006670000000000001,0.00579,0.255,0.266,110.09,109.51,91.25,109.51,0.171,46,6,9,6.0,9.0,0.667,1,11623,11623,11623,14394,20977,20645,20645,3856,3516,3516,15171,14296,14296,5900,6835,12419,5251,10560,9151,15469,15621,5569,10203,4295,4040,2244,2737,2737,3421,4526,8309,4526,8309,2900,1,19:44,2020,2021
2020-21,201588,George Hill,George,1610612760,OKC,Oklahoma City Thunder,22000251,2021-01-24T00:00:00,OKC @ LAC,L,28.3,112.3,114.8,114.8,118.2,121.4,121.4,-5.9,-6.6,-6.6,0.118,0.0,14.3,0.0,0.0,0.0,0.0,0.0,0.00875,0.00884,0.194,0.203,95.68,93.37,77.81,93.37,0.174,54,9,12,9.0,12.0,0.75,1,11623,11623,11623,7906,9785,8703,8703,15617,16855,16855,13417,13721,13721,10626,11715,11222,11150,19725,20503,1,1,1974,1976,9809,9355,18799,20847,20847,3251,1450,5097,1450,5097,1826,1,28:17,2020,2021
2020-21,203488,Mike Muscala,Mike,1610612760,OKC,Oklahoma City Thunder,22000251,2021-01-24T00:00:00,OKC @ LAC,L,21.9,86.1,87.8,87.8,85.6,87.2,87.2,0.4,0.5,0.5,0.067,0.0,7.7,0.091,0.192,0.136,0.0,0.0,0.00292,0.00292,0.203,0.211,106.99,104.98,87.48,104.98,0.057,49,3,12,3.0,12.0,0.25,1,11623,11623,11623,12726,20096,19669,19669,2412,2734,2734,11002,10924,10924,14289,11715,15426,3313,5781,4580,1,1,18075,18965,8777,8638,4330,6311,6311,15273,10694,5097,10694,5097,17720,1,21:57,2020,2021
2020-21,201588,George Hill,George,1610612760,OKC,Oklahoma City Thunder,22000239,2021-01-22T00:00:00,OKC @ LAC,L,30.0,119.0,120.7,120.7,128.7,125.4,125.4,-9.7,-4.7,-4.7,0.045,0.5,8.3,0.04,0.16,0.1,0.16699999999999998,0.16699999999999998,0.006670000000000001,0.006670000000000001,0.18,0.181,93.19,93.7,78.09,93.7,0.086,58,5,9,5.0,9.0,0.556,1,11623,11623,11623,6589,6704,6115,6115,19312,18393,18393,14743,13055,13055,16002,10215,15056,7998,8001,8040,18107,18257,5569,6637,11305,11815,20698,20601,20601,12031,6152,8309,6152,8309,6415,1,29:58,2020,2021
2020-21,1629647,Darius Bazley,Darius,1610612760,OKC,Oklahoma City Thunder,22000239,2021-01-22T00:00:00,OKC @ LAC,L,33.4,107.8,107.4,107.4,124.9,123.2,123.2,-17.1,-15.8,-15.8,0.042,0.0,10.0,0.0,0.148,0.066,0.0,0.0,0.005,0.0045000000000000005,0.123,0.124,97.65,98.54,82.12,98.54,0.041,68,3,8,3.0,8.0,0.375,1,11623,11623,11623,4091,12053,12391,12391,18222,17564,17564,16967,16573,16573,16303,11715,14007,11150,8963,13381,1,1,10646,15341,17601,17890,16631,15314,15314,16914,10694,9686,10694,9686,14155,1,33:22,2020,2021
2020-21,1628983,Shai Gilgeous-Alexander,Shai,1610612760,OKC,Oklahoma City Thunder,22000239,2021-01-22T00:00:00,OKC @ LAC,L,38.6,111.6,114.3,114.3,127.9,125.6,125.6,-16.3,-11.4,-11.4,0.333,2.67,23.5,0.0,0.091,0.044,0.08800000000000001,0.08900000000000001,0.006,0.0066300000000000005,0.321,0.317,96.6,96.33,80.28,96.33,0.162,77,11,20,11.0,20.0,0.55,1,11623,11623,11623,847,10115,8875,8875,19129,18456,18456,16770,15272,15272,1999,2975,6409,11150,14301,16946,12677,12818,7872,7054,1300,1673,17829,18178,18178,4081,575,933,575,933,6749,1,38:37,2020,2021
2020-21,1630197,Aleksej Pokusevski,Aleksej,1610612760,OKC,Oklahoma City Thunder,22000239,2021-01-22T00:00:00,OKC @ LAC,L,14.7,80.3,80.0,80.0,107.9,105.7,105.7,-27.7,-25.7,-25.7,0.3,3.0,37.5,0.0,0.0,0.0,0.125,0.125,0.00375,0.00375,0.132,0.136,112.79,114.16,95.13,114.16,0.009,35,1,4,1.0,4.0,0.25,1,11623,11623,11623,17635,21049,20931,20931,10599,9363,9363,19281,18863,18863,2891,1931,1878,11150,19725,20503,15469,15631,15925,17266,16684,16699,1263,1162,1162,19298,16702,15987,16702,15987,17720,1,14:43,2020,2021
2020-21,1629026,Kenrich Williams,Kenrich,1610612760,OKC,Oklahoma City Thunder,22000239,2021-01-22T00:00:00,OKC @ LAC,L,9.4,86.2,78.3,78.3,98.2,100.0,100.0,-12.0,-21.7,-21.7,0.167,0.0,50.0,0.167,0.125,0.15,0.0,0.0,0.0,0.0,0.04,0.044,110.7,115.1,95.91,115.1,0.037,23,0,1,0.0,1.0,0.0,1,11623,11623,11623,19809,20070,21191,21191,6003,6113,6113,15484,18036,18037,7471,11715,471,903,10884,3525,1,1,19893,20448,22023,21989,1979,1011,1011,17261,19893,20551,19893,20551,19893,1,9:23,2020,2021
2020-21,1629676,Isaiah Roby,Isaiah,1610612760,OKC,Oklahoma City Thunder,22000239,2021-01-22T00:00:00,OKC @ LAC,L,27.6,128.7,128.3,128.3,126.2,120.4,120.4,2.5,7.9,7.9,0.091,0.0,25.0,0.05,0.12,0.089,0.0,0.0,0.006670000000000001,0.006670000000000001,0.109,0.109,90.69,92.99,77.49,92.99,0.078,53,4,6,4.0,6.0,0.667,1,11623,11623,11623,8423,3279,3421,3421,18607,16486,16486,10221,8319,8319,12406,11715,5205,6713,11613,9646,1,1,5569,6637,18911,19131,21824,21055,21055,12894,8251,12753,8251,12753,2900,1,27:37,2020,2021
2020-21,1630177,Theo Maledon,Theo,1610612760,OKC,Oklahoma City Thunder,22000239,2021-01-22T00:00:00,OKC @ LAC,L,19.3,100.3,100.0,100.0,119.7,118.6,118.6,-19.4,-18.6,-18.6,0.133,2.0,20.0,0.0,0.313,0.135,0.1,0.1,0.00357,0.00357,0.174,0.178,106.2,106.85,89.04,106.85,0.036,43,2,7,2.0,7.0,0.286,1,11623,11623,11623,14691,15580,15193,15193,16256,15655,15655,17543,17321,17321,9603,3550,7755,11150,1390,4602,13495,13663,16511,17707,11995,12116,5118,4517,4517,17361,13638,11165,13638,11165,17105,1,19:19,2020,2021
2020-21,203488,Mike Muscala,Mike,1610612760,OKC,Oklahoma City Thunder,22000239,2021-01-22T00:00:00,OKC @ LAC,L,15.7,77.8,80.0,80.0,108.8,108.3,108.3,-31.0,-28.3,-28.3,0.125,1.0,7.7,0.0,0.0,0.0,0.077,0.077,0.005,0.005,0.324,0.333,109.82,108.54,90.45,108.54,0.066,35,4,11,4.0,11.0,0.364,1,11623,11623,11623,17062,21321,20931,20931,11059,10608,10608,19849,19362,19362,10010,6835,15426,11150,19725,20503,11527,11664,10646,13141,1210,1168,2393,3297,3297,14358,8251,6027,8251,6027,14681,1,15:42,2020,2021
2020-21,1628977,Hamidou Diallo,Hamidou,1610612760,OKC,Oklahoma City Thunder,22000239,2021-01-22T00:00:00,OKC @ LAC,L,19.4,91.0,88.6,88.6,117.3,115.9,115.9,-26.3,-27.3,-27.3,0.364,4.0,28.6,0.0,0.125,0.051,0.071,0.07200000000000001,0.005,0.00563,0.213,0.22,106.84,108.87,90.72,108.87,0.127,44,4,8,4.0,8.0,0.5,1,11623,11623,11623,14632,18922,19459,19459,15207,14424,14424,19044,19170,19172,1663,1080,4109,11150,10884,15759,11065,11297,10646,10819,7847,7729,4479,3106,3106,7274,8251,9686,8251,9686,7582,1,19:24,2020,2021
2020-21,1629652,Luguentz Dort,Luguentz,1610612760,OKC,Oklahoma City Thunder,22000239,2021-01-22T00:00:00,OKC @ LAC,L,31.9,119.4,121.0,121.0,124.4,123.8,123.8,-5.0,-2.8,-2.8,0.045,0.5,5.9,0.0,0.111,0.056,0.11800000000000001,0.115,0.006540000000000001,0.0066300000000000005,0.246,0.252,94.42,93.99,78.33,93.99,0.07,62,7,13,7.0,13.0,0.538,1,11623,11623,11623,5128,6544,5997,5997,18046,17757,17757,13085,12365,12365,16002,10215,16324,11150,12294,14969,15144,15151,6408,7044,5023,5028,19883,20391,20389,13897,3206,4300,3206,4300,7057,1,31:55,2020,2021
2020-21,1629652,Luguentz Dort,Luguentz,1610612760,OKC,Oklahoma City Thunder,22000213,2021-01-19T00:00:00,OKC @ DEN,L,24.6,111.9,114.0,114.0,124.9,134.0,134.0,-13.1,-20.0,-20.0,0.231,0.0,20.0,0.0,0.185,0.096,0.0,0.0,0.00864,0.00842,0.211,0.205,102.12,97.63,81.36,97.63,0.196,50,8,11,8.0,11.0,0.727,1,11623,11623,11623,10730,9993,9138,9138,18211,20583,20583,15781,17640,17642,4916,11715,7755,11150,6193,8686,1,1,2146,2425,8035,9190,10354,16624,16637,2142,2196,6027,2196,6027,2334,1,24:35,2020,2021
2020-21,1630177,Theo Maledon,Theo,1610612760,OKC,Oklahoma City Thunder,22000213,2021-01-19T00:00:00,OKC @ DEN,L,20.5,81.9,84.4,84.4,107.6,106.5,106.5,-25.7,-22.1,-22.1,0.3,1.5,25.0,0.0,0.12,0.061,0.16699999999999998,0.16699999999999998,0.005,0.005,0.184,0.186,107.61,106.54,88.78,106.54,0.109,45,3,7,3.0,7.0,0.429,1,11623,11623,11623,13834,20835,20334,20334,10438,9748,9748,18950,18109,18109,2891,5729,5205,11150,11613,14088,18107,18257,10646,13141,10881,11257,3818,4787,4787,9263,10694,11165,10694,11165,11933,1,20:30,2020,2021
2020-21,1628977,Hamidou Diallo,Hamidou,1610612760,OKC,Oklahoma City Thunder,22000213,2021-01-19T00:00:00,OKC @ DEN,L,18.7,84.7,85.7,85.7,116.4,122.0,122.0,-31.7,-36.2,-36.2,0.0,0.0,0.0,0.1,0.154,0.13,0.091,0.08900000000000001,0.00313,0.00392,0.239,0.252,109.8,106.62,88.85,106.62,0.031,42,2,8,2.0,8.0,0.25,1,11623,11623,11623,15146,20371,20049,20049,14810,17091,17091,19930,20473,20473,16819,11715,16819,2837,8427,4934,12713,12826,17696,16953,5528,5035,2397,4720,4720,17849,13638,9686,13638,9686,17720,1,18:41,2020,2021
2020-21,1629647,Darius Bazley,Darius,1610612760,OKC,Oklahoma City Thunder,22000213,2021-01-19T00:00:00,OKC @ DEN,L,23.7,112.3,114.6,114.6,123.5,135.4,135.4,-11.1,-20.8,-20.8,0.0,0.0,0.0,0.042,0.037,0.039,0.083,0.083,0.00545,0.00545,0.218,0.214,102.81,97.15,80.96,97.15,0.064,48,5,11,5.0,11.0,0.455,1,11623,11623,11623,11399,9773,8806,8806,17726,20833,20833,15224,17841,17849,16819,11715,16819,7768,19032,17661,12082,12206,9974,11464,7334,8269,9370,17184,17184,14573,6152,6027,6152,6027,11074,1,23:43,2020,2021
2020-21,1628983,Shai Gilgeous-Alexander,Shai,1610612760,OKC,Oklahoma City Thunder,22000213,2021-01-19T00:00:00,OKC @ DEN,L,27.2,100.3,103.6,103.6,128.2,140.0,140.0,-27.9,-36.4,-36.4,0.412,1.75,28.0,0.0,0.152,0.081,0.16,0.162,0.005,0.00513,0.277,0.272,103.98,97.88,81.57,97.88,0.107,56,5,11,5.0,11.0,0.455,1,11623,11623,11623,8705,15581,14125,14125,19183,21404,21404,19320,20496,20496,1104,5429,4505,11150,8717,10919,18029,18168,10646,12538,2993,3666,7804,16257,16257,9470,6152,6027,6152,6027,11074,1,27:13,2020,2021
2020-21,1629676,Isaiah Roby,Isaiah,1610612760,OKC,Oklahoma City Thunder,22000213,2021-01-19T00:00:00,OKC @ DEN,L,26.2,98.3,96.5,96.5,120.4,128.1,128.1,-22.1,-31.6,-31.6,0.176,1.0,18.8,0.214,0.107,0.161,0.188,0.184,0.0038900000000000002,0.00484,0.203,0.212,106.88,104.49,87.08,104.49,0.091,57,3,9,3.0,9.0,0.333,1,11623,11623,11623,9504,16486,17230,17230,16543,19127,19127,18144,19872,19873,7174,6835,8841,447,12845,2911,19409,19305,15724,14565,8806,8551,4447,6896,6896,11327,10694,8309,10694,8309,15094,1,26:11,2020,2021
2020-21,1629026,Kenrich Williams,Kenrich,1610612760,OKC,Oklahoma City Thunder,22000213,2021-01-19T00:00:00,OKC @ DEN,L,6.1,52.6,50.0,50.0,116.5,115.4,115.4,-63.9,-65.4,-65.4,0.0,0.0,0.0,0.0,0.0,0.0,0.0,0.0,0.0,0.0,0.125,0.131,102.52,105.65,88.04,105.65,-0.118,14,0,2,0.0,2.0,0.0,1,11623,11623,11623,20768,22473,22418,22418,14846,14153,14153,22248,22202,22202,16819,11715,16819,11150,19725,20503,1,1,19893,20448,17231,17208,9780,5597,5597,22525,19893,19102,19893,19102,19893,1,6:08,2020,2021
2020-21,1630197,Aleksej Pokusevski,Aleksej,1610612760,OKC,Oklahoma City Thunder,22000213,2021-01-19T00:00:00,OKC @ DEN,L,24.3,80.5,80.7,80.7,97.3,96.4,96.4,-16.8,-15.7,-15.7,0.125,0.67,16.7,0.0,0.125,0.066,0.25,0.25,0.0,0.0,0.164,0.169,111.37,111.68,93.07,111.68,-0.048,57,0,7,0.0,7.0,0.0,1,11623,11623,11623,10959,21028,20898,20898,5619,5225,5225,16888,16549,16549,10010,9817,9667,11150,10884,13381,20812,20887,19893,20448,13214,13116,1721,1818,1818,21849,19893,11165,19893,11165,19893,1,24:17,2020,2021
2020-21,1628382,Justin Jackson,Justin,1610612760,OKC,Oklahoma City Thunder,22000213,2021-01-19T00:00:00,OKC @ DEN,L,7.3,91.2,89.5,89.5,47.7,47.4,47.4,43.5,42.1,42.1,0.0,0.0,0.0,0.0,0.182,0.1,0.0,0.0,0.01333,0.0116,0.211,0.208,122.79,124.36,103.64,124.36,0.541,19,3,3,3.0,3.0,1.0,1,11623,11623,11623,20375,18850,19249,19249,321,335,335,1215,1404,1403,16819,11715,16819,11150,6323,8040,1,1,210,348,8035,8905,229,355,355,109,10694,17566,10694,17566,1,1,7:20,2020,2021
2020-21,1629650,Moses Brown,Moses,1610612760,OKC,Oklahoma City Thunder,22000213,2021-01-19T00:00:00,OKC @ DEN,L,5.7,87.2,85.7,85.7,84.5,85.7,85.7,2.7,0.0,0.0,0.0,0.0,0.0,0.0,0.222,0.125,0.0,0.0,0.01,0.01042,0.2,0.209,118.28,118.45,98.71,118.45,0.438,14,2,2,2.0,2.0,1.0,1,11623,11623,11623,20921,19822,20049,20049,2234,2395,2395,10168,11088,11088,16819,11715,16819,11150,4029,5315,1,1,532,567,8922,8793,435,624,624,152,13638,19102,13638,19102,1,1,5:40,2020,2021
2020-21,1630221,Josh Hall,Josh,1610612760,OKC,Oklahoma City Thunder,22000213,2021-01-19T00:00:00,OKC @ DEN,L,13.1,93.9,93.8,93.8,74.3,72.7,72.7,19.6,21.0,21.0,0.125,0.5,11.1,0.0,0.118,0.065,0.222,0.215,0.004,0.00475,0.25,0.26,118.22,119.54,99.62,119.54,0.054,32,2,5,2.0,5.0,0.4,1,11623,11623,11623,18445,18107,18070,18070,1046,994,994,4845,4493,4493,10010,10215,13295,11150,11819,13514,20407,20360,15280,14752,4441,4384,438,554,554,15584,13638,14368,13638,14368,12966,1,13:03,2020,2021
2020-21,201588,George Hill,George,1610612760,OKC,Oklahoma City Thunder,22000213,2021-01-19T00:00:00,OKC @ DEN,L,22.0,106.8,109.1,109.1,129.5,136.4,136.4,-22.8,-27.3,-27.3,0.133,2.0,25.0,0.0,0.0,0.0,0.125,0.125,0.006,0.006,0.118,0.115,99.65,96.07,80.06,96.07,0.038,44,2,5,2.0,5.0,0.4,1,11623,11623,11623,12696,12549,11495,11495,19563,20968,20968,18304,19181,19181,9603,3550,5205,11150,19725,20503,15469,15631,7872,9276,18092,18588,13936,18472,18472,17212,13638,14368,13638,14368,12966,1,21:59,2020,2021
2020-21,203488,Mike Muscala,Mike,1610612760,OKC,Oklahoma City Thunder,22000213,2021-01-19T00:00:00,OKC @ DEN,L,14.0,92.0,90.6,90.6,116.0,117.2,117.2,-24.0,-26.6,-26.6,0.0,0.0,0.0,0.0,0.0,0.0,0.4,0.4,0.005,0.005,0.143,0.149,103.98,104.25,86.87,104.25,-0.079,32,1,3,1.0,3.0,0.333,1,11623,11623,11623,17979,18654,18948,18948,14610,15062,15062,18548,19050,19050,16819,11715,16819,11150,19725,20503,22429,22430,10646,13141,15276,15260,7815,7176,7176,22278,16702,17566,16702,17566,15094,1,14:03,2020,2021
2020-21,203121,Darius Miller,Darius,1610612760,OKC,Oklahoma City Thunder,22000213,2021-01-19T00:00:00,OKC @ DEN,L,6.6,102.2,100.0,100.0,37.8,37.5,37.5,64.4,62.5,62.5,0.2,0.0,33.3,0.0,0.1,0.056,0.0,0.0,0.0,0.0,0.118,0.12,117.96,119.7,99.75,119.7,-0.065,17,0,2,0.0,2.0,0.0,1,11623,11623,11623,20599,14735,15193,15193,264,261,261,476,480,480,5900,11715,2412,11150,13367,14969,1,1,19893,20448,18092,18188,466,545,545,22094,19893,19102,19893,19102,19893,1,6:37,2020,2021
2020-21,1629676,Isaiah Roby,Isaiah,1610612760,OKC,Oklahoma City Thunder,22000184,2021-01-15T00:00:00,OKC vs. CHI,W,25.7,117.4,119.6,119.6,113.1,112.3,112.3,4.3,7.4,7.4,0.143,0.0,18.8,0.0,0.211,0.085,0.0,0.0,0.00542,0.005430000000000001,0.217,0.218,106.28,105.64,88.03,105.64,0.063,56,6,12,6.0,12.0,0.5,1,1,1,1,9907,7410,6590,6590,13196,12650,12650,9564,8513,8513,8804,11715,8841,11150,4688,10195,1,1,10120,11551,7463,7906,5039,5606,5606,14660,4526,5097,4526,5097,7582,1,25:40,2020,2021
2020-21,1629026,Kenrich Williams,Kenrich,1610612760,OKC,Oklahoma City Thunder,22000184,2021-01-15T00:00:00,OKC vs. CHI,W,27.3,118.3,125.8,125.8,91.7,91.9,91.9,26.6,33.9,33.9,0.087,0.0,22.2,0.034,0.167,0.094,0.0,0.0,0.01083,0.010169999999999998,0.101,0.1,112.6,109.01,90.84,109.01,0.189,62,6,6,6.0,6.0,1.0,1,1,1,1,8646,6985,4162,4162,3809,3828,3828,3247,2237,2237,12829,11715,6856,8907,7229,8931,1,1,458,702,19475,19839,1316,3033,3033,2432,4526,12753,4526,12753,1,1,27:18,2020,2021
2020-21,1628977,Hamidou Diallo,Hamidou,1610612760,OKC,Oklahoma City Thunder,22000184,2021-01-15T00:00:00,OKC vs. CHI,W,14.0,76.3,78.1,78.1,122.5,121.9,121.9,-46.2,-43.8,-43.8,0.333,1.5,25.0,0.05,0.118,0.081,0.16699999999999998,0.168,0.00167,0.00145,0.243,0.255,110.87,109.85,91.54,109.85,-0.063,32,1,6,1.0,6.0,0.167,1,1,1,1,18006,21465,21203,21203,17380,17053,17053,21486,21199,21200,1999,5729,5205,6713,11819,10832,18107,18709,19523,20276,5225,4741,1903,2568,2568,22080,16702,12753,16702,12753,19313,1,13:59,2020,2021
2020-21,1629652,Luguentz Dort,Luguentz,1610612760,OKC,Oklahoma City Thunder,22000184,2021-01-15T00:00:00,OKC vs. CHI,W,39.8,117.3,121.8,121.8,98.3,97.7,97.7,19.0,24.1,24.1,0.0,0.0,0.0,0.024,0.206,0.105,0.055999999999999994,0.055999999999999994,0.006,0.00626,0.188,0.186,106.68,104.97,87.47,104.97,0.142,87,7,15,7.0,15.0,0.467,1,1,1,1,514,7442,5659,5659,6036,5663,5663,4999,3789,3790,16819,11715,16819,10850,4968,7518,9885,10040,7872,8240,10430,11219,4638,6328,6328,5784,3206,2946,3206,2946,10758,1,39:47,2020,2021
2020-21,1629647,Darius Bazley,Darius,1610612760,OKC,Oklahoma City Thunder,22000184,2021-01-15T00:00:00,OKC vs. CHI,W,27.6,95.1,95.0,95.0,131.0,132.2,132.2,-36.0,-37.2,-37.2,0.105,0.5,10.5,0.0,0.192,0.082,0.21100000000000002,0.207,0.00292,0.00338,0.25,0.267,104.06,103.64,86.37,103.64,0.016,60,3,12,3.0,12.0,0.25,1,1,1,1,8469,17702,17714,17714,19909,20169,20169,20523,20573,20573,11502,10215,13882,11150,5781,10711,20250,20234,18075,18033,4441,3988,7701,7919,7919,18931,10694,5097,10694,5097,17720,1,27:33,2020,2021
2020-21,203488,Mike Muscala,Mike,1610612760,OKC,Oklahoma City Thunder,22000184,2021-01-15T00:00:00,OKC vs. CHI,W,27.1,93.1,98.4,98.4,102.7,101.7,101.7,-9.6,-3.3,-3.3,0.0,0.0,0.0,0.059,0.133,0.094,0.091,0.08800000000000001,0.00444,0.0053300000000000005,0.155,0.163,109.89,107.34,89.45,107.34,0.097,61,3,9,3.0,9.0,0.333,1,1,1,1,8835,18340,16585,16585,8060,7507,7507,14728,12512,12512,16819,11715,16819,5698,10236,8983,12713,12745,14047,11886,14167,13777,2363,4136,4136,10678,10694,8309,10694,8309,15094,1,27:03,2020,2021
2020-21,1630177,Theo Maledon,Theo,1610612760,OKC,Oklahoma City Thunder,22000184,2021-01-15T00:00:00,OKC vs. CHI,W,14.9,71.0,75.8,75.8,134.2,132.4,132.4,-63.2,-56.6,-56.6,0.333,1.0,16.7,0.0,0.188,0.081,0.16699999999999998,0.16699999999999998,0.00625,0.00625,0.263,0.269,111.06,108.28,90.24,108.28,0.134,33,4,8,4.0,8.0,0.5,1,1,1,1,17558,21870,21414,21414,20566,20202,20202,22230,21941,21941,1999,6835,9667,11150,6008,10832,18107,18257,7026,8250,3703,3847,1831,3451,3451,6432,8251,9686,8251,9686,7582,1,14:51,2020,2021
2020-21,1630197,Aleksej Pokusevski,Aleksej,1610612760,OKC,Oklahoma City Thunder,22000184,2021-01-15T00:00:00,OKC vs. CHI,W,12.4,70.6,72.4,72.4,133.2,135.7,135.7,-62.7,-63.3,-63.3,0.167,0.0,12.5,0.053,0.143,0.091,0.0,0.0,0.00357,0.00357,0.206,0.22,112.8,110.32,91.94,110.32,0.047,29,2,7,2.0,7.0,0.286,1,1,1,1,18728,21894,21691,21691,20363,20878,20878,22212,22157,22157,7471,11715,12419,6380,9197,9243,1,1,16511,17707,8527,7699,1259,2340,2340,16327,13638,11165,13638,11165,17105,1,12:24,2020,2021
2020-21,1628983,Shai Gilgeous-Alexander,Shai,1610612760,OKC,Oklahoma City Thunder,22000184,2021-01-15T00:00:00,OKC vs. CHI,W,43.5,113.4,117.9,117.9,98.2,100.0,100.0,15.1,17.9,17.9,0.345,10.0,32.3,0.0,0.125,0.057,0.032,0.031,0.0076300000000000005,0.00795,0.202,0.21,107.26,104.24,86.86,104.24,0.216,95,13,19,13.0,19.0,0.684,1,1,1,1,95,9265,7355,7355,6019,6113,6113,6099,5285,5285,1982,53,3334,11150,10884,14756,8832,8826,3436,3266,8918,8752,4083,7190,7195,1442,211,1220,211,1220,2888,1,43:31,2020,2021
2020-21,201588,George Hill,George,1610612760,OKC,Oklahoma City Thunder,22000184,2021-01-15T00:00:00,OKC vs. CHI,W,32.9,114.3,120.0,120.0,89.8,90.1,90.1,24.5,29.9,29.9,0.107,0.0,18.8,0.029,0.033,0.031,0.0,0.0,0.0027300000000000002,0.00313,0.167,0.165,105.65,102.91,85.76,102.91,0.013,70,3,11,3.0,11.0,0.273,1,1,1,1,4438,8796,6324,6324,3287,3360,3360,3674,2805,2805,11457,11715,8841,9991,19238,18807,1,1,18356,18652,12634,13611,5760,8840,8840,19093,10694,6027,10694,6027,17532,1,32:53,2020,2021
2020-21,1628382,Justin Jackson,Justin,1610612760,OKC,Oklahoma City Thunder,22000170,2021-01-13T00:00:00,OKC vs. LAL,L,5.2,76.5,75.0,75.0,119.5,118.2,118.2,-43.0,-43.2,-43.2,0.0,0.0,0.0,0.0,0.0,0.0,0.0,0.0,0.0,0.0017399999999999998,0.188,0.195,105.17,106.84,89.03,106.84,-0.089,12,0,2,0.0,2.0,0.0,1,11623,11623,11623,21112,21442,21435,21435,16152,15425,15425,21231,21147,21147,16819,11715,16819,11150,19725,20503,1,1,19893,20108,10430,10245,6352,4527,4525,22371,19893,19102,19893,19102,19893,1,5:10,2020,2021
2020-21,1628983,Shai Gilgeous-Alexander,Shai,1610612760,OKC,Oklahoma City Thunder,22000170,2021-01-13T00:00:00,OKC vs. LAL,L,27.3,93.1,90.9,90.9,125.2,130.9,130.9,-32.1,-40.0,-40.0,0.077,0.5,5.6,0.0,0.071,0.036,0.111,0.111,0.00458,0.005639999999999999,0.293,0.301,97.91,96.82,80.68,96.82,0.087,55,5,12,5.0,12.0,0.417,1,11623,11623,11623,8668,18337,18842,18842,18315,19885,19885,19980,20846,20847,13495,10215,16432,11150,16224,18102,14407,14553,13689,10782,2249,2271,16285,17598,17598,11915,6152,5097,6152,5097,12627,1,27:16,2020,2021
2020-21,203488,Mike Muscala,Mike,1610612760,OKC,Oklahoma City Thunder,22000170,2021-01-13T00:00:00,OKC vs. LAL,L,18.1,96.2,94.7,94.7,128.7,130.8,130.8,-32.5,-36.0,-36.0,0.083,1.0,9.1,0.05,0.143,0.098,0.091,0.091,0.0038900000000000002,0.0038900000000000002,0.244,0.247,102.39,102.29,85.24,102.29,0.017,38,3,9,3.0,9.0,0.333,1,11623,11623,11623,15554,17303,17784,17784,19314,19838,19838,20031,20454,20454,12981,6835,14598,6713,9197,8495,12713,12875,15724,16979,5173,5415,9967,9693,9693,18847,10694,8309,10694,8309,15094,1,18:04,2020,2021
2020-21,1630197,Aleksej Pokusevski,Aleksej,1610612760,OKC,Oklahoma City Thunder,22000170,2021-01-13T00:00:00,OKC vs. LAL,L,20.7,112.3,111.4,111.4,124.0,127.3,127.3,-11.7,-15.9,-15.9,0.133,0.0,18.2,0.043,0.125,0.085,0.0,0.0,0.005560000000000001,0.005560000000000001,0.176,0.181,102.79,101.86,84.89,101.86,0.096,44,4,9,4.0,9.0,0.444,1,11623,11623,11623,13639,9797,10404,10404,17929,18867,18867,15389,16585,16587,9603,11715,9055,7524,10884,10195,1,1,9603,11092,11684,11762,9400,10366,10365,10786,8251,8309,8251,8309,11399,1,20:44,2020,2021
2020-21,1630221,Josh Hall,Josh,1610612760,OKC,Oklahoma City Thunder,22000170,2021-01-13T00:00:00,OKC vs. LAL,L,7.2,108.2,105.9,105.9,134.3,131.3,131.3,-26.1,-25.4,-25.4,0.333,0.0,40.0,0.0,0.0,0.0,0.0,0.0,0.0,0.0,0.143,0.153,108.35,110.77,92.31,110.77,-0.025,17,0,3,0.0,3.0,0.0,1,11623,11623,11623,20433,11869,13033,13033,20568,19952,19952,19014,18805,18805,1999,11715,1460,11150,19725,20503,1,1,19893,20448,15276,14881,3302,2153,2167,21319,19893,17566,19893,17566,19893,1,7:09,2020,2021
2020-21,1629647,Darius Bazley,Darius,1610612760,OKC,Oklahoma City Thunder,22000170,2021-01-13T00:00:00,OKC vs. LAL,L,24.6,99.2,95.9,95.9,126.4,132.0,132.0,-27.3,-36.1,-36.1,0.0,0.0,0.0,0.042,0.182,0.109,0.14300000000000002,0.145,0.002,0.00255,0.135,0.137,97.24,96.65,80.54,96.65,0.005,49,1,5,1.0,5.0,0.2,1,11623,11623,11623,10730,16166,17406,17406,18690,20121,20121,19203,20461,20461,16819,11715,16819,7768,6323,7182,16694,17322,19207,19340,16360,16616,17134,17785,17785,19470,16702,14368,16702,14368,18781,1,24:35,2020,2021
2020-21,1630177,Theo Maledon,Theo,1610612760,OKC,Oklahoma City Thunder,22000170,2021-01-13T00:00:00,OKC vs. LAL,L,25.8,109.2,107.1,107.1,120.1,121.4,121.4,-11.0,-14.3,-14.3,0.2,4.0,28.6,0.071,0.0,0.033,0.071,0.071,0.0038900000000000002,0.0038900000000000002,0.159,0.164,103.84,104.25,86.88,104.25,0.032,56,3,9,3.0,9.0,0.333,1,11623,11623,11623,9820,11363,12461,12461,16472,16855,16855,15164,16131,16134,5900,1080,4109,4609,19725,18416,11065,11178,15724,16979,13761,13671,7982,7170,7171,17734,10694,8309,10694,8309,15094,1,25:47,2020,2021
2020-21,201588,George Hill,George,1610612760,OKC,Oklahoma City Thunder,22000170,2021-01-13T00:00:00,OKC vs. LAL,L,21.6,91.6,90.2,90.2,130.3,134.9,134.9,-38.7,-44.6,-44.6,0.222,0.0,18.2,0.0,0.105,0.049,0.0,0.0,0.005,0.00563,0.209,0.209,94.43,93.41,77.84,93.41,0.15,41,4,8,4.0,8.0,0.5,1,11623,11623,11623,12988,18766,19051,19051,19742,20725,20725,20820,21287,21287,5155,11715,9055,11150,12971,16179,1,1,10646,10819,8201,8767,19866,20819,20824,4994,8251,9686,8251,9686,7582,1,21:35,2020,2021
2020-21,1628977,Hamidou Diallo,Hamidou,1610612760,OKC,Oklahoma City Thunder,22000170,2021-01-13T00:00:00,OKC vs. LAL,L,20.3,104.0,102.3,102.3,114.9,118.6,118.6,-10.9,-16.3,-16.3,0.071,0.33,10.0,0.0,0.192,0.106,0.3,0.3,0.0075,0.0075,0.191,0.194,102.61,101.76,84.8,101.76,0.073,43,4,6,4.0,6.0,0.667,1,11623,11623,11623,13977,13918,14729,14729,14062,15655,15655,15138,16698,16700,13934,11241,14007,11150,5781,7434,21740,21767,3445,4095,10025,10314,9650,10525,10525,13456,8251,12753,8251,12753,2900,1,20:17,2020,2021
2020-21,1629650,Moses Brown,Moses,1610612760,OKC,Oklahoma City Thunder,22000170,2021-01-13T00:00:00,OKC vs. LAL,L,6.0,87.2,85.7,85.7,139.3,135.7,135.7,-52.1,-50.0,-50.0,0.5,0.0,20.0,0.1,0.286,0.176,0.0,0.0,0.006670000000000001,0.00773,0.222,0.232,109.91,112.31,93.59,112.31,0.23,14,2,3,2.0,3.0,0.667,1,11623,11623,11623,20811,19822,20049,20049,21318,20878,20878,21818,21672,21595,375,11715,7755,2837,1822,2187,1,1,5569,3611,6852,6638,2355,1605,1605,1099,13638,17566,13638,17566,2900,1,5:59,2020,2021
2020-21,1629026,Kenrich Williams,Kenrich,1610612760,OKC,Oklahoma City Thunder,22000170,2021-01-13T00:00:00,OKC vs. LAL,L,14.6,129.5,125.0,125.0,106.4,106.3,106.3,23.2,18.8,18.8,0.333,0.0,44.4,0.071,0.211,0.152,0.0,0.0,0.009000000000000001,0.009000000000000001,0.143,0.148,103.24,105.15,87.62,105.15,0.213,32,4,5,4.0,5.0,0.8,1,11623,11623,11623,17693,3035,4322,4322,9755,9588,9588,3984,5052,5053,1999,11715,1107,4609,4688,3450,1,1,1791,1842,15276,15431,8785,6133,6133,1521,8251,14368,8251,14368,1469,1,14:37,2020,2021
2020-21,1629676,Isaiah Roby,Isaiah,1610612760,OKC,Oklahoma City Thunder,22000170,2021-01-13T00:00:00,OKC vs. LAL,L,24.2,110.5,108.5,108.5,119.3,122.4,122.4,-8.8,-13.9,-13.9,0.286,2.0,26.7,0.095,0.292,0.2,0.133,0.136,0.00571,0.00628,0.22,0.219,95.84,95.4,79.5,95.4,0.166,47,4,7,4.0,7.0,0.571,1,11623,11623,11623,11058,10727,11857,11857,16097,17274,17274,14442,16049,16049,3200,3550,4914,3143,1764,1349,16295,16606,9007,8202,7175,7831,18615,19138,19138,3782,8251,11165,8251,11165,5826,1,24:09,2020,2021
2020-21,1629652,Luguentz Dort,Luguentz,1610612760,OKC,Oklahoma City Thunder,22000170,2021-01-13T00:00:00,OKC vs. LAL,L,24.6,88.0,87.5,87.5,139.3,147.9,147.9,-51.3,-60.4,-60.4,0.091,1.0,10.0,0.0,0.043,0.021,0.1,0.1,0.00563,0.00563,0.176,0.177,96.11,93.5,77.92,93.5,0.033,48,3,8,3.0,8.0,0.375,1,11623,11623,11623,10687,19658,19684,19684,21325,22084,22084,21784,22071,22071,12406,6835,14007,11150,18591,19872,13495,13663,9382,10890,11684,12200,18351,20761,20761,17642,10694,9686,10694,9686,14155,1,24:39,2020,2021
2020-21,201143,Al Horford,Al,1610612760,OKC,Oklahoma City Thunder,22000162,2021-01-12T00:00:00,OKC vs. SAS,L,28.9,110.1,110.2,110.2,102.2,100.0,100.0,7.9,10.2,10.2,0.167,0.0,18.8,0.0,0.212,0.113,0.0,0.0,0.00385,0.00385,0.203,0.206,96.88,97.91,81.59,97.91,0.096,59,5,13,5.0,13.0,0.385,1,11623,11623,11623,7396,10891,10975,10975,7857,6113,6113,8321,7531,7532,7471,11715,8841,11150,4630,6689,1,1,15831,17106,8806,9081,17537,16227,16227,10732,6152,4300,6152,4300,13990,1,28:56,2020,2021
2020-21,1628977,Hamidou Diallo,Hamidou,1610612760,OKC,Oklahoma City Thunder,22000162,2021-01-12T00:00:00,OKC vs. SAS,L,21.2,96.2,95.7,95.7,120.6,123.4,123.4,-24.4,-27.8,-27.8,0.182,0.0,14.3,0.0,0.154,0.083,0.0,0.0,0.005560000000000001,0.00687,0.245,0.239,106.11,105.2,87.67,105.2,0.177,46,5,9,5.0,9.0,0.556,1,11623,11623,11623,13292,17284,17498,17498,16659,17621,17621,18651,19270,19270,6847,11715,11222,11150,8427,10340,1,1,9603,6110,5106,6082,5243,6072,6072,3049,6152,8309,6152,8309,6415,1,21:13,2020,2021
2020-21,1628382,Justin Jackson,Justin,1610612760,OKC,Oklahoma City Thunder,22000162,2021-01-12T00:00:00,OKC vs. SAS,L,4.2,91.1,90.0,90.0,111.1,111.1,111.1,-20.0,-21.1,-21.1,0.0,0.0,0.0,0.0,0.0,0.0,0.0,0.0,0.00625,0.00625,0.4,0.405,108.32,109.0,90.84,109.0,0.125,10,2,4,2.0,4.0,0.5,1,11623,11623,11623,21489,18874,19074,19074,12221,11961,11961,17677,17898,17898,16819,11715,16819,11150,19725,20503,1,1,7026,8250,215,308,3330,3039,3039,7508,13638,15987,13638,15987,7582,1,4:11,2020,2021
2020-21,201588,George Hill,George,1610612760,OKC,Oklahoma City Thunder,22000162,2021-01-12T00:00:00,OKC vs. SAS,L,28.0,114.0,114.0,114.0,102.3,100.0,100.0,11.7,14.0,14.0,0.25,2.5,38.5,0.0,0.167,0.088,0.154,0.147,0.0075,0.00904,0.129,0.142,96.62,97.69,81.4,97.69,0.15,57,3,4,3.0,4.0,0.75,1,11623,11623,11623,8128,8989,9126,9126,7894,6113,6113,7098,6333,6336,4026,3052,1791,11150,7229,9792,17624,17462,3445,1770,16949,16100,17806,16546,16546,5027,10694,15987,10694,15987,1826,1,28:01,2020,2021
2020-21,203488,Mike Muscala,Mike,1610612760,OKC,Oklahoma City Thunder,22000162,2021-01-12T00:00:00,OKC vs. SAS,L,16.6,97.7,97.2,97.2,112.6,115.8,115.8,-14.9,-18.6,-18.6,0.083,0.0,20.0,0.0,0.095,0.051,0.0,0.0,0.00375,0.00375,0.105,0.106,108.46,107.13,89.27,107.13,0.0,36,1,4,1.0,4.0,0.25,1,11623,11623,11623,16535,16735,16977,16977,12944,14354,14354,16362,17313,17313,12981,11715,7755,11150,13971,15759,1,1,15925,17266,19164,19379,3233,4292,4292,19529,16702,15987,16702,15987,17720,1,16:35,2020,2021
2020-21,1630197,Aleksej Pokusevski,Aleksej,1610612760,OKC,Oklahoma City Thunder,22000162,2021-01-12T00:00:00,OKC vs. SAS,L,15.6,83.5,80.0,80.0,99.5,102.8,102.8,-15.9,-22.8,-22.8,0.125,0.5,11.1,0.056,0.19,0.128,0.222,0.222,0.00333,0.00333,0.211,0.219,108.65,109.08,90.9,109.08,0.059,35,2,6,2.0,6.0,0.333,1,11623,11623,11623,17107,20576,20931,20931,6521,7997,7997,16666,18280,18280,10010,10215,13295,6043,5874,5156,20407,20459,16814,18119,8035,7817,3098,2998,2998,15088,13638,12753,13638,12753,15094,1,15:37,2020,2021
2020-21,203121,Darius Miller,Darius,1610612760,OKC,Oklahoma City Thunder,22000162,2021-01-12T00:00:00,OKC vs. SAS,L,0.0,0.0,0.0,0.0,0.0,0.0,0.0,0.0,0.0,0.0,0.0,0.0,0.0,0.0,0.0,0.0,0.0,0.0,0.0,0.0,0.0,0.0,900.0,900.0,750.0,900.02,0.0,1,0,0,0.0,0.0,0.0,1,11623,11623,11623,23051,22794,22793,22793,1,1,1,11144,11088,11088,16819,11715,16819,11150,19725,20503,1,1,19893,20448,22211,22211,3,7,7,19529,19893,21894,19893,21894,19893,1,0:02,2020,2021
2020-21,1629026,Kenrich Williams,Kenrich,1610612760,OKC,Oklahoma City Thunder,22000162,2021-01-12T00:00:00,OKC vs. SAS,L,3.4,77.3,75.0,75.0,84.1,87.5,87.5,-6.8,-12.5,-12.5,0.0,0.0,0.0,0.0,0.0,0.0,1.0,1.0,0.0,0.0,0.1,0.102,112.13,111.57,92.98,111.57,-0.214,8,0,0,0.0,0.0,0.0,1,11623,11623,11623,21794,21367,21435,21435,2147,2756,2756,13710,15631,15633,16819,11715,16819,11150,19725,20503,22928,22930,19893,20448,19497,19619,1458,1861,1861,22827,19893,21894,19893,21894,19893,1,3:27,2020,2021
2020-21,1628983,Shai Gilgeous-Alexander,Shai,1610612760,OKC,Oklahoma City Thunder,22000162,2021-01-12T00:00:00,OKC vs. SAS,L,33.5,109.6,111.6,111.6,114.1,111.6,111.6,-4.5,0.0,0.0,0.1,1.0,11.1,0.061,0.2,0.132,0.111,0.111,0.006999999999999999,0.00716,0.213,0.215,98.78,98.98,82.48,98.98,0.139,69,7,10,7.0,10.0,0.7,1,11623,11623,11623,4017,11142,10292,10292,13699,12288,12288,12911,11088,11088,11723,6835,13295,5604,5063,4823,14407,14827,4934,5228,7795,8205,15102,14722,14722,5979,3206,7133,3206,7133,2696,1,33:28,2020,2021
2020-21,1629647,Darius Bazley,Darius,1610612760,OKC,Oklahoma City Thunder,22000162,2021-01-12T00:00:00,OKC vs. SAS,L,32.7,100.9,102.9,102.9,117.6,111.6,111.6,-16.7,-8.7,-8.7,0.095,2.0,11.1,0.029,0.147,0.088,0.055999999999999994,0.055999999999999994,0.00357,0.004030000000000001,0.213,0.214,98.98,100.57,83.8,100.57,0.051,68,4,14,4.0,14.0,0.286,1,11623,11623,11623,4576,15278,14432,14432,15339,12288,12288,16862,14418,14418,12196,3550,13295,9826,9072,9713,9885,10004,16511,16637,7795,8360,14831,12333,12333,15957,8251,3568,8251,3568,17105,1,32:42,2020,2021
2020-21,1629652,Luguentz Dort,Luguentz,1610612760,OKC,Oklahoma City Thunder,22000162,2021-01-12T00:00:00,OKC vs. SAS,L,27.0,99.9,101.8,101.8,104.5,100.0,100.0,-4.5,1.8,1.8,0.0,0.0,0.0,0.034,0.161,0.1,0.14300000000000002,0.14400000000000002,0.005,0.00505,0.226,0.227,98.23,99.43,82.86,99.43,0.064,56,4,11,4.0,11.0,0.364,1,11623,11623,11623,8848,15879,14924,14924,8884,6113,6113,12943,10570,10570,16819,11715,16819,8907,7909,8040,16694,17231,10646,13005,6609,7011,15829,14045,14045,14517,8251,6027,8251,6027,14681,1,27:02,2020,2021
2020-21,1630177,Theo Maledon,Theo,1610612760,OKC,Oklahoma City Thunder,22000162,2021-01-12T00:00:00,OKC vs. SAS,L,15.2,85.4,82.9,82.9,127.0,125.7,125.7,-41.6,-42.9,-42.9,0.111,0.33,10.0,0.0,0.118,0.061,0.3,0.304,0.004,0.0034000000000000002,0.25,0.254,108.2,110.41,92.0,110.41,-0.057,35,2,5,2.0,5.0,0.4,1,11623,11623,11623,17349,20243,20608,20608,18867,18470,18470,21104,21107,21113,10979,11241,14007,11150,11819,14179,21740,21810,15280,17979,4441,4832,3407,2306,2306,22003,13638,14368,13638,14368,12966,1,15:13,2020,2021
2020-21,1629676,Isaiah Roby,Isaiah,1610612760,OKC,Oklahoma City Thunder,22000162,2021-01-12T00:00:00,OKC vs. SAS,L,13.6,88.0,86.2,86.2,106.0,109.7,109.7,-18.0,-23.5,-23.5,0.143,0.0,20.0,0.143,0.222,0.188,0.0,0.0,0.00333,0.00515,0.125,0.124,106.79,105.95,88.29,105.95,0.137,29,1,3,1.0,3.0,0.333,1,11623,11623,11623,18184,19655,19980,19980,9585,11312,11312,17167,18399,18399,8804,11715,7755,1378,4029,1835,1,1,16814,12415,17231,17919,4534,5313,5313,6211,16702,17566,16702,17566,15094,1,13:36,2020,2021
2020-21,201588,George Hill,George,1610612760,OKC,Oklahoma City Thunder,22000143,2021-01-10T00:00:00,OKC @ BKN,W,28.1,119.6,120.7,120.7,120.0,125.0,125.0,-0.4,-4.3,-4.3,0.143,3.0,18.8,0.0,0.0,0.0,0.063,0.063,0.005829999999999999,0.005829999999999999,0.217,0.215,103.41,100.84,84.04,100.84,0.085,58,6,12,6.0,12.0,0.5,1,1,1,1,8056,6425,6115,6115,16414,18099,18099,11419,12900,12900,8804,1931,8841,11150,19725,20503,10363,10451,8598,9912,7463,8219,8542,11898,11898,12060,4526,5097,4526,5097,7582,1,28:05,2020,2021
2020-21,1629652,Luguentz Dort,Luguentz,1610612760,OKC,Oklahoma City Thunder,22000143,2021-01-10T00:00:00,OKC @ BKN,W,25.4,119.3,120.8,120.8,123.0,121.4,121.4,-3.7,-0.7,-0.7,0.0,0.0,0.0,0.0,0.143,0.07,0.222,0.215,0.008329999999999999,0.00888,0.164,0.168,102.98,103.06,85.88,103.06,0.082,53,4,6,4.0,6.0,0.667,1,1,1,1,10150,6563,6094,6094,17574,16855,16855,12642,11677,11677,16819,11715,16819,11150,9197,12682,20407,20360,2318,1955,13248,13289,9128,8651,8651,12461,8251,12753,8251,12753,2900,1,25:23,2020,2021
2020-21,201143,Al Horford,Al,1610612760,OKC,Oklahoma City Thunder,22000143,2021-01-10T00:00:00,OKC @ BKN,W,27.8,117.3,119.3,119.3,112.8,116.1,116.1,4.5,3.2,3.2,0.176,1.5,13.6,0.0,0.231,0.115,0.091,0.08900000000000001,0.00618,0.00631,0.317,0.319,99.88,97.67,81.39,97.67,0.155,57,9,17,9.0,17.0,0.529,1,1,1,1,8301,7434,6719,6719,13089,14508,14508,9504,10002,10002,7174,5729,12013,11150,3670,6391,12713,12805,7552,8134,1407,1607,13622,16581,16581,4559,1450,1960,1450,1960,7342,1,27:46,2020,2021
2020-21,1629650,Moses Brown,Moses,1610612760,OKC,Oklahoma City Thunder,22000143,2021-01-10T00:00:00,OKC @ BKN,W,0.9,100.0,66.7,66.7,0.0,0.0,0.0,100.0,66.7,66.7,0.0,0.0,0.0,0.0,0.0,0.0,0.0,0.0,0.0,0.0,0.0,0.0,128.57,128.57,107.14,128.57,0.0,3,0,0,0.0,0.0,0.0,1,1,1,1,22872,15707,21947,21947,1,1,1,178,400,409,16819,11715,16819,11150,19725,20503,1,1,19893,20448,22211,22211,136,241,239,19529,19893,21894,19893,21894,19893,1,0:56,2020,2021
2020-21,1630177,Theo Maledon,Theo,1610612760,OKC,Oklahoma City Thunder,22000143,2021-01-10T00:00:00,OKC @ BKN,W,18.7,125.1,127.9,127.9,87.9,86.0,86.0,37.2,41.9,41.9,0.263,0.0,41.7,0.0,0.053,0.028,0.0,0.0,0.00214,0.00214,0.159,0.156,110.72,110.67,92.23,110.67,0.046,43,1,7,1.0,7.0,0.143,1,1,1,1,15171,4303,3516,3516,2860,2501,2501,1761,1427,1427,3846,11715,1364,11150,17931,19148,1,1,19104,19808,13712,14540,1967,2205,2205,16488,16702,11165,16702,11165,19554,1,18:39,2020,2021
2020-21,1629026,Kenrich Williams,Kenrich,1610612760,OKC,Oklahoma City Thunder,22000143,2021-01-10T00:00:00,OKC @ BKN,W,13.0,132.7,134.5,134.5,79.1,76.7,76.7,53.6,57.8,57.8,0.0,0.0,0.0,0.091,0.071,0.08,0.0,0.0,0.0,0.0,0.033,0.033,107.6,108.56,90.47,108.56,-0.049,29,0,1,0.0,1.0,0.0,1,1,1,1,18455,2333,1945,1945,1441,1280,1280,748,622,622,16819,11715,16819,3313,16224,10976,1,1,19893,20448,22110,22133,3825,3275,3275,21852,19893,20551,19893,20551,19893,1,13:03,2020,2021
2020-21,1629647,Darius Bazley,Darius,1610612760,OKC,Oklahoma City Thunder,22000143,2021-01-10T00:00:00,OKC @ BKN,W,33.3,117.3,118.3,118.3,123.8,128.2,128.2,-6.6,-9.9,-9.9,0.063,2.0,22.2,0.034,0.138,0.086,0.111,0.111,0.00417,0.00417,0.096,0.095,104.54,102.29,85.24,102.29,0.039,71,2,6,2.0,6.0,0.333,1,1,1,1,4123,7469,7153,7153,17869,19159,19159,13632,14796,14797,14605,3550,6856,8907,9878,10014,14407,14566,14855,16272,19883,20134,7116,9689,9689,17081,13638,12753,13638,12753,15094,1,33:19,2020,2021
2020-21,1630197,Aleksej Pokusevski,Aleksej,1610612760,OKC,Oklahoma City Thunder,22000143,2021-01-10T00:00:00,OKC @ BKN,W,13.6,125.0,130.0,130.0,73.7,74.2,74.2,51.3,55.8,55.8,0.0,0.0,0.0,0.0,0.2,0.107,0.2,0.2,0.00375,0.00375,0.161,0.155,109.93,107.46,89.55,107.46,0.034,30,1,4,1.0,4.0,0.25,1,1,1,1,18174,4331,2914,2914,1015,1083,1083,821,705,705,16819,11715,16819,11150,5063,7332,19585,19665,15925,17266,13471,14578,2335,4050,4059,17521,16702,15987,16702,15987,17720,1,13:37,2020,2021
2020-21,1628977,Hamidou Diallo,Hamidou,1610612760,OKC,Oklahoma City Thunder,22000143,2021-01-10T00:00:00,OKC @ BKN,W,23.9,125.8,127.8,127.8,97.6,98.1,98.1,28.2,29.7,29.7,0.267,0.0,21.1,0.0,0.125,0.067,0.0,0.0,0.0075,0.00793,0.273,0.282,108.65,107.52,89.6,107.52,0.246,54,10,14,10.0,14.0,0.714,1,1,1,1,11273,4090,3549,3549,5746,5811,5811,2989,2831,2831,3733,11715,7550,11150,10884,13105,1,1,3445,3278,3165,3118,3099,4012,4012,805,935,3568,935,3568,2429,1,23:53,2020,2021
2020-21,1628983,Shai Gilgeous-Alexander,Shai,1610612760,OKC,Oklahoma City Thunder,22000143,2021-01-10T00:00:00,OKC @ BKN,W,36.0,122.0,123.1,123.1,119.7,121.8,121.8,2.2,1.3,1.3,0.28,3.5,25.0,0.032,0.156,0.095,0.071,0.07,0.0075,0.007940000000000001,0.263,0.267,105.34,103.95,86.63,103.95,0.197,78,11,16,11.0,16.0,0.688,1,1,1,1,2224,5473,5145,5145,16250,17029,17029,10327,10768,10768,3444,1744,5205,9296,8302,8753,11065,11124,3445,3275,3776,3992,6141,7554,7554,2089,575,2412,575,2412,2869,1,36:01,2020,2021
2020-21,1629676,Isaiah Roby,Isaiah,1610612760,OKC,Oklahoma City Thunder,22000143,2021-01-10T00:00:00,OKC @ BKN,W,19.3,129.6,128.3,128.3,111.0,110.9,110.9,18.6,17.4,17.4,0.0,0.0,0.0,0.0,0.294,0.156,0.125,0.11800000000000001,0.00857,0.00874,0.174,0.185,113.77,114.41,95.35,114.41,0.121,46,5,7,5.0,7.0,0.714,1,1,1,1,14710,3011,3428,3428,12160,11882,11882,5081,5402,5402,16819,11715,16819,11150,1693,3132,15469,15357,2168,2084,11995,11314,1016,1120,1120,7899,6152,11165,6152,11165,2429,1,19:18,2020,2021
2020-21,201588,George Hill,George,1610612760,OKC,Oklahoma City Thunder,22000125,2021-01-08T00:00:00,OKC @ NYK,W,28.5,103.8,100.0,100.0,102.3,103.4,103.4,1.5,-3.4,-3.4,0.143,3.0,33.3,0.031,0.027,0.029,0.111,0.113,0.0025,0.0040999999999999995,0.088,0.089,98.19,99.51,82.92,99.51,0.01,59,1,4,1.0,4.0,0.25,1,1,1,1,7767,14001,15193,15193,7927,8309,8309,10604,12536,12536,8804,1931,2412,9476,19580,19027,14407,14941,18441,16468,20389,20506,15881,13929,13929,19254,16702,15987,16702,15987,17720,1,28:28,2020,2021
2020-21,201143,Al Horford,Al,1610612760,OKC,Oklahoma City Thunder,22000125,2021-01-08T00:00:00,OKC @ NYK,W,29.0,103.8,98.3,98.3,100.7,101.7,101.7,3.1,-3.3,-3.3,0.0,0.0,0.0,0.03,0.184,0.113,0.111,0.11199999999999999,0.005,0.004719999999999999,0.261,0.272,97.3,99.42,82.85,99.42,0.098,60,6,15,6.0,15.0,0.4,1,1,1,1,7353,14001,16594,16594,7125,7507,7507,9989,12524,12525,16819,11715,16819,9661,6286,6714,14407,14866,10646,14810,3856,3694,17056,14060,14060,10522,4526,2946,4526,2946,12966,1,28:58,2020,2021
2020-21,1629652,Luguentz Dort,Luguentz,1610612760,OKC,Oklahoma City Thunder,22000125,2021-01-08T00:00:00,OKC @ NYK,W,29.5,109.1,105.0,105.0,100.1,103.3,103.3,9.0,1.7,1.7,0.045,0.5,8.3,0.061,0.154,0.111,0.16699999999999998,0.16699999999999998,0.0027800000000000004,0.0027800000000000004,0.159,0.165,97.5,97.79,81.49,97.79,0.024,60,2,9,2.0,9.0,0.222,1,1,1,1,7009,11378,13470,13470,6909,8273,8273,7938,10613,10613,16002,10215,15056,5604,8427,6750,18107,18257,18283,19125,13688,13599,16823,16385,16385,18349,13638,8309,13638,8309,18584,1,29:27,2020,2021
2020-21,1628983,Shai Gilgeous-Alexander,Shai,1610612760,OKC,Oklahoma City Thunder,22000125,2021-01-08T00:00:00,OKC @ NYK,W,34.5,103.8,101.4,101.4,97.2,98.6,98.6,6.6,2.8,2.8,0.412,2.33,26.9,0.103,0.122,0.114,0.115,0.113,0.0075,0.00751,0.229,0.247,99.11,99.53,82.94,99.53,0.234,72,9,14,9.0,14.0,0.643,1,1,1,1,3256,14026,15104,15104,5585,6014,6014,8787,10179,10179,1104,3385,4874,2821,11470,6586,15079,14893,3445,4057,6374,5398,14667,13900,13900,1015,1450,3568,1450,3568,4072,1,34:29,2020,2021
2020-21,203488,Mike Muscala,Mike,1610612760,OKC,Oklahoma City Thunder,22000125,2021-01-08T00:00:00,OKC @ NYK,W,14.9,98.4,100.0,100.0,57.7,58.1,58.1,40.7,41.9,41.9,0.0,0.0,0.0,0.0,0.16,0.098,0.0,0.0,0.00417,0.00388,0.176,0.198,101.14,99.98,83.31,99.98,0.09,31,2,6,2.0,6.0,0.333,1,1,1,1,17541,16454,15193,15193,447,511,511,1425,1420,1421,16819,11715,16819,11150,8001,8495,1,1,14855,17013,11684,9933,11768,13238,13238,11514,13638,12753,13638,12753,15094,1,14:53,2020,2021
2020-21,1629647,Darius Bazley,Darius,1610612760,OKC,Oklahoma City Thunder,22000125,2021-01-08T00:00:00,OKC @ NYK,W,23.4,98.3,95.7,95.7,105.3,104.3,104.3,-7.0,-8.6,-8.6,0.0,0.0,0.0,0.036,0.214,0.125,0.1,0.1,0.00222,0.00222,0.185,0.193,93.69,95.45,79.54,95.45,0.023,46,2,9,2.0,9.0,0.222,1,1,1,1,11651,16470,17498,17498,9270,8679,8679,13787,14398,14398,16819,11715,16819,8694,4458,5315,13495,13663,19048,19762,10704,10436,20363,19097,19097,18432,13638,8309,13638,8309,18584,1,23:23,2020,2021
2020-21,1630177,Theo Maledon,Theo,1610612760,OKC,Oklahoma City Thunder,22000125,2021-01-08T00:00:00,OKC @ NYK,W,22.2,101.3,104.5,104.5,71.6,75.0,75.0,29.7,29.5,29.5,0.188,0.0,27.3,0.0,0.143,0.088,0.0,0.0,0.0025,0.0025,0.163,0.169,98.75,94.99,79.16,94.99,0.031,44,2,8,2.0,8.0,0.25,1,1,1,1,12508,15088,13675,13675,890,1109,1109,2765,2842,2843,6634,11715,4633,11150,9197,9792,1,1,18441,19403,13283,13134,15145,19545,19545,17831,13638,9686,13638,9686,17720,1,22:14,2020,2021
2020-21,1629676,Isaiah Roby,Isaiah,1610612760,OKC,Oklahoma City Thunder,22000125,2021-01-08T00:00:00,OKC @ NYK,W,4.2,139.6,157.1,157.1,142.9,125.0,125.0,-3.3,32.1,32.1,0.0,0.0,0.0,0.0,0.0,0.0,0.0,0.0,0.01,0.01064,0.222,0.212,86.05,86.75,72.29,86.75,0.19,7,1,1,1.0,1.0,1.0,1,1,1,1,21497,1240,285,285,21688,18099,18099,12490,2499,2500,16819,11715,16819,11150,19725,20503,1,1,532,512,6852,8534,22598,22780,22785,2349,16702,20551,16702,20551,1,1,4:09,2020,2021
2020-21,1629026,Kenrich Williams,Kenrich,1610612760,OKC,Oklahoma City Thunder,22000125,2021-01-08T00:00:00,OKC @ NYK,W,6.4,108.3,92.9,92.9,31.1,30.8,30.8,77.3,62.1,62.1,0.0,0.0,0.0,0.0,0.111,0.059,0.0,0.0,0.008329999999999999,0.008329999999999999,0.2,0.231,93.45,101.41,84.51,101.41,0.194,14,2,3,2.0,3.0,0.667,1,1,1,1,20679,11772,18328,18328,238,244,244,319,499,500,16819,11715,16819,11150,12294,14421,1,1,2318,2498,8922,6712,20526,11045,11061,2223,13638,17566,13638,17566,2900,1,6:23,2020,2021
2020-21,1630197,Aleksej Pokusevski,Aleksej,1610612760,OKC,Oklahoma City Thunder,22000125,2021-01-08T00:00:00,OKC @ NYK,W,18.6,98.7,100.0,100.0,73.2,73.0,73.0,25.4,27.0,27.0,0.0,0.0,0.0,0.053,0.179,0.128,0.16699999999999998,0.16699999999999998,0.006999999999999999,0.006999999999999999,0.14,0.148,97.55,97.04,80.86,97.04,0.168,38,3,5,3.0,5.0,0.6,1,1,1,1,15251,16351,15193,15193,971,1021,1021,3473,3260,3260,16819,11715,16819,6380,6647,5202,18107,18257,4934,5594,15869,15374,16741,17331,17333,3595,10694,14368,10694,14368,4810,1,18:33,2020,2021
2020-21,1628977,Hamidou Diallo,Hamidou,1610612760,OKC,Oklahoma City Thunder,22000125,2021-01-08T00:00:00,OKC @ NYK,W,29.1,114.6,115.3,115.3,84.3,87.7,87.7,30.2,27.5,27.5,0.118,2.0,10.0,0.037,0.233,0.157,0.05,0.051,0.006540000000000001,0.006959999999999999,0.269,0.272,98.02,95.83,79.86,95.83,0.273,59,8,13,8.0,13.0,0.615,1,1,1,1,7288,8684,8516,8516,2201,2845,2845,2672,3166,3166,10626,3550,14007,8455,3662,3098,9568,9717,6408,5835,3417,3653,16140,18743,18743,530,2196,4300,2196,4300,4658,1,29:03,2020,2021
2020-21,1629676,Isaiah Roby,Isaiah,1610612760,OKC,Oklahoma City Thunder,22000114,2021-01-06T00:00:00,OKC @ NOP,W,10.7,92.9,95.8,95.8,101.4,100.0,100.0,-8.5,-4.2,-4.2,0.0,0.0,0.0,0.111,0.1,0.105,0.5,0.5,0.0125,0.0125,0.16,0.155,112.8,111.91,93.25,111.91,0.062,24,2,2,2.0,2.0,1.0,1,1,1,1,19389,18391,17431,17431,7458,6113,6113,14325,12848,12844,16819,11715,16819,2373,13367,7518,22574,22586,237,220,13589,14578,1257,1733,1733,14801,13638,19102,13638,19102,1,1,10:43,2020,2021
2020-21,203488,Mike Muscala,Mike,1610612760,OKC,Oklahoma City Thunder,22000114,2021-01-06T00:00:00,OKC @ NOP,W,20.8,93.6,95.7,95.7,102.2,102.1,102.1,-8.6,-6.4,-6.4,0.091,0.0,10.0,0.0,0.136,0.07,0.0,0.0,0.009439999999999999,0.00953,0.188,0.192,109.66,108.46,90.38,108.46,0.219,47,6,9,6.0,9.0,0.667,1,1,1,1,13585,18198,17479,17479,7854,7713,7713,14365,13636,13641,12406,11715,14007,11150,10001,12682,1,1,1584,1444,10430,10517,2483,3342,3342,1366,4526,8309,4526,8309,2900,1,20:48,2020,2021
2020-21,1630177,Theo Maledon,Theo,1610612760,OKC,Oklahoma City Thunder,22000114,2021-01-06T00:00:00,OKC @ NOP,W,19.2,97.2,97.7,97.7,104.4,107.0,107.0,-7.1,-9.3,-9.3,0.286,1.33,36.4,0.0,0.105,0.054,0.273,0.273,0.0075,0.0075,0.159,0.158,109.1,107.5,89.58,107.5,0.046,43,2,4,2.0,4.0,0.5,1,1,1,1,14772,16896,16813,16813,8824,10001,10001,13840,14641,14641,3200,6412,2091,11150,12971,15309,21434,21471,3445,4095,13712,14269,2823,4027,4027,16488,13638,15987,13638,15987,7582,1,19:12,2020,2021
2020-21,1629652,Luguentz Dort,Luguentz,1610612760,OKC,Oklahoma City Thunder,22000114,2021-01-06T00:00:00,OKC @ NOP,W,30.9,111.0,110.8,110.8,102.8,103.0,103.0,8.3,7.7,7.7,0.045,0.0,16.7,0.0,0.032,0.015,0.0,0.0,0.00875,0.00922,0.074,0.072,101.91,101.91,84.93,101.91,0.058,65,3,4,3.0,4.0,0.75,1,1,1,1,5928,10430,10699,10699,8110,8130,8130,8193,8379,8379,16002,11715,9667,11150,19311,20342,1,1,1974,1632,21107,21245,10678,10297,10297,15183,10694,15987,10694,15987,1826,1,30:51,2020,2021
2020-21,1628983,Shai Gilgeous-Alexander,Shai,1610612760,OKC,Oklahoma City Thunder,22000114,2021-01-06T00:00:00,OKC @ NOP,W,36.5,103.5,103.8,103.8,108.9,109.0,109.0,-5.4,-5.1,-5.1,0.409,4.5,30.0,0.0,0.143,0.064,0.067,0.065,0.00471,0.005350000000000001,0.259,0.266,102.76,102.55,85.46,102.55,0.151,78,7,17,7.0,17.0,0.412,1,1,1,1,1892,14145,14005,14005,11120,10990,10990,13272,13189,13188,1139,1009,3735,11150,9197,13618,10695,10725,13405,11834,3969,4013,9440,9349,9349,4930,3206,1960,3206,1960,12852,1,36:31,2020,2021
2020-21,1629026,Kenrich Williams,Kenrich,1610612760,OKC,Oklahoma City Thunder,22000114,2021-01-06T00:00:00,OKC @ NOP,W,12.8,108.1,111.1,111.1,100.1,100.0,100.0,7.9,11.1,11.1,0.2,2.0,33.3,0.0,0.154,0.091,0.16699999999999998,0.16699999999999998,0.00333,0.00333,0.143,0.139,106.71,105.36,87.8,105.36,0.037,27,1,3,1.0,3.0,0.333,1,1,1,1,18573,11926,10477,10477,6915,6113,6113,8307,7215,7229,5900,3550,2412,11150,8427,9243,18107,18257,16814,18119,15276,16333,4604,5931,5931,17227,16702,17566,16702,17566,15094,1,12:45,2020,2021
2020-21,1629647,Darius Bazley,Darius,1610612760,OKC,Oklahoma City Thunder,22000114,2021-01-06T00:00:00,OKC @ NOP,W,34.0,116.0,116.4,116.4,104.9,105.6,105.6,11.1,10.9,10.9,0.136,1.0,11.5,0.027,0.306,0.164,0.115,0.113,0.00475,0.00489,0.303,0.307,103.01,102.47,85.39,102.47,0.109,73,8,20,8.0,20.0,0.4,1,1,1,1,3645,8063,7978,7978,9061,9286,9286,7261,7306,7306,9436,6835,13251,10322,1511,2752,15079,15055,13330,14485,1887,2028,9085,9451,9451,9216,2196,933,2196,933,12966,1,33:58,2020,2021
2020-21,1628977,Hamidou Diallo,Hamidou,1610612760,OKC,Oklahoma City Thunder,22000114,2021-01-06T00:00:00,OKC @ NOP,W,20.8,93.6,95.7,95.7,102.2,102.1,102.1,-8.6,-6.4,-6.4,0.231,3.0,23.1,0.0,0.045,0.023,0.077,0.073,0.005,0.00461,0.208,0.219,109.66,108.46,90.38,108.46,0.073,47,4,8,4.0,8.0,0.5,1,1,1,1,13585,18198,17479,17479,7854,7713,7713,14365,13636,13641,4916,1931,6542,11150,18452,19658,11527,11407,10646,15082,8279,7796,2483,3342,3342,13511,8251,9686,8251,9686,7582,1,20:48,2020,2021
2020-21,201143,Al Horford,Al,1610612760,OKC,Oklahoma City Thunder,22000114,2021-01-06T00:00:00,OKC @ NOP,W,27.2,117.9,115.8,115.8,106.6,108.8,108.8,11.3,7.0,7.0,0.05,1.0,7.7,0.034,0.231,0.127,0.077,0.077,0.00364,0.00364,0.2,0.204,100.69,100.59,83.82,100.59,0.04,57,3,11,3.0,11.0,0.273,1,1,1,1,8722,7155,8232,8232,9871,10866,10866,7195,8634,8635,15639,6835,15426,8907,3670,5237,11527,11664,16412,17598,8922,9334,12434,12293,12300,17030,10694,6027,10694,6027,17532,1,27:12,2020,2021
2020-21,201588,George Hill,George,1610612760,OKC,Oklahoma City Thunder,22000114,2021-01-06T00:00:00,OKC @ NOP,W,27.2,117.9,115.8,115.8,106.6,108.8,108.8,11.3,7.0,7.0,0.211,4.0,26.7,0.034,0.077,0.055,0.067,0.067,0.00611,0.00658,0.183,0.185,100.69,100.59,83.82,100.59,0.115,57,4,9,4.0,9.0,0.444,1,1,1,1,8722,7155,8232,8232,9871,10866,10866,7195,8634,8635,5685,1080,4914,8907,15691,15245,10695,10879,7662,7158,10933,11400,12434,12293,12300,8528,8251,8309,8251,8309,11399,1,27:12,2020,2021
2020-21,1628382,Justin Jackson,Justin,1610612760,OKC,Oklahoma City Thunder,22000096,2021-01-04T00:00:00,OKC @ MIA,L,19.0,72.6,74.4,74.4,121.5,123.1,123.1,-48.9,-48.7,-48.7,0.0,0.0,0.0,0.045,0.375,0.184,0.111,0.113,0.0028599999999999997,0.00381,0.2,0.202,100.57,98.7,82.25,98.7,0.073,39,2,7,2.0,7.0,0.286,1,11623,11623,11623,14953,21769,21552,21552,16964,17493,17493,21652,21541,21542,16819,11715,16819,7263,594,1944,14407,14893,18098,17152,8922,9495,12619,15086,15086,13482,13638,11165,13638,11165,17105,1,18:58,2020,2021
2020-21,1630177,Theo Maledon,Theo,1610612760,OKC,Oklahoma City Thunder,22000096,2021-01-04T00:00:00,OKC @ MIA,L,17.8,86.2,86.1,86.1,119.9,118.4,118.4,-33.7,-32.3,-32.3,0.25,0.67,15.4,0.0,0.063,0.03,0.231,0.233,0.0042899999999999995,0.00444,0.268,0.272,99.35,100.06,83.38,100.06,0.032,36,2,7,2.0,7.0,0.286,1,11623,11623,11623,15769,20066,20004,20004,16352,15568,15568,20240,19977,19977,4026,9817,10765,11150,17087,18840,20663,20752,14492,15557,3434,3649,14359,13110,13110,17734,13638,11165,13638,11165,17105,1,17:45,2020,2021
2020-21,1629652,Luguentz Dort,Luguentz,1610612760,OKC,Oklahoma City Thunder,22000096,2021-01-04T00:00:00,OKC @ MIA,L,23.6,96.9,100.0,100.0,123.7,125.0,125.0,-26.7,-25.0,-25.0,0.154,0.0,18.2,0.0,0.059,0.023,0.0,0.0,0.00625,0.00644,0.176,0.184,99.84,97.77,81.47,97.77,0.08,48,4,8,4.0,8.0,0.5,1,11623,11623,11623,11506,17024,15193,15193,17797,18099,18099,19120,18681,18675,8323,11715,9055,11150,17381,19658,1,1,7026,7626,11684,11409,13672,16427,16427,12692,8251,9686,8251,9686,7582,1,23:34,2020,2021
2020-21,1629676,Isaiah Roby,Isaiah,1610612760,OKC,Oklahoma City Thunder,22000096,2021-01-04T00:00:00,OKC @ MIA,L,24.1,78.5,80.8,80.8,122.7,114.8,114.8,-44.2,-34.0,-34.0,0.167,2.0,25.0,0.037,0.05,0.043,0.125,0.125,0.003,0.003,0.103,0.106,103.57,105.56,87.97,105.56,0.012,52,1,5,1.0,5.0,0.2,1,11623,11623,11623,11096,21263,20888,20888,17466,13899,13899,21326,20208,20208,7471,3550,5205,8455,18144,17187,15469,15631,17843,18807,19310,19332,8322,5706,5706,19169,16702,14368,16702,14368,18781,1,24:06,2020,2021
2020-21,1628983,Shai Gilgeous-Alexander,Shai,1610612760,OKC,Oklahoma City Thunder,22000096,2021-01-04T00:00:00,OKC @ MIA,L,27.9,90.2,94.4,94.4,126.9,128.6,128.6,-36.7,-34.1,-34.1,0.364,2.0,18.2,0.0,0.105,0.04,0.091,0.091,0.0053300000000000005,0.00567,0.316,0.311,97.59,94.79,78.99,94.79,0.096,54,7,15,7.0,15.0,0.467,1,11623,11623,11623,8247,19106,17872,17872,18841,19224,19224,20596,20224,20224,1663,3550,9055,11150,12971,17523,12713,13113,10351,10733,1421,1894,16704,19737,19737,10743,3206,2946,3206,2946,10758,1,27:51,2020,2021
2020-21,1630221,Josh Hall,Josh,1610612760,OKC,Oklahoma City Thunder,22000096,2021-01-04T00:00:00,OKC @ MIA,L,7.3,82.1,83.3,83.3,78.8,73.7,73.7,3.2,9.6,9.6,0.667,2.0,40.0,0.083,0.2,0.136,0.2,0.2,0.0,0.0,0.136,0.141,118.49,121.64,101.37,121.64,-0.038,18,0,2,0.0,2.0,0.0,1,11623,11623,11623,20389,20788,20484,20484,1411,1048,1048,9963,7726,7726,127,3550,1460,3754,5063,4498,19585,19665,19893,20448,16144,16157,421,458,458,21628,19893,19102,19893,19102,19893,1,7:18,2020,2021
2020-21,201588,George Hill,George,1610612760,OKC,Oklahoma City Thunder,22000096,2021-01-04T00:00:00,OKC @ MIA,L,21.2,103.3,104.5,104.5,116.9,118.6,118.6,-13.5,-14.1,-14.1,0.133,0.0,28.6,0.0,0.0,0.0,0.0,0.0,0.003,0.003,0.109,0.11,99.65,98.34,81.95,98.34,0.015,44,1,5,1.0,5.0,0.2,1,11623,11623,11623,13276,14213,13675,13675,15002,15655,15655,15917,16074,16074,9603,11715,4109,11150,19725,20503,1,1,17843,18807,18933,19096,13950,15601,15601,18983,16702,14368,16702,14368,18781,1,21:14,2020,2021
2020-21,203488,Mike Muscala,Mike,1610612760,OKC,Oklahoma City Thunder,22000096,2021-01-04T00:00:00,OKC @ MIA,L,13.7,74.8,72.4,72.4,129.6,126.7,126.7,-54.8,-54.3,-54.3,0.0,0.0,0.0,0.0,0.167,0.08,0.0,0.0,0.00214,0.00269,0.219,0.247,100.55,103.36,86.13,103.36,-0.019,29,1,7,1.0,7.0,0.143,1,11623,11623,11623,18131,21608,21691,21691,19579,18711,18711,21931,21859,21859,16819,11715,16819,11150,7229,10976,1,1,19104,19200,7271,5409,12638,8264,8264,21125,16702,11165,16702,11165,19554,1,13:42,2020,2021
2020-21,201143,Al Horford,Al,1610612760,OKC,Oklahoma City Thunder,22000096,2021-01-04T00:00:00,OKC @ MIA,L,21.2,103.3,104.5,104.5,116.9,118.6,118.6,-13.5,-14.1,-14.1,0.067,0.0,14.3,0.043,0.25,0.128,0.0,0.0,0.00167,0.00167,0.13,0.132,99.65,98.34,81.95,98.34,0.015,44,1,6,1.0,6.0,0.167,1,11623,11623,11623,13276,14213,13675,13675,15002,15655,15655,15917,16074,16074,14289,11715,11222,7524,2712,5156,1,1,19523,20180,16785,17101,13950,15601,15601,18983,16702,12753,16702,12753,19313,1,21:14,2020,2021
2020-21,1629026,Kenrich Williams,Kenrich,1610612760,OKC,Oklahoma City Thunder,22000096,2021-01-04T00:00:00,OKC @ MIA,L,8.2,88.8,90.0,90.0,74.6,70.0,70.0,14.1,20.0,20.0,0.5,1.0,40.0,0.0,0.1,0.043,0.4,0.41,0.0,0.011359999999999999,0.125,0.124,114.96,117.79,98.16,117.79,0.3,20,0,0,0.0,0.0,0.0,1,11623,11623,11623,20168,19471,19074,19074,1064,862,862,6416,4727,4730,375,6835,1460,11150,13367,16989,22429,22510,19893,359,17231,17902,814,675,675,381,19893,21894,19893,21894,19893,1,8:09,2020,2021
2020-21,1628977,Hamidou Diallo,Hamidou,1610612760,OKC,Oklahoma City Thunder,22000096,2021-01-04T00:00:00,OKC @ MIA,L,17.1,77.0,75.0,75.0,127.0,125.7,125.7,-50.1,-50.7,-50.7,0.167,0.5,12.5,0.059,0.154,0.1,0.25,0.258,0.01,0.00945,0.179,0.182,97.66,99.46,82.88,99.46,0.123,36,3,3,3.0,3.0,1.0,1,11623,11623,11623,16193,21400,21435,21435,18863,18470,18470,21730,21693,21693,7471,10215,12419,5698,8427,8040,20812,21335,532,1469,11385,11634,16617,14008,14008,7699,10694,17566,10694,17566,1,1,17:08,2020,2021
2020-21,1629650,Moses Brown,Moses,1610612760,OKC,Oklahoma City Thunder,22000096,2021-01-04T00:00:00,OKC @ MIA,L,5.8,84.4,86.7,86.7,86.5,75.0,75.0,-2.0,11.7,11.7,0.0,0.0,0.0,0.111,0.286,0.188,0.0,0.0,0.01,0.00553,0.294,0.276,121.16,128.28,106.9,128.28,0.241,15,1,1,1.0,1.0,1.0,1,11623,11623,11623,20869,20421,19877,19877,2567,1109,1109,12041,7069,7072,16819,11715,16819,2373,1822,1835,1,1,532,11207,2182,3475,287,245,245,871,16702,20551,16702,20551,1,1,5:48,2020,2021
2020-21,1629647,Darius Bazley,Darius,1610612760,OKC,Oklahoma City Thunder,22000096,2021-01-04T00:00:00,OKC @ MIA,L,25.9,88.0,92.3,92.3,124.0,122.6,122.6,-36.0,-30.3,-30.3,0.167,1.0,13.3,0.0,0.444,0.167,0.133,0.131,0.006500000000000001,0.00707,0.236,0.24,99.01,97.23,81.03,97.23,0.178,52,5,10,5.0,10.0,0.5,1,11623,11623,11623,9705,19649,18459,18459,17940,17347,17347,20528,19688,19688,7471,6835,12104,11150,307,2489,16295,16301,6466,5495,5724,6008,14794,17079,17079,2987,6152,7133,6152,7133,7582,1,25:55,2020,2021
2020-21,203121,Darius Miller,Darius,1610612760,OKC,Oklahoma City Thunder,22000096,2021-01-04T00:00:00,OKC @ MIA,L,7.3,82.1,83.3,83.3,78.8,73.7,73.7,3.2,9.6,9.6,0.0,0.0,0.0,0.0,0.0,0.0,0.25,0.25,0.005,0.005,0.182,0.188,118.49,121.64,101.37,121.64,-0.077,18,1,3,1.0,3.0,0.333,1,11623,11623,11623,20389,20788,20484,20484,1411,1048,1048,9963,7726,7726,16819,11715,16819,11150,19725,20503,20812,20887,10646,13141,11021,11015,421,458,458,22234,16702,17566,16702,17566,15094,1,7:18,2020,2021
2020-21,203488,Mike Muscala,Mike,1610612760,OKC,Oklahoma City Thunder,22000081,2021-01-02T00:00:00,OKC @ ORL,W,20.2,107.2,108.9,108.9,82.5,86.4,86.4,24.7,22.5,22.5,0.0,0.0,0.0,0.0,0.176,0.105,0.222,0.215,0.00417,0.0054600000000000004,0.18,0.184,108.89,105.57,87.97,105.57,0.117,45,2,6,2.0,6.0,0.333,1,1,1,1,14017,12362,11669,11669,1883,2546,2546,3640,4145,4145,16819,11715,16819,11150,6734,7518,20407,20360,14855,11430,11337,11500,2947,5693,5693,8299,13638,12753,13638,12753,15094,1,20:14,2020,2021
2020-21,1628977,Hamidou Diallo,Hamidou,1610612760,OKC,Oklahoma City Thunder,22000081,2021-01-02T00:00:00,OKC @ ORL,W,18.9,110.3,109.5,109.5,88.2,95.0,95.0,22.1,14.5,14.5,0.0,0.0,0.0,0.105,0.188,0.157,0.091,0.092,0.00611,0.00607,0.239,0.238,107.59,104.04,86.7,104.04,0.142,42,5,9,5.0,9.0,0.556,1,1,1,1,14988,10826,11309,11309,2932,4762,4762,4249,6207,6207,16819,11715,16819,2662,6008,3109,12713,13135,7662,9047,5528,6161,3839,7431,7431,5764,6152,8309,6152,8309,6415,1,18:55,2020,2021
2020-21,1629026,Kenrich Williams,Kenrich,1610612760,OKC,Oklahoma City Thunder,22000081,2021-01-02T00:00:00,OKC @ ORL,W,14.6,96.4,93.5,93.5,77.1,83.3,83.3,19.3,10.2,10.2,0.0,0.0,0.0,0.133,0.12,0.125,0.0,0.0,0.0,0.0017000000000000001,0.171,0.173,102.89,100.39,83.66,100.39,0.0,31,0,5,0.0,5.0,0.0,1,1,1,1,17703,17217,18142,18142,1255,2023,2023,4915,7517,7517,16819,11715,16819,1695,11613,5315,1,1,19893,20147,12252,12723,9253,12596,12596,19529,19893,14368,19893,14368,19893,1,14:35,2020,2021
2020-21,201143,Al Horford,Al,1610612760,OKC,Oklahoma City Thunder,22000081,2021-01-02T00:00:00,OKC @ ORL,W,27.8,106.3,103.5,103.5,104.8,108.9,108.9,1.5,-5.4,-5.4,0.235,4.0,23.5,0.038,0.171,0.115,0.059000000000000004,0.059000000000000004,0.005,0.005,0.22,0.23,98.29,97.67,81.39,97.67,0.105,57,5,12,5.0,12.0,0.417,1,1,1,1,8302,12825,14177,14177,9035,10954,10954,10601,13295,13295,4784,1080,6409,8226,7138,6468,10092,10174,10646,13141,7143,6791,15755,16569,16569,9625,6152,5097,6152,5097,12627,1,27:46,2020,2021
2020-21,1630197,Aleksej Pokusevski,Aleksej,1610612760,OKC,Oklahoma City Thunder,22000081,2021-01-02T00:00:00,OKC @ ORL,W,14.3,102.6,100.0,100.0,60.7,65.5,65.5,42.0,34.5,34.5,0.0,0.0,0.0,0.0,0.074,0.048,0.667,0.667,0.0,0.0,0.086,0.088,103.61,101.05,84.21,101.05,0.0,31,0,1,0.0,1.0,0.0,1,1,1,1,17886,14525,15193,15193,516,673,673,1318,2152,2155,16819,11715,16819,11150,16059,16323,22875,22876,19893,20448,20518,20598,8266,11562,11562,19529,19893,20551,19893,20551,19893,1,14:15,2020,2021
2020-21,1630177,Theo Maledon,Theo,1610612760,OKC,Oklahoma City Thunder,22000081,2021-01-02T00:00:00,OKC @ ORL,W,19.4,100.6,100.0,100.0,79.9,85.7,85.7,20.8,14.3,14.3,0.444,4.0,33.3,0.043,0.061,0.054,0.083,0.08,0.00786,0.008060000000000001,0.163,0.173,110.14,106.67,88.89,106.67,0.252,44,5,7,5.0,7.0,0.714,1,1,1,1,14674,15409,15193,15193,1525,2395,2395,4554,6251,6275,827,1080,2412,7524,17292,15395,12082,12068,3098,3004,13283,12623,2228,4676,4657,716,6152,11165,6152,11165,2429,1,19:21,2020,2021
2020-21,1629652,Luguentz Dort,Luguentz,1610612760,OKC,Oklahoma City Thunder,22000081,2021-01-02T00:00:00,OKC @ ORL,W,30.2,108.9,106.3,106.3,99.7,101.6,101.6,9.2,4.7,4.7,0.0,0.0,0.0,0.0,0.103,0.058,0.1,0.102,0.00357,0.0051400000000000005,0.152,0.154,99.17,99.39,82.83,99.39,0.035,63,2,7,2.0,7.0,0.286,1,1,1,1,6441,11500,12854,12854,6607,7484,7484,7873,9472,9472,16819,11715,16819,11150,13312,14660,13495,14105,16511,12517,14541,14787,14591,14110,14110,17483,13638,11165,13638,11165,17105,1,30:11,2020,2021
2020-21,1629647,Darius Bazley,Darius,1610612760,OKC,Oklahoma City Thunder,22000081,2021-01-02T00:00:00,OKC @ ORL,W,32.4,111.7,111.9,111.9,105.8,110.4,110.4,5.9,1.5,1.5,0.105,0.0,15.4,0.0,0.286,0.162,0.0,0.0,0.008,0.00839,0.157,0.164,101.57,99.26,82.72,99.26,0.21,67,7,10,7.0,10.0,0.7,1,1,1,1,4766,10084,10119,10119,9479,11696,11696,9011,10690,10690,11502,11715,10765,11150,1822,2835,1,1,2800,2464,13928,13695,11154,14318,14318,1618,3206,7133,3206,7133,2696,1,32:24,2020,2021
2020-21,1628983,Shai Gilgeous-Alexander,Shai,1610612760,OKC,Oklahoma City Thunder,22000081,2021-01-02T00:00:00,OKC @ ORL,W,34.8,107.9,108.0,108.0,106.9,108.1,108.1,1.0,-0.1,-0.1,0.304,7.0,25.9,0.0,0.091,0.05,0.037000000000000005,0.037000000000000005,0.0035299999999999997,0.00417,0.256,0.262,103.46,102.86,85.71,102.86,0.068,75,5,17,5.0,17.0,0.294,1,1,1,1,3062,11992,12076,12076,10018,10521,10521,10764,11523,11523,2839,204,5145,11150,14301,15919,8956,8975,16683,16272,4162,4270,8467,8869,8918,14138,6152,1960,6152,1960,17076,1,34:46,2020,2021
2020-21,201588,George Hill,George,1610612760,OKC,Oklahoma City Thunder,22000081,2021-01-02T00:00:00,OKC @ ORL,W,27.6,106.3,103.5,103.5,106.6,110.9,110.9,-0.4,-7.4,-7.4,0.333,5.0,27.8,0.0,0.029,0.017,0.055999999999999994,0.054000000000000006,0.0070799999999999995,0.0072299999999999994,0.22,0.238,98.2,97.57,81.31,97.57,0.161,57,7,12,7.0,12.0,0.583,1,1,1,1,8470,12825,14177,14177,9913,11904,11904,11396,13985,13985,1999,622,4542,11150,19477,20242,9885,9903,4856,5060,7143,6173,15878,16710,16710,4148,3206,5097,3206,5097,5615,1,27:33,2020,2021
2020-21,1630177,Theo Maledon,Theo,1610612760,OKC,Oklahoma City Thunder,22000067,2020-12-31T00:00:00,OKC vs. NOP,L,26.3,72.3,73.7,73.7,106.2,105.1,105.1,-33.9,-31.4,-31.4,0.143,2.0,16.7,0.0,0.185,0.081,0.083,0.083,0.00333,0.00333,0.159,0.161,106.13,105.69,88.08,105.69,0.023,57,2,9,2.0,9.0,0.222,1,11623,11623,11623,9370,21779,21591,21591,9669,9081,9081,20257,19847,19847,8804,3550,9667,11150,6193,10919,12082,12206,16814,18119,13761,13987,5210,5559,5559,18422,13638,8309,13638,8309,18584,1,26:20,2020,2021
2020-21,1629647,Darius Bazley,Darius,1610612760,OKC,Oklahoma City Thunder,22000067,2020-12-31T00:00:00,OKC vs. NOP,L,26.7,97.7,96.2,96.2,117.3,119.2,119.2,-19.6,-23.0,-23.0,0.118,0.5,15.4,0.038,0.111,0.075,0.308,0.3,0.00333,0.0047799999999999995,0.193,0.201,94.34,94.3,78.58,94.3,0.029,53,2,6,2.0,6.0,0.333,1,11623,11623,11623,9097,16724,17309,17309,15225,15937,15937,17592,18316,18316,10626,10215,10765,8226,12294,11730,21817,21800,16814,14694,9888,9553,19940,20147,20147,18006,13638,12753,13638,12753,15094,1,26:43,2020,2021
2020-21,203488,Mike Muscala,Mike,1610612760,OKC,Oklahoma City Thunder,22000067,2020-12-31T00:00:00,OKC vs. NOP,L,15.6,80.9,81.1,81.1,105.9,108.1,108.1,-25.0,-27.0,-27.0,0.143,0.0,12.5,0.0,0.105,0.051,0.0,0.0,0.00714,0.00714,0.171,0.175,115.02,113.72,94.77,113.72,0.164,37,4,7,4.0,7.0,0.571,1,11623,11623,11623,17108,20979,20864,20864,9552,10521,10521,18772,19126,19130,8804,11715,12419,11150,12971,15759,1,1,4629,5264,12334,12495,808,1238,1238,3895,8251,11165,8251,11165,5826,1,15:37,2020,2021
2020-21,1628977,Hamidou Diallo,Hamidou,1610612760,OKC,Oklahoma City Thunder,22000067,2020-12-31T00:00:00,OKC vs. NOP,L,17.8,73.0,71.4,71.4,111.1,109.8,109.8,-38.0,-38.3,-38.3,0.3,0.0,30.0,0.0,0.056,0.023,0.0,0.0,0.00167,0.00218,0.149,0.156,110.13,112.01,93.35,112.01,0.016,42,1,6,1.0,6.0,0.167,1,11623,11623,11623,15743,21736,21734,21734,12196,11367,11367,20747,20688,20688,2891,11715,3735,11150,17678,19658,1,1,19523,19790,14802,14503,2236,1693,1693,18931,16702,12753,16702,12753,19313,1,17:47,2020,2021
2020-21,1630221,Josh Hall,Josh,1610612760,OKC,Oklahoma City Thunder,22000067,2020-12-31T00:00:00,OKC vs. NOP,L,10.3,32.2,31.8,31.8,137.5,122.7,122.7,-105.3,-90.9,-90.9,0.0,0.0,0.0,0.0,0.111,0.042,0.0,0.0,0.003,0.00255,0.25,0.258,96.31,102.36,85.3,102.36,-0.213,22,1,5,1.0,5.0,0.2,1,11623,11623,11623,19528,22727,22717,22717,21062,17367,17367,22744,22635,22634,16819,11715,16819,11150,12294,17270,1,1,17843,19340,4441,4539,18137,9609,9609,22825,16702,14368,16702,14368,18781,1,10:19,2020,2021
2020-21,1629650,Moses Brown,Moses,1610612760,OKC,Oklahoma City Thunder,22000067,2020-12-31T00:00:00,OKC vs. NOP,L,3.1,0.0,0.0,0.0,100.0,75.0,75.0,-100.0,-75.0,-75.0,0.0,0.0,0.0,0.0,0.5,0.25,0.0,0.0,0.0,0.0,0.25,0.278,97.43,122.16,101.8,122.16,-0.2,8,0,1,0.0,1.0,0.0,1,11623,11623,11623,21929,22794,22793,22793,6729,1109,1109,22692,22441,22443,16819,11715,16819,11150,107,485,1,1,19893,20448,4441,3328,16915,426,426,22785,19893,20551,19893,20551,19893,1,3:09,2020,2021
2020-21,1628983,Shai Gilgeous-Alexander,Shai,1610612760,OKC,Oklahoma City Thunder,22000067,2020-12-31T00:00:00,OKC vs. NOP,L,28.5,97.8,96.4,96.4,117.6,119.3,119.3,-19.7,-22.9,-22.9,0.235,2.0,23.5,0.034,0.1,0.068,0.11800000000000001,0.11800000000000001,0.004,0.00368,0.217,0.218,95.22,95.19,79.33,95.19,0.04,56,3,10,3.0,10.0,0.3,1,11623,11623,11623,7736,16669,17240,17240,15331,15977,15977,17621,18298,18298,4784,3550,6409,8907,13367,12995,15144,15296,15280,17555,7463,7955,19209,19346,19346,17035,10694,7133,10694,7133,16897,1,28:29,2020,2021
2020-21,201143,Al Horford,Al,1610612760,OKC,Oklahoma City Thunder,22000067,2020-12-31T00:00:00,OKC vs. NOP,L,24.2,100.5,97.8,97.8,115.7,115.6,115.6,-15.1,-17.7,-17.7,0.3,0.0,25.0,0.045,0.208,0.13,0.0,0.0,0.009439999999999999,0.009439999999999999,0.184,0.188,88.92,90.19,75.15,90.19,0.259,46,7,9,7.0,9.0,0.778,1,11623,11623,11623,11014,15454,16757,16757,14449,14266,14266,16430,17127,17129,2891,11715,5205,7263,4825,4934,1,1,1584,1496,10881,10951,22243,22226,22226,655,3206,8309,3206,8309,1717,1,24:13,2020,2021
2020-21,1630197,Aleksej Pokusevski,Aleksej,1610612760,OKC,Oklahoma City Thunder,22000067,2020-12-31T00:00:00,OKC vs. NOP,L,20.7,62.5,63.0,63.0,114.6,110.9,110.9,-52.1,-47.8,-47.8,0.4,0.67,28.6,0.0,0.217,0.098,0.429,0.429,0.00375,0.00375,0.196,0.202,105.36,106.62,88.85,106.62,0.074,46,1,4,1.0,4.0,0.25,1,11623,11623,11623,13661,22253,22169,22169,13915,11882,11882,21816,21504,21504,1165,9817,4109,11150,4348,8454,22527,22534,15925,17266,9574,9445,6107,4724,4724,13331,16702,15987,16702,15987,17720,1,20:43,2020,2021
2020-21,1629026,Kenrich Williams,Kenrich,1610612760,OKC,Oklahoma City Thunder,22000067,2020-12-31T00:00:00,OKC vs. NOP,L,7.3,33.9,33.3,33.3,136.9,126.7,126.7,-103.0,-93.3,-93.3,0.0,0.0,0.0,0.1,0.0,0.063,0.0,0.0,0.0,0.0,0.188,0.19,94.16,98.63,82.19,98.63,-0.147,15,0,3,0.0,3.0,0.0,1,11623,11623,11623,20389,22707,22679,22679,20993,18711,18711,22735,22650,22654,16819,11715,16819,2837,19725,13763,1,1,19893,20448,10430,10736,20044,15199,15206,22672,19893,17566,19893,17566,19893,1,7:18,2020,2021
2020-21,1629676,Isaiah Roby,Isaiah,1610612760,OKC,Oklahoma City Thunder,22000067,2020-12-31T00:00:00,OKC vs. NOP,L,18.3,66.8,65.9,65.9,113.9,109.8,109.8,-47.0,-43.9,-43.9,0.0,0.0,0.0,0.077,0.2,0.13,0.25,0.228,0.006,0.005180000000000001,0.174,0.202,104.85,107.58,89.65,107.58,0.037,41,3,5,3.0,5.0,0.6,1,11623,11623,11623,15413,22089,22102,22102,13581,11367,11367,21565,21223,21225,16819,11715,16819,4204,5063,4934,20812,20677,7872,12371,11995,9513,6730,3979,3979,17256,10694,14368,10694,14368,4810,1,18:18,2020,2021
2020-21,1629652,Luguentz Dort,Luguentz,1610612760,OKC,Oklahoma City Thunder,22000067,2020-12-31T00:00:00,OKC vs. NOP,L,16.9,117.6,112.9,112.9,116.3,112.5,112.5,1.3,0.4,0.4,0.1,0.5,9.1,0.077,0.105,0.094,0.182,0.182,0.005,0.005,0.294,0.305,86.49,89.73,74.78,89.73,0.041,31,3,8,3.0,8.0,0.375,1,11623,11623,11623,16363,7299,9644,9644,14742,12712,12712,10658,10954,10954,11723,10215,14598,4204,12971,8983,19113,19188,10646,13141,2182,2105,22547,22332,22332,16871,10694,9686,10694,9686,14155,1,16:51,2020,2021
2020-21,201588,George Hill,George,1610612760,OKC,Oklahoma City Thunder,22000067,2020-12-31T00:00:00,OKC vs. NOP,L,24.2,100.5,97.8,97.8,115.7,115.6,115.6,-15.1,-17.7,-17.7,0.286,2.0,30.8,0.0,0.0,0.0,0.154,0.154,0.00571,0.00571,0.184,0.188,88.92,90.19,75.15,90.19,0.057,46,3,7,3.0,7.0,0.429,1,11623,11623,11623,11014,15454,16757,16757,14449,14266,14266,16430,17127,17129,3200,3550,3545,11150,19725,20503,17624,17714,9007,10391,10881,10951,22243,22226,22226,15258,10694,11165,10694,11165,11933,1,24:13,2020,2021
2020-21,1629652,Luguentz Dort,Luguentz,1610612760,OKC,Oklahoma City Thunder,22000052,2020-12-29T00:00:00,OKC vs. ORL,L,29.0,109.3,111.7,111.7,133.4,133.3,133.3,-24.1,-21.7,-21.7,0.0,0.0,0.0,0.032,0.115,0.07,0.0,0.0,0.00536,0.00504,0.217,0.218,100.45,99.42,82.85,99.42,0.053,60,6,14,6.0,14.0,0.429,1,11623,11623,11623,7353,11281,10263,10263,20426,20304,20304,18581,18022,18022,16819,11715,16819,9296,12083,12627,1,1,10285,13078,7389,7914,12782,14060,14060,15752,4526,3568,4526,3568,11933,1,28:58,2020,2021
2020-21,1628382,Justin Jackson,Justin,1610612760,OKC,Oklahoma City Thunder,22000052,2020-12-29T00:00:00,OKC vs. ORL,L,29.2,108.2,107.9,107.9,126.5,123.8,123.8,-18.3,-15.9,-15.9,0.125,0.75,21.4,0.0,0.071,0.036,0.28600000000000003,0.28800000000000003,0.005,0.005809999999999999,0.155,0.158,102.43,103.68,86.4,103.68,0.045,63,3,6,3.0,6.0,0.5,1,11623,11623,11623,7207,11846,12109,12109,18729,17757,17757,17274,16578,16579,10010,9685,7364,11150,16224,18046,21531,21685,10646,10067,14167,14307,9919,7864,7863,16585,10694,12753,10694,12753,7582,1,29:10,2020,2021
2020-21,1630197,Aleksej Pokusevski,Aleksej,1610612760,OKC,Oklahoma City Thunder,22000052,2020-12-29T00:00:00,OKC vs. ORL,L,19.5,88.2,88.4,88.4,96.9,90.9,90.9,-8.7,-2.5,-2.5,0.214,3.0,25.0,0.05,0.208,0.136,0.083,0.083,0.00125,0.00125,0.196,0.195,103.92,107.17,89.31,107.17,0.025,43,1,8,1.0,8.0,0.125,1,11623,11623,11623,14582,19606,19532,19532,5475,3516,3516,14388,12250,12250,5508,1931,5205,6713,4825,4498,12082,12206,19781,20370,9608,10227,7890,4259,4259,18314,16702,9686,16702,9686,19716,1,19:29,2020,2021
2020-21,1630221,Josh Hall,Josh,1610612760,OKC,Oklahoma City Thunder,22000052,2020-12-29T00:00:00,OKC vs. ORL,L,0.8,34.7,33.3,33.3,200.0,66.7,66.7,-165.3,-33.3,-33.3,0.0,0.0,0.0,0.0,0.0,0.0,0.0,0.0,0.0,0.0,0.333,0.347,116.89,180.75,150.63,180.75,-0.5,3,0,1,0.0,1.0,0.0,1,11623,11623,11623,22915,22701,22679,22679,22861,684,684,22940,20112,20127,16819,11715,16819,11150,19725,20503,1,1,19893,20448,867,908,555,50,50,22970,19893,20551,19893,20551,19893,1,0:48,2020,2021
2020-21,1629026,Kenrich Williams,Kenrich,1610612760,OKC,Oklahoma City Thunder,22000052,2020-12-29T00:00:00,OKC vs. ORL,L,9.6,97.9,100.0,100.0,77.1,72.7,72.7,20.9,27.3,27.3,0.0,0.0,0.0,0.0,0.091,0.056,0.5,0.5,0.0,0.0,0.091,0.089,105.87,107.87,89.9,107.87,-0.054,21,0,1,0.0,1.0,0.0,1,11623,11623,11623,19747,16603,15193,15193,1256,994,994,4531,3211,3218,16819,11715,16819,11150,14301,14969,22574,22586,19893,20448,20132,20514,5505,3758,3758,21955,19893,20551,19893,20551,19893,1,9:34,2020,2021
2020-21,1630177,Theo Maledon,Theo,1610612760,OKC,Oklahoma City Thunder,22000052,2020-12-29T00:00:00,OKC vs. ORL,L,20.2,91.6,91.3,91.3,108.3,102.2,102.2,-16.7,-10.9,-10.9,0.214,1.5,23.1,0.0,0.045,0.022,0.154,0.157,0.00417,0.00451,0.204,0.2,106.12,109.4,91.16,109.4,0.014,46,2,6,2.0,6.0,0.333,1,11623,11623,11623,14050,18758,18765,18765,10770,7725,7725,16863,15103,15101,5508,5729,6542,11150,18452,19768,17624,17956,14855,15318,8714,9767,5228,2796,2796,19030,13638,12753,13638,12753,15094,1,20:11,2020,2021
2020-21,1629647,Darius Bazley,Darius,1610612760,OKC,Oklahoma City Thunder,22000052,2020-12-29T00:00:00,OKC vs. ORL,L,28.5,110.8,113.1,113.1,128.4,127.9,127.9,-17.6,-14.8,-14.8,0.08,1.0,11.1,0.071,0.16,0.113,0.111,0.111,0.00214,0.00214,0.229,0.231,103.55,102.68,85.56,102.68,0.007,61,3,14,3.0,14.0,0.214,1,11623,11623,11623,7713,10561,9538,9538,19236,19074,19074,17083,16282,16279,13392,6835,13295,4609,8001,6643,14407,14566,19104,19808,6390,6694,8344,9165,9165,19373,10694,3568,10694,3568,18745,1,28:31,2020,2021
2020-21,1628977,Hamidou Diallo,Hamidou,1610612760,OKC,Oklahoma City Thunder,22000052,2020-12-29T00:00:00,OKC vs. ORL,L,22.0,87.1,89.8,89.8,92.4,91.8,91.8,-5.3,-2.0,-2.0,0.0,0.0,0.0,0.087,0.231,0.163,0.25,0.233,0.006670000000000001,0.00658,0.222,0.232,108.33,106.97,89.14,106.97,0.175,49,6,9,6.0,9.0,0.667,1,11623,11623,11623,12694,19863,19184,19184,3985,3809,3809,13196,12069,12069,16819,11715,16819,3610,3670,2792,20812,20752,5569,7158,6852,6605,3322,4421,4421,3179,4526,8309,4526,8309,2900,1,21:59,2020,2021
2020-21,203488,Mike Muscala,Mike,1610612760,OKC,Oklahoma City Thunder,22000052,2020-12-29T00:00:00,OKC vs. ORL,L,19.9,97.9,100.0,100.0,96.8,93.3,93.3,1.1,6.7,6.7,0.167,2.0,22.2,0.0,0.208,0.116,0.111,0.106,0.01083,0.01087,0.152,0.158,106.56,107.34,89.45,107.34,0.229,44,5,6,5.0,6.0,0.833,1,11623,11623,11623,14256,16651,15193,15193,5421,4245,4245,10752,8760,8774,7471,3550,6856,11150,4825,6328,14407,14314,458,478,14478,14265,4735,4137,4137,1121,6152,12753,6152,12753,1305,1,19:54,2020,2021
2020-21,1628983,Shai Gilgeous-Alexander,Shai,1610612760,OKC,Oklahoma City Thunder,22000052,2020-12-29T00:00:00,OKC vs. ORL,L,33.3,109.4,111.4,111.4,121.7,121.1,121.1,-12.3,-9.7,-9.7,0.292,1.4,29.2,0.0,0.206,0.108,0.20800000000000002,0.207,0.0095,0.00943,0.213,0.217,102.18,101.52,84.6,101.52,0.185,70,8,10,8.0,10.0,0.8,1,11623,11623,11623,4109,11233,10355,10355,17073,16767,16767,15576,14756,14756,3147,6369,4051,11150,4968,7294,20232,20224,1576,1508,7890,8018,10261,10870,10870,2647,2196,7133,2196,7133,1469,1,33:20,2020,2021
2020-21,1629676,Isaiah Roby,Isaiah,1610612760,OKC,Oklahoma City Thunder,22000052,2020-12-29T00:00:00,OKC vs. ORL,L,28.1,104.3,106.8,106.8,129.6,126.7,126.7,-25.3,-19.9,-19.9,0.0,0.0,0.0,0.138,0.12,0.13,0.071,0.07,0.00792,0.00713,0.203,0.209,101.67,101.64,84.7,101.64,0.118,59,9,12,9.0,12.0,0.75,1,11623,11623,11623,8039,13754,12652,12652,19579,18711,18711,18846,17625,17625,16819,11715,16819,1606,11613,5044,11065,11091,3061,5349,8830,8789,10992,10695,10695,8213,1450,5097,1450,5097,1826,1,28:06,2020,2021
2020-21,201588,George Hill,George,1610612760,OKC,Oklahoma City Thunder,22000043,2020-12-28T00:00:00,OKC vs. UTA,L,25.1,107.5,115.1,115.1,106.5,105.8,105.8,1.0,9.3,9.3,0.25,0.0,22.2,0.111,0.074,0.093,0.0,0.0,0.00385,0.00461,0.226,0.25,103.75,100.53,83.78,100.53,0.131,53,5,13,5.0,13.0,0.385,1,11623,11623,11623,10393,12182,8596,8596,9823,9396,9396,10766,7827,7827,4026,11715,6856,2373,16059,9151,1,1,15831,15104,6609,5121,8101,12372,12372,6809,6152,4300,6152,4300,13990,1,25:04,2020,2021
2020-21,1629647,Darius Bazley,Darius,1610612760,OKC,Oklahoma City Thunder,22000043,2020-12-28T00:00:00,OKC vs. UTA,L,33.4,98.8,106.0,106.0,112.6,113.4,113.4,-13.7,-7.5,-7.5,0.0,0.0,0.0,0.0,0.333,0.162,0.25,0.253,0.005,0.00507,0.154,0.155,100.29,96.43,80.36,96.43,0.079,67,3,8,3.0,8.0,0.375,1,11623,11623,11623,4102,16282,13011,13011,12920,13203,13203,15976,14003,14003,16819,11715,16819,11150,906,2870,20812,21246,10646,12867,14208,14673,13037,18065,18065,12800,10694,9686,10694,9686,14155,1,33:21,2020,2021
2020-21,203488,Mike Muscala,Mike,1610612760,OKC,Oklahoma City Thunder,22000043,2020-12-28T00:00:00,OKC vs. UTA,L,18.8,95.9,92.7,92.7,110.5,112.2,112.2,-14.6,-19.5,-19.5,0.083,1.0,9.1,0.048,0.067,0.056,0.091,0.091,0.005,0.005,0.217,0.235,103.76,104.68,87.23,104.68,0.053,41,3,9,3.0,9.0,0.333,1,11623,11623,11623,15073,17425,18394,18394,11922,12609,12609,16258,17545,17550,12981,6835,14598,7005,16720,14969,12713,12875,10646,13141,7389,6415,8092,6657,6656,15677,10694,8309,10694,8309,15094,1,18:48,2020,2021
2020-21,1630197,Aleksej Pokusevski,Aleksej,1610612760,OKC,Oklahoma City Thunder,22000043,2020-12-28T00:00:00,OKC vs. UTA,L,14.4,116.9,108.8,108.8,101.1,100.0,100.0,15.9,8.8,8.8,0.0,0.0,0.0,0.0,0.167,0.074,0.0,0.0,0.0,0.0,0.054,0.059,108.55,113.07,94.23,113.07,0.008,34,0,2,0.0,2.0,0.0,1,11623,11623,11623,17793,7598,11693,11693,7320,6113,6113,5878,7995,7995,16819,11715,16819,11150,7229,11932,1,1,19893,20448,21756,21662,3160,1392,1392,19344,19893,19102,19893,19102,19893,1,14:26,2020,2021
2020-21,1628983,Shai Gilgeous-Alexander,Shai,1610612760,OKC,Oklahoma City Thunder,22000043,2020-12-28T00:00:00,OKC vs. UTA,L,36.4,106.9,111.8,111.8,110.2,109.5,109.5,-3.2,2.4,2.4,0.333,1.75,20.6,0.0,0.086,0.042,0.11800000000000001,0.11800000000000001,0.00452,0.00505,0.31,0.317,100.83,98.86,82.38,98.86,0.101,76,9,21,9.0,21.0,0.429,1,11623,11623,11623,1955,12472,10189,10189,11767,11234,11234,12471,10359,10359,1999,5429,7723,11150,14978,17270,15144,15296,13886,13003,1611,1688,12226,14884,14887,10130,1450,691,1450,691,11933,1,36:25,2020,2021
2020-21,1628977,Hamidou Diallo,Hamidou,1610612760,OKC,Oklahoma City Thunder,22000043,2020-12-28T00:00:00,OKC vs. UTA,L,19.9,103.3,100.0,100.0,105.4,107.0,107.0,-2.1,-7.0,-7.0,0.071,0.0,11.1,0.048,0.313,0.162,0.0,0.0,0.0042899999999999995,0.00444,0.167,0.177,103.02,103.89,86.58,103.89,0.101,43,3,7,3.0,7.0,0.429,1,11623,11623,11623,14275,14238,15193,15193,9313,10001,10001,12078,13850,13849,13934,11715,13295,7005,1390,2835,1,1,14492,15557,12634,12289,9067,7622,7622,10133,10694,11165,10694,11165,11933,1,19:52,2020,2021
2020-21,1629026,Kenrich Williams,Kenrich,1610612760,OKC,Oklahoma City Thunder,22000043,2020-12-28T00:00:00,OKC vs. UTA,L,11.4,92.9,92.0,92.0,104.8,108.0,108.0,-11.9,-16.0,-16.0,0.143,0.0,25.0,0.077,0.0,0.043,0.0,0.0,0.006670000000000001,0.006670000000000001,0.107,0.112,106.05,104.96,87.46,104.96,0.069,25,2,3,2.0,3.0,0.667,1,11623,11623,11623,19144,18391,18575,18575,9036,10452,10452,15454,16606,16606,8804,11715,5205,4204,19725,16989,1,1,5569,6637,19044,18894,5293,6335,6336,13919,13638,17566,13638,17566,2900,1,11:26,2020,2021
2020-21,201143,Al Horford,Al,1610612760,OKC,Oklahoma City Thunder,22000043,2020-12-28T00:00:00,OKC vs. UTA,L,29.2,109.7,116.4,116.4,107.5,106.7,106.7,2.2,9.7,9.7,0.19,4.0,26.7,0.0,0.167,0.085,0.067,0.067,0.0055000000000000005,0.0055000000000000005,0.157,0.16,102.12,99.45,82.88,99.45,0.109,61,4,10,4.0,10.0,0.4,1,11623,11623,11623,7178,11100,7996,7996,10370,9787,9787,10348,7695,7695,6513,1080,4914,11150,7229,10253,10695,10791,9832,11300,13928,14095,10359,14016,14016,9194,8251,7133,8251,7133,12966,1,29:12,2020,2021
2020-21,1629652,Luguentz Dort,Luguentz,1610612760,OKC,Oklahoma City Thunder,22000043,2020-12-28T00:00:00,OKC vs. UTA,L,31.7,107.9,112.1,112.1,110.2,110.9,110.9,-2.4,1.2,1.2,0.059,0.33,5.9,0.031,0.03,0.031,0.17600000000000002,0.179,0.01045,0.01019,0.213,0.217,100.69,98.42,82.02,98.42,0.165,66,9,11,9.0,11.0,0.818,1,11623,11623,11623,5275,12022,10029,10029,11798,11920,11920,12166,10805,10805,14895,11241,16324,9476,19427,18807,18983,19144,525,700,7795,8003,12436,15467,15467,3838,1450,6027,1450,6027,1440,1,31:42,2020,2021
2020-21,1630177,Theo Maledon,Theo,1610612760,OKC,Oklahoma City Thunder,22000043,2020-12-28T00:00:00,OKC vs. UTA,L,19.7,98.2,97.7,97.7,112.3,116.3,116.3,-14.1,-18.6,-18.6,0.133,0.67,25.0,0.0,0.0,0.0,0.375,0.381,0.0125,0.01042,0.125,0.128,106.15,104.59,87.16,104.59,0.05,43,2,2,2.0,2.0,1.0,1,11623,11623,11623,14384,16514,16813,16813,12796,14604,14604,16091,17320,17320,9603,9817,5205,11150,19725,20503,22376,22411,237,567,17231,17400,5186,6755,6755,16022,13638,19102,13638,19102,1,1,19:44,2020,2021
2020-21,1629026,Kenrich Williams,Kenrich,1610612760,OKC,Oklahoma City Thunder,22000022,2020-12-26T00:00:00,OKC @ CHA,W,16.3,79.8,80.0,80.0,99.5,100.0,100.0,-19.7,-20.0,-20.0,0.222,2.0,28.6,0.053,0.133,0.088,0.14300000000000002,0.145,0.005,0.00644,0.125,0.128,101.74,101.39,84.49,101.39,0.103,35,1,3,1.0,3.0,0.333,1,1,1,1,16698,21124,20931,20931,6545,6113,6113,17613,17640,17642,5155,3550,4109,6380,10236,9713,16694,17322,10646,7538,17231,17437,10892,11088,11088,9887,16702,17566,16702,17566,15094,1,16:20,2020,2021
2020-21,203488,Mike Muscala,Mike,1610612760,OKC,Oklahoma City Thunder,22000022,2020-12-26T00:00:00,OKC @ CHA,W,18.2,112.0,113.2,113.2,108.7,102.5,102.5,3.3,10.7,10.7,0.1,0.0,10.0,0.0,0.091,0.049,0.0,0.0,0.0075,0.00788,0.205,0.209,100.56,103.05,85.87,103.05,0.17,38,5,8,5.0,8.0,0.625,1,1,1,1,15485,9931,9510,9510,10971,7865,7865,9945,7376,7376,11723,11715,14007,11150,14301,16179,1,1,3445,3342,8658,8767,12630,8668,8668,3483,6152,9686,6152,9686,4319,1,18:10,2020,2021
2020-21,201588,George Hill,George,1610612760,OKC,Oklahoma City Thunder,22000022,2020-12-26T00:00:00,OKC @ CHA,W,24.1,122.9,122.2,122.2,104.5,101.8,101.8,18.4,20.4,20.4,0.176,3.0,21.4,0.048,0.077,0.067,0.071,0.07200000000000001,0.01111,0.010629999999999999,0.193,0.195,107.1,108.77,90.64,108.77,0.206,54,8,9,8.0,9.0,0.889,1,1,1,1,11134,5123,5442,5442,8882,7584,7584,5145,4631,4631,7174,1931,7364,7005,15691,13105,11065,11297,432,544,9888,10236,4239,3162,3162,1771,2196,8309,2196,8309,1139,1,24:03,2020,2021
2020-21,201143,Al Horford,Al,1610612760,OKC,Oklahoma City Thunder,22000022,2020-12-26T00:00:00,OKC @ CHA,W,28.6,101.3,101.5,101.5,96.4,95.5,95.5,4.9,6.1,6.1,0.125,3.0,33.3,0.0,0.317,0.183,0.111,0.106,0.002,0.0027600000000000003,0.087,0.094,109.72,110.12,91.77,110.12,0.128,65,1,5,1.0,5.0,0.2,1,1,1,1,7678,15104,15027,15027,5293,4910,4910,9354,8972,8972,10010,1931,2412,11150,1349,1979,14407,14314,19207,19151,20447,20154,2451,2430,2430,7163,16702,14368,16702,14368,18781,1,28:33,2020,2021
2020-21,1630177,Theo Maledon,Theo,1610612760,OKC,Oklahoma City Thunder,22000022,2020-12-26T00:00:00,OKC @ CHA,W,20.4,69.6,68.2,68.2,103.1,104.5,104.5,-33.5,-36.4,-36.4,0.222,0.5,18.2,0.0,0.0,0.0,0.364,0.364,0.004,0.004,0.176,0.187,102.98,103.36,86.13,103.36,-0.016,44,2,5,2.0,5.0,0.4,1,1,1,1,13873,21945,21918,21918,8284,8792,8792,20192,20479,20479,5155,10215,9055,11150,19725,20503,22356,22361,15280,16675,11684,11112,9125,8260,8261,21035,13638,14368,13638,14368,12966,1,20:26,2020,2021
2020-21,1628983,Shai Gilgeous-Alexander,Shai,1610612760,OKC,Oklahoma City Thunder,22000022,2020-12-26T00:00:00,OKC @ CHA,W,34.4,116.5,115.2,115.2,97.7,98.7,98.7,18.8,16.5,16.5,0.375,1.8,23.1,0.057,0.098,0.081,0.128,0.13,0.00425,0.00492,0.345,0.35,109.59,109.64,91.37,109.64,0.102,79,8,20,8.0,20.0,0.4,1,1,1,1,3340,7828,8555,8555,5804,6073,6073,5057,5681,5681,1488,5408,6542,5957,13828,10820,16178,16287,14756,14441,744,870,2526,2681,2681,10045,2196,933,2196,933,12966,1,34:22,2020,2021
2020-21,1630197,Aleksej Pokusevski,Aleksej,1610612760,OKC,Oklahoma City Thunder,22000022,2020-12-26T00:00:00,OKC @ CHA,W,10.9,57.3,56.0,56.0,115.4,112.5,112.5,-58.1,-56.5,-56.5,0.0,0.0,0.0,0.0,0.4,0.16,0.14300000000000002,0.14300000000000002,0.0,0.0,0.241,0.255,105.01,107.56,89.63,107.56,-0.108,25,0,6,0.0,6.0,0.0,1,1,1,1,19325,22384,22360,22360,14311,12712,12712,22068,21936,21936,16819,11715,16819,11150,448,2925,16694,16870,19893,20448,5348,4769,6528,3988,3988,22491,19893,12753,19893,12753,19893,1,10:56,2020,2021
2020-21,1629652,Luguentz Dort,Luguentz,1610612760,OKC,Oklahoma City Thunder,22000022,2020-12-26T00:00:00,OKC @ CHA,W,34.6,117.5,119.2,119.2,97.9,97.5,97.5,19.7,21.8,21.8,0.071,0.0,12.5,0.057,0.057,0.057,0.0,0.0,0.00458,0.00545,0.163,0.162,109.56,109.01,90.84,109.01,0.081,78,5,12,5.0,12.0,0.417,1,1,1,1,3191,7335,6738,6738,5846,5575,5575,4827,4337,4337,13934,11715,12419,5957,17677,14870,1,1,13689,11505,13334,13915,2539,3037,3037,12551,6152,5097,6152,5097,12627,1,34:34,2020,2021
2020-21,1629647,Darius Bazley,Darius,1610612760,OKC,Oklahoma City Thunder,22000022,2020-12-26T00:00:00,OKC @ CHA,W,32.9,113.0,112.2,112.2,97.6,98.7,98.7,15.3,13.5,13.5,0.042,1.0,7.1,0.029,0.173,0.116,0.071,0.071,0.00625,0.00625,0.16,0.164,108.79,108.58,90.49,108.58,0.141,74,7,12,7.0,12.0,0.583,1,1,1,1,4400,9465,10018,10018,5753,6057,6057,6032,6499,6499,16303,6835,15726,9826,7061,6328,11065,11178,7026,8250,13579,13709,3008,3268,3268,5804,3206,5097,3206,5097,5615,1,32:56,2020,2021
2020-21,1628977,Hamidou Diallo,Hamidou,1610612760,OKC,Oklahoma City Thunder,22000022,2020-12-26T00:00:00,OKC @ CHA,W,19.7,73.5,72.1,72.1,92.4,93.0,93.0,-19.0,-20.9,-20.9,0.222,1.0,15.4,0.074,0.182,0.122,0.154,0.15,0.00375,0.0042899999999999995,0.216,0.23,104.31,104.95,87.46,104.95,0.111,43,3,8,3.0,8.0,0.375,1,1,1,1,14443,21708,21708,21708,3998,4180,4180,17435,17864,17864,5155,6835,10765,4471,6323,5755,17624,17593,15925,15946,7550,6784,7382,6351,6350,8938,10694,9686,10694,9686,14155,1,19:40,2020,2021
