player_id,player,team_id,team,age,gp,g,fga_frequency,fgm,fga,fg_pct,efg_pct,fg2a_frequency,fg2m,fg2a,fg2_pct,fg3a_frequency,fg3m,fg3a,fg3_pct
2544,LeBron James,1610612747,LAL,35.0,21,21,1.0,210,377,0.557,0.00615,0.687,166,259,0.641,0.313,44,118,0.373
1627750,Jamal Murray,1610612743,DEN,23.0,19,19,1.0,186,368,0.505,0.0059,0.628,124,231,0.537,0.372,62,137,0.453
203076,Anthony Davis,1610612747,LAL,27.0,21,21,1.0,201,353,0.569,0.00602,0.83,178,293,0.608,0.17,23,60,0.383
203999,Nikola Jokić,1610612743,DEN,25.0,19,19,1.0,178,342,0.52,0.00582,0.713,136,244,0.557,0.287,42,98,0.429
1628369,Jayson Tatum,1610612738,BOS,22.0,17,17,1.0,145,334,0.434,0.00504,0.623,98,208,0.471,0.377,47,126,0.373
202710,Jimmy Butler III,1610612748,MIA,30.0,21,21,1.0,143,292,0.49,0.0051400000000000005,0.86,129,251,0.514,0.14,14,41,0.341
1627759,Jaylen Brown,1610612738,BOS,23.0,17,17,1.0,137,288,0.476,0.0055000000000000005,0.583,94,168,0.56,0.417,43,120,0.358
1629639,Tyler Herro,1610612748,MIA,20.0,21,21,1.0,119,274,0.434,0.00522,0.533,71,146,0.486,0.467,48,128,0.375
202695,Kawhi Leonard,1610612746,LAC,29.0,13,13,1.0,131,268,0.489,0.00534,0.728,107,195,0.549,0.272,24,73,0.329
201609,Goran Dragic,1610612748,MIA,34.0,17,17,1.0,119,268,0.444,0.00513,0.601,82,161,0.509,0.399,37,107,0.346
202689,Kemba Walker,1610612738,BOS,30.0,17,17,1.0,113,256,0.441,0.005180000000000001,0.508,74,130,0.569,0.492,39,126,0.31
201935,James Harden,1610612745,HOU,30.0,12,12,1.0,109,228,0.478,0.005639999999999999,0.487,70,111,0.631,0.513,39,117,0.333
202331,Paul George,1610612746,LAC,30.0,13,13,1.0,88,221,0.398,0.00482,0.498,51,110,0.464,0.502,37,111,0.333
1628389,Bam Adebayo,1610612748,MIA,22.0,19,19,1.0,123,217,0.567,0.00567,0.995,123,216,0.569,0.005,0,1,0.0
203109,Jae Crowder,1610612748,MIA,29.0,21,21,1.0,81,200,0.405,0.005430000000000001,0.2,26,40,0.65,0.8,55,160,0.344
203935,Marcus Smart,1610612738,BOS,26.0,17,17,1.0,78,198,0.394,0.00497,0.379,37,75,0.493,0.621,41,123,0.333
1627832,Fred VanVleet,1610612761,TOR,26.0,11,11,1.0,76,190,0.4,0.00513,0.421,33,80,0.413,0.579,43,110,0.391
203484,Kentavious Caldwell-Pope,1610612747,LAL,27.0,21,21,1.0,78,185,0.422,0.005430000000000001,0.368,33,68,0.485,0.632,45,117,0.385
1627783,Pascal Siakam,1610612761,TOR,26.0,11,11,1.0,72,182,0.396,0.00423,0.709,62,129,0.481,0.291,10,53,0.189
203114,Khris Middleton,1610612749,MIL,28.0,10,10,1.0,71,179,0.397,0.00461,0.642,48,115,0.417,0.358,23,64,0.359
1628398,Kyle Kuzma,1610612747,LAL,24.0,21,21,1.0,77,178,0.433,0.00506,0.539,51,96,0.531,0.461,26,82,0.317
201569,Eric Gordon,1610612745,HOU,31.0,12,12,1.0,72,176,0.409,0.00491,0.489,43,86,0.5,0.511,29,90,0.322
203924,Jerami Grant,1610612743,DEN,26.0,19,19,1.0,71,175,0.406,0.00494,0.457,40,80,0.5,0.543,31,95,0.326
1629130,Duncan Robinson,1610612748,MIA,26.0,21,21,1.0,73,173,0.422,0.0059499999999999996,0.116,13,20,0.65,0.884,60,153,0.392
201980,Danny Green,1610612747,LAL,33.0,21,21,1.0,58,167,0.347,0.00461,0.329,20,55,0.364,0.671,38,112,0.339
1629008,Michael Porter Jr.,1610612743,DEN,22.0,19,19,1.0,78,164,0.476,0.00579,0.457,44,75,0.587,0.543,34,89,0.382
203507,Giannis Antetokounmpo,1610612749,MIL,25.0,9,9,1.0,90,161,0.559,0.00599,0.752,77,121,0.636,0.248,13,40,0.325
1628378,Donovan Mitchell,1610612762,UTA,23.0,7,7,1.0,83,157,0.529,0.00634,0.592,50,93,0.538,0.408,33,64,0.516
200768,Kyle Lowry,1610612761,TOR,34.0,11,11,1.0,62,148,0.419,0.00497,0.514,39,76,0.513,0.486,23,72,0.319
101150,Lou Williams,1610612746,LAC,33.0,13,13,1.0,62,146,0.425,0.00466,0.651,50,95,0.526,0.349,12,51,0.235
201566,Russell Westbrook,1610612745,HOU,31.0,8,8,1.0,59,140,0.421,0.0045000000000000005,0.764,51,107,0.477,0.236,8,33,0.242
1628420,Monté Morris,1610612743,DEN,25.0,19,19,1.0,66,133,0.496,0.005410000000000001,0.699,54,93,0.581,0.301,12,40,0.3
1629029,Luka Dončić,1610612742,DAL,21.0,6,6,1.0,64,128,0.5,0.00563,0.656,48,84,0.571,0.344,16,44,0.364
200765,Rajon Rondo,1610612747,LAL,34.0,16,16,1.0,53,119,0.445,0.00529,0.58,33,69,0.478,0.42,20,50,0.4
200794,Paul Millsap,1610612743,DEN,35.0,19,19,1.0,47,118,0.398,0.00462,0.627,32,74,0.432,0.373,15,44,0.341
1628464,Daniel Theis,1610612738,BOS,28.0,17,17,1.0,61,117,0.521,0.00538,0.778,57,91,0.626,0.222,4,26,0.154
201572,Brook Lopez,1610612749,MIL,32.0,10,10,1.0,61,114,0.535,0.00627,0.535,40,61,0.656,0.465,21,53,0.396
1627936,Alex Caruso,1610612747,LAL,26.0,21,21,1.0,48,113,0.425,0.005,0.46,31,52,0.596,0.54,17,61,0.279
101108,Chris Paul,1610612760,OKC,35.0,7,7,1.0,55,112,0.491,0.00563,0.616,39,69,0.565,0.384,16,43,0.372
202696,Nikola Vučević,1610612753,ORL,29.0,5,5,1.0,56,111,0.505,0.00586,0.604,38,67,0.567,0.396,18,44,0.409
202694,Marcus Morris Sr.,1610612746,LAC,30.0,13,13,1.0,56,111,0.505,0.00631,0.468,28,52,0.538,0.532,28,59,0.475
201586,Serge Ibaka,1610612761,TOR,30.0,11,11,1.0,63,110,0.573,0.006770000000000001,0.591,40,65,0.615,0.409,23,45,0.511
203471,Dennis Schröder,1610612760,OKC,26.0,7,7,1.0,44,109,0.404,0.0046300000000000004,0.587,31,64,0.484,0.413,13,45,0.289
1626181,Norman Powell,1610612761,TOR,27.0,11,11,1.0,51,104,0.49,0.00596,0.5,29,52,0.558,0.5,22,52,0.423
201145,Jeff Green,1610612745,HOU,33.0,12,12,1.0,51,103,0.495,0.00607,0.476,28,49,0.571,0.524,23,54,0.426
203468,CJ McCollum,1610612757,POR,28.0,5,5,1.0,44,99,0.444,0.0051,0.646,31,64,0.484,0.354,13,35,0.371
202693,Markieff Morris,1610612747,LAL,30.0,21,20,1.0,44,98,0.449,0.00597,0.296,15,29,0.517,0.704,29,69,0.42
202339,Eric Bledsoe,1610612749,MIL,30.0,9,9,1.0,38,98,0.388,0.0042899999999999995,0.673,30,66,0.455,0.327,8,32,0.25
203903,Jordan Clarkson,1610612762,UTA,28.0,7,7,1.0,45,97,0.464,0.005520000000000001,0.495,28,48,0.583,0.505,17,49,0.347
203496,Robert Covington,1610612745,HOU,29.0,12,12,1.0,47,95,0.495,0.00674,0.284,13,27,0.481,0.716,34,68,0.5
203482,Kelly Olynyk,1610612748,MIA,29.0,17,17,1.0,45,95,0.474,0.00563,0.484,28,46,0.609,0.516,17,49,0.347
203501,Tim Hardaway Jr.,1610612742,DAL,28.0,6,6,1.0,40,95,0.421,0.00521,0.432,21,41,0.512,0.568,19,54,0.352
1629134,Kendrick Nunn,1610612748,MIA,24.0,15,15,1.0,35,91,0.385,0.00445,0.538,24,49,0.49,0.462,11,42,0.262
1628983,Shai Gilgeous-Alexander,1610612760,OKC,21.0,7,7,1.0,39,90,0.433,0.00511,0.611,25,55,0.455,0.389,14,35,0.4
203914,Gary Harris,1610612743,DEN,25.0,14,14,1.0,34,90,0.378,0.00483,0.422,15,38,0.395,0.578,19,52,0.365
1628384,OG Anunoby,1610612761,TOR,22.0,11,11,1.0,40,88,0.455,0.00551,0.534,23,47,0.489,0.466,17,41,0.415
200782,P.J. Tucker,1610612745,HOU,35.0,12,12,1.0,35,88,0.398,0.0054,0.239,10,21,0.476,0.761,25,67,0.373
1627863,Danuel House Jr.,1610612745,HOU,27.0,9,9,1.0,37,84,0.44,0.005540000000000001,0.381,18,32,0.563,0.619,19,52,0.365
1626149,Montrezl Harrell,1610612746,LAC,26.0,13,13,1.0,47,82,0.573,0.00579,0.939,46,77,0.597,0.061,1,5,0.2
201568,Danilo Gallinari,1610612760,OKC,31.0,7,7,1.0,32,79,0.405,0.00481,0.532,20,42,0.476,0.468,12,37,0.324
1627826,Ivica Zubac,1610612746,LAC,23.0,13,13,1.0,44,78,0.564,0.005639999999999999,1.0,44,78,0.564,0.0,0,0,
1628470,Torrey Craig,1610612743,DEN,29.0,19,19,1.0,33,78,0.423,0.00494,0.462,22,36,0.611,0.538,11,42,0.262
1629652,Luguentz Dort,1610612760,OKC,21.0,6,6,1.0,27,76,0.355,0.00441,0.342,14,26,0.538,0.658,13,50,0.26
203497,Rudy Gobert,1610612762,UTA,28.0,7,7,1.0,48,74,0.649,0.00649,1.0,48,74,0.649,0.0,0,0,
203954,Joel Embiid,1610612755,PHI,26.0,4,4,1.0,34,74,0.459,0.00486,0.784,30,58,0.517,0.216,4,16,0.25
1627747,Caris LeVert,1610612751,BKN,25.0,4,4,1.0,27,73,0.37,0.00432,0.712,18,52,0.346,0.288,9,21,0.429
203933,T.J. Warren,1610612754,IND,26.0,4,4,1.0,32,68,0.471,0.00522,0.721,25,49,0.51,0.279,7,19,0.368
2546,Carmelo Anthony,1610612757,POR,36.0,5,5,1.0,28,68,0.412,0.00471,0.721,20,49,0.408,0.279,8,19,0.421
201588,George Hill,1610612749,MIL,34.0,10,10,1.0,32,67,0.478,0.005520000000000001,0.582,22,39,0.564,0.418,10,28,0.357
2738,Andre Iguodala,1610612748,MIA,36.0,21,20,1.0,30,65,0.462,0.00569,0.4,16,26,0.615,0.6,14,39,0.359
1627763,Malcolm Brogdon,1610612754,IND,27.0,4,4,1.0,26,65,0.4,0.00469,0.631,17,41,0.415,0.369,9,24,0.375
201144,Mike Conley,1610612762,UTA,32.0,5,5,1.0,31,64,0.484,0.00625,0.469,13,30,0.433,0.531,18,34,0.529
203082,Terrence Ross,1610612753,ORL,29.0,5,5,1.0,30,64,0.469,0.00547,0.531,20,34,0.588,0.469,10,30,0.333
203081,Damian Lillard,1610612757,POR,29.0,4,4,1.0,26,64,0.406,0.00508,0.484,13,31,0.419,0.516,13,33,0.394
201188,Marc Gasol,1610612761,TOR,35.0,11,11,1.0,25,64,0.391,0.0043,0.578,20,37,0.541,0.422,5,27,0.185
202699,Tobias Harris,1610612755,PHI,27.0,4,4,1.0,23,61,0.377,0.00393,0.754,21,46,0.457,0.246,2,15,0.133
203085,Austin Rivers,1610612745,HOU,27.0,12,12,1.0,19,61,0.311,0.00385,0.426,10,26,0.385,0.574,9,35,0.257
202954,Brad Wanamaker,1610612738,BOS,30.0,17,16,1.0,29,60,0.483,0.005829999999999999,0.55,17,33,0.515,0.45,12,27,0.444
1628365,Markelle Fultz,1610612753,ORL,22.0,5,5,1.0,24,60,0.4,0.0045000000000000005,0.733,18,44,0.409,0.267,6,16,0.375
203504,Trey Burke,1610612742,DAL,27.0,6,6,1.0,30,59,0.508,0.0057599999999999995,0.712,22,42,0.524,0.288,8,17,0.471
1629013,Landry Shamet,1610612746,LAC,23.0,13,13,1.0,24,59,0.407,0.00534,0.288,9,17,0.529,0.712,15,42,0.357
1627789,Timothe Luwawu-Cabarrot,1610612751,BKN,25.0,4,4,1.0,20,59,0.339,0.00449,0.339,7,20,0.35,0.661,13,39,0.333
2730,Dwight Howard,1610612747,LAL,34.0,18,16,1.0,39,57,0.684,0.0069299999999999995,0.965,38,55,0.691,0.035,1,2,0.5
203994,Jusuf Nurkić,1610612757,POR,25.0,5,5,1.0,25,57,0.439,0.0046500000000000005,0.807,22,46,0.478,0.193,3,11,0.273
202083,Wesley Matthews,1610612749,MIL,33.0,10,10,1.0,24,57,0.421,0.005699999999999999,0.246,7,14,0.5,0.754,17,43,0.395
203095,Evan Fournier,1610612753,ORL,27.0,5,5,1.0,20,57,0.351,0.00456,0.386,8,22,0.364,0.614,12,35,0.343
203506,Victor Oladipo,1610612754,IND,28.0,4,4,1.0,22,56,0.393,0.005,0.411,10,23,0.435,0.589,12,33,0.364
1626196,Josh Richardson,1610612755,PHI,26.0,4,4,1.0,20,56,0.357,0.00446,0.5,10,28,0.357,0.5,10,28,0.357
203210,JaMychal Green,1610612746,LAC,30.0,13,13,1.0,31,55,0.564,0.00655,0.582,21,32,0.656,0.418,10,23,0.435
204060,Joe Ingles,1610612762,UTA,32.0,7,7,1.0,22,54,0.407,0.005370000000000001,0.259,8,14,0.571,0.741,14,40,0.35
203552,Seth Curry,1610612742,DAL,29.0,6,6,1.0,31,53,0.585,0.006790000000000001,0.604,21,32,0.656,0.396,10,21,0.476
203500,Steven Adams,1610612760,OKC,26.0,7,7,1.0,31,52,0.596,0.00596,0.981,31,51,0.608,0.019,0,1,0.0
1627827,Dorian Finney-Smith,1610612742,DAL,27.0,6,6,1.0,23,52,0.442,0.0054800000000000005,0.423,12,22,0.545,0.577,11,30,0.367
1628978,Donte DiVincenzo,1610612749,MIL,23.0,10,10,1.0,23,51,0.451,0.0052,0.588,16,30,0.533,0.412,7,21,0.333
202330,Gordon Hayward,1610612738,BOS,30.0,5,5,1.0,20,50,0.4,0.004699999999999999,0.52,13,26,0.5,0.48,7,24,0.292
202066,Garrett Temple,1610612751,BKN,34.0,4,4,1.0,17,49,0.347,0.00439,0.265,8,13,0.615,0.735,9,36,0.25
202692,Alec Burks,1610612755,PHI,28.0,4,4,1.0,16,49,0.327,0.00357,0.673,13,33,0.394,0.327,3,16,0.188
202704,Reggie Jackson,1610612746,LAC,30.0,12,8,1.0,21,48,0.438,0.00615,0.333,4,16,0.25,0.667,17,32,0.531
2594,Kyle Korver,1610612749,MIL,39.0,10,10,1.0,20,47,0.426,0.005849999999999999,0.213,5,10,0.5,0.787,15,37,0.405
201571,D.J. Augustin,1610612753,ORL,32.0,5,5,1.0,18,47,0.383,0.00468,0.617,10,29,0.345,0.383,8,18,0.444
204020,Tyler Johnson,1610612751,BKN,28.0,4,4,1.0,21,46,0.457,0.0057599999999999995,0.391,10,18,0.556,0.609,11,28,0.393
101107,Marvin Williams,1610612749,MIL,34.0,10,10,1.0,19,45,0.422,0.00511,0.533,11,24,0.458,0.467,8,21,0.381
1629018,Gary Trent Jr.,1610612757,POR,21.0,5,5,1.0,16,45,0.356,0.0046700000000000005,0.467,6,21,0.286,0.533,10,24,0.417
1626167,Myles Turner,1610612754,IND,24.0,4,4,1.0,25,44,0.568,0.00636,0.682,19,30,0.633,0.318,6,14,0.429
1627777,Georges Niang,1610612762,UTA,27.0,7,7,1.0,22,44,0.5,0.00636,0.341,10,15,0.667,0.659,12,29,0.414
1629003,Shake Milton,1610612755,PHI,23.0,4,4,1.0,21,44,0.477,0.0059099999999999995,0.432,11,19,0.579,0.568,10,25,0.4
202683,Enes Freedom,1610612738,BOS,28.0,11,10,1.0,22,42,0.524,0.00536,0.976,21,41,0.512,0.024,1,1,1.0
204001,Kristaps Porziņģis,1610612742,DAL,24.0,3,3,1.0,21,40,0.525,0.00638,0.575,12,23,0.522,0.425,9,17,0.529
203463,Ben McLemore,1610612745,HOU,27.0,11,10,1.0,15,40,0.375,0.0055000000000000005,0.1,1,4,0.25,0.9,14,36,0.389
201976,Patrick Beverley,1610612746,LAC,31.0,8,8,1.0,20,39,0.513,0.00615,0.436,12,17,0.706,0.564,8,22,0.364
203486,Mason Plumlee,1610612743,DEN,30.0,19,15,1.0,19,39,0.487,0.00487,0.974,19,38,0.5,0.026,0,1,0.0
1628467,Maxi Kleber,1610612742,DAL,28.0,6,6,1.0,13,39,0.333,0.0039700000000000004,0.333,8,13,0.615,0.667,5,26,0.192
1626192,Pat Connaughton,1610612749,MIL,27.0,10,9,1.0,15,35,0.429,0.005430000000000001,0.343,7,12,0.583,0.657,8,23,0.348
203516,James Ennis III,1610612753,ORL,29.0,5,5,1.0,12,34,0.353,0.0041199999999999995,0.559,8,19,0.421,0.441,4,15,0.267
1628408,PJ Dozier,1610612743,DEN,23.0,12,9,1.0,14,33,0.424,0.00455,0.758,12,25,0.48,0.242,2,8,0.25
1629109,Gary Clark,1610612753,ORL,25.0,5,5,1.0,11,33,0.333,0.005,0.03,0,1,0.0,0.97,11,32,0.344
201580,JaVale McGee,1610612747,LAL,32.0,14,12,1.0,20,32,0.625,0.00625,0.938,20,30,0.667,0.063,0,2,0.0
1626220,Royce O'Neale,1610612762,UTA,27.0,7,7,1.0,13,32,0.406,0.00563,0.313,3,10,0.3,0.688,10,22,0.455
1629057,Robert Williams III,1610612738,BOS,22.0,13,11,1.0,23,31,0.742,0.0074199999999999995,0.968,23,30,0.767,0.032,0,1,0.0
1629647,Darius Bazley,1610612760,OKC,20.0,7,7,1.0,13,31,0.419,0.00597,0.29,2,9,0.222,0.71,11,22,0.5
1626246,Boban Marjanović,1610612742,DAL,31.0,6,6,1.0,17,30,0.567,0.00567,0.967,17,29,0.586,0.033,0,1,0.0
1629056,Terence Davis,1610612761,TOR,23.0,6,6,1.0,14,29,0.483,0.00621,0.345,6,10,0.6,0.655,8,19,0.421
1628400,Semi Ojeleye,1610612738,BOS,25.0,13,12,1.0,7,28,0.25,0.0033900000000000002,0.179,2,5,0.4,0.821,5,23,0.217
1629684,Grant Williams,1610612738,BOS,21.0,17,11,1.0,15,26,0.577,0.00769,0.346,5,9,0.556,0.654,10,17,0.588
1629014,Anfernee Simons,1610612757,POR,21.0,4,4,1.0,8,26,0.308,0.00423,0.462,2,12,0.167,0.538,6,14,0.429
2747,JR Smith,1610612747,LAL,34.0,10,6,1.0,7,26,0.269,0.00385,0.154,1,4,0.25,0.846,6,22,0.273
201143,Al Horford,1610612755,PHI,34.0,4,4,1.0,12,25,0.48,0.0048,0.84,12,21,0.571,0.16,0,4,0.0
1628386,Jarrett Allen,1610612751,BKN,22.0,4,3,1.0,14,24,0.583,0.005829999999999999,1.0,14,24,0.583,0.0,0,0,
202355,Hassan Whiteside,1610612757,POR,31.0,5,5,1.0,13,24,0.542,0.00563,0.958,12,23,0.522,0.042,1,1,1.0
1629185,Chris Chiozza,1610612751,BKN,24.0,4,4,1.0,8,24,0.333,0.00438,0.333,3,8,0.375,0.667,5,16,0.313
203925,Joe Harris,1610612751,BKN,28.0,2,2,1.0,12,23,0.522,0.00674,0.478,5,11,0.455,0.522,7,12,0.583
1626209,Mario Hezonja,1610612757,POR,25.0,5,5,1.0,9,22,0.409,0.00455,0.682,7,15,0.467,0.318,2,7,0.286
1629744,Matt Thomas,1610612761,TOR,25.0,10,9,1.0,13,21,0.619,0.00738,0.429,8,9,0.889,0.571,5,12,0.417
1628988,Aaron Holiday,1610612754,IND,23.0,4,4,1.0,12,21,0.571,0.006670000000000001,0.571,8,12,0.667,0.429,4,9,0.444
203200,Justin Holiday,1610612754,IND,31.0,4,4,1.0,10,21,0.476,0.006670000000000001,0.238,2,5,0.4,0.762,8,16,0.5
1629066,Rodions Kurucs,1610612751,BKN,22.0,4,4,1.0,11,20,0.55,0.0055000000000000005,0.6,11,12,0.917,0.4,0,8,0.0
1628411,Wes Iwundu,1610612753,ORL,25.0,5,4,1.0,6,20,0.3,0.004,0.65,2,13,0.154,0.35,4,7,0.571
203457,Nerlens Noel,1610612760,OKC,26.0,7,6,1.0,8,17,0.471,0.00471,0.941,8,16,0.5,0.059,0,1,0.0
1627884,Derrick Jones Jr.,1610612748,MIA,23.0,15,8,1.0,8,17,0.471,0.00588,0.471,4,8,0.5,0.529,4,9,0.444
203960,JaKarr Sampson,1610612754,IND,27.0,4,4,1.0,10,16,0.625,0.00625,1.0,10,16,0.625,0.0,0,0,
1629117,Wenyen Gabriel,1610612757,POR,23.0,4,3,1.0,9,15,0.6,0.006670000000000001,0.667,7,10,0.7,0.333,2,5,0.4
203926,Doug McDermott,1610612754,IND,28.0,4,4,1.0,4,15,0.267,0.00333,0.333,2,5,0.4,0.667,2,10,0.2
203920,Khem Birch,1610612753,ORL,27.0,5,5,1.0,7,14,0.5,0.005,1.0,7,14,0.5,0.0,0,0,
1626144,Emmanuel Mudiay,1610612762,UTA,24.0,3,3,1.0,5,14,0.357,0.0042899999999999995,0.786,3,11,0.273,0.214,2,3,0.667
1629725,Jeremiah Martin,1610612751,BKN,24.0,3,3,1.0,4,14,0.286,0.00393,0.643,1,9,0.111,0.357,3,5,0.6
203077,Michael Kidd-Gilchrist,1610612742,DAL,26.0,6,5,1.0,4,14,0.286,0.00357,0.357,2,5,0.4,0.643,2,9,0.222
1629658,Jaylen Hoard,1610612757,POR,21.0,3,3,1.0,7,12,0.583,0.005829999999999999,1.0,7,12,0.583,0.0,0,0,
203584,Troy Daniels,1610612743,DEN,28.0,6,4,1.0,6,12,0.5,0.00625,0.5,3,6,0.5,0.5,3,6,0.5
1629659,Talen Horton-Tucker,1610612747,LAL,19.0,2,2,1.0,6,12,0.5,0.005829999999999999,0.583,4,7,0.571,0.417,2,5,0.4
1626147,Justin Anderson,1610612751,BKN,26.0,3,3,1.0,5,12,0.417,0.00625,0.083,0,1,0.0,0.917,5,11,0.455
203079,Dion Waiters,1610612747,LAL,28.0,5,4,1.0,4,12,0.333,0.00333,0.667,4,8,0.5,0.333,0,4,0.0
1629752,Juwan Morgan,1610612762,UTA,23.0,7,4,1.0,3,12,0.25,0.00333,0.167,1,2,0.5,0.833,2,10,0.2
1626169,Stanley Johnson,1610612761,TOR,24.0,3,3,1.0,5,11,0.455,0.00545,0.545,3,6,0.5,0.455,2,5,0.4
1628977,Hamidou Diallo,1610612760,OKC,21.0,3,3,1.0,4,11,0.364,0.00409,0.545,3,6,0.5,0.455,1,5,0.2
1628449,Chris Boucher,1610612761,TOR,27.0,7,5,1.0,3,11,0.273,0.00364,0.545,1,6,0.167,0.455,2,5,0.4
1629058,Dzanan Musa,1610612751,BKN,21.0,3,2,1.0,2,11,0.182,0.00182,0.455,2,5,0.4,0.545,0,6,0.0
1628390,Terrance Ferguson,1610612760,OKC,22.0,4,4,1.0,2,11,0.182,0.0027300000000000002,0.091,0,1,0.0,0.909,2,10,0.2
1626153,Delon Wright,1610612742,DAL,28.0,4,3,1.0,6,10,0.6,0.006500000000000001,0.8,5,8,0.625,0.2,1,2,0.5
1626188,Quinn Cook,1610612747,LAL,27.0,6,5,1.0,5,10,0.5,0.006,0.6,3,6,0.5,0.4,2,4,0.5
1626178,Rondae Hollis-Jefferson,1610612761,TOR,25.0,5,3,1.0,4,10,0.4,0.004,0.9,4,9,0.444,0.1,0,1,0.0
1629641,Romeo Langford,1610612738,BOS,20.0,7,4,1.0,4,10,0.4,0.0045000000000000005,0.8,3,8,0.375,0.2,1,2,0.5
203524,Solomon Hill,1610612748,MIA,29.0,7,3,1.0,5,9,0.556,0.006670000000000001,0.333,3,3,1.0,0.667,2,6,0.333
1629626,Bol Bol,1610612743,DEN,20.0,4,3,1.0,5,9,0.556,0.006670000000000001,0.667,3,6,0.5,0.333,2,3,0.667
101141,Ersan Ilyasova,1610612749,MIL,33.0,3,2,1.0,3,9,0.333,0.0038900000000000002,0.444,2,4,0.5,0.556,1,5,0.2
1629121,Jaylen Adams,1610612757,POR,24.0,3,3,1.0,3,9,0.333,0.00333,0.556,3,5,0.6,0.444,0,4,0.0
203526,Raul Neto,1610612755,PHI,28.0,2,2,1.0,3,9,0.333,0.00444,0.444,1,4,0.25,0.556,2,5,0.4
1628396,Tony Bradley,1610612762,UTA,22.0,6,6,1.0,2,9,0.222,0.00222,1.0,2,9,0.222,0.0,0,0,
203086,Meyers Leonard,1610612748,MIA,28.0,3,3,1.0,5,8,0.625,0.0075,0.5,3,4,0.75,0.5,2,4,0.5
204456,T.J. McConnell,1610612754,IND,28.0,3,2,1.0,3,8,0.375,0.00375,1.0,3,8,0.375,0.0,0,0,
1629680,Matisse Thybulle,1610612755,PHI,23.0,4,4,1.0,3,7,0.429,0.005,0.429,2,3,0.667,0.571,1,4,0.25
1628410,Edmond Sumner,1610612754,IND,24.0,3,2,1.0,2,7,0.286,0.0028599999999999997,0.571,2,4,0.5,0.429,0,3,0.0
1627846,Abdel Nader,1610612760,OKC,26.0,3,2,1.0,1,7,0.143,0.00214,0.286,0,2,0.0,0.714,1,5,0.2
1627788,Furkan Korkmaz,1610612755,PHI,22.0,4,2,1.0,0,7,0.0,0.0,0.143,0,1,0.0,0.857,0,6,0.0
1629671,Miye Oni,1610612762,UTA,22.0,2,2,1.0,3,6,0.5,0.005829999999999999,0.333,2,2,1.0,0.667,1,4,0.25
1628382,Justin Jackson,1610612742,DAL,25.0,3,3,1.0,1,6,0.167,0.00167,0.5,1,3,0.333,0.5,0,3,0.0
1629743,Donta Hall,1610612751,BKN,22.0,3,3,1.0,3,5,0.6,0.006,1.0,3,5,0.6,0.0,0,0,
203585,Rodney McGruder,1610612746,LAC,28.0,5,2,1.0,3,5,0.6,0.008,0.4,1,2,0.5,0.6,2,3,0.667
1628499,Antonius Cleveland,1610612742,DAL,26.0,2,1,1.0,2,5,0.4,0.004,1.0,2,5,0.4,0.0,0,0,
1629598,Chris Clemons,1610612745,HOU,22.0,2,1,1.0,2,5,0.4,0.006,0.0,0,0,,1.0,2,5,0.4
1629611,Terance Mann,1610612746,LAC,23.0,13,2,1.0,2,5,0.4,0.004,0.6,2,3,0.667,0.4,0,2,0.0
1629730,Rayjon Tucker,1610612762,UTA,22.0,2,1,1.0,2,5,0.4,0.005,0.4,1,2,0.5,0.6,1,3,0.333
203118,Mike Scott,1610612755,PHI,31.0,4,3,1.0,1,5,0.2,0.002,0.6,1,3,0.333,0.4,0,2,0.0
202498,Lance Thomas,1610612751,BKN,32.0,3,3,1.0,1,5,0.2,0.002,0.6,1,3,0.333,0.4,0,2,0.0
1628966,Keita Bates-Diop,1610612743,DEN,24.0,5,2,1.0,1,5,0.2,0.002,1.0,1,5,0.2,0.0,0,0,
1629714,Jarrell Brantley,1610612762,UTA,24.0,2,2,1.0,0,5,0.0,0.0,0.4,0,2,0.0,0.6,0,3,0.0
201577,Robin Lopez,1610612749,MIL,32.0,3,3,1.0,3,4,0.75,0.0075,1.0,3,4,0.75,0.0,0,0,
1626187,Michael Frazier II,1610612745,HOU,26.0,4,2,1.0,1,4,0.25,0.00375,0.5,0,2,0.0,0.5,1,2,0.5
201162,Jared Dudley,1610612747,LAL,34.0,9,3,1.0,0,4,0.0,0.0,0.25,0,1,0.0,0.75,0,3,0.0
202335,Patrick Patterson,1610612746,LAC,31.0,2,1,1.0,3,3,1.0,0.015,0.0,0,0,,1.0,3,3,1.0
1629729,Josh Reaves,1610612742,DAL,23.0,2,1,1.0,1,3,0.333,0.00333,0.667,1,2,0.5,0.333,0,1,0.0
1626259,Malcolm Miller,1610612761,TOR,27.0,1,1,1.0,1,3,0.333,0.005,0.667,0,2,0.0,0.333,1,1,1.0
1629599,Amir Coffey,1610612746,LAC,23.0,3,2,1.0,0,3,0.0,0.0,0.667,0,2,0.0,0.333,0,1,0.0
1629750,Javonte Green,1610612738,BOS,26.0,1,1,1.0,1,2,0.5,0.0075,0.0,0,0,,1.0,1,2,0.5
203488,Mike Muscala,1610612760,OKC,28.0,2,2,1.0,1,2,0.5,0.0075,0.5,0,1,0.0,0.5,1,1,1.0
203998,Bruno Caboclo,1610612745,HOU,24.0,2,2,1.0,1,2,0.5,0.005,0.5,1,1,1.0,0.5,0,1,0.0
1629168,BJ Johnson,1610612753,ORL,24.0,1,1,1.0,1,2,0.5,0.0075,0.5,0,1,0.0,0.5,1,1,1.0
1628778,Paul Watson,1610612761,TOR,25.0,2,2,1.0,1,2,0.5,0.005,1.0,1,2,0.5,0.0,0,0,
201960,DeMarre Carroll,1610612745,HOU,33.0,2,2,1.0,1,2,0.5,0.005,1.0,1,2,0.5,0.0,0,0,
1629605,Tacko Fall,1610612738,BOS,24.0,2,1,1.0,1,1,1.0,0.01,1.0,1,1,1.0,0.0,0,0,
1629724,Vic Law,1610612753,ORL,24.0,1,1,1.0,1,1,1.0,0.015,0.0,0,0,,1.0,1,1,1.0
1629682,Tremont Waters,1610612738,BOS,22.0,1,1,1.0,0,1,0.0,0.0,0.0,0,0,,1.0,0,1,0.0
1628425,Sterling Brown,1610612749,MIL,25.0,1,1,1.0,0,1,0.0,0.0,0.0,0,0,,1.0,0,1,0.0
203460,Andre Roberson,1610612760,OKC,28.0,1,1,1.0,0,1,0.0,0.0,0.0,0,0,,1.0,0,1,0.0
200826,J.J. Barea,1610612742,DAL,36.0,1,1,1.0,0,1,0.0,0.0,1.0,0,1,0.0,0.0,0,0,
203943,Noah Vonleh,1610612743,DEN,24.0,1,1,1.0,0,1,0.0,0.0,1.0,0,1,0.0,0.0,0,0,
