season,player_id,player,nickname,team_id,team,team_name,game_id,game_date,matchup,wl,min,fgm,fga,fg_pct,fg3m,fg3a,fg3_pct,ftm,fta,ft_pct,oreb,dreb,reb,ast,tov,stl,blk,blka,pf,pfd,pts,plus_minus,nba_fantasy_pts,dd2,td3,wnba_fantasy_pts,gp_rank,w_rank,l_rank,w_pct_rank,min_rank,fgm_rank,fga_rank,fg_pct_rank,fg3m_rank,fg3a_rank,fg3_pct_rank,ftm_rank,fta_rank,ft_pct_rank,oreb_rank,dreb_rank,reb_rank,ast_rank,tov_rank,stl_rank,blk_rank,blka_rank,pf_rank,pfd_rank,pts_rank,plus_minus_rank,nba_fantasy_pts_rank,dd2_rank,td3_rank,wnba_fantasy_pts_rank,available_flag,min_sec,season_start,season_end
2022-23,1628964,Mo Bamba,Mo,1610612747,LAL,Los Angeles Lakers,22201228,2023-04-09T00:00:00,LAL vs. UTA,W,0.6616666666666666,0,0,0.0,0,0,0.0,0,0,0.0,0,1,1,0,0,0,0,0,0,0,0,0,1.2,0,0,1.0,1,1,1,1,25788,22559,24678,22559,14184,20319,14184,13851,14660,13851,13272,17626,19709,19186,16367,11790,7930,1,1,17929,23116,11977,24482,2163,120,24441,1,0:40,2022,2023
2022-23,1630559,Austin Reaves,Austin,1610612747,LAL,Los Angeles Lakers,22201228,2023-04-09T00:00:00,LAL vs. UTA,W,33.98833333333334,3,5,0.6,3,4,0.75,3,3,1.0,0,4,4,6,0,0,0,0,2,1,12,20,25.8,0,0,25.0,1,1,1,1,4637,12366,16006,5804,2120,7558,1581,4622,6555,1,13272,6530,9590,2101,16367,11790,7930,1,11553,11862,9310,985,9110,2163,120,8774,1,33:59,2022,2023
2022-23,1629060,Rui Hachimura,Rui,1610612747,LAL,Los Angeles Lakers,22201228,2023-04-09T00:00:00,LAL vs. UTA,W,23.371666666666663,5,14,0.357,0,6,0.0,2,3,0.667,2,3,5,2,0,0,1,0,0,3,12,-4,24.0,0,0,21.0,1,1,1,1,13377,7306,4330,17381,14184,3807,14184,6620,6555,9637,3077,9404,7186,9342,16367,11790,2381,1,1,4788,9310,16280,10179,2163,120,11203,1,23:22,2022,2023
2022-23,1627736,Malik Beasley,Malik,1610612747,LAL,Los Angeles Lakers,22201228,2023-04-09T00:00:00,LAL vs. UTA,W,26.946666666666665,4,10,0.4,3,9,0.333,2,4,0.5,2,4,6,3,0,0,0,0,1,2,13,-6,24.7,0,0,25.0,1,1,1,1,10633,9586,8199,15219,2120,1087,8680,6620,4303,10976,3077,6530,5308,6516,16367,11790,7930,1,5181,7612,8465,18185,9742,2163,120,8774,1,26:57,2022,2023
2022-23,2544,LeBron James,LeBron,1610612747,LAL,Los Angeles Lakers,22201228,2023-04-09T00:00:00,LAL vs. UTA,W,33.221666666666664,13,25,0.52,8,14,0.571,2,2,1.0,1,5,6,6,2,1,1,1,0,2,36,20,56.2,0,0,60.0,1,1,1,1,5301,299,243,9042,27,68,3486,6620,8080,1,6448,4379,5308,2101,4399,4306,2381,17468,1,7612,343,985,546,2163,120,221,1,33:13,2022,2023
2022-23,203076,Anthony Davis,Anthony,1610612747,LAL,Los Angeles Lakers,22201228,2023-04-09T00:00:00,LAL vs. UTA,W,33.955,7,15,0.467,0,0,0.0,2,2,1.0,3,10,13,3,4,3,4,2,2,4,16,10,53.1,1,0,46.0,1,1,1,1,4666,3877,3608,12777,14184,20319,14184,6620,8080,1,1492,496,472,6516,842,387,87,23619,11553,2943,6103,4240,802,1,120,1442,1,33:57,2022,2023
2022-23,1629020,Jarred Vanderbilt,Jarred,1610612747,LAL,Los Angeles Lakers,22201228,2023-04-09T00:00:00,LAL vs. UTA,W,19.27,5,7,0.714,0,1,0.0,2,2,1.0,2,2,4,1,1,0,0,0,2,1,12,6,17.3,0,0,17.0,1,1,1,1,16490,7306,12420,2995,14184,16669,14184,6620,8080,1,3077,13188,9590,13459,8897,11790,7930,1,11553,11862,9310,6694,14394,2163,120,13833,1,19:16,2022,2023
2022-23,1629117,Wenyen Gabriel,Wenyen,1610612747,LAL,Los Angeles Lakers,22201228,2023-04-09T00:00:00,LAL vs. UTA,W,16.245,2,3,0.667,0,0,0.0,0,0,0.0,0,4,4,1,1,0,0,0,1,0,4,4,9.3,0,0,9.0,1,1,1,1,18620,15467,19669,3571,14184,20319,14184,13851,14660,13851,13272,6530,9590,13459,8897,11790,7930,1,5181,17929,18472,8218,19801,2163,120,19461,1,16:15,2022,2023
2022-23,1631108,Max Christie,Max,1610612747,LAL,Los Angeles Lakers,22201228,2023-04-09T00:00:00,LAL vs. UTA,W,0.6616666666666666,0,0,0.0,0,0,0.0,0,0,0.0,0,0,0,0,0,0,0,0,0,0,0,0,0.0,0,0,0.0,1,1,1,1,25788,22559,24678,22559,14184,20319,14184,13851,14660,13851,13272,22091,23082,19186,16367,11790,7930,1,1,17929,23116,11977,24963,2163,120,25002,1,0:40,2022,2023
2022-23,1631306,Cole Swider,Cole,1610612747,LAL,Los Angeles Lakers,22201228,2023-04-09T00:00:00,LAL vs. UTA,W,0.6616666666666666,0,0,0.0,0,0,0.0,0,0,0.0,0,0,0,0,0,0,0,0,0,0,0,0,0.0,0,0,0.0,1,1,1,1,25788,22559,24678,22559,14184,20319,14184,13851,14660,13851,13272,22091,23082,19186,16367,11790,7930,1,1,17929,23116,11977,24963,2163,120,25002,1,0:40,2022,2023
2022-23,1626156,D'Angelo Russell,D'Angelo,1610612747,LAL,Los Angeles Lakers,22201228,2023-04-09T00:00:00,LAL vs. UTA,W,33.42166666666667,6,13,0.462,3,8,0.375,2,3,0.667,0,2,2,5,2,0,1,0,1,2,17,10,27.9,0,0,29.0,1,1,1,1,5113,5438,5108,12925,2120,1659,8355,6620,6555,9637,13272,13188,16055,3151,4399,11790,2381,1,5181,7612,5476,4240,7947,2163,120,6681,1,33:25,2022,2023
2022-23,1628972,Troy Brown Jr.,Troy,1610612747,LAL,Los Angeles Lakers,22201228,2023-04-09T00:00:00,LAL vs. UTA,W,17.595,2,5,0.4,1,3,0.333,1,2,0.5,0,4,4,1,0,0,0,1,0,1,6,-5,12.3,0,0,12.0,1,1,1,1,17702,15467,16006,15219,8083,10172,8680,10510,8080,10976,13272,6530,9590,13459,16367,11790,7930,17468,1,11862,15841,17295,17831,2163,120,17408,1,17:36,2022,2023
2022-23,2544,LeBron James,LeBron,1610612747,LAL,Los Angeles Lakers,22201212,2023-04-07T00:00:00,LAL vs. PHX,W,29.35,6,19,0.316,3,7,0.429,1,2,0.5,0,6,6,6,5,0,0,2,1,1,16,11,27.2,0,0,31.0,1,1,1,1,8671,5438,1551,19317,2120,2551,7089,10510,8080,10976,13272,2868,5308,2101,319,11790,7930,23619,5181,11862,6103,3754,8331,2163,120,5759,1,29:21,2022,2023
2022-23,1628972,Troy Brown Jr.,Troy,1610612747,LAL,Los Angeles Lakers,22201212,2023-04-07T00:00:00,LAL vs. PHX,W,24.066666666666663,3,6,0.5,2,2,1.0,0,0,0.0,2,4,6,3,0,2,0,1,1,0,8,3,25.7,0,0,23.0,1,1,1,1,12843,12366,14189,9075,4226,13285,1,13851,14660,13851,3077,6530,5308,6516,16367,1343,7930,17468,5181,17929,13462,9061,9166,2163,120,9958,1,24:04,2022,2023
2022-23,1626156,D'Angelo Russell,D'Angelo,1610612747,LAL,Los Angeles Lakers,22201212,2023-04-07T00:00:00,LAL vs. PHX,W,33.38333333333333,9,14,0.643,6,9,0.667,0,0,0.0,0,3,3,3,6,0,0,0,2,0,24,9,26.1,0,0,36.0,1,1,1,1,5146,1839,4330,4953,178,1087,1971,13851,14660,13851,13272,9404,12567,6516,120,11790,7930,1,11553,17929,2312,4755,8951,2163,120,3886,1,33:23,2022,2023
2022-23,1630559,Austin Reaves,Austin,1610612747,LAL,Los Angeles Lakers,22201212,2023-04-07T00:00:00,LAL vs. PHX,W,31.25,9,13,0.692,1,4,0.25,3,5,0.6,0,0,0,5,2,1,0,0,1,3,22,18,30.5,0,0,30.0,1,1,1,1,7047,1839,5108,3448,8083,7558,11411,4622,3311,10622,13272,22091,23082,3151,4399,4306,7930,1,5181,4788,3023,1403,6691,2163,120,6218,1,31:15,2022,2023
2022-23,1627736,Malik Beasley,Malik,1610612747,LAL,Los Angeles Lakers,22201212,2023-04-07T00:00:00,LAL vs. PHX,W,25.4,7,14,0.5,4,10,0.4,3,3,1.0,0,2,2,2,0,2,0,1,3,2,21,13,32.4,0,0,33.0,1,1,1,1,11800,3877,4330,9075,1024,661,7498,4622,6555,1,13272,13188,16055,9342,16367,1343,7930,17468,17562,7612,3416,2916,5845,2163,120,4946,1,25:24,2022,2023
2022-23,203076,Anthony Davis,Anthony,1610612747,LAL,Los Angeles Lakers,22201212,2023-04-07T00:00:00,LAL vs. PHX,W,33.96666666666667,4,12,0.333,0,1,0.0,6,7,0.857,4,17,21,4,1,0,3,3,1,5,14,17,53.2,1,0,45.0,1,1,1,1,4655,9586,6024,17586,14184,16669,14184,1457,1700,7116,734,8,11,4531,8897,11790,252,25315,5181,1742,7583,1637,795,1,120,1591,1,33:58,2022,2023
2022-23,1628964,Mo Bamba,Mo,1610612747,LAL,Los Angeles Lakers,22201212,2023-04-07T00:00:00,LAL vs. PHX,W,6.416666666666667,1,3,0.333,0,1,0.0,0,0,0.0,2,1,3,0,0,0,1,1,2,0,2,-2,8.6,0,0,7.0,1,1,1,1,23359,18953,19669,17586,14184,16669,14184,13851,14660,13851,3077,17626,12567,19186,16367,11790,2381,17468,11553,17929,21044,14174,20216,2163,120,20760,1,6:25,2022,2023
2022-23,1629117,Wenyen Gabriel,Wenyen,1610612747,LAL,Los Angeles Lakers,22201212,2023-04-07T00:00:00,LAL vs. PHX,W,8.483333333333333,0,0,0.0,0,0,0.0,0,0,0.0,0,3,3,0,1,1,1,0,0,0,0,-3,8.6,0,0,7.0,1,1,1,1,22607,22559,24678,22559,14184,20319,14184,13851,14660,13851,13272,9404,12567,19186,8897,4306,2381,1,1,17929,23116,15240,20216,2163,120,20760,1,8:29,2022,2023
2022-23,1629020,Jarred Vanderbilt,Jarred,1610612747,LAL,Los Angeles Lakers,22201212,2023-04-07T00:00:00,LAL vs. PHX,W,16.75,0,2,0.0,0,0,0.0,0,0,0.0,0,4,4,0,0,0,0,1,1,0,0,-7,4.8,0,0,4.0,1,1,1,1,18292,22559,21404,22559,14184,20319,14184,13851,14660,13851,13272,6530,9590,19186,16367,11790,7930,17468,5181,17929,23116,18993,22503,2163,120,22647,1,16:45,2022,2023
2022-23,1628432,Davon Reed,Davon,1610612747,LAL,Los Angeles Lakers,22201212,2023-04-07T00:00:00,LAL vs. PHX,W,0.8666666666666667,0,0,0.0,0,0,0.0,0,0,0.0,0,0,0,0,0,0,0,0,0,0,0,-2,0.0,0,0,0.0,1,1,1,1,25747,22559,24678,22559,14184,20319,14184,13851,14660,13851,13272,22091,23082,19186,16367,11790,7930,1,1,17929,23116,14174,24963,2163,120,25002,1,0:52,2022,2023
2022-23,1629022,Lonnie Walker IV,Lonnie,1610612747,LAL,Los Angeles Lakers,22201212,2023-04-07T00:00:00,LAL vs. PHX,W,6.416666666666667,1,1,1.0,1,1,1.0,0,0,0.0,0,1,1,0,0,0,1,0,0,0,3,-2,7.2,0,0,7.0,1,1,1,1,23359,18953,23078,1,8083,16669,1,13851,14660,13851,13272,17626,19709,19186,16367,11790,2381,1,1,17929,19811,14174,21046,2163,120,20760,1,6:25,2022,2023
2022-23,1631108,Max Christie,Max,1610612747,LAL,Los Angeles Lakers,22201212,2023-04-07T00:00:00,LAL vs. PHX,W,0.8666666666666667,0,0,0.0,0,0,0.0,0,0,0.0,0,0,0,0,0,0,0,0,0,0,0,-2,0.0,0,0,0.0,1,1,1,1,25747,22559,24678,22559,14184,20319,14184,13851,14660,13851,13272,22091,23082,19186,16367,11790,7930,1,1,17929,23116,14174,24963,2163,120,25002,1,0:52,2022,2023
2022-23,1629060,Rui Hachimura,Rui,1610612747,LAL,Los Angeles Lakers,22201212,2023-04-07T00:00:00,LAL vs. PHX,W,22.78333333333333,5,8,0.625,1,1,1.0,0,0,0.0,2,3,5,2,0,0,0,1,0,1,11,17,20.0,0,0,19.0,1,1,1,1,13792,7306,10854,5245,8083,16669,1,13851,14660,13851,3077,9404,7186,9342,16367,11790,7930,17468,1,11862,10274,1637,12592,2163,120,12497,1,22:47,2022,2023
2022-23,1627736,Malik Beasley,Malik,1610612747,LAL,Los Angeles Lakers,22201196,2023-04-05T00:00:00,LAL @ LAC,L,12.783333333333331,3,4,0.75,1,1,1.0,0,0,0.0,0,1,1,0,0,0,0,0,0,0,7,-20,8.2,0,0,9.0,1,12947,12947,12947,20725,12366,17859,2276,8083,16669,1,13851,14660,13851,13272,17626,19709,19186,16367,11790,7930,1,1,17929,14745,24933,20467,2163,120,19461,1,12:47,2022,2023
2022-23,1629020,Jarred Vanderbilt,Jarred,1610612747,LAL,Los Angeles Lakers,22201196,2023-04-05T00:00:00,LAL @ LAC,L,24.57333333333333,3,5,0.6,0,1,0.0,2,4,0.5,3,3,6,1,2,1,0,0,2,2,8,12,17.7,0,0,17.0,1,12947,12947,12947,12448,12366,16006,5804,14184,16669,14184,6620,4303,10976,1492,9404,5308,13459,4399,4306,7930,1,11553,7612,13462,3319,14114,2163,120,13833,1,24:34,2022,2023
2022-23,1629060,Rui Hachimura,Rui,1610612747,LAL,Los Angeles Lakers,22201196,2023-04-05T00:00:00,LAL @ LAC,L,17.22833333333333,1,5,0.2,0,1,0.0,2,2,1.0,1,2,3,0,0,0,0,0,2,1,4,-14,7.6,0,0,7.0,1,12947,12947,12947,17973,18953,16006,21480,14184,16669,14184,6620,8080,1,6448,13188,12567,19186,16367,11790,7930,1,11553,11862,18472,23232,20820,2163,120,20760,1,17:14,2022,2023
2022-23,203471,Dennis Schröder,Dennis,1610612747,LAL,Los Angeles Lakers,22201196,2023-04-05T00:00:00,LAL @ LAC,L,13.45,1,6,0.167,0,1,0.0,0,2,0.0,0,1,1,4,0,0,0,1,1,1,2,-13,9.2,0,0,7.0,1,12947,12947,12947,20352,18953,14189,21973,14184,16669,14184,13851,8080,13851,13272,17626,19709,4531,16367,11790,7930,17468,5181,11862,21044,22762,19829,2163,120,20760,1,13:27,2022,2023
2022-23,1629117,Wenyen Gabriel,Wenyen,1610612747,LAL,Los Angeles Lakers,22201196,2023-04-05T00:00:00,LAL @ LAC,L,15.67,3,6,0.5,0,2,0.0,0,0,0.0,1,3,4,2,1,1,0,0,3,0,6,-16,15.8,0,0,14.0,1,12947,12947,12947,18995,12366,14189,9075,14184,13285,14184,13851,14660,13851,6448,9404,9590,9342,8897,4306,7930,1,17562,17929,15841,23968,15415,2163,120,16001,1,15:40,2022,2023
2022-23,1626156,D'Angelo Russell,D'Angelo,1610612747,LAL,Los Angeles Lakers,22201196,2023-04-05T00:00:00,LAL @ LAC,L,39.65,6,13,0.462,2,6,0.333,1,2,0.5,1,2,3,7,1,0,0,0,1,3,15,8,28.1,0,0,27.0,1,12947,12947,12947,767,5438,5108,12925,4226,3807,8680,10510,8080,10976,6448,13188,12567,1460,8897,11790,7930,1,5181,4788,6803,5327,7827,2163,120,7676,1,39:39,2022,2023
2022-23,1628972,Troy Brown Jr.,Troy,1610612747,LAL,Los Angeles Lakers,22201196,2023-04-05T00:00:00,LAL @ LAC,L,18.51833333333333,2,5,0.4,2,4,0.5,0,0,0.0,0,3,3,1,1,0,0,1,1,0,6,0,10.1,0,0,12.0,1,12947,12947,12947,17040,15467,16006,15219,4226,7558,3860,13851,14660,13851,13272,9404,12567,13459,8897,11790,7930,17468,5181,17929,15841,11977,19279,2163,120,17408,1,18:31,2022,2023
2022-23,203076,Anthony Davis,Anthony,1610612747,LAL,Los Angeles Lakers,22201196,2023-04-05T00:00:00,LAL @ LAC,L,32.33,7,14,0.5,0,1,0.0,3,4,0.75,4,7,11,3,1,1,2,1,2,3,17,9,42.7,1,0,37.0,1,12947,12947,12947,6060,3877,4330,9075,14184,16669,14184,4622,4303,8358,734,1900,1038,6516,8897,4306,751,17468,11553,4788,5476,4755,2497,1,120,3597,1,32:20,2022,2023
2022-23,2544,LeBron James,LeBron,1610612747,LAL,Los Angeles Lakers,22201196,2023-04-05T00:00:00,LAL @ LAC,L,35.098333333333336,13,20,0.65,4,6,0.667,3,5,0.6,0,8,8,7,6,1,1,0,0,4,33,-10,53.1,0,0,56.0,1,12947,12947,12947,3678,299,1220,4899,1024,3807,1971,4622,3311,10622,13272,1233,2807,1460,120,4306,2381,1,1,2943,564,21112,802,2163,120,442,1,35:06,2022,2023
2022-23,1630559,Austin Reaves,Austin,1610612747,LAL,Los Angeles Lakers,22201196,2023-04-05T00:00:00,LAL @ LAC,L,30.69833333333333,6,11,0.545,3,6,0.5,5,5,1.0,0,4,4,2,2,0,0,1,5,4,20,9,25.8,0,0,29.0,1,12947,12947,12947,7543,5438,7093,8194,2120,3807,3860,2152,3311,1,13272,6530,9590,9342,4399,11790,7930,17468,24422,2943,3852,4755,9110,2163,120,6681,1,30:42,2022,2023
2022-23,203471,Dennis Schröder,Dennis,1610612747,LAL,Los Angeles Lakers,22201186,2023-04-04T00:00:00,LAL @ UTA,W,41.88333333333333,7,17,0.412,1,5,0.2,3,4,0.75,3,0,3,4,2,1,1,2,5,2,18,4,31.6,0,0,30.0,1,1,1,1,288,3877,2392,15094,8083,5511,12795,4622,4303,8358,1492,22091,12567,4531,4399,4306,2381,23619,24422,7612,4863,8218,6188,2163,120,6218,1,41:53,2022,2023
2022-23,2544,LeBron James,LeBron,1610612747,LAL,Los Angeles Lakers,22201186,2023-04-04T00:00:00,LAL @ UTA,W,38.46666666666667,14,27,0.519,3,10,0.3,6,6,1.0,0,5,5,6,5,1,1,0,2,5,37,-7,53.0,0,0,55.0,1,1,1,1,1259,175,114,9057,2120,661,10887,1457,2263,1,13272,4379,7186,2101,319,4306,2381,1,11553,1742,288,18993,808,2163,120,499,1,38:28,2022,2023
2022-23,203076,Anthony Davis,Anthony,1610612747,LAL,Los Angeles Lakers,22201186,2023-04-04T00:00:00,LAL @ UTA,W,42.083333333333336,7,16,0.438,0,0,0.0,7,12,0.583,4,10,14,6,1,2,2,0,3,6,21,4,57.8,1,0,49.0,1,1,1,1,268,3877,2947,13953,14184,20319,14184,993,280,10865,734,496,315,2101,8897,1343,751,1,17562,993,3416,8218,461,1,120,1023,1,42:05,2022,2023
2022-23,1630559,Austin Reaves,Austin,1610612747,LAL,Los Angeles Lakers,22201186,2023-04-04T00:00:00,LAL @ UTA,W,41.531666666666666,8,13,0.615,4,7,0.571,8,8,1.0,0,3,3,6,2,0,0,0,1,11,28,10,38.6,0,0,41.0,1,1,1,1,323,2711,5108,5625,1024,2551,3486,663,1170,1,13272,9404,12567,2101,4399,11790,7930,1,5181,52,1320,4240,3581,2163,120,2464,1,41:32,2022,2023
2022-23,1627736,Malik Beasley,Malik,1610612747,LAL,Los Angeles Lakers,22201186,2023-04-04T00:00:00,LAL @ UTA,W,21.755,1,3,0.333,0,2,0.0,1,2,0.5,1,1,2,1,0,0,1,0,2,1,3,-7,9.9,0,0,8.0,1,1,1,1,14614,18953,19669,17586,14184,13285,14184,10510,8080,10976,6448,17626,16055,13459,16367,11790,2381,1,11553,11862,19811,18993,19395,2163,120,20094,1,21:45,2022,2023
2022-23,1629117,Wenyen Gabriel,Wenyen,1610612747,LAL,Los Angeles Lakers,22201186,2023-04-04T00:00:00,LAL @ UTA,W,10.178333333333333,1,1,1.0,0,0,0.0,0,0,0.0,1,4,5,0,0,0,1,0,2,0,2,-4,11.0,0,0,9.0,1,1,1,1,22009,18953,23078,1,14184,20319,14184,13851,14660,13851,6448,6530,7186,19186,16367,11790,2381,1,11553,17929,21044,16280,18696,2163,120,19461,1,10:11,2022,2023
2022-23,1629020,Jarred Vanderbilt,Jarred,1610612747,LAL,Los Angeles Lakers,22201186,2023-04-04T00:00:00,LAL @ UTA,W,18.335,2,4,0.5,2,4,0.5,0,0,0.0,1,1,2,1,0,1,1,0,4,1,6,4,15.9,0,0,15.0,1,1,1,1,17171,15467,17859,9075,4226,7558,3860,13851,14660,13851,6448,17626,16055,13459,16367,4306,2381,1,21892,11862,15841,8218,15347,2163,120,15266,1,18:20,2022,2023
2022-23,1629060,Rui Hachimura,Rui,1610612747,LAL,Los Angeles Lakers,22201186,2023-04-04T00:00:00,LAL @ UTA,W,25.25,7,11,0.636,1,4,0.25,2,3,0.667,1,5,6,1,1,0,0,0,2,2,17,4,24.7,0,0,25.0,1,1,1,1,11912,3877,7093,5046,8083,7558,11411,6620,6555,9637,6448,4379,5308,13459,8897,11790,7930,1,11553,7612,5476,8218,9742,2163,120,8774,1,25:15,2022,2023
2022-23,1628972,Troy Brown Jr.,Troy,1610612747,LAL,Los Angeles Lakers,22201186,2023-04-04T00:00:00,LAL @ UTA,W,25.516666666666666,1,4,0.25,1,2,0.5,0,0,0.0,0,4,4,2,0,1,0,1,0,0,3,2,13.8,0,0,12.0,1,1,1,1,11722,18953,17859,20392,8083,13285,3860,13851,14660,13851,13272,6530,9590,9342,16367,4306,7930,17468,1,17929,19811,9989,16808,2163,120,17408,1,25:31,2022,2023
2022-23,2544,LeBron James,LeBron,1610612747,LAL,Los Angeles Lakers,22201171,2023-04-02T00:00:00,LAL @ HOU,W,29.35,8,18,0.444,1,7,0.143,1,1,1.0,2,8,10,11,1,0,1,0,1,1,18,23,48.5,1,1,42.0,1,1,1,1,8671,2711,1948,13499,8083,2551,13867,10510,13074,1,3077,1233,1446,243,8897,11790,2381,1,5181,11862,4863,580,1367,1,1,2224,1,29:21,2022,2023
2022-23,1629060,Rui Hachimura,Rui,1610612747,LAL,Los Angeles Lakers,22201171,2023-04-02T00:00:00,LAL @ HOU,W,24.95,10,14,0.714,0,1,0.0,0,2,0.0,2,10,12,1,1,0,3,0,2,2,20,22,43.9,1,0,39.0,1,1,1,1,12154,1204,4330,2995,14184,16669,14184,13851,8080,13851,3077,496,725,13459,8897,11790,252,1,11553,7612,3852,698,2224,1,120,2989,1,24:57,2022,2023
2022-23,203076,Anthony Davis,Anthony,1610612747,LAL,Los Angeles Lakers,22201171,2023-04-02T00:00:00,LAL @ HOU,W,30.45,15,20,0.75,0,0,0.0,10,12,0.833,4,5,9,1,0,0,2,2,0,7,40,2,58.3,0,0,54.0,1,1,1,1,7733,98,1220,2276,14184,20319,14184,300,280,7354,734,4379,2052,13459,16367,11790,751,23619,1,559,170,9989,436,2163,120,577,1,30:27,2022,2023
2022-23,1626156,D'Angelo Russell,D'Angelo,1610612747,LAL,Los Angeles Lakers,22201171,2023-04-02T00:00:00,LAL @ HOU,W,14.666666666666666,2,4,0.5,2,4,0.5,0,1,0.0,0,3,3,4,0,0,0,0,0,0,6,2,15.6,0,0,15.0,1,1,1,1,19649,15467,17859,9075,4226,7558,3860,13851,13074,13851,13272,9404,12567,4531,16367,11790,7930,1,1,17929,15841,9989,15549,2163,120,15266,1,14:40,2022,2023
2022-23,1631108,Max Christie,Max,1610612747,LAL,Los Angeles Lakers,22201171,2023-04-02T00:00:00,LAL @ HOU,W,3.8,0,1,0.0,0,0,0.0,0,0,0.0,0,1,1,2,0,0,0,0,0,0,0,2,4.2,0,0,3.0,1,1,1,1,24462,22559,23078,22559,14184,20319,14184,13851,14660,13851,13272,17626,19709,9342,16367,11790,7930,1,1,17929,23116,9989,22835,2163,120,23300,1,3:48,2022,2023
2022-23,1629022,Lonnie Walker IV,Lonnie,1610612747,LAL,Los Angeles Lakers,22201171,2023-04-02T00:00:00,LAL @ HOU,W,3.883333333333333,2,3,0.667,1,1,1.0,0,0,0.0,0,1,1,1,0,0,0,0,1,0,5,2,7.7,0,0,8.0,1,1,1,1,24420,15467,19669,3571,8083,16669,1,13851,14660,13851,13272,17626,19709,13459,16367,11790,7930,1,5181,17929,17251,9989,20740,2163,120,20094,1,3:53,2022,2023
2022-23,1628972,Troy Brown Jr.,Troy,1610612747,LAL,Los Angeles Lakers,22201171,2023-04-02T00:00:00,LAL @ HOU,W,25.6,3,3,1.0,1,1,1.0,0,0,0.0,1,1,2,2,0,2,1,0,0,0,7,8,21.4,0,0,18.0,1,1,1,1,11643,12366,19669,1,8083,16669,1,13851,14660,13851,6448,17626,16055,9342,16367,1343,2381,1,1,17929,14745,5327,11734,2163,120,13199,1,25:36,2022,2023
2022-23,1629020,Jarred Vanderbilt,Jarred,1610612747,LAL,Los Angeles Lakers,22201171,2023-04-02T00:00:00,LAL @ HOU,W,15.416666666666666,1,2,0.5,0,0,0.0,0,0,0.0,0,4,4,1,0,1,0,1,0,0,2,4,11.3,0,0,9.0,1,1,1,1,19169,18953,21404,9075,14184,20319,14184,13851,14660,13851,13272,6530,9590,13459,16367,4306,7930,17468,1,17929,21044,8218,18501,2163,120,19461,1,15:25,2022,2023
2022-23,1627736,Malik Beasley,Malik,1610612747,LAL,Los Angeles Lakers,22201171,2023-04-02T00:00:00,LAL @ HOU,W,23.166666666666668,5,14,0.357,3,11,0.273,0,0,0.0,0,1,1,0,0,0,0,0,1,0,13,16,14.2,0,0,17.0,1,1,1,1,13516,7306,4330,17381,2120,408,11360,13851,14660,13851,13272,17626,19709,19186,16367,11790,7930,1,5181,17929,8465,1910,16506,2163,120,13833,1,23:10,2022,2023
2022-23,1630559,Austin Reaves,Austin,1610612747,LAL,Los Angeles Lakers,22201171,2023-04-02T00:00:00,LAL @ HOU,W,32.733333333333334,4,7,0.571,1,2,0.5,9,10,0.9,0,1,1,8,2,0,0,1,2,6,18,15,29.2,0,0,28.0,1,1,1,1,5720,9586,12420,7045,8083,13285,3860,452,576,6745,13272,17626,19709,963,4399,11790,7930,17468,11553,993,4863,2225,7294,2163,120,7166,1,32:44,2022,2023
2022-23,1628432,Davon Reed,Davon,1610612747,LAL,Los Angeles Lakers,22201171,2023-04-02T00:00:00,LAL @ HOU,W,3.883333333333333,1,1,1.0,0,0,0.0,0,0,0.0,0,1,1,2,0,1,0,0,0,0,2,2,9.2,0,0,7.0,1,1,1,1,24420,18953,23078,1,14184,20319,14184,13851,14660,13851,13272,17626,19709,9342,16367,4306,7930,1,1,17929,21044,9989,19829,2163,120,20760,1,3:53,2022,2023
2022-23,203471,Dennis Schröder,Dennis,1610612747,LAL,Los Angeles Lakers,22201171,2023-04-02T00:00:00,LAL @ HOU,W,17.75,0,3,0.0,0,2,0.0,1,2,0.5,0,3,3,3,0,0,0,0,1,2,1,13,9.1,0,0,7.0,1,1,1,1,17582,22559,19669,22559,14184,13285,14184,10510,8080,10976,13272,9404,12567,6516,16367,11790,7930,1,5181,7612,22905,2916,19925,2163,120,20760,1,17:45,2022,2023
2022-23,1629117,Wenyen Gabriel,Wenyen,1610612747,LAL,Los Angeles Lakers,22201171,2023-04-02T00:00:00,LAL @ HOU,W,14.35,1,3,0.333,0,1,0.0,0,0,0.0,2,1,3,0,1,0,1,0,1,0,2,14,7.6,0,0,7.0,1,1,1,1,19850,18953,19669,17586,14184,16669,14184,13851,14660,13851,3077,17626,12567,19186,8897,11790,2381,1,5181,17929,21044,2554,20820,2163,120,20760,1,14:21,2022,2023
2022-23,1628972,Troy Brown Jr.,Troy,1610612747,LAL,Los Angeles Lakers,22201157,2023-03-31T00:00:00,LAL @ MIN,W,8.85,0,1,0.0,0,1,0.0,0,0,0.0,0,0,0,0,0,0,0,0,1,0,0,-2,0.0,0,0,0.0,1,1,1,1,22477,22559,23078,22559,14184,16669,14184,13851,14660,13851,13272,22091,23082,19186,16367,11790,7930,1,5181,17929,23116,14174,24963,2163,120,25002,1,8:51,2022,2023
2022-23,1629020,Jarred Vanderbilt,Jarred,1610612747,LAL,Los Angeles Lakers,22201157,2023-03-31T00:00:00,LAL @ MIN,W,28.276666666666667,5,8,0.625,2,2,1.0,0,0,0.0,2,3,5,2,1,2,0,0,0,1,12,-3,26.0,0,0,25.0,1,1,1,1,9505,7306,10854,5245,4226,13285,1,13851,14660,13851,3077,9404,7186,9342,8897,1343,7930,1,1,11862,9310,15240,9009,2163,120,8774,1,28:17,2022,2023
2022-23,1630559,Austin Reaves,Austin,1610612747,LAL,Los Angeles Lakers,22201157,2023-03-31T00:00:00,LAL @ MIN,W,30.48333333333333,4,9,0.444,2,3,0.667,5,6,0.833,2,4,6,2,2,0,0,1,1,3,15,14,23.2,0,0,25.0,1,1,1,1,7708,9586,9460,13499,4226,10172,1971,2152,2263,7354,3077,6530,5308,9342,4399,11790,7930,17468,5181,4788,6803,2554,10647,2163,120,8774,1,30:29,2022,2023
2022-23,1629060,Rui Hachimura,Rui,1610612747,LAL,Los Angeles Lakers,22201157,2023-03-31T00:00:00,LAL @ MIN,W,21.25,1,4,0.25,0,2,0.0,2,2,1.0,1,5,6,1,1,1,1,0,3,1,4,20,17.7,0,0,15.0,1,1,1,1,15006,18953,17859,20392,14184,13285,14184,6620,8080,1,6448,4379,5308,13459,8897,4306,2381,1,17562,11862,18472,985,14114,2163,120,15266,1,21:15,2022,2023
2022-23,203471,Dennis Schröder,Dennis,1610612747,LAL,Los Angeles Lakers,22201157,2023-03-31T00:00:00,LAL @ MIN,W,22.65,3,4,0.75,0,1,0.0,5,6,0.833,0,0,0,6,2,2,0,0,2,6,11,15,24.0,0,0,21.0,1,1,1,1,13900,12366,17859,2276,14184,16669,14184,2152,2263,7354,13272,22091,23082,2101,4399,1343,7930,1,11553,993,10274,2225,10179,2163,120,11203,1,22:39,2022,2023
2022-23,2544,LeBron James,LeBron,1610612747,LAL,Los Angeles Lakers,22201157,2023-03-31T00:00:00,LAL @ MIN,W,32.483333333333334,7,19,0.368,1,3,0.333,3,4,0.75,1,9,10,6,3,1,2,1,1,3,18,3,45.0,1,0,41.0,1,1,1,1,5936,3877,1551,17098,8083,10172,8680,4622,4303,8358,6448,766,1446,2101,2046,4306,751,17468,5181,4788,4863,9061,2008,1,120,2464,1,32:29,2022,2023
2022-23,203076,Anthony Davis,Anthony,1610612747,LAL,Los Angeles Lakers,22201157,2023-03-31T00:00:00,LAL @ MIN,W,36.85,15,26,0.577,0,2,0.0,8,10,0.8,8,9,17,0,3,1,2,2,3,5,38,5,64.4,1,0,61.0,1,1,1,1,2268,98,171,7040,14184,13285,14184,663,576,7793,33,766,97,19186,2046,4306,751,23619,17562,1742,235,7441,171,1,120,183,1,36:51,2022,2023
2022-23,1626156,D'Angelo Russell,D'Angelo,1610612747,LAL,Los Angeles Lakers,22201157,2023-03-31T00:00:00,LAL @ MIN,W,33.81666666666667,5,12,0.417,1,4,0.25,1,2,0.5,0,1,1,10,3,2,0,0,3,3,12,-2,31.2,1,0,28.0,1,1,1,1,4774,7306,6024,14850,8083,7558,11411,10510,8080,10976,13272,17626,19709,399,2046,1343,7930,1,17562,4788,9310,14174,6379,1,120,7166,1,33:49,2022,2023
2022-23,1629117,Wenyen Gabriel,Wenyen,1610612747,LAL,Los Angeles Lakers,22201157,2023-03-31T00:00:00,LAL @ MIN,W,14.883333333333333,2,2,1.0,0,0,0.0,0,0,0.0,1,1,2,1,0,1,0,0,2,0,4,9,10.9,0,0,9.0,1,1,1,1,19505,15467,21404,1,14184,20319,14184,13851,14660,13851,6448,17626,16055,13459,16367,4306,7930,1,11553,17929,18472,4755,18745,2163,120,19461,1,14:53,2022,2023
2022-23,1627736,Malik Beasley,Malik,1610612747,LAL,Los Angeles Lakers,22201157,2023-03-31T00:00:00,LAL @ MIN,W,10.456666666666669,3,5,0.6,3,4,0.75,0,0,0.0,0,6,6,0,1,0,0,0,1,0,9,1,15.2,0,0,18.0,1,1,1,1,21867,12366,16006,5804,2120,7558,1581,13851,14660,13851,13272,2868,5308,19186,8897,11790,7930,1,5181,17929,12345,11018,15829,2163,120,13199,1,10:27,2022,2023
2022-23,1630559,Austin Reaves,Austin,1610612747,LAL,Los Angeles Lakers,22201140,2023-03-29T00:00:00,LAL @ CHI,W,28.866666666666667,7,8,0.875,1,2,0.5,4,4,1.0,0,2,2,5,1,1,0,0,0,4,19,28,30.9,0,0,29.0,1,1,1,1,9042,3877,10854,1489,8083,13285,3860,3075,4303,1,13272,13188,16055,3151,8897,4306,7930,1,1,2943,4335,209,6519,2163,120,6681,1,28:52,2022,2023
2022-23,203076,Anthony Davis,Anthony,1610612747,LAL,Los Angeles Lakers,22201140,2023-03-29T00:00:00,LAL @ CHI,W,38.63333333333333,13,20,0.65,1,1,1.0,11,14,0.786,5,4,9,4,0,2,2,1,1,7,38,16,66.8,0,0,60.0,1,1,1,1,1189,299,1220,4899,8083,16669,1,191,148,8247,342,6530,2052,4531,16367,1343,751,17468,5181,559,235,1910,115,2163,120,221,1,38:38,2022,2023
2022-23,1628432,Davon Reed,Davon,1610612747,LAL,Los Angeles Lakers,22201140,2023-03-29T00:00:00,LAL @ CHI,W,1.3,0,0,0.0,0,0,0.0,0,0,0.0,0,0,0,0,0,0,0,0,0,0,0,-4,0.0,0,0,0.0,1,1,1,1,25597,22559,24678,22559,14184,20319,14184,13851,14660,13851,13272,22091,23082,19186,16367,11790,7930,1,1,17929,23116,16280,24963,2163,120,25002,1,1:18,2022,2023
2022-23,1628972,Troy Brown Jr.,Troy,1610612747,LAL,Los Angeles Lakers,22201140,2023-03-29T00:00:00,LAL @ CHI,W,20.316666666666663,0,3,0.0,0,2,0.0,0,0,0.0,0,4,4,0,0,1,0,0,5,0,0,-6,7.8,0,0,6.0,1,1,1,1,15725,22559,19669,22559,14184,13285,14184,13851,14660,13851,13272,6530,9590,19186,16367,4306,7930,1,24422,17929,23116,18185,20705,2163,120,21425,1,20:19,2022,2023
2022-23,1627736,Malik Beasley,Malik,1610612747,LAL,Los Angeles Lakers,22201140,2023-03-29T00:00:00,LAL @ CHI,W,10.43,0,3,0.0,0,1,0.0,0,0,0.0,0,1,1,1,4,2,0,0,0,0,0,-20,4.7,0,0,6.0,1,1,1,1,21888,22559,19669,22559,14184,16669,14184,13851,14660,13851,13272,17626,19709,13459,842,1343,7930,1,1,17929,23116,24933,22528,2163,120,21425,1,10:26,2022,2023
2022-23,1629020,Jarred Vanderbilt,Jarred,1610612747,LAL,Los Angeles Lakers,22201140,2023-03-29T00:00:00,LAL @ CHI,W,24.736666666666668,3,5,0.6,2,3,0.667,0,0,0.0,1,6,7,2,0,1,0,1,3,1,8,11,22.4,0,0,21.0,1,1,1,1,12325,12366,16006,5804,4226,10172,1971,13851,14660,13851,6448,2868,3911,9342,16367,4306,7930,17468,17562,11862,13462,3754,11109,2163,120,11203,1,24:44,2022,2023
2022-23,1629060,Rui Hachimura,Rui,1610612747,LAL,Los Angeles Lakers,22201140,2023-03-29T00:00:00,LAL @ CHI,W,16.2,3,6,0.5,0,1,0.0,0,0,0.0,1,3,4,1,1,0,0,1,1,1,6,-7,11.3,0,0,11.0,1,1,1,1,18642,12366,14189,9075,14184,16669,14184,13851,14660,13851,6448,9404,9590,13459,8897,11790,7930,17468,5181,11862,15841,18993,18501,2163,120,18113,1,16:12,2022,2023
2022-23,203471,Dennis Schröder,Dennis,1610612747,LAL,Los Angeles Lakers,22201140,2023-03-29T00:00:00,LAL @ CHI,W,20.95,2,7,0.286,0,2,0.0,4,5,0.8,2,1,3,1,2,0,1,1,0,3,8,-14,14.1,0,0,14.0,1,1,1,1,15238,15467,12420,19742,14184,13285,14184,3075,3311,7793,3077,17626,12567,13459,4399,11790,2381,17468,1,4788,13462,23232,16582,2163,120,16001,1,20:57,2022,2023
2022-23,1629117,Wenyen Gabriel,Wenyen,1610612747,LAL,Los Angeles Lakers,22201140,2023-03-29T00:00:00,LAL @ CHI,W,10.216666666666669,0,1,0.0,0,0,0.0,0,0,0.0,0,3,3,0,0,0,0,0,0,1,0,-3,3.6,0,0,3.0,1,1,1,1,21985,22559,23078,22559,14184,20319,14184,13851,14660,13851,13272,9404,12567,19186,16367,11790,7930,1,1,11862,23116,15240,23194,2163,120,23300,1,10:13,2022,2023
2022-23,1626156,D'Angelo Russell,D'Angelo,1610612747,LAL,Los Angeles Lakers,22201140,2023-03-29T00:00:00,LAL @ CHI,W,35.78333333333333,7,12,0.583,2,4,0.5,1,3,0.333,1,3,4,4,3,1,0,0,1,1,17,35,27.8,0,0,29.0,1,1,1,1,3081,3877,6024,6763,4226,7558,3860,10510,6555,13452,6448,9404,9590,4531,2046,4306,7930,1,5181,11862,5476,44,8003,2163,120,6681,1,35:47,2022,2023
2022-23,1629022,Lonnie Walker IV,Lonnie,1610612747,LAL,Los Angeles Lakers,22201140,2023-03-29T00:00:00,LAL @ CHI,W,1.3,0,2,0.0,0,1,0.0,0,0,0.0,0,0,0,0,0,0,0,0,1,0,0,-4,0.0,0,0,0.0,1,1,1,1,25597,22559,21404,22559,14184,16669,14184,13851,14660,13851,13272,22091,23082,19186,16367,11790,7930,1,5181,17929,23116,16280,24963,2163,120,25002,1,1:18,2022,2023
2022-23,2544,LeBron James,LeBron,1610612747,LAL,Los Angeles Lakers,22201140,2023-03-29T00:00:00,LAL @ CHI,W,31.266666666666666,10,19,0.526,1,3,0.333,4,4,1.0,3,5,8,4,4,2,0,0,2,4,25,23,42.6,0,0,42.0,1,1,1,1,7029,1204,1551,8911,8083,10172,8680,3075,4303,1,1492,4379,2807,4531,842,1343,7930,1,11553,2943,2009,580,2525,2163,120,2224,1,31:16,2022,2023
2022-23,1629022,Lonnie Walker IV,Lonnie,1610612747,LAL,Los Angeles Lakers,22201114,2023-03-26T00:00:00,LAL vs. CHI,L,13.381666666666666,1,3,0.333,0,1,0.0,0,0,0.0,0,0,0,0,0,0,0,0,0,0,2,-9,2.0,0,0,2.0,1,12947,12947,12947,20405,18953,19669,17586,14184,16669,14184,13851,14660,13851,13272,22091,23082,19186,16367,11790,7930,1,1,17929,21044,20484,24065,2163,120,23851,1,13:23,2022,2023
2022-23,1629117,Wenyen Gabriel,Wenyen,1610612747,LAL,Los Angeles Lakers,22201114,2023-03-26T00:00:00,LAL vs. CHI,L,8.745,0,1,0.0,0,0,0.0,2,4,0.5,1,1,2,1,0,0,1,0,2,3,2,-19,8.9,0,0,7.0,1,12947,12947,12947,22522,22559,23078,22559,14184,20319,14184,6620,4303,10976,6448,17626,16055,13459,16367,11790,2381,1,11553,4788,21044,24752,20037,2163,120,20760,1,8:45,2022,2023
2022-23,203471,Dennis Schröder,Dennis,1610612747,LAL,Los Angeles Lakers,22201114,2023-03-26T00:00:00,LAL vs. CHI,L,33.916666666666664,4,10,0.4,2,6,0.333,7,8,0.875,0,3,3,5,1,2,0,1,4,3,17,13,33.1,0,0,31.0,1,12947,12947,12947,4697,9586,8199,15219,4226,3807,8680,993,1170,6922,13272,9404,12567,3151,8897,1343,7930,17468,21892,4788,5476,2916,5545,2163,120,5759,1,33:55,2022,2023
2022-23,2544,LeBron James,LeBron,1610612747,LAL,Los Angeles Lakers,22201114,2023-03-26T00:00:00,LAL vs. CHI,L,29.51833333333333,6,11,0.545,0,2,0.0,7,8,0.875,1,7,8,3,5,0,0,0,2,6,19,4,28.1,0,0,30.0,1,12947,12947,12947,8513,5438,7093,8194,14184,13285,14184,993,1170,6922,6448,1900,2807,6516,319,11790,7930,1,11553,993,4335,8218,7827,2163,120,6218,1,29:31,2022,2023
2022-23,203076,Anthony Davis,Anthony,1610612747,LAL,Los Angeles Lakers,22201114,2023-03-26T00:00:00,LAL vs. CHI,L,35.855,6,8,0.75,0,0,0.0,3,6,0.5,2,7,9,5,2,1,1,0,5,7,15,7,37.3,0,0,33.0,1,12947,12947,12947,3026,5438,10854,2276,14184,20319,14184,4622,2263,10976,3077,1900,2052,3151,4399,4306,2381,1,24422,559,6803,5992,3978,2163,120,4946,1,35:51,2022,2023
2022-23,1627736,Malik Beasley,Malik,1610612747,LAL,Los Angeles Lakers,22201114,2023-03-26T00:00:00,LAL vs. CHI,L,27.5,6,14,0.429,6,14,0.429,0,1,0.0,1,2,3,2,2,0,0,0,1,1,18,-11,22.6,0,0,29.0,1,12947,12947,12947,10181,5438,4330,14122,178,68,7089,13851,13074,13851,6448,13188,12567,9342,4399,11790,7930,1,5181,11862,4863,21730,10980,2163,120,6681,1,27:30,2022,2023
2022-23,1628972,Troy Brown Jr.,Troy,1610612747,LAL,Los Angeles Lakers,22201114,2023-03-26T00:00:00,LAL vs. CHI,L,32.36666666666667,7,13,0.538,4,9,0.444,0,0,0.0,1,5,6,1,2,2,2,1,2,0,18,3,36.7,0,0,37.0,1,12947,12947,12947,6030,3877,5108,8455,1024,1087,6940,13851,14660,13851,6448,4379,5308,13459,4399,1343,751,17468,11553,17929,4863,9061,4183,2163,120,3597,1,32:22,2022,2023
2022-23,1630559,Austin Reaves,Austin,1610612747,LAL,Los Angeles Lakers,22201114,2023-03-26T00:00:00,LAL vs. CHI,L,37.31666666666667,6,10,0.6,1,3,0.333,0,1,0.0,0,3,3,7,5,0,0,0,2,3,13,-11,22.1,0,0,24.0,1,12947,12947,12947,1949,5438,8199,5804,8083,10172,8680,13851,13074,13851,13272,9404,12567,1460,319,11790,7930,1,11553,4788,8465,21730,11296,2163,120,9373,1,37:19,2022,2023
2022-23,1629020,Jarred Vanderbilt,Jarred,1610612747,LAL,Los Angeles Lakers,22201114,2023-03-26T00:00:00,LAL vs. CHI,L,21.4,2,5,0.4,0,1,0.0,0,0,0.0,2,2,4,0,1,0,0,0,0,0,4,-27,7.8,0,0,8.0,1,12947,12947,12947,14876,15467,16006,15219,14184,16669,14184,13851,14660,13851,3077,13188,9590,19186,8897,11790,7930,1,1,17929,18472,25669,20705,2163,120,20094,1,21:24,2022,2023
2022-23,203076,Anthony Davis,Anthony,1610612747,LAL,Los Angeles Lakers,22201106,2023-03-24T00:00:00,LAL vs. OKC,W,36.486666666666665,15,21,0.714,0,1,0.0,7,11,0.636,5,10,15,1,1,1,0,1,1,7,37,8,58.5,1,0,55.0,1,1,1,1,2564,98,929,2995,14184,16669,14184,993,406,10529,342,496,222,13459,8897,4306,7930,17468,5181,559,288,5327,427,1,120,499,1,36:29,2022,2023
2022-23,1629020,Jarred Vanderbilt,Jarred,1610612747,LAL,Los Angeles Lakers,22201106,2023-03-24T00:00:00,LAL vs. OKC,W,27.92,0,6,0.0,0,1,0.0,1,2,0.5,4,6,10,0,0,0,1,2,3,2,1,-7,16.0,0,0,13.0,1,1,1,1,9790,22559,14189,22559,14184,16669,14184,10510,8080,10976,734,2868,1446,19186,16367,11790,2381,23619,17562,7612,22905,18993,15275,2163,120,16689,1,27:55,2022,2023
2022-23,1629060,Rui Hachimura,Rui,1610612747,LAL,Los Angeles Lakers,22201106,2023-03-24T00:00:00,LAL vs. OKC,W,13.866666666666667,1,1,1.0,0,0,0.0,1,1,1.0,0,3,3,1,1,1,0,0,2,1,3,1,10.1,0,0,9.0,1,1,1,1,20117,18953,23078,1,14184,20319,14184,10510,13074,1,13272,9404,12567,13459,8897,4306,7930,1,11553,11862,19811,11018,19279,2163,120,19461,1,13:52,2022,2023
2022-23,1627736,Malik Beasley,Malik,1610612747,LAL,Los Angeles Lakers,22201106,2023-03-24T00:00:00,LAL vs. OKC,W,18.446666666666665,4,11,0.364,2,6,0.333,0,0,0.0,0,2,2,1,2,2,0,0,0,0,10,13,17.9,0,0,19.0,1,1,1,1,17104,9586,7093,17144,4226,3807,8680,13851,14660,13851,13272,13188,16055,13459,4399,1343,7930,1,1,17929,11243,2916,13982,2163,120,12497,1,18:27,2022,2023
2022-23,1629117,Wenyen Gabriel,Wenyen,1610612747,LAL,Los Angeles Lakers,22201106,2023-03-24T00:00:00,LAL vs. OKC,W,17.64666666666667,2,4,0.5,1,2,0.5,2,2,1.0,2,6,8,0,0,0,0,0,2,1,7,6,16.6,0,0,16.0,1,1,1,1,17668,15467,17859,9075,8083,13285,3860,6620,8080,1,3077,2868,2807,19186,16367,11790,7930,1,11553,11862,14745,6694,14849,2163,120,14513,1,17:39,2022,2023
2022-23,1628972,Troy Brown Jr.,Troy,1610612747,LAL,Los Angeles Lakers,22201106,2023-03-24T00:00:00,LAL vs. OKC,W,26.916666666666668,2,10,0.2,2,7,0.286,0,0,0.0,0,2,2,2,1,0,2,1,0,0,6,-3,16.4,0,0,16.0,1,1,1,1,10649,15467,8199,21480,4226,2551,10982,13851,14660,13851,13272,13188,16055,9342,8897,11790,751,17468,1,17929,15841,15240,14974,2163,120,14513,1,26:55,2022,2023
2022-23,203471,Dennis Schröder,Dennis,1610612747,LAL,Los Angeles Lakers,22201106,2023-03-24T00:00:00,LAL vs. OKC,W,36.8,8,14,0.571,2,4,0.5,3,4,0.75,1,2,3,6,3,2,1,1,2,3,21,4,39.6,0,0,38.0,1,1,1,1,2321,2711,4330,7045,4226,7558,3860,4622,4303,8358,6448,13188,12567,2101,2046,1343,2381,17468,11553,4788,3416,8218,3267,2163,120,3280,1,36:48,2022,2023
2022-23,1629022,Lonnie Walker IV,Lonnie,1610612747,LAL,Los Angeles Lakers,22201106,2023-03-24T00:00:00,LAL vs. OKC,W,23.683333333333334,7,12,0.583,4,8,0.5,2,4,0.5,1,3,4,0,0,3,0,0,1,3,20,-1,33.8,0,0,34.0,1,1,1,1,13140,3877,6024,6763,1024,1659,3860,6620,4303,10976,6448,9404,9590,19186,16367,387,7930,1,5181,4788,3852,13132,5260,2163,120,4558,1,23:41,2022,2023
2022-23,1630559,Austin Reaves,Austin,1610612747,LAL,Los Angeles Lakers,22201106,2023-03-24T00:00:00,LAL vs. OKC,W,38.23333333333333,3,12,0.25,1,5,0.2,4,4,1.0,3,3,6,9,3,0,0,0,3,2,11,4,28.7,0,0,27.0,1,1,1,1,1380,12366,6024,20392,8083,5511,12795,3075,4303,1,1492,9404,5308,634,2046,11790,7930,1,17562,7612,10274,8218,7537,2163,120,7676,1,38:14,2022,2023
2022-23,1629020,Jarred Vanderbilt,Jarred,1610612747,LAL,Los Angeles Lakers,22201092,2023-03-22T00:00:00,LAL vs. PHX,W,26.183333333333334,5,5,1.0,0,0,0.0,3,3,1.0,2,2,4,0,1,1,0,0,5,5,13,8,19.8,0,0,19.0,1,1,1,1,11198,7306,16006,1,14184,20319,14184,4622,6555,1,3077,13188,9590,19186,8897,4306,7930,1,24422,1742,8465,5327,12711,2163,120,12497,1,26:11,2022,2023
2022-23,203076,Anthony Davis,Anthony,1610612747,LAL,Los Angeles Lakers,22201092,2023-03-22T00:00:00,LAL vs. PHX,W,38.29666666666667,10,18,0.556,0,0,0.0,7,10,0.7,1,8,9,5,1,1,0,2,4,6,27,13,47.3,0,0,43.0,1,1,1,1,1353,1204,1948,7770,14184,20319,14184,993,576,9587,6448,1233,2052,3151,8897,4306,7930,23619,21892,993,1513,2916,1566,2163,120,2000,1,38:18,2022,2023
2022-23,1630559,Austin Reaves,Austin,1610612747,LAL,Los Angeles Lakers,22201092,2023-03-22T00:00:00,LAL vs. PHX,W,38.8,6,10,0.6,1,1,1.0,12,13,0.923,0,4,4,11,2,1,0,2,2,7,25,18,47.3,1,0,43.0,1,1,1,1,1101,5438,8199,5804,8083,16669,1,122,207,6641,13272,6530,9590,243,4399,4306,7930,23619,11553,559,2009,1403,1566,1,120,2000,1,38:48,2022,2023
2022-23,1626156,D'Angelo Russell,D'Angelo,1610612747,LAL,Los Angeles Lakers,22201092,2023-03-22T00:00:00,LAL vs. PHX,W,34.07666666666667,9,13,0.692,3,6,0.5,5,7,0.714,0,1,1,6,4,1,2,0,0,4,26,13,41.2,0,0,42.0,1,1,1,1,4546,1839,5108,3448,2120,3807,3860,2152,1700,9448,13272,17626,19709,2101,842,4306,751,1,1,2943,1742,2916,2830,2163,120,2224,1,34:05,2022,2023
2022-23,1628972,Troy Brown Jr.,Troy,1610612747,LAL,Los Angeles Lakers,22201092,2023-03-22T00:00:00,LAL vs. PHX,W,25.0,2,6,0.333,1,3,0.333,1,2,0.5,0,6,6,2,0,1,0,1,3,1,6,11,19.2,0,0,17.0,1,1,1,1,12120,15467,14189,17586,8083,10172,8680,10510,8080,10976,13272,2868,5308,9342,16367,4306,7930,17468,17562,11862,15841,3754,13098,2163,120,13833,1,25:00,2022,2023
2022-23,1629117,Wenyen Gabriel,Wenyen,1610612747,LAL,Los Angeles Lakers,22201092,2023-03-22T00:00:00,LAL vs. PHX,W,16.07,2,2,1.0,0,0,0.0,2,5,0.4,1,1,2,1,3,2,0,0,3,3,6,-3,12.9,0,0,13.0,1,1,1,1,18725,15467,21404,1,14184,20319,14184,6620,3311,13369,6448,17626,16055,13459,2046,1343,7930,1,17562,4788,15841,15240,17405,2163,120,16689,1,16:04,2022,2023
2022-23,203471,Dennis Schröder,Dennis,1610612747,LAL,Los Angeles Lakers,22201092,2023-03-22T00:00:00,LAL vs. PHX,W,28.906666666666663,3,7,0.429,1,1,1.0,6,6,1.0,1,3,4,2,1,0,0,1,2,4,13,4,19.8,0,0,20.0,1,1,1,1,9019,12366,12420,14122,8083,16669,1,1457,2263,1,6448,9404,9590,9342,8897,11790,7930,17468,11553,2943,8465,8218,12711,2163,120,11856,1,28:54,2022,2023
2022-23,1627736,Malik Beasley,Malik,1610612747,LAL,Los Angeles Lakers,22201092,2023-03-22T00:00:00,LAL vs. PHX,W,19.75,2,6,0.333,2,5,0.4,0,0,0.0,0,4,4,0,1,0,0,0,0,1,6,-8,9.8,0,0,12.0,1,1,1,1,16126,15467,14189,17586,4226,5511,7498,13851,14660,13851,13272,6530,9590,19186,8897,11790,7930,1,1,11862,15841,19762,19470,2163,120,17408,1,19:45,2022,2023
2022-23,1629060,Rui Hachimura,Rui,1610612747,LAL,Los Angeles Lakers,22201092,2023-03-22T00:00:00,LAL vs. PHX,W,12.916666666666666,0,3,0.0,0,1,0.0,0,0,0.0,0,2,2,0,0,0,0,0,1,0,0,-1,2.4,0,0,2.0,1,1,1,1,20649,22559,19669,22559,14184,16669,14184,13851,14660,13851,13272,13188,16055,19186,16367,11790,7930,1,5181,17929,23116,13132,23900,2163,120,23851,1,12:55,2022,2023
2022-23,1630559,Austin Reaves,Austin,1610612747,LAL,Los Angeles Lakers,22201070,2023-03-19T00:00:00,LAL vs. ORL,W,30.45,9,14,0.643,1,4,0.25,16,18,0.889,1,5,6,6,3,0,0,0,3,15,35,25,48.2,0,0,48.0,1,1,1,1,7733,1839,4330,4953,8083,7558,11411,28,37,6816,6448,4379,5308,2101,2046,11790,7930,1,17562,5,404,395,1414,2163,120,1144,1,30:27,2022,2023
2022-23,203076,Anthony Davis,Anthony,1610612747,LAL,Los Angeles Lakers,22201070,2023-03-19T00:00:00,LAL vs. ORL,W,34.35,6,15,0.4,0,0,0.0,3,6,0.5,2,9,11,1,5,2,4,0,4,4,15,-3,42.7,1,0,39.0,1,1,1,1,4312,5438,3608,15219,14184,20319,14184,4622,2263,10976,3077,766,1038,13459,319,1343,87,1,21892,2943,6803,15240,2497,1,120,2989,1,34:21,2022,2023
2022-23,1626156,D'Angelo Russell,D'Angelo,1610612747,LAL,Los Angeles Lakers,22201070,2023-03-19T00:00:00,LAL vs. ORL,W,33.236666666666665,6,12,0.5,4,8,0.5,2,2,1.0,0,1,1,6,1,0,2,0,1,2,18,-8,33.2,0,0,33.0,1,1,1,1,5281,5438,6024,9075,1024,1659,3860,6620,8080,1,13272,17626,19709,2101,8897,11790,751,1,5181,7612,4863,19762,5503,2163,120,4946,1,33:14,2022,2023
2022-23,1627736,Malik Beasley,Malik,1610612747,LAL,Los Angeles Lakers,22201070,2023-03-19T00:00:00,LAL vs. ORL,W,25.916666666666668,1,7,0.143,1,5,0.2,0,0,0.0,0,3,3,1,1,0,0,0,0,0,3,-15,7.1,0,0,8.0,1,1,1,1,11412,18953,12420,22241,8083,5511,12795,13851,14660,13851,13272,9404,12567,13459,8897,11790,7930,1,1,17929,19811,23654,21170,2163,120,20094,1,25:55,2022,2023
2022-23,1629117,Wenyen Gabriel,Wenyen,1610612747,LAL,Los Angeles Lakers,22201070,2023-03-19T00:00:00,LAL vs. ORL,W,20.25,2,3,0.667,0,0,0.0,2,2,1.0,4,4,8,1,0,0,1,1,3,2,6,25,20.1,0,0,17.0,1,1,1,1,15774,15467,19669,3571,14184,20319,14184,6620,8080,1,734,6530,2807,13459,16367,11790,2381,17468,17562,7612,15841,395,12527,2163,120,13833,1,20:15,2022,2023
2022-23,1629060,Rui Hachimura,Rui,1610612747,LAL,Los Angeles Lakers,22201070,2023-03-19T00:00:00,LAL vs. ORL,W,18.933333333333334,4,9,0.444,0,1,0.0,0,0,0.0,0,5,5,1,0,0,1,1,3,0,8,4,18.5,0,0,16.0,1,1,1,1,16759,9586,9460,13499,14184,16669,14184,13851,14660,13851,13272,4379,7186,13459,16367,11790,2381,17468,17562,17929,13462,8218,13600,2163,120,14513,1,18:56,2022,2023
2022-23,1629020,Jarred Vanderbilt,Jarred,1610612747,LAL,Los Angeles Lakers,22201070,2023-03-19T00:00:00,LAL vs. ORL,W,23.03,1,1,1.0,0,0,0.0,0,0,0.0,2,8,10,2,4,0,1,0,2,1,2,-12,16.0,0,0,16.0,1,1,1,1,13624,18953,23078,1,14184,20319,14184,13851,14660,13851,3077,1233,1446,9342,842,11790,2381,1,11553,11862,21044,22269,15275,2163,120,14513,1,23:02,2022,2023
2022-23,1628972,Troy Brown Jr.,Troy,1610612747,LAL,Los Angeles Lakers,22201070,2023-03-19T00:00:00,LAL vs. ORL,W,29.35,4,8,0.5,4,8,0.5,0,0,0.0,0,5,5,2,0,0,0,0,1,0,12,-8,21.0,0,0,23.0,1,1,1,1,8671,9586,10854,9075,1024,1659,3860,13851,14660,13851,13272,4379,7186,9342,16367,11790,7930,1,5181,17929,9310,19762,11979,2163,120,9958,1,29:21,2022,2023
2022-23,203471,Dennis Schröder,Dennis,1610612747,LAL,Los Angeles Lakers,22201070,2023-03-19T00:00:00,LAL vs. ORL,W,24.48333333333333,3,9,0.333,3,6,0.5,3,4,0.75,0,3,3,5,1,0,0,1,2,4,12,22,22.1,0,0,23.0,1,1,1,1,12512,12366,9460,17586,2120,3807,3860,4622,4303,8358,13272,9404,12567,3151,8897,11790,7930,17468,11553,2943,9310,698,11296,2163,120,9958,1,24:29,2022,2023
2022-23,1630559,Austin Reaves,Austin,1610612747,LAL,Los Angeles Lakers,22201054,2023-03-17T00:00:00,LAL vs. DAL,L,32.35,5,8,0.625,0,1,0.0,6,9,0.667,0,5,5,2,1,1,1,0,1,6,16,10,30.0,0,0,27.0,1,12947,12947,12947,6041,7306,10854,5245,14184,16669,14184,1457,842,9637,13272,4379,7186,9342,8897,4306,2381,1,5181,993,6103,4240,6924,2163,120,7676,1,32:21,2022,2023
2022-23,1626156,D'Angelo Russell,D'Angelo,1610612747,LAL,Los Angeles Lakers,22201054,2023-03-17T00:00:00,LAL vs. DAL,L,35.906666666666666,5,17,0.294,0,6,0.0,1,2,0.5,0,2,2,11,0,1,0,1,3,2,11,6,32.9,1,0,26.0,1,12947,12947,12947,2993,7306,2392,19700,14184,3807,14184,10510,8080,10976,13272,13188,16055,243,16367,4306,7930,17468,17562,7612,10274,6694,5630,1,120,8209,1,35:54,2022,2023
2022-23,1628972,Troy Brown Jr.,Troy,1610612747,LAL,Los Angeles Lakers,22201054,2023-03-17T00:00:00,LAL vs. DAL,L,22.85,2,4,0.5,2,4,0.5,0,0,0.0,0,0,0,0,0,1,0,0,3,0,6,-13,9.0,0,0,10.0,1,12947,12947,12947,13744,15467,17859,9075,4226,7558,3860,13851,14660,13851,13272,22091,23082,19186,16367,4306,7930,1,17562,17929,15841,22762,19978,2163,120,18804,1,22:51,2022,2023
2022-23,203076,Anthony Davis,Anthony,1610612747,LAL,Los Angeles Lakers,22201054,2023-03-17T00:00:00,LAL vs. DAL,L,36.71666666666667,9,14,0.643,0,1,0.0,8,11,0.727,3,7,10,3,2,0,1,0,5,7,26,1,43.5,1,0,41.0,1,12947,12947,12947,2374,1839,4330,4953,14184,16669,14184,663,406,9425,1492,1900,1446,6516,4399,11790,2381,1,24422,559,1742,11018,2315,1,120,2464,1,36:43,2022,2023
2022-23,1629020,Jarred Vanderbilt,Jarred,1610612747,LAL,Los Angeles Lakers,22201054,2023-03-17T00:00:00,LAL vs. DAL,L,20.06,3,5,0.6,0,1,0.0,1,2,0.5,2,2,4,0,2,1,0,0,1,6,7,-14,12.8,0,0,13.0,1,12947,12947,12947,15914,12366,16006,5804,14184,16669,14184,10510,8080,10976,3077,13188,9590,19186,4399,4306,7930,1,5181,993,14745,23232,17477,2163,120,16689,1,20:04,2022,2023
2022-23,1629060,Rui Hachimura,Rui,1610612747,LAL,Los Angeles Lakers,22201054,2023-03-17T00:00:00,LAL vs. DAL,L,16.35,4,6,0.667,2,2,1.0,0,0,0.0,0,1,1,0,0,2,0,0,0,0,10,2,17.2,0,0,17.0,1,12947,12947,12947,18558,9586,14189,3571,4226,13285,1,13851,14660,13851,13272,17626,19709,19186,16367,1343,7930,1,1,17929,11243,9989,14454,2163,120,13833,1,16:21,2022,2023
2022-23,1629117,Wenyen Gabriel,Wenyen,1610612747,LAL,Los Angeles Lakers,22201054,2023-03-17T00:00:00,LAL vs. DAL,L,23.275,3,8,0.375,0,0,0.0,3,6,0.5,8,3,11,2,1,2,1,3,2,3,9,5,33.2,0,0,28.0,1,12947,12947,12947,13438,12366,10854,16626,14184,20319,14184,4622,2263,10976,33,9404,1038,9342,8897,1343,2381,25315,11553,4788,12345,7441,5503,2163,120,7166,1,23:17,2022,2023
2022-23,203471,Dennis Schröder,Dennis,1610612747,LAL,Los Angeles Lakers,22201054,2023-03-17T00:00:00,LAL vs. DAL,L,29.766666666666666,7,13,0.538,1,2,0.5,0,0,0.0,0,3,3,5,4,0,0,0,2,2,15,6,22.1,0,0,24.0,1,12947,12947,12947,8312,3877,5108,8455,8083,13285,3860,13851,14660,13851,13272,9404,12567,3151,842,11790,7930,1,11553,7612,6803,6694,11296,2163,120,9373,1,29:46,2022,2023
2022-23,1627736,Malik Beasley,Malik,1610612747,LAL,Los Angeles Lakers,22201054,2023-03-17T00:00:00,LAL vs. DAL,L,22.725,5,9,0.556,0,3,0.0,0,1,0.0,0,6,6,0,2,0,0,0,1,0,10,-8,15.2,0,0,16.0,1,12947,12947,12947,13845,7306,9460,7770,14184,10172,14184,13851,13074,13851,13272,2868,5308,19186,4399,11790,7930,1,5181,17929,11243,19762,15829,2163,120,14513,1,22:44,2022,2023
2022-23,1629060,Rui Hachimura,Rui,1610612747,LAL,Los Angeles Lakers,22201038,2023-03-15T00:00:00,LAL @ HOU,L,17.483333333333334,2,5,0.4,1,3,0.333,0,0,0.0,0,0,0,0,1,0,1,0,0,1,5,-15,7.0,0,0,8.0,1,12947,12947,12947,17788,15467,16006,15219,8083,10172,8680,13851,14660,13851,13272,22091,23082,19186,8897,11790,2381,1,1,11862,17251,23654,21220,2163,120,20094,1,17:29,2022,2023
2022-23,1629022,Lonnie Walker IV,Lonnie,1610612747,LAL,Los Angeles Lakers,22201038,2023-03-15T00:00:00,LAL @ HOU,L,11.298333333333334,1,4,0.25,0,3,0.0,2,2,1.0,0,0,0,0,0,0,1,0,0,1,4,4,7.0,0,0,6.0,1,12947,12947,12947,21539,18953,17859,20392,14184,10172,14184,6620,8080,1,13272,22091,23082,19186,16367,11790,2381,1,1,11862,18472,8218,21220,2163,120,21425,1,11:18,2022,2023
2022-23,203471,Dennis Schröder,Dennis,1610612747,LAL,Los Angeles Lakers,22201038,2023-03-15T00:00:00,LAL @ HOU,L,24.916666666666668,3,10,0.3,0,2,0.0,10,12,0.833,1,1,2,0,1,0,0,1,1,9,16,-6,17.4,0,0,18.0,1,12947,12947,12947,12177,12366,8199,19519,14184,13285,14184,300,280,7354,6448,17626,16055,19186,8897,11790,7930,17468,5181,194,6103,18185,14314,2163,120,13199,1,24:55,2022,2023
2022-23,1627736,Malik Beasley,Malik,1610612747,LAL,Los Angeles Lakers,22201038,2023-03-15T00:00:00,LAL @ HOU,L,32.46666666666667,6,17,0.353,4,12,0.333,0,0,0.0,0,3,3,0,0,1,0,0,1,0,16,-5,22.6,0,0,25.0,1,12947,12947,12947,5948,5438,2392,17479,1024,233,8680,13851,14660,13851,13272,9404,12567,19186,16367,4306,7930,1,5181,17929,6103,17295,10980,2163,120,8774,1,32:28,2022,2023
2022-23,1628972,Troy Brown Jr.,Troy,1610612747,LAL,Los Angeles Lakers,22201038,2023-03-15T00:00:00,LAL @ HOU,L,25.3,3,5,0.6,2,4,0.5,0,0,0.0,0,2,2,1,2,0,1,0,3,1,8,-6,12.9,0,0,15.0,1,12947,12947,12947,11879,12366,16006,5804,4226,7558,3860,13851,14660,13851,13272,13188,16055,13459,4399,11790,2381,1,17562,11862,13462,18185,17405,2163,120,15266,1,25:18,2022,2023
2022-23,1629117,Wenyen Gabriel,Wenyen,1610612747,LAL,Los Angeles Lakers,22201038,2023-03-15T00:00:00,LAL @ HOU,L,33.483333333333334,2,5,0.4,0,0,0.0,2,2,1.0,7,7,14,1,0,2,0,0,5,3,6,12,30.3,0,0,25.0,1,12947,12947,12947,5062,15467,16006,15219,14184,20319,14184,6620,8080,1,75,1900,315,13459,16367,1343,7930,1,24422,4788,15841,3319,6790,2163,120,8774,1,33:29,2022,2023
2022-23,1626156,D'Angelo Russell,D'Angelo,1610612747,LAL,Los Angeles Lakers,22201038,2023-03-15T00:00:00,LAL @ HOU,L,33.63333333333333,5,17,0.294,3,11,0.273,5,6,0.833,0,1,1,7,3,1,0,2,2,4,18,-1,29.7,0,0,31.0,1,12947,12947,12947,4914,7306,2392,19700,2120,408,11360,2152,2263,7354,13272,17626,19709,1460,2046,4306,7930,23619,11553,2943,4863,13132,7064,2163,120,5759,1,33:38,2022,2023
2022-23,1630559,Austin Reaves,Austin,1610612747,LAL,Los Angeles Lakers,22201038,2023-03-15T00:00:00,LAL @ HOU,L,26.78333333333333,6,14,0.429,1,7,0.143,11,13,0.846,0,4,4,7,1,1,0,0,1,7,24,1,41.3,0,0,38.0,1,12947,12947,12947,10748,5438,4330,14122,8083,2551,13867,191,207,7335,13272,6530,9590,1460,8897,4306,7930,1,5181,559,2312,11018,2803,2163,120,3280,1,26:47,2022,2023
2022-23,1629020,Jarred Vanderbilt,Jarred,1610612747,LAL,Los Angeles Lakers,22201038,2023-03-15T00:00:00,LAL @ HOU,L,34.635,6,13,0.462,0,2,0.0,1,2,0.5,3,7,10,5,0,2,0,0,4,3,13,-4,38.5,1,0,32.0,1,12947,12947,12947,4062,5438,5108,12925,14184,13285,14184,10510,8080,10976,1492,1900,1446,3151,16367,1343,7930,1,21892,4788,8465,16280,3611,1,120,5369,1,34:38,2022,2023
2022-23,203076,Anthony Davis,Anthony,1610612747,LAL,Los Angeles Lakers,22201030,2023-03-14T00:00:00,LAL @ NOP,W,33.31666666666667,11,18,0.611,1,2,0.5,12,13,0.923,6,11,17,1,3,0,0,1,1,10,35,18,53.9,1,0,54.0,1,1,1,1,5200,789,1948,5740,8083,13285,3860,122,207,6641,168,292,97,13459,2046,11790,7930,17468,5181,100,404,1403,742,1,120,577,1,33:19,2022,2023
2022-23,1627736,Malik Beasley,Malik,1610612747,LAL,Los Angeles Lakers,22201030,2023-03-14T00:00:00,LAL @ NOP,W,31.12833333333333,8,16,0.5,7,12,0.583,1,1,1.0,1,1,2,3,1,2,0,1,0,2,24,18,35.9,0,0,40.0,1,1,1,1,7164,2711,2947,9075,74,233,3463,10510,13074,1,6448,17626,16055,6516,8897,1343,7930,17468,1,7612,2312,1403,4476,2163,120,2713,1,31:08,2022,2023
2022-23,1629022,Lonnie Walker IV,Lonnie,1610612747,LAL,Los Angeles Lakers,22201030,2023-03-14T00:00:00,LAL @ NOP,W,1.5666666666666669,0,1,0.0,0,1,0.0,0,0,0.0,0,0,0,0,0,0,0,0,0,0,0,-4,0.0,0,0,0.0,1,1,1,1,25506,22559,23078,22559,14184,16669,14184,13851,14660,13851,13272,22091,23082,19186,16367,11790,7930,1,1,17929,23116,16280,24963,2163,120,25002,1,1:34,2022,2023
2022-23,1628432,Davon Reed,Davon,1610612747,LAL,Los Angeles Lakers,22201030,2023-03-14T00:00:00,LAL @ NOP,W,1.5666666666666669,0,0,0.0,0,0,0.0,0,0,0.0,0,0,0,0,0,0,0,0,1,0,0,-4,0.0,0,0,0.0,1,1,1,1,25506,22559,24678,22559,14184,20319,14184,13851,14660,13851,13272,22091,23082,19186,16367,11790,7930,1,5181,17929,23116,16280,24963,2163,120,25002,1,1:34,2022,2023
2022-23,1631108,Max Christie,Max,1610612747,LAL,Los Angeles Lakers,22201030,2023-03-14T00:00:00,LAL @ NOP,W,1.5666666666666669,0,0,0.0,0,0,0.0,0,0,0.0,0,0,0,0,0,0,0,0,0,0,0,-4,0.0,0,0,0.0,1,1,1,1,25506,22559,24678,22559,14184,20319,14184,13851,14660,13851,13272,22091,23082,19186,16367,11790,7930,1,1,17929,23116,16280,24963,2163,120,25002,1,1:34,2022,2023
2022-23,203471,Dennis Schröder,Dennis,1610612747,LAL,Los Angeles Lakers,22201030,2023-03-14T00:00:00,LAL @ NOP,W,18.73333333333333,1,5,0.2,0,2,0.0,1,1,1.0,0,2,2,3,1,0,0,0,1,0,3,-4,8.9,0,0,8.0,1,1,1,1,16890,18953,16006,21480,14184,13285,14184,10510,13074,1,13272,13188,16055,6516,8897,11790,7930,1,5181,17929,19811,16280,20037,2163,120,20094,1,18:44,2022,2023
2022-23,1629117,Wenyen Gabriel,Wenyen,1610612747,LAL,Los Angeles Lakers,22201030,2023-03-14T00:00:00,LAL @ NOP,W,14.683333333333334,3,6,0.5,0,1,0.0,0,0,0.0,5,3,8,1,2,0,0,1,3,1,6,-3,15.1,0,0,15.0,1,1,1,1,19633,12366,14189,9075,14184,16669,14184,13851,14660,13851,342,9404,2807,13459,4399,11790,7930,17468,17562,11862,15841,15240,15913,2163,120,15266,1,14:41,2022,2023
2022-23,1629020,Jarred Vanderbilt,Jarred,1610612747,LAL,Los Angeles Lakers,22201030,2023-03-14T00:00:00,LAL @ NOP,W,28.0,1,4,0.25,0,2,0.0,2,2,1.0,1,7,8,3,1,1,0,0,5,2,4,22,20.1,0,0,17.0,1,1,1,1,9711,18953,17859,20392,14184,13285,14184,6620,8080,1,6448,1900,2807,6516,8897,4306,7930,1,24422,7612,18472,698,12527,2163,120,13833,1,28:00,2022,2023
2022-23,1629060,Rui Hachimura,Rui,1610612747,LAL,Los Angeles Lakers,22201030,2023-03-14T00:00:00,LAL @ NOP,W,19.821666666666665,4,7,0.571,2,3,0.667,2,2,1.0,0,2,2,0,1,0,0,0,1,1,12,-7,13.4,0,0,16.0,1,1,1,1,16079,9586,12420,7045,4226,10172,1971,6620,8080,1,13272,13188,16055,19186,8897,11790,7930,1,5181,11862,9310,18993,17068,2163,120,14513,1,19:49,2022,2023
2022-23,1630559,Austin Reaves,Austin,1610612747,LAL,Los Angeles Lakers,22201030,2023-03-14T00:00:00,LAL @ NOP,W,28.683333333333334,4,5,0.8,3,4,0.75,3,5,0.6,1,3,4,5,4,1,0,0,1,5,14,-2,25.3,0,0,28.0,1,1,1,1,9190,9586,16006,1839,2120,7558,1581,4622,3311,10622,6448,9404,9590,3151,842,4306,7930,1,5181,1742,7583,14174,9407,2163,120,7166,1,28:41,2022,2023
2022-23,1626156,D'Angelo Russell,D'Angelo,1610612747,LAL,Los Angeles Lakers,22201030,2023-03-14T00:00:00,LAL @ NOP,W,32.78333333333333,5,15,0.333,3,9,0.333,4,4,1.0,0,5,5,3,3,2,2,0,1,3,17,26,36.5,0,0,36.0,1,1,1,1,5678,7306,3608,17586,2120,1087,8680,3075,4303,1,13272,4379,7186,6516,2046,1343,751,1,5181,4788,5476,316,4260,2163,120,3886,1,32:47,2022,2023
2022-23,1628972,Troy Brown Jr.,Troy,1610612747,LAL,Los Angeles Lakers,22201030,2023-03-14T00:00:00,LAL @ NOP,W,28.15,3,5,0.6,2,3,0.667,0,0,0.0,1,3,4,5,1,2,0,0,2,0,8,19,25.3,0,0,23.0,1,1,1,1,9609,12366,16006,5804,4226,10172,1971,13851,14660,13851,6448,9404,9590,3151,8897,1343,7930,1,11553,17929,13462,1177,9407,2163,120,9958,1,28:09,2022,2023
2022-23,1627736,Malik Beasley,Malik,1610612747,LAL,Los Angeles Lakers,22201019,2023-03-12T00:00:00,LAL vs. NYK,L,25.683333333333334,4,12,0.333,2,8,0.25,0,0,0.0,0,2,2,0,0,0,0,0,1,0,10,-5,12.4,0,0,14.0,1,12947,12947,12947,11584,9586,6024,17586,4226,1659,11411,13851,14660,13851,13272,13188,16055,19186,16367,11790,7930,1,5181,17929,11243,17295,17748,2163,120,16001,1,25:41,2022,2023
2022-23,1629117,Wenyen Gabriel,Wenyen,1610612747,LAL,Los Angeles Lakers,22201019,2023-03-12T00:00:00,LAL vs. NYK,L,10.766666666666667,2,3,0.667,0,0,0.0,0,0,0.0,0,2,2,1,1,0,0,0,1,0,4,-13,6.9,0,0,7.0,1,12947,12947,12947,21743,15467,19669,3571,14184,20319,14184,13851,14660,13851,13272,13188,16055,13459,8897,11790,7930,1,5181,17929,18472,22762,21278,2163,120,20760,1,10:46,2022,2023
2022-23,203076,Anthony Davis,Anthony,1610612747,LAL,Los Angeles Lakers,22201019,2023-03-12T00:00:00,LAL vs. NYK,L,37.23333333333333,8,18,0.444,0,1,0.0,1,5,0.2,6,10,16,4,1,2,1,1,1,5,17,9,50.2,1,0,43.0,1,12947,12947,12947,2016,2711,1948,13499,14184,16669,14184,10510,3311,13826,168,496,142,4531,8897,1343,2381,17468,5181,1742,5476,4755,1123,1,120,2000,1,37:14,2022,2023
2022-23,1629020,Jarred Vanderbilt,Jarred,1610612747,LAL,Los Angeles Lakers,22201019,2023-03-12T00:00:00,LAL vs. NYK,L,24.098333333333333,1,3,0.333,0,1,0.0,0,0,0.0,1,4,5,2,1,3,0,0,2,0,2,-18,19.0,0,0,15.0,1,12947,12947,12947,12817,18953,19669,17586,14184,16669,14184,13851,14660,13851,6448,6530,7186,9342,8897,387,7930,1,11553,17929,21044,24536,13248,2163,120,15266,1,24:06,2022,2023
2022-23,1626156,D'Angelo Russell,D'Angelo,1610612747,LAL,Los Angeles Lakers,22201019,2023-03-12T00:00:00,LAL vs. NYK,L,35.266666666666666,13,19,0.684,6,11,0.545,1,1,1.0,2,3,5,8,3,0,1,0,3,2,33,14,51.0,0,0,54.0,1,12947,12947,12947,3537,299,1551,3547,178,408,3809,10510,13074,1,3077,9404,7186,963,2046,11790,2381,1,17562,7612,564,2554,1028,2163,120,577,1,35:16,2022,2023
2022-23,203471,Dennis Schröder,Dennis,1610612747,LAL,Los Angeles Lakers,22201019,2023-03-12T00:00:00,LAL vs. NYK,L,26.0,6,11,0.545,1,3,0.333,1,2,0.5,0,1,1,1,2,1,0,0,2,2,14,-3,17.7,0,0,19.0,1,12947,12947,12947,11334,5438,7093,8194,8083,10172,8680,10510,8080,10976,13272,17626,19709,13459,4399,4306,7930,1,11553,7612,7583,15240,14114,2163,120,12497,1,26:00,2022,2023
2022-23,1629060,Rui Hachimura,Rui,1610612747,LAL,Los Angeles Lakers,22201019,2023-03-12T00:00:00,LAL vs. NYK,L,27.418333333333333,5,9,0.556,2,3,0.667,0,0,0.0,0,3,3,0,0,0,0,1,3,1,12,8,15.6,0,0,17.0,1,12947,12947,12947,10252,7306,9460,7770,4226,10172,1971,13851,14660,13851,13272,9404,12567,19186,16367,11790,7930,17468,17562,11862,9310,5327,15549,2163,120,13833,1,27:25,2022,2023
2022-23,1630559,Austin Reaves,Austin,1610612747,LAL,Los Angeles Lakers,22201019,2023-03-12T00:00:00,LAL vs. NYK,L,25.25,4,6,0.667,1,2,0.5,4,5,0.8,0,1,1,4,3,0,0,0,1,5,13,-3,17.2,0,0,19.0,1,12947,12947,12947,11912,9586,14189,3571,8083,13285,3860,3075,3311,7793,13272,17626,19709,4531,2046,11790,7930,1,5181,1742,8465,15240,14454,2163,120,12497,1,25:15,2022,2023
2022-23,1628972,Troy Brown Jr.,Troy,1610612747,LAL,Los Angeles Lakers,22201019,2023-03-12T00:00:00,LAL vs. NYK,L,28.28333333333333,0,8,0.0,0,7,0.0,3,4,0.75,1,1,2,4,0,0,0,1,3,3,3,-9,11.4,0,0,9.0,1,12947,12947,12947,9496,22559,10854,22559,14184,2551,14184,4622,4303,8358,6448,17626,16055,4531,16367,11790,7930,17468,17562,4788,19811,20484,18412,2163,120,19461,1,28:17,2022,2023
2022-23,1627736,Malik Beasley,Malik,1610612747,LAL,Los Angeles Lakers,22201003,2023-03-10T00:00:00,LAL vs. TOR,W,20.91333333333333,1,6,0.167,1,5,0.2,1,1,1.0,0,4,4,0,3,0,0,0,0,0,4,-21,5.8,0,0,9.0,1,1,1,1,15271,18953,14189,21973,8083,5511,12795,10510,13074,1,13272,6530,9590,19186,2046,11790,7930,1,1,17929,18472,25088,21963,2163,120,19461,1,20:55,2022,2023
2022-23,1628972,Troy Brown Jr.,Troy,1610612747,LAL,Los Angeles Lakers,22201003,2023-03-10T00:00:00,LAL vs. TOR,W,23.875,2,4,0.5,1,3,0.333,0,0,0.0,0,3,3,0,0,1,0,1,1,0,5,-10,11.6,0,0,11.0,1,1,1,1,12997,15467,17859,9075,8083,10172,8680,13851,14660,13851,13272,9404,12567,19186,16367,4306,7930,17468,5181,17929,17251,21112,18292,2163,120,18113,1,23:53,2022,2023
2022-23,1629117,Wenyen Gabriel,Wenyen,1610612747,LAL,Los Angeles Lakers,22201003,2023-03-10T00:00:00,LAL vs. TOR,W,15.458333333333334,2,3,0.667,0,0,0.0,0,0,0.0,0,4,4,2,0,0,3,0,1,0,4,19,20.8,0,0,16.0,1,1,1,1,19138,15467,19669,3571,14184,20319,14184,13851,14660,13851,13272,6530,9590,9342,16367,11790,252,1,5181,17929,18472,1177,12112,2163,120,14513,1,15:28,2022,2023
2022-23,1629020,Jarred Vanderbilt,Jarred,1610612747,LAL,Los Angeles Lakers,22201003,2023-03-10T00:00:00,LAL vs. TOR,W,30.35333333333333,5,7,0.714,2,4,0.5,4,4,1.0,1,3,4,1,3,2,0,0,2,4,16,-10,25.3,0,0,27.0,1,1,1,1,7804,7306,12420,2995,4226,7558,3860,3075,4303,1,6448,9404,9590,13459,2046,1343,7930,1,11553,2943,6103,21112,9407,2163,120,7676,1,30:21,2022,2023
2022-23,1630559,Austin Reaves,Austin,1610612747,LAL,Los Angeles Lakers,22201003,2023-03-10T00:00:00,LAL vs. TOR,W,32.46666666666667,6,10,0.6,0,2,0.0,6,6,1.0,0,2,2,5,1,0,1,1,3,5,18,26,29.9,0,0,27.0,1,1,1,1,5948,5438,8199,5804,14184,13285,14184,1457,2263,1,13272,13188,16055,3151,8897,11790,2381,17468,17562,1742,4863,316,6967,2163,120,7676,1,32:28,2022,2023
2022-23,203471,Dennis Schröder,Dennis,1610612747,LAL,Los Angeles Lakers,22201003,2023-03-10T00:00:00,LAL vs. TOR,W,33.38333333333333,8,17,0.471,3,6,0.5,4,4,1.0,0,1,1,7,6,4,0,0,0,3,23,32,40.7,0,0,42.0,1,1,1,1,5146,2711,2392,12664,2120,3807,3860,3075,4303,1,13272,17626,19709,1460,120,90,7930,1,1,4788,2654,93,2963,2163,120,2224,1,33:23,2022,2023
2022-23,203076,Anthony Davis,Anthony,1610612747,LAL,Los Angeles Lakers,22201003,2023-03-10T00:00:00,LAL vs. TOR,W,32.56666666666667,4,7,0.571,0,0,0.0,0,0,0.0,3,6,9,3,1,0,4,0,3,1,8,-11,34.3,0,0,28.0,1,1,1,1,5859,9586,12420,7045,14184,20319,14184,13851,14660,13851,1492,2868,2052,6516,8897,11790,87,1,17562,11862,13462,21730,5072,2163,120,7166,1,32:34,2022,2023
2022-23,1629060,Rui Hachimura,Rui,1610612747,LAL,Los Angeles Lakers,22201003,2023-03-10T00:00:00,LAL vs. TOR,W,19.966666666666665,7,9,0.778,1,2,0.5,1,1,1.0,0,3,3,1,2,0,0,0,0,1,16,21,19.1,0,0,21.0,1,1,1,1,15974,3877,9460,2148,8083,13285,3860,10510,13074,1,13272,9404,12567,13459,4399,11790,7930,1,1,11862,6103,831,13169,2163,120,11203,1,19:58,2022,2023
2022-23,1626156,D'Angelo Russell,D'Angelo,1610612747,LAL,Los Angeles Lakers,22201003,2023-03-10T00:00:00,LAL vs. TOR,W,31.016666666666666,10,17,0.588,5,8,0.625,3,3,1.0,1,4,5,9,4,1,0,1,0,2,28,4,46.5,0,0,49.0,1,1,1,1,7253,1204,2392,6690,428,1659,2900,4622,6555,1,6448,6530,7186,634,842,4306,7930,17468,1,7612,1320,8218,1726,2163,120,1023,1,31:01,2022,2023
2022-23,1627736,Malik Beasley,Malik,1610612747,LAL,Los Angeles Lakers,22200984,2023-03-07T00:00:00,LAL vs. MEM,W,22.366666666666667,2,10,0.2,1,6,0.167,0,0,0.0,0,5,5,3,2,0,0,0,2,0,5,-13,13.5,0,0,14.0,1,1,1,1,14135,15467,8199,21480,8083,3807,13473,13851,14660,13851,13272,4379,7186,6516,4399,11790,7930,1,11553,17929,17251,22762,17011,2163,120,16001,1,22:22,2022,2023
2022-23,1630559,Austin Reaves,Austin,1610612747,LAL,Los Angeles Lakers,22200984,2023-03-07T00:00:00,LAL vs. MEM,W,32.7,6,13,0.462,1,3,0.333,4,6,0.667,0,4,4,7,0,1,0,1,3,3,17,11,35.3,0,0,31.0,1,1,1,1,5746,5438,5108,12925,8083,10172,8680,3075,2263,9637,13272,6530,9590,1460,16367,4306,7930,17468,17562,4788,5476,3754,4679,2163,120,5759,1,32:42,2022,2023
2022-23,203076,Anthony Davis,Anthony,1610612747,LAL,Los Angeles Lakers,22200984,2023-03-07T00:00:00,LAL vs. MEM,W,35.531666666666666,11,17,0.647,1,2,0.5,7,9,0.778,4,18,22,3,7,0,2,2,2,10,30,24,59.9,1,0,60.0,1,1,1,1,3319,789,2392,4918,8083,13285,3860,993,842,8264,734,3,7,6516,39,11790,751,23619,11553,100,950,492,345,1,120,221,1,35:32,2022,2023
2022-23,203471,Dennis Schröder,Dennis,1610612747,LAL,Los Angeles Lakers,22200984,2023-03-07T00:00:00,LAL vs. MEM,W,34.583333333333336,5,14,0.357,0,3,0.0,7,7,1.0,0,6,6,9,2,1,0,2,1,7,17,16,38.7,0,0,34.0,1,1,1,1,4102,7306,4330,17381,14184,10172,14184,993,1700,1,13272,2868,5308,634,4399,4306,7930,23619,5181,559,5476,1910,3551,2163,120,4558,1,34:35,2022,2023
2022-23,1629060,Rui Hachimura,Rui,1610612747,LAL,Los Angeles Lakers,22200984,2023-03-07T00:00:00,LAL vs. MEM,W,27.58333333333333,7,11,0.636,1,3,0.333,2,2,1.0,2,4,6,0,0,0,0,0,1,1,17,22,24.2,0,0,24.0,1,1,1,1,10106,3877,7093,5046,8083,10172,8680,6620,8080,1,3077,6530,5308,19186,16367,11790,7930,1,5181,11862,5476,698,10053,2163,120,9373,1,27:35,2022,2023
2022-23,1628972,Troy Brown Jr.,Troy,1610612747,LAL,Los Angeles Lakers,22200984,2023-03-07T00:00:00,LAL vs. MEM,W,33.416666666666664,4,10,0.4,3,6,0.5,2,3,0.667,1,3,4,2,0,1,0,0,1,2,13,20,23.8,0,0,24.0,1,1,1,1,5115,9586,8199,15219,2120,3807,3860,6620,6555,9637,6448,9404,9590,9342,16367,4306,7930,1,5181,7612,8465,985,10298,2163,120,9373,1,33:25,2022,2023
2022-23,1629117,Wenyen Gabriel,Wenyen,1610612747,LAL,Los Angeles Lakers,22200984,2023-03-07T00:00:00,LAL vs. MEM,W,13.551666666666666,1,1,1.0,0,0,0.0,0,0,0.0,0,0,0,0,0,0,0,0,3,0,2,-15,2.0,0,0,2.0,1,1,1,1,20295,18953,23078,1,14184,20319,14184,13851,14660,13851,13272,22091,23082,19186,16367,11790,7930,1,17562,17929,21044,23654,24065,2163,120,23851,1,13:33,2022,2023
2022-23,1629022,Lonnie Walker IV,Lonnie,1610612747,LAL,Los Angeles Lakers,22200984,2023-03-07T00:00:00,LAL vs. MEM,W,16.383333333333333,3,9,0.333,0,4,0.0,0,0,0.0,0,2,2,1,2,0,0,1,1,0,6,-6,7.9,0,0,9.0,1,1,1,1,18533,12366,9460,17586,14184,7558,14184,13851,14660,13851,13272,13188,16055,13459,4399,11790,7930,17468,5181,17929,15841,18185,20644,2163,120,19461,1,16:23,2022,2023
2022-23,1629020,Jarred Vanderbilt,Jarred,1610612747,LAL,Los Angeles Lakers,22200984,2023-03-07T00:00:00,LAL vs. MEM,W,23.883333333333333,2,5,0.4,0,1,0.0,1,2,0.5,0,8,8,2,0,1,0,0,4,2,5,-14,20.6,0,0,17.0,1,1,1,1,12985,15467,16006,15219,14184,16669,14184,10510,8080,10976,13272,1233,2807,9342,16367,4306,7930,1,21892,7612,17251,23232,12209,2163,120,13833,1,23:53,2022,2023
2022-23,1629117,Wenyen Gabriel,Wenyen,1610612747,LAL,Los Angeles Lakers,22200964,2023-03-05T00:00:00,LAL vs. GSW,W,8.376666666666667,1,2,0.5,0,0,0.0,0,0,0.0,1,5,6,0,2,0,0,0,3,1,2,-9,7.2,0,0,8.0,1,1,1,1,22647,18953,21404,9075,14184,20319,14184,13851,14660,13851,6448,4379,5308,19186,4399,11790,7930,1,17562,11862,21044,20484,21046,2163,120,20094,1,8:23,2022,2023
2022-23,1627736,Malik Beasley,Malik,1610612747,LAL,Los Angeles Lakers,22200964,2023-03-05T00:00:00,LAL vs. GSW,W,30.843333333333334,4,9,0.444,1,4,0.25,3,3,1.0,1,2,3,1,0,0,0,0,1,2,12,16,17.1,0,0,17.0,1,1,1,1,7419,9586,9460,13499,8083,7558,11411,4622,6555,1,6448,13188,12567,13459,16367,11790,7930,1,5181,7612,9310,1910,14522,2163,120,13833,1,30:51,2022,2023
2022-23,1629022,Lonnie Walker IV,Lonnie,1610612747,LAL,Los Angeles Lakers,22200964,2023-03-05T00:00:00,LAL vs. GSW,W,15.4,3,9,0.333,1,5,0.2,0,0,0.0,0,0,0,2,0,0,0,1,1,0,7,-11,10.0,0,0,10.0,1,1,1,1,19179,12366,9460,17586,8083,5511,12795,13851,14660,13851,13272,22091,23082,9342,16367,11790,7930,17468,5181,17929,14745,21730,19342,2163,120,18804,1,15:24,2022,2023
2022-23,1628964,Mo Bamba,Mo,1610612747,LAL,Los Angeles Lakers,22200964,2023-03-05T00:00:00,LAL vs. GSW,W,2.04,0,2,0.0,0,1,0.0,0,0,0.0,2,0,2,0,0,0,0,1,1,0,0,0,2.4,0,0,2.0,1,1,1,1,25253,22559,21404,22559,14184,16669,14184,13851,14660,13851,3077,22091,16055,19186,16367,11790,7930,17468,5181,17929,23116,11977,23900,2163,120,23851,1,2:02,2022,2023
2022-23,1629060,Rui Hachimura,Rui,1610612747,LAL,Los Angeles Lakers,22200964,2023-03-05T00:00:00,LAL vs. GSW,W,20.006666666666668,1,5,0.2,0,2,0.0,0,0,0.0,0,3,3,0,0,0,0,0,0,1,2,-13,5.6,0,0,5.0,1,1,1,1,15949,18953,16006,21480,14184,13285,14184,13851,14660,13851,13272,9404,12567,19186,16367,11790,7930,1,1,11862,21044,22762,22059,2163,120,22051,1,20:00,2022,2023
2022-23,1628972,Troy Brown Jr.,Troy,1610612747,LAL,Los Angeles Lakers,22200964,2023-03-05T00:00:00,LAL vs. GSW,W,41.18333333333333,5,10,0.5,4,7,0.571,0,0,0.0,1,7,8,2,0,0,0,0,3,2,14,10,26.6,0,0,28.0,1,1,1,1,375,7306,8199,9075,1024,2551,3486,13851,14660,13851,6448,1900,2807,9342,16367,11790,7930,1,17562,7612,7583,4240,8660,2163,120,7166,1,41:11,2022,2023
2022-23,203471,Dennis Schröder,Dennis,1610612747,LAL,Los Angeles Lakers,22200964,2023-03-05T00:00:00,LAL vs. GSW,W,33.266666666666666,4,13,0.308,1,4,0.25,2,2,1.0,0,1,1,6,0,1,0,1,3,1,11,-6,24.2,0,0,21.0,1,1,1,1,5247,9586,5108,19413,8083,7558,11411,6620,8080,1,13272,17626,19709,2101,16367,4306,7930,17468,17562,11862,10274,18185,10053,2163,120,11203,1,33:16,2022,2023
2022-23,1629020,Jarred Vanderbilt,Jarred,1610612747,LAL,Los Angeles Lakers,22200964,2023-03-05T00:00:00,LAL vs. GSW,W,23.65,5,11,0.455,0,2,0.0,0,0,0.0,2,11,13,4,1,1,0,0,1,0,10,25,33.6,1,0,29.0,1,1,1,1,13170,7306,7093,13150,14184,13285,14184,13851,14660,13851,3077,292,472,4531,8897,4306,7930,1,5181,17929,11243,395,5335,1,120,6681,1,23:39,2022,2023
2022-23,1630559,Austin Reaves,Austin,1610612747,LAL,Los Angeles Lakers,22200964,2023-03-05T00:00:00,LAL vs. GSW,W,27.65,5,9,0.556,3,5,0.6,3,4,0.75,0,2,2,8,2,1,1,1,2,2,16,11,34.4,0,0,33.0,1,1,1,1,10046,7306,9460,7770,2120,5511,3022,4622,4303,8358,13272,13188,16055,963,4399,4306,2381,17468,11553,7612,6103,3754,5025,2163,120,4946,1,27:39,2022,2023
2022-23,203076,Anthony Davis,Anthony,1610612747,LAL,Los Angeles Lakers,22200964,2023-03-05T00:00:00,LAL vs. GSW,W,37.583333333333336,14,25,0.56,1,3,0.333,10,13,0.769,3,5,8,6,2,0,2,2,2,12,39,17,61.6,0,0,58.0,1,1,1,1,1795,175,243,7754,8083,10172,8680,300,207,8344,1492,4379,2807,2101,4399,11790,751,23619,11553,28,204,1637,265,2163,120,322,1,37:35,2022,2023
2022-23,203076,Anthony Davis,Anthony,1610612747,LAL,Los Angeles Lakers,22200955,2023-03-03T00:00:00,LAL vs. MIN,L,32.38333333333333,12,22,0.545,2,4,0.5,12,14,0.857,1,4,5,2,6,1,2,1,3,9,38,-8,50.0,0,0,53.0,1,12947,12947,12947,6014,474,695,8194,4226,7558,3860,122,148,7116,6448,6530,7186,9342,120,4306,751,17468,17562,194,235,19762,1152,2163,120,637,1,32:23,2022,2023
2022-23,1627736,Malik Beasley,Malik,1610612747,LAL,Los Angeles Lakers,22200955,2023-03-03T00:00:00,LAL vs. MIN,L,32.3,5,11,0.455,3,6,0.5,2,2,1.0,2,6,8,1,1,1,0,0,2,1,15,-1,28.1,0,0,29.0,1,12947,12947,12947,6081,7306,7093,13150,2120,3807,3860,6620,8080,1,3077,2868,2807,13459,8897,4306,7930,1,11553,11862,6803,13132,7827,2163,120,6681,1,32:18,2022,2023
2022-23,1628964,Mo Bamba,Mo,1610612747,LAL,Los Angeles Lakers,22200955,2023-03-03T00:00:00,LAL vs. MIN,L,11.473333333333333,2,4,0.5,0,1,0.0,1,1,1.0,2,4,6,0,1,0,0,0,1,1,5,1,11.2,0,0,11.0,1,12947,12947,12947,21470,15467,17859,9075,14184,16669,14184,10510,13074,1,3077,6530,5308,19186,8897,11790,7930,1,5181,11862,17251,11018,18544,2163,120,18113,1,11:28,2022,2023
2022-23,1629117,Wenyen Gabriel,Wenyen,1610612747,LAL,Los Angeles Lakers,22200955,2023-03-03T00:00:00,LAL vs. MIN,L,4.083333333333333,0,0,0.0,0,0,0.0,0,0,0.0,0,0,0,0,0,0,0,0,1,1,0,-1,0.0,0,0,0.0,1,12947,12947,12947,24322,22559,24678,22559,14184,20319,14184,13851,14660,13851,13272,22091,23082,19186,16367,11790,7930,1,5181,11862,23116,13132,24963,2163,120,25002,1,4:05,2022,2023
2022-23,1629022,Lonnie Walker IV,Lonnie,1610612747,LAL,Los Angeles Lakers,22200955,2023-03-03T00:00:00,LAL vs. MIN,L,26.166666666666668,4,9,0.444,2,6,0.333,0,0,0.0,0,5,5,1,1,0,0,1,1,0,10,-4,16.5,0,0,18.0,1,12947,12947,12947,11210,9586,9460,13499,4226,3807,8680,13851,14660,13851,13272,4379,7186,13459,8897,11790,7930,17468,5181,17929,11243,16280,14917,2163,120,13199,1,26:10,2022,2023
2022-23,1629060,Rui Hachimura,Rui,1610612747,LAL,Los Angeles Lakers,22200955,2023-03-03T00:00:00,LAL vs. MIN,L,21.633333333333333,2,9,0.222,0,2,0.0,2,2,1.0,1,1,2,1,1,0,0,2,3,2,6,-13,8.9,0,0,9.0,1,12947,12947,12947,14690,15467,9460,21310,14184,13285,14184,6620,8080,1,6448,17626,16055,13459,8897,11790,7930,23619,17562,7612,15841,22762,20037,2163,120,19461,1,21:38,2022,2023
2022-23,1630559,Austin Reaves,Austin,1610612747,LAL,Los Angeles Lakers,22200955,2023-03-03T00:00:00,LAL vs. MIN,L,21.3,2,9,0.222,0,2,0.0,2,2,1.0,1,2,3,3,2,0,0,0,0,1,6,-10,12.1,0,0,12.0,1,12947,12947,12947,14974,15467,9460,21310,14184,13285,14184,6620,8080,1,6448,13188,12567,6516,4399,11790,7930,1,1,11862,15841,21112,17946,2163,120,17408,1,21:18,2022,2023
2022-23,203471,Dennis Schröder,Dennis,1610612747,LAL,Los Angeles Lakers,22200955,2023-03-03T00:00:00,LAL vs. MIN,L,33.71666666666667,3,13,0.231,0,4,0.0,0,1,0.0,0,1,1,12,0,1,0,2,2,2,6,-1,28.2,0,0,21.0,1,12947,12947,12947,4853,12366,5108,21264,14184,7558,14184,13851,13074,13851,13272,17626,19709,129,16367,4306,7930,23619,11553,7612,15841,13132,7764,2163,120,11203,1,33:43,2022,2023
2022-23,1628972,Troy Brown Jr.,Troy,1610612747,LAL,Los Angeles Lakers,22200955,2023-03-03T00:00:00,LAL vs. MIN,L,25.33,3,5,0.6,2,3,0.667,0,0,0.0,2,4,6,2,1,3,0,0,3,1,8,1,26.2,0,0,24.0,1,12947,12947,12947,11870,12366,16006,5804,4226,10172,1971,13851,14660,13851,3077,6530,5308,9342,8897,387,7930,1,17562,11862,13462,11018,8884,2163,120,9373,1,25:20,2022,2023
2022-23,1629020,Jarred Vanderbilt,Jarred,1610612747,LAL,Los Angeles Lakers,22200955,2023-03-03T00:00:00,LAL vs. MIN,L,31.613333333333333,3,5,0.6,1,3,0.333,1,2,0.5,2,3,5,1,2,2,0,0,3,3,8,-4,19.5,0,0,19.0,1,12947,12947,12947,6734,12366,16006,5804,8083,10172,8680,10510,8080,10976,3077,9404,7186,13459,4399,1343,7930,1,17562,4788,13462,16280,12907,2163,120,12497,1,31:37,2022,2023
2022-23,1629020,Jarred Vanderbilt,Jarred,1610612747,LAL,Los Angeles Lakers,22200940,2023-03-01T00:00:00,LAL @ OKC,W,22.843333333333334,2,5,0.4,0,1,0.0,3,4,0.75,0,4,4,1,1,1,1,1,1,3,7,-3,18.3,0,0,16.0,1,1,1,1,13756,15467,16006,15219,14184,16669,14184,4622,4303,8358,13272,6530,9590,13459,8897,4306,2381,17468,5181,4788,14745,15240,13719,2163,120,14513,1,22:51,2022,2023
2022-23,1631108,Max Christie,Max,1610612747,LAL,Los Angeles Lakers,22200940,2023-03-01T00:00:00,LAL @ OKC,W,5.933333333333334,1,2,0.5,0,0,0.0,0,0,0.0,0,0,0,0,0,1,0,0,1,0,2,-9,5.0,0,0,4.0,1,1,1,1,23549,18953,21404,9075,14184,20319,14184,13851,14660,13851,13272,22091,23082,19186,16367,4306,7930,1,5181,17929,21044,20484,22391,2163,120,22647,1,5:56,2022,2023
2022-23,1629117,Wenyen Gabriel,Wenyen,1610612747,LAL,Los Angeles Lakers,22200940,2023-03-01T00:00:00,LAL @ OKC,W,22.246666666666663,2,7,0.286,0,0,0.0,1,2,0.5,4,6,10,0,0,0,0,1,2,2,5,7,17.0,0,0,15.0,1,1,1,1,14235,15467,12420,19742,14184,20319,14184,10510,8080,10976,734,2868,1446,19186,16367,11790,7930,17468,11553,7612,17251,5992,14584,2163,120,15266,1,22:15,2022,2023
2022-23,1629060,Rui Hachimura,Rui,1610612747,LAL,Los Angeles Lakers,22200940,2023-03-01T00:00:00,LAL @ OKC,W,27.00333333333333,3,6,0.5,1,2,0.5,2,2,1.0,3,6,9,2,0,0,3,1,1,1,9,2,31.8,0,0,27.0,1,1,1,1,10579,12366,14189,9075,8083,13285,3860,6620,8080,1,1492,2868,2052,9342,16367,11790,252,17468,5181,11862,12345,9989,6099,2163,120,7676,1,27:00,2022,2023
2022-23,1628972,Troy Brown Jr.,Troy,1610612747,LAL,Los Angeles Lakers,22200940,2023-03-01T00:00:00,LAL @ OKC,W,33.653333333333336,7,10,0.7,4,7,0.571,1,1,1.0,0,1,1,4,2,1,2,0,2,1,19,5,33.2,0,0,34.0,1,1,1,1,4904,3877,8199,3317,1024,2551,3486,10510,13074,1,13272,17626,19709,4531,4399,4306,751,1,11553,11862,4335,7441,5503,2163,120,4558,1,33:39,2022,2023
2022-23,203471,Dennis Schröder,Dennis,1610612747,LAL,Los Angeles Lakers,22200940,2023-03-01T00:00:00,LAL @ OKC,W,37.24666666666667,8,18,0.444,3,6,0.5,7,8,0.875,0,2,2,6,3,2,1,0,6,5,26,16,43.4,0,0,43.0,1,1,1,1,2009,2711,1948,13499,2120,3807,3860,993,1170,6922,13272,13188,16055,2101,2046,1343,2381,1,25612,1742,1742,1910,2342,2163,120,2000,1,37:15,2022,2023
2022-23,1627736,Malik Beasley,Malik,1610612747,LAL,Los Angeles Lakers,22200940,2023-03-01T00:00:00,LAL @ OKC,W,27.05666666666667,4,15,0.267,3,12,0.25,0,0,0.0,0,6,6,2,0,0,0,0,0,0,11,7,21.2,0,0,22.0,1,1,1,1,10539,9586,3608,20333,2120,233,11411,13851,14660,13851,13272,2868,5308,9342,16367,11790,7930,1,1,17929,10274,5992,11856,2163,120,10568,1,27:03,2022,2023
2022-23,1630559,Austin Reaves,Austin,1610612747,LAL,Los Angeles Lakers,22200940,2023-03-01T00:00:00,LAL @ OKC,W,24.633333333333333,5,5,1.0,1,1,1.0,8,9,0.889,0,0,0,4,1,1,0,0,1,8,19,-3,27.0,0,0,26.0,1,1,1,1,12400,7306,16006,1,8083,16669,1,663,842,6816,13272,22091,23082,4531,8897,4306,7930,1,5181,331,4335,15240,8436,2163,120,8209,1,24:38,2022,2023
2022-23,1628964,Mo Bamba,Mo,1610612747,LAL,Los Angeles Lakers,22200940,2023-03-01T00:00:00,LAL @ OKC,W,21.883333333333333,4,5,0.8,3,4,0.75,1,2,0.5,3,4,7,2,4,1,1,0,4,1,12,1,25.4,0,0,28.0,1,1,1,1,14502,9586,16006,1839,2120,7558,1581,10510,8080,10976,1492,6530,3911,9342,842,4306,2381,1,21892,11862,9310,11018,9337,2163,120,7166,1,21:53,2022,2023
2022-23,1629022,Lonnie Walker IV,Lonnie,1610612747,LAL,Los Angeles Lakers,22200940,2023-03-01T00:00:00,LAL @ OKC,W,17.5,2,7,0.286,1,2,0.5,8,11,0.727,0,2,2,1,2,1,0,1,1,6,13,7,17.9,0,0,19.0,1,1,1,1,17776,15467,12420,19742,8083,13285,3860,663,406,9425,13272,13188,16055,13459,4399,4306,7930,17468,5181,993,8465,5992,13982,2163,120,12497,1,17:30,2022,2023
2022-23,1631108,Max Christie,Max,1610612747,LAL,Los Angeles Lakers,22200927,2023-02-28T00:00:00,LAL @ MEM,L,1.25,0,0,0.0,0,0,0.0,0,0,0.0,0,0,0,0,0,0,0,0,0,0,0,-1,0.0,0,0,0.0,1,12947,12947,12947,25625,22559,24678,22559,14184,20319,14184,13851,14660,13851,13272,22091,23082,19186,16367,11790,7930,1,1,17929,23116,13132,24963,2163,120,25002,1,1:15,2022,2023
2022-23,1629060,Rui Hachimura,Rui,1610612747,LAL,Los Angeles Lakers,22200927,2023-02-28T00:00:00,LAL @ MEM,L,19.73333333333333,3,7,0.429,1,2,0.5,2,2,1.0,1,4,5,1,1,0,1,0,0,1,9,-7,18.5,0,0,18.0,1,12947,12947,12947,16138,12366,12420,14122,8083,13285,3860,6620,8080,1,6448,6530,7186,13459,8897,11790,2381,1,1,11862,12345,18993,13600,2163,120,13199,1,19:44,2022,2023
2022-23,1629117,Wenyen Gabriel,Wenyen,1610612747,LAL,Los Angeles Lakers,22200927,2023-02-28T00:00:00,LAL @ MEM,L,12.466666666666669,3,3,1.0,0,0,0.0,0,0,0.0,2,6,8,0,0,1,1,0,2,0,6,-3,21.6,0,0,18.0,1,12947,12947,12947,20913,12366,19669,1,14184,20319,14184,13851,14660,13851,3077,2868,2807,19186,16367,4306,2381,1,11553,17929,15841,15240,11589,2163,120,13199,1,12:28,2022,2023
2022-23,1628964,Mo Bamba,Mo,1610612747,LAL,Los Angeles Lakers,22200927,2023-02-28T00:00:00,LAL @ MEM,L,1.25,0,0,0.0,0,0,0.0,0,0,0.0,0,0,0,0,0,0,0,0,0,0,0,-1,0.0,0,0,0.0,1,12947,12947,12947,25625,22559,24678,22559,14184,20319,14184,13851,14660,13851,13272,22091,23082,19186,16367,11790,7930,1,1,17929,23116,13132,24963,2163,120,25002,1,1:15,2022,2023
2022-23,1628432,Davon Reed,Davon,1610612747,LAL,Los Angeles Lakers,22200927,2023-02-28T00:00:00,LAL @ MEM,L,1.25,0,1,0.0,0,1,0.0,0,0,0.0,0,0,0,0,0,0,0,0,1,0,0,-1,0.0,0,0,0.0,1,12947,12947,12947,25625,22559,23078,22559,14184,16669,14184,13851,14660,13851,13272,22091,23082,19186,16367,11790,7930,1,5181,17929,23116,13132,24963,2163,120,25002,1,1:15,2022,2023
2022-23,1629020,Jarred Vanderbilt,Jarred,1610612747,LAL,Los Angeles Lakers,22200927,2023-02-28T00:00:00,LAL @ MEM,L,28.66333333333333,1,6,0.167,0,1,0.0,2,2,1.0,3,5,8,1,3,1,1,1,3,1,4,-7,18.1,0,0,17.0,1,12947,12947,12947,9213,18953,14189,21973,14184,16669,14184,6620,8080,1,1492,4379,2807,13459,2046,4306,2381,17468,17562,11862,18472,18993,13855,2163,120,13833,1,28:40,2022,2023
2022-23,1628972,Troy Brown Jr.,Troy,1610612747,LAL,Los Angeles Lakers,22200927,2023-02-28T00:00:00,LAL @ MEM,L,26.45,1,8,0.125,0,4,0.0,0,0,0.0,2,1,3,0,1,0,0,1,0,0,2,-7,4.6,0,0,5.0,1,12947,12947,12947,10998,18953,10854,22399,14184,7558,14184,13851,14660,13851,3077,17626,12567,19186,8897,11790,7930,17468,1,17929,21044,18993,22622,2163,120,22051,1,26:27,2022,2023
2022-23,203471,Dennis Schröder,Dennis,1610612747,LAL,Los Angeles Lakers,22200927,2023-02-28T00:00:00,LAL @ MEM,L,32.3,4,11,0.364,1,4,0.25,1,1,1.0,0,4,4,10,6,0,0,0,4,1,10,-1,23.8,1,0,25.0,1,12947,12947,12947,6081,9586,7093,17144,8083,7558,11411,10510,13074,1,13272,6530,9590,399,120,11790,7930,1,21892,11862,11243,13132,10298,1,120,8774,1,32:18,2022,2023
2022-23,1627736,Malik Beasley,Malik,1610612747,LAL,Los Angeles Lakers,22200927,2023-02-28T00:00:00,LAL @ MEM,L,31.6,5,8,0.625,2,4,0.5,0,0,0.0,0,3,3,2,3,2,0,0,3,0,12,-6,21.6,0,0,23.0,1,12947,12947,12947,6741,7306,10854,5245,4226,7558,3860,13851,14660,13851,13272,9404,12567,9342,2046,1343,7930,1,17562,17929,9310,18185,11589,2163,120,9958,1,31:36,2022,2023
2022-23,1630559,Austin Reaves,Austin,1610612747,LAL,Los Angeles Lakers,22200927,2023-02-28T00:00:00,LAL @ MEM,L,27.0,5,8,0.625,4,7,0.571,3,3,1.0,0,2,2,7,4,1,1,0,2,3,17,-17,31.9,0,0,34.0,1,12947,12947,12947,10580,7306,10854,5245,1024,2551,3486,4622,6555,1,13272,13188,16055,1460,842,4306,2381,1,11553,4788,5476,24272,6064,2163,120,4558,1,27:00,2022,2023
2022-23,1629022,Lonnie Walker IV,Lonnie,1610612747,LAL,Los Angeles Lakers,22200927,2023-02-28T00:00:00,LAL @ MEM,L,22.50333333333333,7,15,0.467,5,10,0.5,2,2,1.0,0,4,4,1,3,0,1,1,1,1,21,0,27.3,0,0,33.0,1,12947,12947,12947,14020,3877,3608,12777,428,661,3860,6620,8080,1,13272,6530,9590,13459,2046,11790,2381,17468,5181,11862,3416,11977,8283,2163,120,4946,1,22:30,2022,2023
2022-23,203076,Anthony Davis,Anthony,1610612747,LAL,Los Angeles Lakers,22200927,2023-02-28T00:00:00,LAL @ MEM,L,35.53333333333333,9,19,0.474,0,1,0.0,10,13,0.769,6,13,19,0,5,0,5,3,3,10,28,-9,60.8,1,0,57.0,1,12947,12947,12947,3308,1839,1551,12585,14184,16669,14184,300,207,8344,168,116,42,19186,319,11790,36,25315,17562,100,1320,20484,302,1,120,377,1,35:32,2022,2023
2022-23,2544,LeBron James,LeBron,1610612747,LAL,Los Angeles Lakers,22200913,2023-02-26T00:00:00,LAL @ DAL,W,36.85,10,23,0.435,1,6,0.167,5,7,0.714,3,5,8,3,3,1,1,2,4,4,26,0,43.1,0,0,42.0,1,1,1,1,2268,1204,508,14084,8083,3807,13473,2152,1700,9448,1492,4379,2807,6516,2046,4306,2381,23619,21892,2943,1742,11977,2409,2163,120,2224,1,36:51,2022,2023
2022-23,1629020,Jarred Vanderbilt,Jarred,1610612747,LAL,Los Angeles Lakers,22200913,2023-02-26T00:00:00,LAL @ DAL,W,26.83833333333333,6,8,0.75,1,1,1.0,2,2,1.0,8,9,17,1,1,4,0,1,3,4,15,14,47.9,1,0,42.0,1,1,1,1,10712,5438,10854,2276,8083,16669,1,6620,8080,1,33,766,97,13459,8897,90,7930,17468,17562,2943,6803,2554,1460,1,120,2224,1,26:50,2022,2023
2022-23,203076,Anthony Davis,Anthony,1610612747,LAL,Los Angeles Lakers,22200913,2023-02-26T00:00:00,LAL @ DAL,W,36.66,12,20,0.6,0,2,0.0,6,9,0.667,4,11,15,4,1,1,3,1,2,7,30,16,65.0,1,0,57.0,1,1,1,1,2419,474,1220,5804,14184,13285,14184,1457,842,9637,734,292,222,4531,8897,4306,252,17468,11553,559,950,1910,150,1,120,377,1,36:40,2022,2023
2022-23,1628964,Mo Bamba,Mo,1610612747,LAL,Los Angeles Lakers,22200913,2023-02-26T00:00:00,LAL @ DAL,W,5.786666666666667,0,1,0.0,0,0,0.0,0,0,0.0,1,2,3,0,0,0,0,0,1,1,0,-10,3.6,0,0,3.0,1,1,1,1,23594,22559,23078,22559,14184,20319,14184,13851,14660,13851,6448,13188,12567,19186,16367,11790,7930,1,5181,11862,23116,21112,23194,2163,120,23300,1,5:47,2022,2023
2022-23,1627736,Malik Beasley,Malik,1610612747,LAL,Los Angeles Lakers,22200913,2023-02-26T00:00:00,LAL @ DAL,W,34.361666666666665,3,14,0.214,2,11,0.182,0,1,0.0,0,3,3,4,1,2,0,0,3,1,8,15,22.6,0,0,21.0,1,1,1,1,4309,12366,4330,21442,4226,408,13448,13851,13074,13851,13272,9404,12567,4531,8897,1343,7930,1,17562,11862,13462,2225,10980,2163,120,11203,1,34:22,2022,2023
2022-23,1629060,Rui Hachimura,Rui,1610612747,LAL,Los Angeles Lakers,22200913,2023-02-26T00:00:00,LAL @ DAL,W,11.203333333333331,1,5,0.2,0,1,0.0,0,0,0.0,0,2,2,0,0,0,0,0,0,0,2,-17,4.4,0,0,4.0,1,1,1,1,21571,18953,16006,21480,14184,16669,14184,13851,14660,13851,13272,13188,16055,19186,16367,11790,7930,1,1,17929,21044,24272,22728,2163,120,22647,1,11:12,2022,2023
2022-23,203471,Dennis Schröder,Dennis,1610612747,LAL,Los Angeles Lakers,22200913,2023-02-26T00:00:00,LAL @ DAL,W,34.583333333333336,5,12,0.417,0,4,0.0,6,6,1.0,0,1,1,8,1,0,0,0,0,5,16,17,28.2,0,0,25.0,1,1,1,1,4102,7306,6024,14850,14184,7558,14184,1457,2263,1,13272,17626,19709,963,8897,11790,7930,1,1,1742,6103,1637,7764,2163,120,8774,1,34:35,2022,2023
2022-23,1628972,Troy Brown Jr.,Troy,1610612747,LAL,Los Angeles Lakers,22200913,2023-02-26T00:00:00,LAL @ DAL,W,20.08333333333333,2,6,0.333,1,4,0.25,0,0,0.0,1,2,3,2,1,1,0,1,2,0,5,2,13.6,0,0,13.0,1,1,1,1,15889,15467,14189,17586,8083,7558,11411,13851,14660,13851,6448,13188,12567,9342,8897,4306,7930,17468,11553,17929,17251,9989,16931,2163,120,16689,1,20:05,2022,2023
2022-23,1630559,Austin Reaves,Austin,1610612747,LAL,Los Angeles Lakers,22200913,2023-02-26T00:00:00,LAL @ DAL,W,27.28333333333333,3,6,0.5,1,3,0.333,2,3,0.667,0,3,3,3,2,0,0,0,2,2,9,-10,15.1,0,0,16.0,1,1,1,1,10357,12366,14189,9075,8083,10172,8680,6620,6555,9637,13272,9404,12567,6516,4399,11790,7930,1,11553,7612,12345,21112,15913,2163,120,14513,1,27:17,2022,2023
2022-23,1629022,Lonnie Walker IV,Lonnie,1610612747,LAL,Los Angeles Lakers,22200913,2023-02-26T00:00:00,LAL @ DAL,W,6.35,0,2,0.0,0,2,0.0,0,0,0.0,0,1,1,0,0,0,0,0,0,0,0,-12,1.2,0,0,1.0,1,1,1,1,23386,22559,21404,22559,14184,13285,14184,13851,14660,13851,13272,17626,19709,19186,16367,11790,7930,1,1,17929,23116,22269,24482,2163,120,24441,1,6:21,2022,2023
2022-23,1629060,Rui Hachimura,Rui,1610612747,LAL,Los Angeles Lakers,22200893,2023-02-23T00:00:00,LAL vs. GSW,W,25.48333333333333,5,9,0.556,0,0,0.0,4,4,1.0,0,1,1,2,1,0,0,1,0,2,14,4,17.2,0,0,17.0,1,1,1,1,11746,7306,9460,7770,14184,20319,14184,3075,4303,1,13272,17626,19709,9342,8897,11790,7930,17468,1,7612,7583,8218,14454,2163,120,13833,1,25:29,2022,2023
2022-23,1629117,Wenyen Gabriel,Wenyen,1610612747,LAL,Los Angeles Lakers,22200893,2023-02-23T00:00:00,LAL vs. GSW,W,6.983333333333333,0,0,0.0,0,0,0.0,0,0,0.0,0,0,0,0,0,0,0,0,1,0,0,-15,0.0,0,0,0.0,1,1,1,1,23141,22559,24678,22559,14184,20319,14184,13851,14660,13851,13272,22091,23082,19186,16367,11790,7930,1,5181,17929,23116,23654,24963,2163,120,25002,1,6:59,2022,2023
2022-23,1628972,Troy Brown Jr.,Troy,1610612747,LAL,Los Angeles Lakers,22200893,2023-02-23T00:00:00,LAL vs. GSW,W,17.866666666666667,1,4,0.25,1,2,0.5,0,0,0.0,1,3,4,0,0,1,0,0,2,0,3,-5,10.8,0,0,10.0,1,1,1,1,17487,18953,17859,20392,8083,13285,3860,13851,14660,13851,6448,9404,9590,19186,16367,4306,7930,1,11553,17929,19811,17295,18813,2163,120,18804,1,17:52,2022,2023
2022-23,1626156,D'Angelo Russell,D'Angelo,1610612747,LAL,Los Angeles Lakers,22200893,2023-02-23T00:00:00,LAL vs. GSW,W,8.8,1,3,0.333,0,1,0.0,0,0,0.0,0,4,4,3,1,0,0,0,0,1,2,4,10.3,0,0,9.0,1,1,1,1,22490,18953,19669,17586,14184,16669,14184,13851,14660,13851,13272,6530,9590,6516,8897,11790,7930,1,1,11862,21044,8218,19150,2163,120,19461,1,8:48,2022,2023
2022-23,1628964,Mo Bamba,Mo,1610612747,LAL,Los Angeles Lakers,22200893,2023-02-23T00:00:00,LAL vs. GSW,W,22.48333333333333,2,5,0.4,2,4,0.5,4,6,0.667,0,13,13,1,2,0,0,0,4,3,10,8,25.1,1,0,26.0,1,1,1,1,14037,15467,16006,15219,4226,7558,3860,3075,2263,9637,13272,116,472,13459,4399,11790,7930,1,21892,4788,11243,5327,9506,1,120,8209,1,22:29,2022,2023
2022-23,1629020,Jarred Vanderbilt,Jarred,1610612747,LAL,Los Angeles Lakers,22200893,2023-02-23T00:00:00,LAL vs. GSW,W,18.23333333333333,2,4,0.5,0,1,0.0,0,0,0.0,3,6,9,2,2,0,0,0,0,0,4,16,15.8,0,0,15.0,1,1,1,1,17234,15467,17859,9075,14184,16669,14184,13851,14660,13851,1492,2868,2052,9342,4399,11790,7930,1,1,17929,18472,1910,15415,2163,120,15266,1,18:14,2022,2023
2022-23,1628432,Davon Reed,Davon,1610612747,LAL,Los Angeles Lakers,22200893,2023-02-23T00:00:00,LAL vs. GSW,W,8.1,0,0,0.0,0,0,0.0,1,4,0.25,0,1,1,1,0,1,0,0,1,2,1,-11,6.7,0,0,5.0,1,1,1,1,22750,22559,24678,22559,14184,20319,14184,10510,4303,13706,13272,17626,19709,13459,16367,4306,7930,1,5181,7612,22905,21730,21372,2163,120,22051,1,8:06,2022,2023
2022-23,1629022,Lonnie Walker IV,Lonnie,1610612747,LAL,Los Angeles Lakers,22200893,2023-02-23T00:00:00,LAL vs. GSW,W,8.1,4,7,0.571,2,3,0.667,0,0,0.0,0,0,0,1,0,0,0,0,1,0,10,-11,11.5,0,0,13.0,1,1,1,1,22750,9586,12420,7045,4226,10172,1971,13851,14660,13851,13272,22091,23082,13459,16367,11790,7930,1,5181,17929,11243,21730,18376,2163,120,16689,1,8:06,2022,2023
2022-23,2544,LeBron James,LeBron,1610612747,LAL,Los Angeles Lakers,22200893,2023-02-23T00:00:00,LAL vs. GSW,W,26.316666666666663,5,20,0.25,2,6,0.333,1,2,0.5,3,6,9,8,2,0,0,1,2,4,13,22,33.8,0,0,32.0,1,1,1,1,11088,7306,1220,20392,4226,3807,8680,10510,8080,10976,1492,2868,2052,963,4399,11790,7930,17468,11553,2943,8465,698,5260,2163,120,5369,1,26:19,2022,2023
2022-23,1627736,Malik Beasley,Malik,1610612747,LAL,Los Angeles Lakers,22200893,2023-02-23T00:00:00,LAL vs. GSW,W,25.933333333333334,9,16,0.563,7,11,0.636,0,2,0.0,0,3,3,1,2,3,0,1,4,1,25,26,37.1,0,0,42.0,1,1,1,1,11387,1839,2947,7660,74,408,2886,13851,8080,13851,13272,9404,12567,13459,4399,387,7930,17468,21892,11862,2009,316,4043,2163,120,2224,1,25:56,2022,2023
2022-23,203471,Dennis Schröder,Dennis,1610612747,LAL,Los Angeles Lakers,22200893,2023-02-23T00:00:00,LAL vs. GSW,W,27.366666666666667,4,7,0.571,1,1,1.0,4,4,1.0,0,0,0,6,3,1,1,0,2,2,13,12,25.0,0,0,24.0,1,1,1,1,10290,9586,12420,7045,8083,16669,1,3075,4303,1,13272,22091,23082,2101,2046,4306,2381,1,11553,7612,8465,3319,9576,2163,120,9373,1,27:22,2022,2023
2022-23,1630559,Austin Reaves,Austin,1610612747,LAL,Los Angeles Lakers,22200893,2023-02-23T00:00:00,LAL vs. GSW,W,18.816666666666663,6,6,1.0,1,1,1.0,4,4,1.0,0,2,2,4,0,2,0,0,1,4,17,10,31.4,0,0,28.0,1,1,1,1,16834,5438,14189,1,8083,16669,1,3075,4303,1,13272,13188,16055,4531,16367,1343,7930,1,5181,2943,5476,4240,6284,2163,120,7166,1,18:49,2022,2023
2022-23,203076,Anthony Davis,Anthony,1610612747,LAL,Los Angeles Lakers,22200893,2023-02-23T00:00:00,LAL vs. GSW,W,25.516666666666666,3,5,0.6,0,0,0.0,6,8,0.75,3,9,12,1,1,0,2,0,2,4,12,5,32.9,1,0,29.0,1,1,1,1,11722,12366,16006,5804,14184,20319,14184,1457,1170,8358,1492,766,725,13459,8897,11790,751,1,11553,2943,9310,7441,5630,1,120,6681,1,25:31,2022,2023
2022-23,2544,LeBron James,LeBron,1610612747,LAL,Los Angeles Lakers,22200882,2023-02-15T00:00:00,LAL vs. NOP,W,29.216666666666665,7,14,0.5,0,5,0.0,7,10,0.7,0,6,6,6,4,0,1,1,1,6,21,14,36.2,0,0,35.0,1,1,1,1,8780,3877,4330,9075,14184,5511,14184,993,576,9587,13272,2868,5308,2101,842,11790,2381,17468,5181,993,3416,2554,4369,2163,120,4211,1,29:13,2022,2023
2022-23,1626156,D'Angelo Russell,D'Angelo,1610612747,LAL,Los Angeles Lakers,22200882,2023-02-15T00:00:00,LAL vs. NOP,W,27.516666666666666,5,12,0.417,3,5,0.6,8,10,0.8,0,2,2,7,1,1,0,1,3,7,21,18,35.9,0,0,35.0,1,1,1,1,10165,7306,6024,14850,2120,5511,3022,663,576,7793,13272,13188,16055,1460,8897,4306,7930,17468,17562,559,3416,1403,4476,2163,120,4211,1,27:31,2022,2023
2022-23,203076,Anthony Davis,Anthony,1610612747,LAL,Los Angeles Lakers,22200882,2023-02-15T00:00:00,LAL vs. NOP,W,30.166666666666668,13,17,0.765,0,1,0.0,2,5,0.4,2,8,10,5,0,1,2,0,2,6,28,18,56.5,1,0,49.0,1,1,1,1,7980,299,2392,2268,14184,16669,14184,6620,3311,13369,3077,1233,1446,3151,16367,4306,751,1,11553,993,1320,1403,523,1,120,1023,1,30:10,2022,2023
2022-23,1628432,Davon Reed,Davon,1610612747,LAL,Los Angeles Lakers,22200882,2023-02-15T00:00:00,LAL vs. NOP,W,3.4166666666666665,1,1,1.0,1,1,1.0,0,0,0.0,1,0,1,0,0,0,0,0,0,0,3,0,4.2,0,0,5.0,1,1,1,1,24620,18953,23078,1,8083,16669,1,13851,14660,13851,6448,22091,19709,19186,16367,11790,7930,1,1,17929,19811,11977,22835,2163,120,22051,1,3:25,2022,2023
2022-23,1630559,Austin Reaves,Austin,1610612747,LAL,Los Angeles Lakers,22200882,2023-02-15T00:00:00,LAL vs. NOP,W,22.1,1,2,0.5,1,2,0.5,2,3,0.667,1,1,2,3,0,0,0,0,2,4,5,-1,11.9,0,0,11.0,1,1,1,1,14351,18953,21404,9075,8083,13285,3860,6620,6555,9637,6448,17626,16055,6516,16367,11790,7930,1,11553,2943,17251,13132,18067,2163,120,18113,1,22:06,2022,2023
2022-23,1628972,Troy Brown Jr.,Troy,1610612747,LAL,Los Angeles Lakers,22200882,2023-02-15T00:00:00,LAL vs. NOP,W,18.03833333333333,2,3,0.667,2,3,0.667,0,0,0.0,0,4,4,3,1,1,0,0,3,0,6,9,17.3,0,0,17.0,1,1,1,1,17380,15467,19669,3571,4226,10172,1971,13851,14660,13851,13272,6530,9590,6516,8897,4306,7930,1,17562,17929,15841,4755,14394,2163,120,13833,1,18:02,2022,2023
2022-23,1629022,Lonnie Walker IV,Lonnie,1610612747,LAL,Los Angeles Lakers,22200882,2023-02-15T00:00:00,LAL vs. NOP,W,3.4166666666666665,2,4,0.5,0,2,0.0,0,0,0.0,0,0,0,0,0,0,1,0,0,0,4,0,7.0,0,0,6.0,1,1,1,1,24620,15467,17859,9075,14184,13285,14184,13851,14660,13851,13272,22091,23082,19186,16367,11790,2381,1,1,17929,18472,11977,21220,2163,120,21425,1,3:25,2022,2023
2022-23,1627736,Malik Beasley,Malik,1610612747,LAL,Los Angeles Lakers,22200882,2023-02-15T00:00:00,LAL vs. NOP,W,23.43,3,9,0.333,2,7,0.286,0,0,0.0,0,3,3,2,1,1,0,1,2,0,8,15,16.6,0,0,17.0,1,1,1,1,13334,12366,9460,17586,4226,2551,10982,13851,14660,13851,13272,9404,12567,9342,8897,4306,7930,17468,11553,17929,13462,2225,14849,2163,120,13833,1,23:26,2022,2023
2022-23,1628964,Mo Bamba,Mo,1610612747,LAL,Los Angeles Lakers,22200882,2023-02-15T00:00:00,LAL vs. NOP,W,15.778333333333334,2,7,0.286,0,5,0.0,0,2,0.0,1,5,6,1,1,0,3,0,6,1,4,-6,20.7,0,0,17.0,1,1,1,1,18926,15467,12420,19742,14184,5511,14184,13851,8080,13851,6448,4379,5308,13459,8897,11790,252,1,25612,11862,18472,18185,12170,2163,120,13833,1,15:47,2022,2023
2022-23,203471,Dennis Schröder,Dennis,1610612747,LAL,Los Angeles Lakers,22200882,2023-02-15T00:00:00,LAL vs. NOP,W,19.9,3,4,0.75,1,1,1.0,3,6,0.5,0,1,1,2,0,0,0,0,1,2,10,7,14.2,0,0,14.0,1,1,1,1,16027,12366,17859,2276,8083,16669,1,4622,2263,10976,13272,17626,19709,9342,16367,11790,7930,1,5181,7612,11243,5992,16506,2163,120,16001,1,19:54,2022,2023
2022-23,1629020,Jarred Vanderbilt,Jarred,1610612747,LAL,Los Angeles Lakers,22200882,2023-02-15T00:00:00,LAL vs. NOP,W,27.6,3,3,1.0,0,0,0.0,0,0,0.0,1,3,4,2,1,1,1,0,1,2,6,10,18.8,0,0,16.0,1,1,1,1,10087,12366,19669,1,14184,20319,14184,13851,14660,13851,6448,9404,9590,9342,8897,4306,2381,1,5181,7612,15841,4240,13392,2163,120,14513,1,27:36,2022,2023
2022-23,1629117,Wenyen Gabriel,Wenyen,1610612747,LAL,Los Angeles Lakers,22200882,2023-02-15T00:00:00,LAL vs. NOP,W,3.85,0,1,0.0,0,1,0.0,0,0,0.0,0,0,0,1,0,0,0,0,1,0,0,-2,1.5,0,0,1.0,1,1,1,1,24437,22559,23078,22559,14184,16669,14184,13851,14660,13851,13272,22091,23082,13459,16367,11790,7930,1,5181,17929,23116,14174,24309,2163,120,24441,1,3:51,2022,2023
2022-23,1629060,Rui Hachimura,Rui,1610612747,LAL,Los Angeles Lakers,22200882,2023-02-15T00:00:00,LAL vs. NOP,W,15.57,2,6,0.333,0,4,0.0,0,0,0.0,0,4,4,0,1,0,0,0,1,0,4,8,7.8,0,0,8.0,1,1,1,1,19059,15467,14189,17586,14184,7558,14184,13851,14660,13851,13272,6530,9590,19186,8897,11790,7930,1,5181,17929,18472,5327,20705,2163,120,20094,1,15:34,2022,2023
2022-23,1631108,Max Christie,Max,1610612747,LAL,Los Angeles Lakers,22200867,2023-02-13T00:00:00,LAL @ POR,L,6.7,0,1,0.0,0,1,0.0,2,2,1.0,0,2,2,1,2,1,1,0,1,1,2,14,9.9,0,0,9.0,1,12947,12947,12947,23246,22559,23078,22559,14184,16669,14184,6620,8080,1,13272,13188,16055,13459,4399,4306,2381,1,5181,11862,21044,2554,19395,2163,120,19461,1,6:42,2022,2023
2022-23,203471,Dennis Schröder,Dennis,1610612747,LAL,Los Angeles Lakers,22200867,2023-02-13T00:00:00,LAL @ POR,L,29.666666666666668,1,7,0.143,0,2,0.0,0,0,0.0,0,2,2,6,2,0,0,1,2,0,2,-6,11.4,0,0,10.0,1,12947,12947,12947,8395,18953,12420,22241,14184,13285,14184,13851,14660,13851,13272,13188,16055,2101,4399,11790,7930,17468,11553,17929,21044,18185,18412,2163,120,18804,1,29:40,2022,2023
2022-23,1629020,Jarred Vanderbilt,Jarred,1610612747,LAL,Los Angeles Lakers,22200867,2023-02-13T00:00:00,LAL @ POR,L,22.08333333333333,2,4,0.5,0,0,0.0,2,2,1.0,1,5,6,3,1,2,0,0,4,1,6,-29,22.7,0,0,19.0,1,12947,12947,12947,14367,15467,17859,9075,14184,20319,14184,6620,8080,1,6448,4379,5308,6516,8897,1343,7930,1,21892,11862,15841,25753,10923,2163,120,12497,1,22:05,2022,2023
2022-23,1629117,Wenyen Gabriel,Wenyen,1610612747,LAL,Los Angeles Lakers,22200867,2023-02-13T00:00:00,LAL @ POR,L,12.516666666666667,2,4,0.5,0,0,0.0,3,4,0.75,5,2,7,2,1,0,0,1,3,2,7,-1,17.4,0,0,16.0,1,12947,12947,12947,20889,15467,17859,9075,14184,20319,14184,4622,4303,8358,342,13188,3911,9342,8897,11790,7930,17468,17562,7612,14745,13132,14314,2163,120,14513,1,12:31,2022,2023
2022-23,1629022,Lonnie Walker IV,Lonnie,1610612747,LAL,Los Angeles Lakers,22200867,2023-02-13T00:00:00,LAL @ POR,L,14.683333333333334,2,6,0.333,2,4,0.5,2,2,1.0,0,3,3,0,1,0,0,0,0,1,8,1,10.6,0,0,13.0,1,12947,12947,12947,19633,15467,14189,17586,4226,7558,3860,6620,8080,1,13272,9404,12567,19186,8897,11790,7930,1,1,11862,13462,11018,18955,2163,120,16689,1,14:41,2022,2023
2022-23,1628972,Troy Brown Jr.,Troy,1610612747,LAL,Los Angeles Lakers,22200867,2023-02-13T00:00:00,LAL @ POR,L,20.316666666666663,5,9,0.556,1,4,0.25,2,2,1.0,0,1,1,2,0,1,0,1,0,1,13,-2,20.2,0,0,19.0,1,12947,12947,12947,15725,7306,9460,7770,8083,7558,11411,6620,8080,1,13272,17626,19709,9342,16367,4306,7930,17468,1,11862,8465,14174,12460,2163,120,12497,1,20:19,2022,2023
2022-23,1628432,Davon Reed,Davon,1610612747,LAL,Los Angeles Lakers,22200867,2023-02-13T00:00:00,LAL @ POR,L,6.7,1,1,1.0,0,0,0.0,0,0,0.0,0,1,1,1,0,0,0,0,0,0,2,14,4.7,0,0,4.0,1,12947,12947,12947,23246,18953,23078,1,14184,20319,14184,13851,14660,13851,13272,17626,19709,13459,16367,11790,7930,1,1,17929,21044,2554,22528,2163,120,22647,1,6:42,2022,2023
2022-23,1626156,D'Angelo Russell,D'Angelo,1610612747,LAL,Los Angeles Lakers,22200867,2023-02-13T00:00:00,LAL @ POR,L,27.883333333333333,7,16,0.438,2,8,0.25,0,0,0.0,1,2,3,4,1,0,0,1,1,2,16,-7,24.6,0,0,25.0,1,12947,12947,12947,9818,3877,2947,13953,4226,1659,11411,13851,14660,13851,6448,13188,12567,4531,8897,11790,7930,17468,5181,7612,6103,18993,9804,2163,120,8774,1,27:53,2022,2023
2022-23,1630559,Austin Reaves,Austin,1610612747,LAL,Los Angeles Lakers,22200867,2023-02-13T00:00:00,LAL @ POR,L,25.3,3,5,0.6,1,3,0.333,3,4,0.75,0,2,2,2,1,0,0,0,0,4,10,-25,14.4,0,0,15.0,1,12947,12947,12947,11879,12366,16006,5804,8083,10172,8680,4622,4303,8358,13272,13188,16055,9342,8897,11790,7930,1,1,2943,11243,25550,16360,2163,120,15266,1,25:18,2022,2023
2022-23,1627736,Malik Beasley,Malik,1610612747,LAL,Los Angeles Lakers,22200867,2023-02-13T00:00:00,LAL @ POR,L,21.23333333333333,8,16,0.5,6,12,0.5,0,0,0.0,0,2,2,1,0,2,0,2,2,0,22,-8,31.9,0,0,35.0,1,12947,12947,12947,15025,2711,2947,9075,178,233,3860,13851,14660,13851,13272,13188,16055,13459,16367,1343,7930,23619,11553,17929,3023,19762,6064,2163,120,4211,1,21:14,2022,2023
2022-23,203076,Anthony Davis,Anthony,1610612747,LAL,Los Angeles Lakers,22200867,2023-02-13T00:00:00,LAL @ POR,L,31.066666666666663,8,18,0.444,0,2,0.0,3,3,1.0,3,17,20,1,2,0,3,0,3,2,19,-10,51.5,1,0,46.0,1,12947,12947,12947,7217,2711,1948,13499,14184,13285,14184,4622,6555,1,1492,8,26,13459,4399,11790,252,1,17562,7612,4335,21112,970,1,120,1442,1,31:04,2022,2023
2022-23,1629060,Rui Hachimura,Rui,1610612747,LAL,Los Angeles Lakers,22200867,2023-02-13T00:00:00,LAL @ POR,L,21.85,3,8,0.375,0,1,0.0,2,2,1.0,4,3,7,1,2,0,1,3,0,1,8,-1,18.9,0,0,18.0,1,12947,12947,12947,14540,12366,10854,16626,14184,16669,14184,6620,8080,1,734,9404,3911,13459,4399,11790,2381,25315,1,11862,13462,13132,13323,2163,120,13199,1,21:51,2022,2023
2022-23,1628972,Troy Brown Jr.,Troy,1610612747,LAL,Los Angeles Lakers,22200853,2023-02-11T00:00:00,LAL @ GSW,W,21.633333333333333,2,5,0.4,1,3,0.333,0,0,0.0,3,3,6,1,1,0,0,1,4,0,5,-3,12.7,0,0,13.0,1,1,1,1,14690,15467,16006,15219,8083,10172,8680,13851,14660,13851,1492,9404,5308,13459,8897,11790,7930,17468,21892,17929,17251,15240,17538,2163,120,16689,1,21:38,2022,2023
2022-23,1627736,Malik Beasley,Malik,1610612747,LAL,Los Angeles Lakers,22200853,2023-02-11T00:00:00,LAL @ GSW,W,16.283333333333335,2,9,0.222,0,6,0.0,0,0,0.0,0,2,2,0,3,1,0,0,1,0,4,-2,6.4,0,0,8.0,1,1,1,1,18593,15467,9460,21310,14184,3807,14184,13851,14660,13851,13272,13188,16055,19186,2046,4306,7930,1,5181,17929,18472,14174,21548,2163,120,20094,1,16:17,2022,2023
2022-23,1629022,Lonnie Walker IV,Lonnie,1610612747,LAL,Los Angeles Lakers,22200853,2023-02-11T00:00:00,LAL @ GSW,W,14.666666666666666,2,5,0.4,0,1,0.0,0,0,0.0,0,0,0,2,0,0,0,0,0,0,4,3,7.0,0,0,6.0,1,1,1,1,19649,15467,16006,15219,14184,16669,14184,13851,14660,13851,13272,22091,23082,9342,16367,11790,7930,1,1,17929,18472,9061,21220,2163,120,21425,1,14:40,2022,2023
2022-23,1629117,Wenyen Gabriel,Wenyen,1610612747,LAL,Los Angeles Lakers,22200853,2023-02-11T00:00:00,LAL @ GSW,W,12.155,3,4,0.75,0,1,0.0,0,0,0.0,2,1,3,0,1,1,0,0,2,0,6,-4,11.6,0,0,11.0,1,1,1,1,21070,12366,17859,2276,14184,16669,14184,13851,14660,13851,3077,17626,12567,19186,8897,4306,7930,1,11553,17929,15841,16280,18292,2163,120,18113,1,12:09,2022,2023
2022-23,1629020,Jarred Vanderbilt,Jarred,1610612747,LAL,Los Angeles Lakers,22200853,2023-02-11T00:00:00,LAL @ GSW,W,16.9,5,7,0.714,0,0,0.0,2,2,1.0,2,6,8,4,0,1,0,1,1,1,12,-6,30.6,0,0,26.0,1,1,1,1,18195,7306,12420,2995,14184,20319,14184,6620,8080,1,3077,2868,2807,4531,16367,4306,7930,17468,5181,11862,9310,18185,6645,2163,120,8209,1,16:54,2022,2023
2022-23,1630559,Austin Reaves,Austin,1610612747,LAL,Los Angeles Lakers,22200853,2023-02-11T00:00:00,LAL @ GSW,W,26.256666666666668,2,5,0.4,1,2,0.5,3,4,0.75,0,2,2,1,2,0,1,1,1,4,8,3,12.9,0,0,14.0,1,1,1,1,11139,15467,16006,15219,8083,13285,3860,4622,4303,8358,13272,13188,16055,13459,4399,11790,2381,17468,5181,2943,13462,9061,17405,2163,120,16001,1,26:15,2022,2023
2022-23,203076,Anthony Davis,Anthony,1610612747,LAL,Los Angeles Lakers,22200853,2023-02-11T00:00:00,LAL @ GSW,W,35.733333333333334,5,19,0.263,0,1,0.0,3,4,0.75,2,14,16,1,4,0,3,3,2,3,13,8,38.7,1,0,36.0,1,1,1,1,3125,7306,1551,20378,14184,16669,14184,4622,4303,8358,3077,66,142,13459,842,11790,252,25315,11553,4788,8465,5327,3551,1,120,3886,1,35:44,2022,2023
2022-23,1629060,Rui Hachimura,Rui,1610612747,LAL,Los Angeles Lakers,22200853,2023-02-11T00:00:00,LAL @ GSW,W,31.11,6,11,0.545,2,4,0.5,2,2,1.0,0,7,7,1,0,1,0,0,0,1,16,12,28.9,0,0,28.0,1,1,1,1,7183,5438,7093,8194,4226,7558,3860,6620,8080,1,13272,1900,3911,13459,16367,4306,7930,1,1,11862,6103,3319,7435,2163,120,7166,1,31:07,2022,2023
2022-23,203471,Dennis Schröder,Dennis,1610612747,LAL,Los Angeles Lakers,22200853,2023-02-11T00:00:00,LAL @ GSW,W,30.05,7,12,0.583,3,4,0.75,9,11,0.818,0,3,3,3,1,0,0,0,0,8,26,7,33.1,0,0,35.0,1,1,1,1,8068,3877,6024,6763,2120,7558,1581,452,406,7746,13272,9404,12567,6516,8897,11790,7930,1,1,331,1742,5992,5545,2163,120,4211,1,30:03,2022,2023
2022-23,1626156,D'Angelo Russell,D'Angelo,1610612747,LAL,Los Angeles Lakers,22200853,2023-02-11T00:00:00,LAL @ GSW,W,35.211666666666666,6,12,0.5,1,3,0.333,2,3,0.667,1,4,5,6,3,0,0,0,1,4,15,12,27.0,0,0,27.0,1,1,1,1,3575,5438,6024,9075,8083,10172,8680,6620,6555,9637,6448,6530,7186,2101,2046,11790,7930,1,5181,2943,6803,3319,8436,2163,120,7676,1,35:13,2022,2023
2022-23,1631108,Max Christie,Max,1610612747,LAL,Los Angeles Lakers,22200834,2023-02-09T00:00:00,LAL vs. MIL,L,12.383333333333333,0,2,0.0,0,0,0.0,0,0,0.0,0,0,0,1,0,0,0,1,0,0,0,-8,1.5,0,0,1.0,1,12947,12947,12947,20970,22559,21404,22559,14184,20319,14184,13851,14660,13851,13272,22091,23082,13459,16367,11790,7930,17468,1,17929,23116,19762,24309,2163,120,24441,1,12:23,2022,2023
2022-23,203471,Dennis Schröder,Dennis,1610612747,LAL,Los Angeles Lakers,22200834,2023-02-09T00:00:00,LAL vs. MIL,L,34.31666666666667,10,17,0.588,1,4,0.25,4,4,1.0,0,2,2,12,0,1,0,1,5,4,25,-7,48.4,1,0,42.0,1,12947,12947,12947,4336,1204,2392,6690,8083,7558,11411,3075,4303,1,13272,13188,16055,129,16367,4306,7930,17468,24422,2943,2009,18993,1382,1,120,2224,1,34:19,2022,2023
2022-23,1629022,Lonnie Walker IV,Lonnie,1610612747,LAL,Los Angeles Lakers,22200834,2023-02-09T00:00:00,LAL vs. MIL,L,30.866666666666667,6,14,0.429,0,1,0.0,3,3,1.0,1,2,3,3,2,0,1,2,0,4,15,0,24.1,0,0,23.0,1,12947,12947,12947,7392,5438,4330,14122,14184,16669,14184,4622,6555,1,6448,13188,12567,6516,4399,11790,2381,23619,1,2943,6803,11977,10112,2163,120,9958,1,30:52,2022,2023
2022-23,1630559,Austin Reaves,Austin,1610612747,LAL,Los Angeles Lakers,22200834,2023-02-09T00:00:00,LAL vs. MIL,L,24.67,7,11,0.636,3,4,0.75,1,2,0.5,1,3,4,2,2,1,0,1,3,2,18,-1,26.8,0,0,29.0,1,12947,12947,12947,12379,3877,7093,5046,2120,7558,1581,10510,8080,10976,6448,9404,9590,9342,4399,4306,7930,17468,17562,7612,4863,13132,8561,2163,120,6681,1,24:40,2022,2023
2022-23,203076,Anthony Davis,Anthony,1610612747,LAL,Los Angeles Lakers,22200834,2023-02-09T00:00:00,LAL vs. MIL,L,35.0,9,22,0.409,0,2,0.0,5,6,0.833,5,11,16,2,5,0,0,1,5,6,23,-7,40.2,1,0,41.0,1,12947,12947,12947,3755,1839,695,15180,14184,13285,14184,2152,2263,7354,342,292,142,9342,319,11790,7930,17468,24422,993,2654,18993,3095,1,120,2464,1,35:00,2022,2023
2022-23,1631306,Cole Swider,Cole,1610612747,LAL,Los Angeles Lakers,22200834,2023-02-09T00:00:00,LAL vs. MIL,L,3.4166666666666665,0,0,0.0,0,0,0.0,0,0,0.0,0,0,0,0,0,0,0,0,0,0,0,4,0.0,0,0,0.0,1,12947,12947,12947,24620,22559,24678,22559,14184,20319,14184,13851,14660,13851,13272,22091,23082,19186,16367,11790,7930,1,1,17929,23116,8218,24963,2163,120,25002,1,3:25,2022,2023
2022-23,1629060,Rui Hachimura,Rui,1610612747,LAL,Los Angeles Lakers,22200834,2023-02-09T00:00:00,LAL vs. MIL,L,32.13333333333333,3,9,0.333,0,2,0.0,2,4,0.5,1,5,6,1,0,0,1,0,1,2,8,-10,19.7,0,0,17.0,1,12947,12947,12947,6250,12366,9460,17586,14184,13285,14184,6620,4303,10976,6448,4379,5308,13459,16367,11790,2381,1,5181,7612,13462,21112,12772,2163,120,13833,1,32:08,2022,2023
2022-23,1628972,Troy Brown Jr.,Troy,1610612747,LAL,Los Angeles Lakers,22200834,2023-02-09T00:00:00,LAL vs. MIL,L,38.57333333333333,4,9,0.444,3,4,0.75,0,0,0.0,1,7,8,2,2,0,0,1,2,1,11,-13,21.6,0,0,24.0,1,12947,12947,12947,1216,9586,9460,13499,2120,7558,1581,13851,14660,13851,6448,1900,2807,9342,4399,11790,7930,17468,11553,11862,10274,22762,11589,2163,120,9373,1,38:34,2022,2023
2022-23,1629117,Wenyen Gabriel,Wenyen,1610612747,LAL,Los Angeles Lakers,22200834,2023-02-09T00:00:00,LAL vs. MIL,L,28.64,3,5,0.6,0,1,0.0,0,2,0.0,2,2,4,0,1,0,0,0,3,1,6,-3,9.8,0,0,10.0,1,12947,12947,12947,9225,12366,16006,5804,14184,16669,14184,13851,8080,13851,3077,13188,9590,19186,8897,11790,7930,1,17562,11862,15841,15240,19470,2163,120,18804,1,28:38,2022,2023
2022-23,1628418,Thomas Bryant,Thomas,1610612747,LAL,Los Angeles Lakers,22200821,2023-02-07T00:00:00,LAL vs. OKC,L,17.406666666666666,2,3,0.667,0,1,0.0,0,0,0.0,1,4,5,1,0,0,1,0,0,0,4,1,14.5,0,0,12.0,1,12947,12947,12947,17846,15467,19669,3571,14184,16669,14184,13851,14660,13851,6448,6530,7186,13459,16367,11790,2381,1,1,17929,18472,11018,16316,2163,120,17408,1,17:24,2022,2023
2022-23,1630559,Austin Reaves,Austin,1610612747,LAL,Los Angeles Lakers,22200821,2023-02-07T00:00:00,LAL vs. OKC,L,6.831666666666667,0,2,0.0,0,1,0.0,0,0,0.0,0,1,1,1,0,0,0,0,2,0,0,-7,2.7,0,0,2.0,1,12947,12947,12947,23197,22559,21404,22559,14184,16669,14184,13851,14660,13851,13272,17626,19709,13459,16367,11790,7930,1,11553,17929,23116,18993,23752,2163,120,23851,1,6:50,2022,2023
2022-23,201976,Patrick Beverley,Patrick,1610612747,LAL,Los Angeles Lakers,22200821,2023-02-07T00:00:00,LAL vs. OKC,L,23.68166666666667,2,3,0.667,2,3,0.667,1,2,0.5,0,1,1,5,3,0,0,0,3,1,7,1,12.7,0,0,15.0,1,12947,12947,12947,13149,15467,19669,3571,4226,10172,1971,10510,8080,10976,13272,17626,19709,3151,2046,11790,7930,1,17562,11862,14745,11018,17538,2163,120,15266,1,23:41,2022,2023
2022-23,203471,Dennis Schröder,Dennis,1610612747,LAL,Los Angeles Lakers,22200821,2023-02-07T00:00:00,LAL vs. OKC,L,31.92833333333333,4,9,0.444,0,5,0.0,2,2,1.0,0,2,2,3,3,0,0,0,3,2,10,-11,13.9,0,0,15.0,1,12947,12947,12947,6449,9586,9460,13499,14184,5511,14184,6620,8080,1,13272,13188,16055,6516,2046,11790,7930,1,17562,7612,11243,21730,16729,2163,120,15266,1,31:56,2022,2023
2022-23,1629022,Lonnie Walker IV,Lonnie,1610612747,LAL,Los Angeles Lakers,22200821,2023-02-07T00:00:00,LAL vs. OKC,L,18.9,3,7,0.429,2,5,0.4,0,0,0.0,0,1,1,3,1,0,0,0,2,0,8,-5,12.7,0,0,14.0,1,12947,12947,12947,16787,12366,12420,14122,4226,5511,7498,13851,14660,13851,13272,17626,19709,6516,8897,11790,7930,1,11553,17929,13462,17295,17538,2163,120,16001,1,18:54,2022,2023
2022-23,1628972,Troy Brown Jr.,Troy,1610612747,LAL,Los Angeles Lakers,22200821,2023-02-07T00:00:00,LAL vs. OKC,L,22.285,4,6,0.667,1,2,0.5,0,0,0.0,1,5,6,1,0,1,0,0,1,0,9,9,20.7,0,0,19.0,1,12947,12947,12947,14198,9586,14189,3571,8083,13285,3860,13851,14660,13851,6448,4379,5308,13459,16367,4306,7930,1,5181,17929,12345,4755,12170,2163,120,12497,1,22:17,2022,2023
2022-23,1629060,Rui Hachimura,Rui,1610612747,LAL,Los Angeles Lakers,22200821,2023-02-07T00:00:00,LAL vs. OKC,L,26.433333333333334,5,7,0.714,1,1,1.0,3,4,0.75,1,5,6,0,1,0,0,0,0,2,14,-11,20.2,0,0,21.0,1,12947,12947,12947,11013,7306,12420,2995,8083,16669,1,4622,4303,8358,6448,4379,5308,19186,8897,11790,7930,1,1,7612,7583,21730,12460,2163,120,11203,1,26:26,2022,2023
2022-23,201566,Russell Westbrook,Russell,1610612747,LAL,Los Angeles Lakers,22200821,2023-02-07T00:00:00,LAL vs. OKC,L,27.99833333333333,10,19,0.526,4,7,0.571,3,6,0.5,0,4,4,8,6,2,1,1,1,3,27,4,46.8,0,0,49.0,1,12947,12947,12947,9728,1204,1551,8911,1024,2551,3486,4622,2263,10976,13272,6530,9590,963,120,1343,2381,17468,5181,4788,1513,8218,1663,2163,120,1023,1,27:60,2022,2023
2022-23,2544,LeBron James,LeBron,1610612747,LAL,Los Angeles Lakers,22200821,2023-02-07T00:00:00,LAL vs. OKC,L,33.94166666666667,13,20,0.65,4,6,0.667,8,10,0.8,0,7,7,3,4,3,0,0,3,8,38,8,55.9,0,0,58.0,1,12947,12947,12947,4680,299,1220,4899,1024,3807,1971,663,576,7793,13272,1900,3911,6516,842,387,7930,1,17562,331,235,5327,574,2163,120,322,1,33:57,2022,2023
2022-23,203076,Anthony Davis,Anthony,1610612747,LAL,Los Angeles Lakers,22200821,2023-02-07T00:00:00,LAL vs. OKC,L,30.593333333333334,6,9,0.667,0,0,0.0,1,2,0.5,3,5,8,2,2,2,1,1,4,2,13,-4,32.6,0,0,29.0,1,12947,12947,12947,7627,5438,9460,3571,14184,20319,14184,10510,8080,10976,1492,4379,2807,9342,4399,1343,2381,17468,21892,7612,8465,16280,5753,2163,120,6681,1,30:36,2022,2023
2022-23,1629060,Rui Hachimura,Rui,1610612747,LAL,Los Angeles Lakers,22200798,2023-02-04T00:00:00,LAL @ NOP,L,18.916666666666668,2,7,0.286,1,2,0.5,3,4,0.75,3,2,5,0,0,1,0,0,0,2,8,2,17.0,0,0,16.0,1,12947,12947,12947,16773,15467,12420,19742,8083,13285,3860,4622,4303,8358,1492,13188,7186,19186,16367,4306,7930,1,1,7612,13462,9989,14584,2163,120,14513,1,18:55,2022,2023
2022-23,2544,LeBron James,LeBron,1610612747,LAL,Los Angeles Lakers,22200798,2023-02-04T00:00:00,LAL @ NOP,L,39.61666666666667,10,22,0.455,1,7,0.143,6,9,0.667,0,9,9,6,2,0,0,0,2,6,27,-5,44.8,0,0,43.0,1,12947,12947,12947,784,1204,695,13150,8083,2551,13867,1457,842,9637,13272,766,2052,2101,4399,11790,7930,1,11553,993,1513,17295,2047,2163,120,2000,1,39:37,2022,2023
2022-23,201976,Patrick Beverley,Patrick,1610612747,LAL,Los Angeles Lakers,22200798,2023-02-04T00:00:00,LAL @ NOP,L,27.10333333333333,2,3,0.667,0,1,0.0,3,3,1.0,0,2,2,4,0,0,1,0,5,3,7,-10,18.4,0,0,15.0,1,12947,12947,12947,10499,15467,19669,3571,14184,16669,14184,4622,6555,1,13272,13188,16055,4531,16367,11790,2381,1,24422,4788,14745,21112,13660,2163,120,15266,1,27:06,2022,2023
2022-23,203471,Dennis Schröder,Dennis,1610612747,LAL,Los Angeles Lakers,22200798,2023-02-04T00:00:00,LAL @ NOP,L,36.8,1,6,0.167,1,2,0.5,4,4,1.0,0,2,2,10,2,1,0,0,3,2,7,5,25.4,0,0,22.0,1,12947,12947,12947,2321,18953,14189,21973,8083,13285,3860,3075,4303,1,13272,13188,16055,399,4399,4306,7930,1,17562,7612,14745,7441,9337,2163,120,10568,1,36:48,2022,2023
2022-23,201566,Russell Westbrook,Russell,1610612747,LAL,Los Angeles Lakers,22200798,2023-02-04T00:00:00,LAL @ NOP,L,22.9,6,11,0.545,2,3,0.667,1,2,0.5,2,2,4,4,2,0,0,0,1,1,15,-4,23.8,0,0,25.0,1,12947,12947,12947,13713,5438,7093,8194,4226,10172,1971,10510,8080,10976,3077,13188,9590,4531,4399,11790,7930,1,5181,11862,6803,16280,10298,2163,120,8774,1,22:54,2022,2023
2022-23,203076,Anthony Davis,Anthony,1610612747,LAL,Los Angeles Lakers,22200798,2023-02-04T00:00:00,LAL @ NOP,L,38.43333333333333,13,25,0.52,2,5,0.4,6,7,0.857,4,10,14,3,2,1,2,0,3,5,34,0,62.3,1,0,59.0,1,12947,12947,12947,1274,299,243,9042,4226,5511,7498,1457,1700,7116,734,496,315,6516,4399,4306,751,1,17562,1742,480,11977,239,1,120,269,1,38:26,2022,2023
2022-23,1628972,Troy Brown Jr.,Troy,1610612747,LAL,Los Angeles Lakers,22200798,2023-02-04T00:00:00,LAL @ NOP,L,30.89666666666667,5,9,0.556,3,7,0.429,0,0,0.0,3,3,6,1,0,0,0,0,4,0,13,0,21.7,0,0,23.0,1,12947,12947,12947,7367,7306,9460,7770,2120,2551,7089,13851,14660,13851,1492,9404,5308,13459,16367,11790,7930,1,21892,17929,8465,11977,11532,2163,120,9958,1,30:54,2022,2023
2022-23,1628418,Thomas Bryant,Thomas,1610612747,LAL,Los Angeles Lakers,22200798,2023-02-04T00:00:00,LAL @ NOP,L,3.15,1,2,0.5,0,1,0.0,0,2,0.0,0,1,1,0,0,0,0,0,0,1,2,-3,3.2,0,0,3.0,1,12947,12947,12947,24742,18953,21404,9075,14184,16669,14184,13851,8080,13851,13272,17626,19709,19186,16367,11790,7930,1,1,11862,21044,15240,23362,2163,120,23300,1,3:09,2022,2023
2022-23,1629022,Lonnie Walker IV,Lonnie,1610612747,LAL,Los Angeles Lakers,22200798,2023-02-04T00:00:00,LAL @ NOP,L,15.766666666666667,4,8,0.5,1,4,0.25,2,2,1.0,1,0,1,2,0,1,0,0,1,1,11,-8,18.2,0,0,17.0,1,12947,12947,12947,18930,9586,10854,9075,8083,7558,11411,6620,8080,1,6448,22091,19709,9342,16367,4306,7930,1,5181,11862,10274,19762,13777,2163,120,13833,1,15:46,2022,2023
2022-23,1629117,Wenyen Gabriel,Wenyen,1610612747,LAL,Los Angeles Lakers,22200798,2023-02-04T00:00:00,LAL @ NOP,L,6.416666666666667,1,1,1.0,0,0,0.0,0,0,0.0,0,0,0,0,1,0,0,0,1,1,2,-2,1.0,0,0,2.0,1,12947,12947,12947,23359,18953,23078,1,14184,20319,14184,13851,14660,13851,13272,22091,23082,19186,8897,11790,7930,1,5181,11862,21044,14174,24790,2163,120,23851,1,6:25,2022,2023
2022-23,1629060,Rui Hachimura,Rui,1610612747,LAL,Los Angeles Lakers,22200778,2023-02-02T00:00:00,LAL @ IND,W,28.316666666666663,3,9,0.333,0,1,0.0,1,3,0.333,2,7,9,0,0,1,0,1,1,2,7,-4,20.8,0,0,18.0,1,1,1,1,9469,12366,9460,17586,14184,16669,14184,10510,6555,13452,3077,1900,2052,19186,16367,4306,7930,17468,5181,7612,14745,16280,12112,2163,120,13199,1,28:19,2022,2023
2022-23,1628972,Troy Brown Jr.,Troy,1610612747,LAL,Los Angeles Lakers,22200778,2023-02-02T00:00:00,LAL @ IND,W,17.52,1,3,0.333,0,1,0.0,0,0,0.0,0,3,3,1,0,2,0,0,1,0,2,-3,13.1,0,0,10.0,1,1,1,1,17759,18953,19669,17586,14184,16669,14184,13851,14660,13851,13272,9404,12567,13459,16367,1343,7930,1,5181,17929,21044,15240,17286,2163,120,18804,1,17:31,2022,2023
2022-23,1629022,Lonnie Walker IV,Lonnie,1610612747,LAL,Los Angeles Lakers,22200778,2023-02-02T00:00:00,LAL @ IND,W,17.996666666666666,1,2,0.5,0,1,0.0,4,5,0.8,0,1,1,0,0,0,0,0,2,2,6,5,7.2,0,0,7.0,1,1,1,1,17406,18953,21404,9075,14184,16669,14184,3075,3311,7793,13272,17626,19709,19186,16367,11790,7930,1,11553,7612,15841,7441,21046,2163,120,20760,1,17:60,2022,2023
2022-23,203471,Dennis Schröder,Dennis,1610612747,LAL,Los Angeles Lakers,22200778,2023-02-02T00:00:00,LAL @ IND,W,36.46666666666667,4,8,0.5,2,3,0.667,2,4,0.5,2,4,6,5,3,1,0,0,1,2,12,-3,26.7,0,0,27.0,1,1,1,1,2581,9586,10854,9075,4226,10172,1971,6620,4303,10976,3077,6530,5308,3151,2046,4306,7930,1,5181,7612,9310,15240,8613,2163,120,7676,1,36:28,2022,2023
2022-23,2544,LeBron James,LeBron,1610612747,LAL,Los Angeles Lakers,22200778,2023-02-02T00:00:00,LAL @ IND,W,32.96666666666667,11,19,0.579,2,5,0.4,2,2,1.0,2,5,7,7,3,0,0,0,1,3,26,-4,41.9,0,0,42.0,1,1,1,1,5513,789,1551,6992,4226,5511,7498,6620,8080,1,3077,4379,3911,1460,2046,11790,7930,1,5181,4788,1742,16280,2672,2163,120,2224,1,32:58,2022,2023
2022-23,201566,Russell Westbrook,Russell,1610612747,LAL,Los Angeles Lakers,22200778,2023-02-02T00:00:00,LAL @ IND,W,32.15,2,16,0.125,0,5,0.0,6,8,0.75,1,2,3,10,4,0,0,3,2,4,10,0,24.6,1,0,23.0,1,1,1,1,6230,15467,2947,22399,14184,5511,14184,1457,1170,8358,6448,13188,12567,399,842,11790,7930,25315,11553,2943,11243,11977,9804,1,120,9958,1,32:09,2022,2023
2022-23,201976,Patrick Beverley,Patrick,1610612747,LAL,Los Angeles Lakers,22200778,2023-02-02T00:00:00,LAL @ IND,W,28.516666666666666,3,4,0.75,1,2,0.5,0,2,0.0,0,2,2,4,1,3,2,0,2,2,7,16,29.4,0,0,24.0,1,1,1,1,9310,12366,17859,2276,8083,13285,3860,13851,8080,13851,13272,13188,16055,4531,8897,387,751,1,11553,7612,14745,1910,7209,2163,120,9373,1,28:31,2022,2023
2022-23,1628418,Thomas Bryant,Thomas,1610612747,LAL,Los Angeles Lakers,22200778,2023-02-02T00:00:00,LAL @ IND,W,11.533333333333331,4,4,1.0,1,1,1.0,2,2,1.0,1,5,6,0,0,0,1,0,0,1,11,4,21.2,0,0,20.0,1,1,1,1,21434,9586,17859,1,8083,16669,1,6620,8080,1,6448,4379,5308,19186,16367,11790,2381,1,1,11862,10274,8218,11856,2163,120,11856,1,11:32,2022,2023
2022-23,203076,Anthony Davis,Anthony,1610612747,LAL,Los Angeles Lakers,22200778,2023-02-02T00:00:00,LAL @ IND,W,34.53333333333333,13,27,0.481,0,3,0.0,5,5,1.0,5,9,14,2,2,1,2,2,0,5,31,-6,57.8,1,0,53.0,1,1,1,1,4140,299,114,12475,14184,10172,14184,2152,3311,1,342,766,315,9342,4399,4306,751,23619,1,1742,795,18185,461,1,120,637,1,34:32,2022,2023
2022-23,203076,Anthony Davis,Anthony,1610612747,LAL,Los Angeles Lakers,22200765,2023-01-31T00:00:00,LAL @ NYK,W,36.88333333333333,9,16,0.563,0,1,0.0,9,11,0.818,2,7,9,1,5,2,0,1,3,7,27,16,40.3,0,0,41.0,1,1,1,1,2245,1839,2947,7660,14184,16669,14184,452,406,7746,3077,1900,2052,13459,319,1343,7930,17468,17562,559,1513,1910,3076,2163,120,2464,1,36:53,2022,2023
2022-23,1629060,Rui Hachimura,Rui,1610612747,LAL,Los Angeles Lakers,22200765,2023-01-31T00:00:00,LAL @ NYK,W,40.425,8,12,0.667,2,4,0.5,1,2,0.5,3,6,9,0,0,0,1,2,4,1,19,4,32.8,0,0,32.0,1,1,1,1,522,2711,6024,3571,4226,7558,3860,10510,8080,10976,1492,2868,2052,19186,16367,11790,2381,23619,21892,11862,4335,8218,5676,2163,120,5369,1,40:26,2022,2023
2022-23,2544,LeBron James,LeBron,1610612747,LAL,Los Angeles Lakers,22200765,2023-01-31T00:00:00,LAL @ NYK,W,42.93333333333333,11,25,0.44,2,8,0.25,4,7,0.571,1,9,10,11,5,1,0,0,2,5,28,22,54.5,1,1,53.0,1,1,1,1,181,789,243,13939,4226,1659,11411,3075,1700,10873,6448,766,1446,243,319,4306,7930,1,11553,1742,1320,698,696,1,1,637,1,42:56,2022,2023
2022-23,203471,Dennis Schröder,Dennis,1610612747,LAL,Los Angeles Lakers,22200765,2023-01-31T00:00:00,LAL @ NYK,W,32.31666666666667,4,7,0.571,2,3,0.667,2,2,1.0,0,1,1,6,1,0,0,0,3,2,12,20,21.2,0,0,21.0,1,1,1,1,6063,9586,12420,7045,4226,10172,1971,6620,8080,1,13272,17626,19709,2101,8897,11790,7930,1,17562,7612,9310,985,11856,2163,120,11203,1,32:19,2022,2023
2022-23,1631108,Max Christie,Max,1610612747,LAL,Los Angeles Lakers,22200765,2023-01-31T00:00:00,LAL @ NYK,W,12.638333333333334,2,3,0.667,2,3,0.667,0,0,0.0,0,2,2,0,0,0,0,0,5,0,6,2,8.4,0,0,10.0,1,1,1,1,20814,15467,19669,3571,4226,10172,1971,13851,14660,13851,13272,13188,16055,19186,16367,11790,7930,1,24422,17929,15841,9989,20338,2163,120,18804,1,12:38,2022,2023
2022-23,1629022,Lonnie Walker IV,Lonnie,1610612747,LAL,Los Angeles Lakers,22200765,2023-01-31T00:00:00,LAL @ NYK,W,13.366666666666667,1,6,0.167,0,4,0.0,0,0,0.0,0,1,1,0,1,0,0,0,0,0,2,-10,2.2,0,0,3.0,1,1,1,1,20409,18953,14189,21973,14184,7558,14184,13851,14660,13851,13272,17626,19709,19186,8897,11790,7930,1,1,17929,21044,21112,24000,2163,120,23300,1,13:22,2022,2023
2022-23,1628418,Thomas Bryant,Thomas,1610612747,LAL,Los Angeles Lakers,22200765,2023-01-31T00:00:00,LAL @ NYK,W,16.053333333333335,3,3,1.0,0,0,0.0,3,3,1.0,0,1,1,0,0,0,0,0,0,3,9,-10,10.2,0,0,10.0,1,1,1,1,18739,12366,19669,1,14184,20319,14184,4622,6555,1,13272,17626,19709,19186,16367,11790,7930,1,1,4788,12345,21112,19191,2163,120,18804,1,16:03,2022,2023
2022-23,201566,Russell Westbrook,Russell,1610612747,LAL,Los Angeles Lakers,22200765,2023-01-31T00:00:00,LAL @ NYK,W,36.21666666666667,7,13,0.538,1,4,0.25,2,5,0.4,3,3,6,8,1,3,0,0,4,4,17,-5,44.2,0,0,38.0,1,1,1,1,2756,3877,5108,8455,8083,7558,11411,6620,3311,13369,1492,9404,5308,963,8897,387,7930,1,21892,2943,5476,17295,2160,2163,120,3280,1,36:13,2022,2023
2022-23,1628972,Troy Brown Jr.,Troy,1610612747,LAL,Los Angeles Lakers,22200765,2023-01-31T00:00:00,LAL @ NYK,W,34.166666666666664,3,8,0.375,2,6,0.333,1,1,1.0,2,3,5,3,1,0,0,0,2,2,9,-9,18.5,0,0,19.0,1,1,1,1,4460,12366,10854,16626,4226,3807,8680,10510,13074,1,3077,9404,7186,6516,8897,11790,7930,1,11553,7612,12345,20484,13600,2163,120,12497,1,34:10,2022,2023
2022-23,1629117,Wenyen Gabriel,Wenyen,1610612747,LAL,Los Angeles Lakers,22200757,2023-01-30T00:00:00,LAL @ BKN,L,15.966666666666669,5,10,0.5,0,2,0.0,1,2,0.5,1,3,4,0,0,0,0,1,0,3,11,-18,15.8,0,0,15.0,1,12947,12947,12947,18797,7306,8199,9075,14184,13285,14184,10510,8080,10976,6448,9404,9590,19186,16367,11790,7930,17468,1,4788,10274,24536,15415,2163,120,15266,1,15:58,2022,2023
2022-23,1628972,Troy Brown Jr.,Troy,1610612747,LAL,Los Angeles Lakers,22200757,2023-01-30T00:00:00,LAL @ BKN,L,31.016666666666666,4,8,0.5,2,3,0.667,1,2,0.5,7,10,17,4,2,0,0,0,0,2,11,3,35.4,1,0,34.0,1,12947,12947,12947,7253,9586,10854,9075,4226,10172,1971,10510,8080,10976,75,496,97,4531,4399,11790,7930,1,1,7612,10274,9061,4651,1,120,4558,1,31:01,2022,2023
2022-23,1629060,Rui Hachimura,Rui,1610612747,LAL,Los Angeles Lakers,22200757,2023-01-30T00:00:00,LAL @ BKN,L,27.8,6,13,0.462,1,2,0.5,3,6,0.5,2,2,4,1,1,0,0,2,0,3,16,-11,21.3,0,0,22.0,1,12947,12947,12947,9895,5438,5108,12925,8083,13285,3860,4622,2263,10976,3077,13188,9590,13459,8897,11790,7930,23619,1,4788,6103,21730,11800,2163,120,10568,1,27:48,2022,2023
2022-23,201566,Russell Westbrook,Russell,1610612747,LAL,Los Angeles Lakers,22200757,2023-01-30T00:00:00,LAL @ BKN,L,29.666666666666668,5,15,0.333,3,6,0.5,4,7,0.571,2,6,8,10,6,1,1,1,2,4,17,-10,41.6,1,0,42.0,1,12947,12947,12947,8395,7306,3608,17586,2120,3807,3860,3075,1700,10873,3077,2868,2807,399,120,4306,2381,17468,11553,2943,5476,21112,2741,1,120,2224,1,29:40,2022,2023
2022-23,1629308,Juan Toscano-Anderson,Juan,1610612747,LAL,Los Angeles Lakers,22200757,2023-01-30T00:00:00,LAL @ BKN,L,7.833333333333333,0,1,0.0,0,0,0.0,0,0,0.0,2,0,2,1,1,0,0,1,1,0,0,-14,2.9,0,0,3.0,1,12947,12947,12947,22829,22559,23078,22559,14184,20319,14184,13851,14660,13851,3077,22091,16055,13459,8897,11790,7930,17468,5181,17929,23116,23232,23731,2163,120,23300,1,7:50,2022,2023
2022-23,203471,Dennis Schröder,Dennis,1610612747,LAL,Los Angeles Lakers,22200757,2023-01-30T00:00:00,LAL @ BKN,L,33.983333333333334,2,15,0.133,1,4,0.25,5,6,0.833,0,6,6,5,0,0,0,3,3,3,10,4,24.7,0,0,22.0,1,12947,12947,12947,4638,15467,3608,22393,8083,7558,11411,2152,2263,7354,13272,2868,5308,3151,16367,11790,7930,25315,17562,4788,11243,8218,9742,2163,120,10568,1,33:59,2022,2023
2022-23,201976,Patrick Beverley,Patrick,1610612747,LAL,Los Angeles Lakers,22200757,2023-01-30T00:00:00,LAL @ BKN,L,34.766666666666666,1,8,0.125,1,5,0.2,2,2,1.0,0,1,1,3,0,0,0,0,4,2,5,1,10.7,0,0,10.0,1,12947,12947,12947,3946,18953,10854,22399,8083,5511,12795,6620,8080,1,13272,17626,19709,6516,16367,11790,7930,1,21892,7612,17251,11018,18878,2163,120,18804,1,34:46,2022,2023
2022-23,1628418,Thomas Bryant,Thomas,1610612747,LAL,Los Angeles Lakers,22200757,2023-01-30T00:00:00,LAL @ BKN,L,26.75,7,8,0.875,1,2,0.5,3,7,0.429,2,7,9,0,1,0,1,0,1,6,18,1,30.8,0,0,30.0,1,12947,12947,12947,10778,3877,10854,1489,8083,13285,3860,4622,1700,13337,3077,1900,2052,19186,8897,11790,2381,1,5181,993,4863,11018,6558,2163,120,6218,1,26:45,2022,2023
2022-23,1629022,Lonnie Walker IV,Lonnie,1610612747,LAL,Los Angeles Lakers,22200757,2023-01-30T00:00:00,LAL @ BKN,L,22.45,4,9,0.444,2,4,0.5,3,3,1.0,0,1,1,0,1,0,1,1,3,1,13,-25,16.2,0,0,18.0,1,12947,12947,12947,14072,9586,9460,13499,4226,7558,3860,4622,6555,1,13272,17626,19709,19186,8897,11790,2381,17468,17562,11862,8465,25550,15132,2163,120,13199,1,22:27,2022,2023
2022-23,1627745,Damian Jones,Damian,1610612747,LAL,Los Angeles Lakers,22200757,2023-01-30T00:00:00,LAL @ BKN,L,2.0,0,0,0.0,0,0,0.0,0,0,0.0,0,0,0,0,1,0,0,0,0,0,0,-3,-1.0,0,0,0.0,1,12947,12947,12947,25276,22559,24678,22559,14184,20319,14184,13851,14660,13851,13272,22091,23082,19186,8897,11790,7930,1,1,17929,23116,15240,25775,2163,120,25002,1,2:00,2022,2023
2022-23,1631108,Max Christie,Max,1610612747,LAL,Los Angeles Lakers,22200757,2023-01-30T00:00:00,LAL @ BKN,L,7.766666666666667,1,2,0.5,0,1,0.0,1,2,0.5,0,1,1,0,1,0,0,0,2,1,3,-13,3.2,0,0,4.0,1,12947,12947,12947,22853,18953,21404,9075,14184,16669,14184,10510,8080,10976,13272,17626,19709,19186,8897,11790,7930,1,11553,11862,19811,22762,23362,2163,120,22647,1,7:46,2022,2023
2022-23,203471,Dennis Schröder,Dennis,1610612747,LAL,Los Angeles Lakers,22200749,2023-01-28T00:00:00,LAL @ BOS,L,37.56666666666667,6,12,0.5,0,5,0.0,1,1,1.0,0,2,2,3,2,0,0,1,5,3,13,1,17.9,0,0,18.0,1,12947,12947,12947,1804,5438,6024,9075,14184,5511,14184,10510,13074,1,13272,13188,16055,6516,4399,11790,7930,17468,24422,4788,8465,11018,13982,2163,120,13199,1,37:34,2022,2023
2022-23,1628418,Thomas Bryant,Thomas,1610612747,LAL,Los Angeles Lakers,22200749,2023-01-28T00:00:00,LAL @ BOS,L,19.116666666666667,1,1,1.0,0,0,0.0,1,2,0.5,1,5,6,0,0,0,0,0,0,2,3,12,10.2,0,0,9.0,1,12947,12947,12947,16605,18953,23078,1,14184,20319,14184,10510,8080,10976,6448,4379,5308,19186,16367,11790,7930,1,1,7612,19811,3319,19191,2163,120,19461,1,19:07,2022,2023
2022-23,201566,Russell Westbrook,Russell,1610612747,LAL,Los Angeles Lakers,22200749,2023-01-28T00:00:00,LAL @ BOS,L,25.316666666666663,4,14,0.286,0,3,0.0,4,5,0.8,2,2,4,7,5,1,0,1,4,4,12,-10,25.3,0,0,25.0,1,12947,12947,12947,11872,9586,4330,19742,14184,10172,14184,3075,3311,7793,3077,13188,9590,1460,319,4306,7930,17468,21892,2943,9310,21112,9407,2163,120,8774,1,25:19,2022,2023
2022-23,1629022,Lonnie Walker IV,Lonnie,1610612747,LAL,Los Angeles Lakers,22200749,2023-01-28T00:00:00,LAL @ BOS,L,17.95,6,8,0.75,1,3,0.333,0,0,0.0,0,3,3,1,1,1,0,0,1,0,13,0,20.1,0,0,20.0,1,12947,12947,12947,17426,5438,10854,2276,8083,10172,8680,13851,14660,13851,13272,9404,12567,13459,8897,4306,7930,1,5181,17929,8465,11977,12527,2163,120,11856,1,17:57,2022,2023
2022-23,1628972,Troy Brown Jr.,Troy,1610612747,LAL,Los Angeles Lakers,22200749,2023-01-28T00:00:00,LAL @ BOS,L,26.85333333333333,1,7,0.143,0,5,0.0,0,0,0.0,1,3,4,1,0,0,0,0,2,1,2,-14,8.3,0,0,7.0,1,12947,12947,12947,10693,18953,12420,22241,14184,5511,14184,13851,14660,13851,6448,9404,9590,13459,16367,11790,7930,1,11553,11862,21044,23232,20438,2163,120,20760,1,26:51,2022,2023
2022-23,203076,Anthony Davis,Anthony,1610612747,LAL,Los Angeles Lakers,22200749,2023-01-28T00:00:00,LAL @ BOS,L,33.88333333333333,6,15,0.4,1,3,0.333,3,4,0.75,5,5,10,4,2,0,0,2,4,4,16,-16,32.0,1,0,31.0,1,12947,12947,12947,4731,5438,3608,15219,8083,10172,8680,4622,4303,8358,342,4379,1446,4531,4399,11790,7930,23619,21892,2943,6103,23968,6026,1,120,5759,1,33:53,2022,2023
2022-23,1629060,Rui Hachimura,Rui,1610612747,LAL,Los Angeles Lakers,22200749,2023-01-28T00:00:00,LAL @ BOS,L,23.656666666666663,3,8,0.375,0,4,0.0,0,0,0.0,0,4,4,1,0,0,0,1,1,0,6,6,12.3,0,0,11.0,1,12947,12947,12947,13167,12366,10854,16626,14184,7558,14184,13851,14660,13851,13272,6530,9590,13459,16367,11790,7930,17468,5181,17929,15841,6694,17831,2163,120,18113,1,23:39,2022,2023
2022-23,2544,LeBron James,LeBron,1610612747,LAL,Los Angeles Lakers,22200749,2023-01-28T00:00:00,LAL @ BOS,L,44.20666666666666,15,30,0.5,6,12,0.5,5,6,0.833,1,8,9,8,2,0,0,2,2,6,41,1,61.8,0,0,64.0,1,12947,12947,12947,114,98,27,9075,178,233,3860,2152,2263,7354,6448,1233,2052,963,4399,11790,7930,23619,11553,993,126,11018,259,2163,120,113,1,44:12,2022,2023
2022-23,201976,Patrick Beverley,Patrick,1610612747,LAL,Los Angeles Lakers,22200749,2023-01-28T00:00:00,LAL @ BOS,L,36.45,5,10,0.5,4,7,0.571,1,2,0.5,1,4,5,5,0,2,0,2,4,2,15,0,34.5,0,0,33.0,1,12947,12947,12947,2591,7306,8199,9075,1024,2551,3486,10510,8080,10976,6448,6530,7186,3151,16367,1343,7930,23619,21892,7612,6803,11977,4986,2163,120,4946,1,36:27,2022,2023
2022-23,1629117,Wenyen Gabriel,Wenyen,1610612747,LAL,Los Angeles Lakers,22200729,2023-01-25T00:00:00,LAL vs. SAS,W,0.7633333333333333,0,0,0.0,0,0,0.0,0,0,0.0,0,1,1,0,0,0,0,0,0,0,0,0,1.2,0,0,1.0,1,1,1,1,25762,22559,24678,22559,14184,20319,14184,13851,14660,13851,13272,17626,19709,19186,16367,11790,7930,1,1,17929,23116,11977,24482,2163,120,24441,1,0:46,2022,2023
2022-23,203471,Dennis Schröder,Dennis,1610612747,LAL,Los Angeles Lakers,22200729,2023-01-25T00:00:00,LAL vs. SAS,W,37.528333333333336,3,12,0.25,1,6,0.167,2,3,0.667,3,5,8,5,3,4,2,1,3,2,9,15,41.1,0,0,35.0,1,1,1,1,1830,12366,6024,20392,8083,3807,13473,6620,6555,9637,1492,4379,2807,3151,2046,90,751,17468,17562,7612,12345,2225,2852,2163,120,4211,1,37:32,2022,2023
2022-23,1629060,Rui Hachimura,Rui,1610612747,LAL,Los Angeles Lakers,22200729,2023-01-25T00:00:00,LAL vs. SAS,W,21.516666666666666,4,7,0.571,1,3,0.333,3,6,0.5,1,5,6,1,0,1,0,1,0,3,12,17,23.7,0,0,22.0,1,1,1,1,14776,9586,12420,7045,8083,10172,8680,4622,2263,10976,6448,4379,5308,13459,16367,4306,7930,17468,1,4788,9310,1637,10359,2163,120,10568,1,21:31,2022,2023
2022-23,1631108,Max Christie,Max,1610612747,LAL,Los Angeles Lakers,22200729,2023-01-25T00:00:00,LAL vs. SAS,W,24.39666666666667,1,2,0.5,1,2,0.5,2,2,1.0,0,4,4,1,1,1,1,0,0,1,5,13,16.3,0,0,15.0,1,1,1,1,12582,18953,21404,9075,8083,13285,3860,6620,8080,1,13272,6530,9590,13459,8897,4306,2381,1,1,11862,17251,2916,15062,2163,120,15266,1,24:24,2022,2023
2022-23,201566,Russell Westbrook,Russell,1610612747,LAL,Los Angeles Lakers,22200729,2023-01-25T00:00:00,LAL vs. SAS,W,27.87,7,15,0.467,0,3,0.0,0,0,0.0,0,2,2,4,3,1,0,0,4,0,14,-10,22.4,0,0,22.0,1,1,1,1,9839,3877,3608,12777,14184,10172,14184,13851,14660,13851,13272,13188,16055,4531,2046,4306,7930,1,21892,17929,7583,21112,11109,2163,120,10568,1,27:52,2022,2023
2022-23,2544,LeBron James,LeBron,1610612747,LAL,Los Angeles Lakers,22200729,2023-01-25T00:00:00,LAL vs. SAS,W,35.30833333333333,8,20,0.4,1,6,0.167,3,4,0.75,1,8,9,11,6,0,0,0,0,2,20,2,41.3,1,0,41.0,1,1,1,1,3506,2711,1220,15219,8083,3807,13473,4622,4303,8358,6448,1233,2052,243,120,11790,7930,1,1,7612,3852,9989,2803,1,120,2464,1,35:19,2022,2023
2022-23,201976,Patrick Beverley,Patrick,1610612747,LAL,Los Angeles Lakers,22200729,2023-01-25T00:00:00,LAL vs. SAS,W,23.60333333333333,6,12,0.5,3,7,0.429,3,4,0.75,0,2,2,1,2,2,1,0,0,4,18,-4,28.9,0,0,30.0,1,1,1,1,13206,5438,6024,9075,2120,2551,7089,4622,4303,8358,13272,13188,16055,13459,4399,1343,2381,1,1,2943,4863,16280,7435,2163,120,6218,1,23:36,2022,2023
2022-23,203076,Anthony Davis,Anthony,1610612747,LAL,Los Angeles Lakers,22200729,2023-01-25T00:00:00,LAL vs. SAS,W,26.186666666666667,7,15,0.467,1,3,0.333,6,7,0.857,5,7,12,1,3,1,4,0,2,5,21,8,48.9,1,0,45.0,1,1,1,1,11196,3877,3608,12777,8083,10172,8680,1457,1700,7116,342,1900,725,13459,2046,4306,87,1,11553,1742,3416,5327,1303,1,120,1591,1,26:11,2022,2023
2022-23,1627745,Damian Jones,Damian,1610612747,LAL,Los Angeles Lakers,22200729,2023-01-25T00:00:00,LAL vs. SAS,W,0.4416666666666666,0,0,0.0,0,0,0.0,0,0,0.0,0,0,0,0,0,0,0,0,0,0,0,0,0.0,0,0,0.0,1,1,1,1,25829,22559,24678,22559,14184,20319,14184,13851,14660,13851,13272,22091,23082,19186,16367,11790,7930,1,1,17929,23116,11977,24963,2163,120,25002,1,0:27,2022,2023
2022-23,1628972,Troy Brown Jr.,Troy,1610612747,LAL,Los Angeles Lakers,22200729,2023-01-25T00:00:00,LAL vs. SAS,W,20.571666666666665,2,4,0.5,2,3,0.667,0,0,0.0,1,6,7,1,0,1,0,0,1,0,6,3,18.9,0,0,18.0,1,1,1,1,15529,15467,17859,9075,4226,10172,1971,13851,14660,13851,6448,2868,3911,13459,16367,4306,7930,1,5181,17929,15841,9061,13323,2163,120,13199,1,20:34,2022,2023
2022-23,1629308,Juan Toscano-Anderson,Juan,1610612747,LAL,Los Angeles Lakers,22200729,2023-01-25T00:00:00,LAL vs. SAS,W,0.7633333333333333,0,0,0.0,0,0,0.0,0,0,0.0,0,0,0,0,1,0,0,0,0,0,0,0,-1.0,0,0,0.0,1,1,1,1,25762,22559,24678,22559,14184,20319,14184,13851,14660,13851,13272,22091,23082,19186,8897,11790,7930,1,1,17929,23116,11977,25775,2163,120,25002,1,0:46,2022,2023
2022-23,1628418,Thomas Bryant,Thomas,1610612747,LAL,Los Angeles Lakers,22200729,2023-01-25T00:00:00,LAL vs. SAS,W,21.05,2,3,0.667,0,0,0.0,4,4,1.0,0,5,5,0,0,1,1,0,3,2,8,1,20.0,0,0,17.0,1,1,1,1,15179,15467,19669,3571,14184,20319,14184,3075,4303,1,13272,4379,7186,19186,16367,4306,2381,1,17562,7612,13462,11018,12592,2163,120,13833,1,21:03,2022,2023
2022-23,203471,Dennis Schröder,Dennis,1610612747,LAL,Los Angeles Lakers,22200719,2023-01-24T00:00:00,LAL vs. LAC,L,32.25333333333333,3,9,0.333,1,3,0.333,0,0,0.0,0,2,2,0,1,2,1,0,2,1,7,-11,17.4,0,0,16.0,1,12947,12947,12947,6131,12366,9460,17586,8083,10172,8680,13851,14660,13851,13272,13188,16055,19186,8897,1343,2381,1,11553,11862,14745,21730,14314,2163,120,14513,1,32:15,2022,2023
2022-23,1628972,Troy Brown Jr.,Troy,1610612747,LAL,Los Angeles Lakers,22200719,2023-01-24T00:00:00,LAL vs. LAC,L,27.88,3,7,0.429,1,5,0.2,0,0,0.0,0,1,1,3,0,0,1,0,2,1,7,-13,15.7,0,0,14.0,1,12947,12947,12947,9834,12366,12420,14122,8083,5511,12795,13851,14660,13851,13272,17626,19709,6516,16367,11790,2381,1,11553,11862,14745,22762,15488,2163,120,16001,1,27:53,2022,2023
2022-23,1629117,Wenyen Gabriel,Wenyen,1610612747,LAL,Los Angeles Lakers,22200719,2023-01-24T00:00:00,LAL vs. LAC,L,14.1,4,6,0.667,0,0,0.0,0,3,0.0,4,2,6,0,0,0,0,1,2,2,8,-12,15.2,0,0,14.0,1,12947,12947,12947,19985,9586,14189,3571,14184,20319,14184,13851,6555,13851,734,13188,5308,19186,16367,11790,7930,17468,11553,7612,13462,22269,15829,2163,120,16001,1,14:06,2022,2023
2022-23,1631306,Cole Swider,Cole,1610612747,LAL,Los Angeles Lakers,22200719,2023-01-24T00:00:00,LAL vs. LAC,L,5.116666666666666,0,1,0.0,0,1,0.0,0,0,0.0,1,0,1,0,0,0,0,0,0,0,0,0,1.2,0,0,1.0,1,12947,12947,12947,23869,22559,23078,22559,14184,16669,14184,13851,14660,13851,6448,22091,19709,19186,16367,11790,7930,1,1,17929,23116,11977,24482,2163,120,24441,1,5:07,2022,2023
2022-23,1631108,Max Christie,Max,1610612747,LAL,Los Angeles Lakers,22200719,2023-01-24T00:00:00,LAL vs. LAC,L,17.448333333333334,2,3,0.667,1,2,0.5,0,0,0.0,0,2,2,0,0,1,0,0,0,0,5,-4,10.4,0,0,10.0,1,12947,12947,12947,17821,15467,19669,3571,8083,13285,3860,13851,14660,13851,13272,13188,16055,19186,16367,4306,7930,1,1,17929,17251,16280,19062,2163,120,18804,1,17:27,2022,2023
2022-23,1627745,Damian Jones,Damian,1610612747,LAL,Los Angeles Lakers,22200719,2023-01-24T00:00:00,LAL vs. LAC,L,5.116666666666666,0,1,0.0,0,0,0.0,0,0,0.0,0,1,1,0,0,0,1,0,1,0,0,0,4.2,0,0,3.0,1,12947,12947,12947,23869,22559,23078,22559,14184,20319,14184,13851,14660,13851,13272,17626,19709,19186,16367,11790,2381,1,5181,17929,23116,11977,22835,2163,120,23300,1,5:07,2022,2023
2022-23,2544,LeBron James,LeBron,1610612747,LAL,Los Angeles Lakers,22200719,2023-01-24T00:00:00,LAL vs. LAC,L,32.598333333333336,16,29,0.552,9,14,0.643,5,5,1.0,1,7,8,7,0,2,1,4,0,6,46,-14,75.1,0,0,76.0,1,12947,12947,12947,5844,59,41,8150,15,68,2883,2152,3311,1,6448,1900,2807,1460,16367,1343,2381,25771,1,993,39,23232,36,2163,120,17,1,32:36,2022,2023
2022-23,201976,Patrick Beverley,Patrick,1610612747,LAL,Los Angeles Lakers,22200719,2023-01-24T00:00:00,LAL vs. LAC,L,35.2,1,8,0.125,1,6,0.167,0,0,0.0,2,0,2,4,1,1,0,0,2,0,3,-15,13.4,0,0,12.0,1,12947,12947,12947,3577,18953,10854,22399,8083,3807,13473,13851,14660,13851,3077,22091,16055,4531,8897,4306,7930,1,11553,17929,19811,23654,17068,2163,120,17408,1,35:12,2022,2023
2022-23,1628418,Thomas Bryant,Thomas,1610612747,LAL,Los Angeles Lakers,22200719,2023-01-24T00:00:00,LAL vs. LAC,L,28.78333333333333,6,11,0.545,2,3,0.667,1,1,1.0,0,7,7,0,2,0,0,0,1,1,15,-6,21.4,0,0,24.0,1,12947,12947,12947,9108,5438,7093,8194,4226,10172,1971,10510,13074,1,13272,1900,3911,19186,4399,11790,7930,1,5181,11862,6803,18185,11734,2163,120,9373,1,28:47,2022,2023
2022-23,201566,Russell Westbrook,Russell,1610612747,LAL,Los Angeles Lakers,22200719,2023-01-24T00:00:00,LAL vs. LAC,L,24.716666666666665,4,13,0.308,1,4,0.25,8,13,0.615,1,0,1,5,2,2,0,2,1,8,17,-11,29.7,0,0,28.0,1,12947,12947,12947,12332,9586,5108,19413,8083,7558,11411,663,207,10616,6448,22091,19709,3151,4399,1343,7930,23619,5181,331,5476,21730,7064,2163,120,7166,1,24:43,2022,2023
2022-23,1630590,Scotty Pippen Jr.,Scotty,1610612747,LAL,Los Angeles Lakers,22200719,2023-01-24T00:00:00,LAL vs. LAC,L,5.116666666666666,1,2,0.5,0,0,0.0,1,2,0.5,0,0,0,1,0,0,0,1,0,1,3,0,4.5,0,0,4.0,1,12947,12947,12947,23869,18953,21404,9075,14184,20319,14184,10510,8080,10976,13272,22091,23082,13459,16367,11790,7930,17468,1,11862,19811,11977,22654,2163,120,22647,1,5:07,2022,2023
2022-23,1629308,Juan Toscano-Anderson,Juan,1610612747,LAL,Los Angeles Lakers,22200719,2023-01-24T00:00:00,LAL vs. LAC,L,11.67,2,5,0.4,0,2,0.0,0,0,0.0,0,1,1,1,0,0,0,1,2,0,4,-4,6.7,0,0,6.0,1,12947,12947,12947,21376,15467,16006,15219,14184,13285,14184,13851,14660,13851,13272,17626,19709,13459,16367,11790,7930,17468,11553,17929,18472,16280,21372,2163,120,21425,1,11:40,2022,2023
2022-23,2544,LeBron James,LeBron,1610612747,LAL,Los Angeles Lakers,22200705,2023-01-22T00:00:00,LAL @ POR,W,35.946666666666665,14,24,0.583,2,7,0.286,7,10,0.7,0,11,11,4,4,0,2,0,2,6,37,17,58.2,1,0,58.0,1,1,1,1,2959,175,357,6763,4226,2551,10982,993,576,9587,13272,292,1038,4531,842,11790,751,1,11553,993,288,1637,443,1,120,322,1,35:57,2022,2023
2022-23,1628418,Thomas Bryant,Thomas,1610612747,LAL,Los Angeles Lakers,22200705,2023-01-22T00:00:00,LAL @ POR,W,33.333333333333336,12,15,0.8,4,5,0.8,3,3,1.0,5,9,14,1,0,0,1,0,4,3,31,22,52.3,1,0,52.0,1,1,1,1,5187,474,3608,1839,1024,5511,1457,4622,6555,1,342,766,315,13459,16367,11790,2381,1,21892,4788,795,698,881,1,120,729,1,33:20,2022,2023
2022-23,1629308,Juan Toscano-Anderson,Juan,1610612747,LAL,Los Angeles Lakers,22200705,2023-01-22T00:00:00,LAL @ POR,W,4.283333333333333,0,1,0.0,0,0,0.0,0,0,0.0,0,0,0,0,0,0,0,0,0,0,0,-3,0.0,0,0,0.0,1,1,1,1,24213,22559,23078,22559,14184,20319,14184,13851,14660,13851,13272,22091,23082,19186,16367,11790,7930,1,1,17929,23116,15240,24963,2163,120,25002,1,4:17,2022,2023
2022-23,201976,Patrick Beverley,Patrick,1610612747,LAL,Los Angeles Lakers,22200705,2023-01-22T00:00:00,LAL @ POR,W,28.75,2,3,0.667,0,1,0.0,0,0,0.0,1,1,2,2,0,2,1,0,3,2,4,27,18.4,0,0,14.0,1,1,1,1,9144,15467,19669,3571,14184,16669,14184,13851,14660,13851,6448,17626,16055,9342,16367,1343,2381,1,17562,7612,18472,268,13660,2163,120,16001,1,28:45,2022,2023
2022-23,201566,Russell Westbrook,Russell,1610612747,LAL,Los Angeles Lakers,22200705,2023-01-22T00:00:00,LAL @ POR,W,25.866666666666667,3,13,0.231,0,4,0.0,0,0,0.0,1,7,8,5,3,0,0,4,2,0,6,-13,20.1,0,0,19.0,1,1,1,1,11449,12366,5108,21264,14184,7558,14184,13851,14660,13851,6448,1900,2807,3151,2046,11790,7930,25771,11553,17929,15841,22762,12527,2163,120,12497,1,25:52,2022,2023
2022-23,1629117,Wenyen Gabriel,Wenyen,1610612747,LAL,Los Angeles Lakers,22200705,2023-01-22T00:00:00,LAL @ POR,W,12.0,2,2,1.0,0,0,0.0,0,2,0.0,0,0,0,0,3,0,0,0,3,2,4,-2,1.0,0,0,4.0,1,1,1,1,21149,15467,21404,1,14184,20319,14184,13851,8080,13851,13272,22091,23082,19186,2046,11790,7930,1,17562,7612,18472,14174,24790,2163,120,22647,1,12:00,2022,2023
2022-23,1628972,Troy Brown Jr.,Troy,1610612747,LAL,Los Angeles Lakers,22200705,2023-01-22T00:00:00,LAL @ POR,W,31.58,4,9,0.444,2,5,0.4,0,0,0.0,0,2,2,2,1,2,0,2,3,1,10,11,20.4,0,0,20.0,1,1,1,1,6761,9586,9460,13499,4226,5511,7498,13851,14660,13851,13272,13188,16055,9342,8897,1343,7930,23619,17562,11862,11243,3754,12329,2163,120,11856,1,31:35,2022,2023
2022-23,1629134,Kendrick Nunn,Kendrick,1610612747,LAL,Los Angeles Lakers,22200705,2023-01-22T00:00:00,LAL @ POR,W,15.903333333333334,2,5,0.4,0,2,0.0,1,2,0.5,1,5,6,1,0,0,0,0,0,2,5,-11,13.7,0,0,12.0,1,1,1,1,18845,15467,16006,15219,14184,13285,14184,10510,8080,10976,6448,4379,5308,13459,16367,11790,7930,1,1,7612,17251,21730,16867,2163,120,17408,1,15:54,2022,2023
2022-23,1631108,Max Christie,Max,1610612747,LAL,Los Angeles Lakers,22200705,2023-01-22T00:00:00,LAL @ POR,W,16.183333333333334,0,1,0.0,0,1,0.0,0,0,0.0,0,2,2,0,0,0,1,0,1,1,0,-9,5.4,0,0,4.0,1,1,1,1,18653,22559,23078,22559,14184,16669,14184,13851,14660,13851,13272,13188,16055,19186,16367,11790,2381,1,5181,11862,23116,20484,22163,2163,120,22647,1,16:11,2022,2023
2022-23,203471,Dennis Schröder,Dennis,1610612747,LAL,Los Angeles Lakers,22200705,2023-01-22T00:00:00,LAL @ POR,W,36.153333333333336,6,13,0.462,2,5,0.4,10,10,1.0,2,4,6,8,1,1,0,1,1,7,24,6,45.2,0,0,42.0,1,1,1,1,2807,5438,5108,12925,4226,5511,7498,300,576,1,3077,6530,5308,963,8897,4306,7930,17468,5181,559,2312,6694,1965,2163,120,2224,1,36:09,2022,2023
2022-23,1628972,Troy Brown Jr.,Troy,1610612747,LAL,Los Angeles Lakers,22200690,2023-01-20T00:00:00,LAL vs. MEM,W,28.03833333333333,3,12,0.25,3,10,0.3,2,2,1.0,0,5,5,1,0,0,1,2,1,1,11,2,21.5,0,0,22.0,1,1,1,1,9684,12366,6024,20392,2120,661,10887,6620,8080,1,13272,4379,7186,13459,16367,11790,2381,23619,5181,11862,10274,9989,11666,2163,120,10568,1,28:02,2022,2023
2022-23,203471,Dennis Schröder,Dennis,1610612747,LAL,Los Angeles Lakers,22200690,2023-01-20T00:00:00,LAL vs. MEM,W,33.425,4,11,0.364,1,3,0.333,10,11,0.909,1,7,8,8,1,3,1,0,2,8,19,9,51.6,0,0,44.0,1,1,1,1,5111,9586,7093,17144,8083,10172,8680,300,406,6695,6448,1900,2807,963,8897,387,2381,1,11553,331,4335,4755,960,2163,120,1786,1,33:26,2022,2023
2022-23,201566,Russell Westbrook,Russell,1610612747,LAL,Los Angeles Lakers,22200690,2023-01-20T00:00:00,LAL vs. MEM,W,30.816666666666663,10,18,0.556,2,4,0.5,7,11,0.636,3,2,5,6,4,0,1,1,3,7,29,3,43.0,0,0,44.0,1,1,1,1,7443,1204,1948,7770,4226,7558,3860,993,406,10529,1492,13188,7186,2101,842,11790,2381,17468,17562,559,1129,9061,2427,2163,120,1786,1,30:49,2022,2023
2022-23,201976,Patrick Beverley,Patrick,1610612747,LAL,Los Angeles Lakers,22200690,2023-01-20T00:00:00,LAL vs. MEM,W,22.536666666666665,3,6,0.5,2,5,0.4,2,2,1.0,0,1,1,0,0,1,0,0,2,2,10,-2,14.2,0,0,15.0,1,1,1,1,13998,12366,14189,9075,4226,5511,7498,6620,8080,1,13272,17626,19709,19186,16367,4306,7930,1,11553,7612,11243,14174,16506,2163,120,15266,1,22:32,2022,2023
2022-23,1629134,Kendrick Nunn,Kendrick,1610612747,LAL,Los Angeles Lakers,22200690,2023-01-20T00:00:00,LAL vs. MEM,W,21.345,4,10,0.4,3,9,0.333,0,0,0.0,0,5,5,0,1,0,1,0,4,0,11,3,19.0,0,0,21.0,1,1,1,1,14934,9586,8199,15219,2120,1087,8680,13851,14660,13851,13272,4379,7186,19186,8897,11790,2381,1,21892,17929,10274,9061,13248,2163,120,11203,1,21:21,2022,2023
2022-23,1629308,Juan Toscano-Anderson,Juan,1610612747,LAL,Los Angeles Lakers,22200690,2023-01-20T00:00:00,LAL vs. MEM,W,9.61,0,1,0.0,0,0,0.0,3,4,0.75,0,1,1,1,0,0,0,0,1,3,3,0,5.7,0,0,5.0,1,1,1,1,22201,22559,23078,22559,14184,20319,14184,4622,4303,8358,13272,17626,19709,13459,16367,11790,7930,1,5181,4788,19811,11977,21978,2163,120,22051,1,9:37,2022,2023
2022-23,2544,LeBron James,LeBron,1610612747,LAL,Los Angeles Lakers,22200690,2023-01-20T00:00:00,LAL vs. MEM,W,36.53833333333333,8,21,0.381,1,5,0.2,6,7,0.857,2,7,9,6,3,2,2,2,4,6,23,9,51.8,0,0,47.0,1,1,1,1,2518,2711,929,16579,8083,5511,12795,1457,1700,7116,3077,1900,2052,2101,2046,1343,751,23619,21892,993,2654,4755,934,2163,120,1278,1,36:32,2022,2023
2022-23,1631108,Max Christie,Max,1610612747,LAL,Los Angeles Lakers,22200690,2023-01-20T00:00:00,LAL vs. MEM,W,14.066666666666666,1,1,1.0,1,1,1.0,0,0,0.0,0,1,1,1,0,0,0,0,0,0,3,-13,5.7,0,0,6.0,1,1,1,1,20003,18953,23078,1,8083,16669,1,13851,14660,13851,13272,17626,19709,13459,16367,11790,7930,1,1,17929,19811,22762,21978,2163,120,21425,1,14:04,2022,2023
2022-23,1628418,Thomas Bryant,Thomas,1610612747,LAL,Los Angeles Lakers,22200690,2023-01-20T00:00:00,LAL vs. MEM,W,21.758333333333333,3,8,0.375,0,3,0.0,2,2,1.0,3,4,7,1,0,1,1,1,5,1,8,7,23.9,0,0,20.0,1,1,1,1,14613,12366,10854,16626,14184,10172,14184,6620,8080,1,1492,6530,3911,13459,16367,4306,2381,17468,24422,11862,13462,5992,10237,2163,120,11856,1,21:46,2022,2023
2022-23,1629117,Wenyen Gabriel,Wenyen,1610612747,LAL,Los Angeles Lakers,22200690,2023-01-20T00:00:00,LAL vs. MEM,W,21.865,2,5,0.4,0,1,0.0,1,2,0.5,1,4,5,0,0,0,0,1,4,3,5,-13,11.0,0,0,10.0,1,1,1,1,14535,15467,16006,15219,14184,16669,14184,10510,8080,10976,6448,6530,7186,19186,16367,11790,7930,17468,21892,4788,17251,22762,18696,2163,120,18804,1,21:52,2022,2023
2022-23,203471,Dennis Schröder,Dennis,1610612747,LAL,Los Angeles Lakers,22200677,2023-01-18T00:00:00,LAL vs. SAC,L,26.25,2,6,0.333,0,1,0.0,1,1,1.0,0,0,0,2,2,1,0,0,4,0,5,-5,9.0,0,0,9.0,1,12947,12947,12947,11140,15467,14189,17586,14184,16669,14184,10510,13074,1,13272,22091,23082,9342,4399,4306,7930,1,21892,17929,17251,17295,19978,2163,120,19461,1,26:15,2022,2023
2022-23,201976,Patrick Beverley,Patrick,1610612747,LAL,Los Angeles Lakers,22200677,2023-01-18T00:00:00,LAL vs. SAC,L,26.555,1,4,0.25,1,4,0.25,0,0,0.0,0,1,1,2,0,1,0,0,1,0,3,-16,10.2,0,0,9.0,1,12947,12947,12947,10923,18953,17859,20392,8083,7558,11411,13851,14660,13851,13272,17626,19709,9342,16367,4306,7930,1,5181,17929,19811,23968,19191,2163,120,19461,1,26:33,2022,2023
2022-23,1628972,Troy Brown Jr.,Troy,1610612747,LAL,Los Angeles Lakers,22200677,2023-01-18T00:00:00,LAL vs. SAC,L,22.0,2,4,0.5,0,2,0.0,0,0,0.0,1,3,4,3,0,2,0,0,1,1,4,-4,19.3,0,0,15.0,1,12947,12947,12947,14434,15467,17859,9075,14184,13285,14184,13851,14660,13851,6448,9404,9590,6516,16367,1343,7930,1,5181,11862,18472,16280,13038,2163,120,15266,1,22:00,2022,2023
2022-23,1629117,Wenyen Gabriel,Wenyen,1610612747,LAL,Los Angeles Lakers,22200677,2023-01-18T00:00:00,LAL vs. SAC,L,23.55666666666667,5,8,0.625,0,1,0.0,0,0,0.0,3,3,6,1,1,1,1,0,3,1,10,-3,23.7,0,0,21.0,1,12947,12947,12947,13234,7306,10854,5245,14184,16669,14184,13851,14660,13851,1492,9404,5308,13459,8897,4306,2381,1,17562,11862,11243,15240,10359,2163,120,11203,1,23:33,2022,2023
2022-23,1628418,Thomas Bryant,Thomas,1610612747,LAL,Los Angeles Lakers,22200677,2023-01-18T00:00:00,LAL vs. SAC,L,18.53333333333333,4,7,0.571,0,0,0.0,0,0,0.0,1,3,4,2,0,0,0,1,1,1,8,-7,15.8,0,0,14.0,1,12947,12947,12947,17022,9586,12420,7045,14184,20319,14184,13851,14660,13851,6448,9404,9590,9342,16367,11790,7930,17468,5181,11862,13462,18993,15415,2163,120,16001,1,18:32,2022,2023
2022-23,1629308,Juan Toscano-Anderson,Juan,1610612747,LAL,Los Angeles Lakers,22200677,2023-01-18T00:00:00,LAL vs. SAC,L,11.083333333333334,2,2,1.0,0,0,0.0,0,0,0.0,1,1,2,1,0,0,0,0,2,0,4,12,7.9,0,0,7.0,1,12947,12947,12947,21618,15467,21404,1,14184,20319,14184,13851,14660,13851,6448,17626,16055,13459,16367,11790,7930,1,11553,17929,18472,3319,20644,2163,120,20760,1,11:05,2022,2023
2022-23,201566,Russell Westbrook,Russell,1610612747,LAL,Los Angeles Lakers,22200677,2023-01-18T00:00:00,LAL vs. SAC,L,31.883333333333333,8,17,0.471,2,5,0.4,1,4,0.25,0,7,7,5,2,1,0,2,1,2,19,1,35.9,0,0,35.0,1,12947,12947,12947,6474,2711,2392,12664,4226,5511,7498,10510,4303,13706,13272,1900,3911,3151,4399,4306,7930,23619,5181,7612,4335,11018,4476,2163,120,4211,1,31:53,2022,2023
2022-23,1631108,Max Christie,Max,1610612747,LAL,Los Angeles Lakers,22200677,2023-01-18T00:00:00,LAL vs. SAC,L,27.16,3,8,0.375,2,6,0.333,4,4,1.0,0,3,3,1,0,2,0,0,3,2,12,-5,23.1,0,0,22.0,1,12947,12947,12947,10460,12366,10854,16626,4226,3807,8680,3075,4303,1,13272,9404,12567,13459,16367,1343,7930,1,17562,7612,9310,17295,10699,2163,120,10568,1,27:10,2022,2023
2022-23,1629134,Kendrick Nunn,Kendrick,1610612747,LAL,Los Angeles Lakers,22200677,2023-01-18T00:00:00,LAL vs. SAC,L,16.47833333333333,5,8,0.625,4,6,0.667,0,0,0.0,0,1,1,0,0,0,1,1,4,1,14,18,18.2,0,0,21.0,1,12947,12947,12947,18473,7306,10854,5245,1024,3807,1971,13851,14660,13851,13272,17626,19709,19186,16367,11790,2381,17468,21892,11862,7583,1403,13777,2163,120,11203,1,16:29,2022,2023
2022-23,2544,LeBron James,LeBron,1610612747,LAL,Los Angeles Lakers,22200677,2023-01-18T00:00:00,LAL vs. SAC,L,36.5,11,25,0.44,2,9,0.222,8,9,0.889,0,8,8,9,1,1,1,1,0,6,32,-16,60.1,0,0,55.0,1,12947,12947,12947,2554,789,243,13939,4226,1087,12698,663,842,6816,13272,1233,2807,634,8897,4306,2381,17468,1,993,672,23968,340,2163,120,499,1,36:30,2022,2023
2022-23,201566,Russell Westbrook,Russell,1610612747,LAL,Los Angeles Lakers,22200664,2023-01-16T00:00:00,LAL vs. HOU,W,32.18333333333333,9,16,0.563,0,3,0.0,6,8,0.75,2,3,5,4,0,1,0,1,2,4,24,17,39.0,0,0,35.0,1,1,1,1,6190,1839,2947,7660,14184,10172,14184,1457,1170,8358,3077,9404,7186,4531,16367,4306,7930,17468,11553,2943,2312,1637,3456,2163,120,4211,1,32:11,2022,2023
2022-23,1629117,Wenyen Gabriel,Wenyen,1610612747,LAL,Los Angeles Lakers,22200664,2023-01-16T00:00:00,LAL vs. HOU,W,24.12333333333333,5,8,0.625,0,1,0.0,4,4,1.0,5,4,9,1,0,1,2,1,6,3,14,15,35.3,0,0,30.0,1,1,1,1,12796,7306,10854,5245,14184,16669,14184,3075,4303,1,342,6530,2052,13459,16367,4306,751,17468,25612,4788,7583,2225,4679,2163,120,6218,1,24:07,2022,2023
2022-23,2544,LeBron James,LeBron,1610612747,LAL,Los Angeles Lakers,22200664,2023-01-16T00:00:00,LAL vs. HOU,W,35.85,16,26,0.615,5,10,0.5,11,12,0.917,1,7,8,9,0,0,0,1,1,8,48,19,71.1,0,0,70.0,1,1,1,1,3028,59,171,5625,428,661,3860,191,280,6659,6448,1900,2807,634,16367,11790,7930,17468,5181,331,31,1177,58,2163,120,49,1,35:51,2022,2023
2022-23,1629308,Juan Toscano-Anderson,Juan,1610612747,LAL,Los Angeles Lakers,22200664,2023-01-16T00:00:00,LAL vs. HOU,W,16.233333333333334,3,4,0.75,1,2,0.5,0,0,0.0,1,1,2,3,1,1,0,0,2,1,7,-6,15.9,0,0,15.0,1,1,1,1,18624,12366,17859,2276,8083,13285,3860,13851,14660,13851,6448,17626,16055,6516,8897,4306,7930,1,11553,11862,14745,18185,15347,2163,120,15266,1,16:14,2022,2023
2022-23,1631108,Max Christie,Max,1610612747,LAL,Los Angeles Lakers,22200664,2023-01-16T00:00:00,LAL vs. HOU,W,5.183333333333334,0,0,0.0,0,0,0.0,0,0,0.0,0,0,0,0,0,0,0,0,0,0,0,3,0.0,0,0,0.0,1,1,1,1,23843,22559,24678,22559,14184,20319,14184,13851,14660,13851,13272,22091,23082,19186,16367,11790,7930,1,1,17929,23116,9061,24963,2163,120,25002,1,5:11,2022,2023
2022-23,1629134,Kendrick Nunn,Kendrick,1610612747,LAL,Los Angeles Lakers,22200664,2023-01-16T00:00:00,LAL vs. HOU,W,23.973333333333333,7,12,0.583,1,5,0.2,0,0,0.0,0,2,2,1,0,0,0,0,0,0,15,-6,18.9,0,0,19.0,1,1,1,1,12917,3877,6024,6763,8083,5511,12795,13851,14660,13851,13272,13188,16055,13459,16367,11790,7930,1,1,17929,6803,18185,13323,2163,120,12497,1,23:58,2022,2023
2022-23,201976,Patrick Beverley,Patrick,1610612747,LAL,Los Angeles Lakers,22200664,2023-01-16T00:00:00,LAL vs. HOU,W,21.89333333333333,3,6,0.5,3,6,0.5,2,2,1.0,0,2,2,1,0,0,0,0,2,2,11,1,14.9,0,0,17.0,1,1,1,1,14499,12366,14189,9075,2120,3807,3860,6620,8080,1,13272,13188,16055,13459,16367,11790,7930,1,11553,7612,10274,11018,16035,2163,120,13833,1,21:54,2022,2023
2022-23,1628972,Troy Brown Jr.,Troy,1610612747,LAL,Los Angeles Lakers,22200664,2023-01-16T00:00:00,LAL vs. HOU,W,29.66,2,4,0.5,2,4,0.5,0,0,0.0,0,3,3,1,1,1,1,0,0,0,6,-3,16.1,0,0,16.0,1,1,1,1,8403,15467,17859,9075,4226,7558,3860,13851,14660,13851,13272,9404,12567,13459,8897,4306,2381,1,1,17929,15841,15240,15201,2163,120,14513,1,29:40,2022,2023
2022-23,1628418,Thomas Bryant,Thomas,1610612747,LAL,Los Angeles Lakers,22200664,2023-01-16T00:00:00,LAL vs. HOU,W,17.683333333333334,1,6,0.167,0,1,0.0,4,4,1.0,0,6,6,0,0,0,2,4,3,3,6,-10,19.2,0,0,16.0,1,1,1,1,17631,18953,14189,21973,14184,16669,14184,3075,4303,1,13272,2868,5308,19186,16367,11790,751,25771,17562,4788,15841,21112,13098,2163,120,14513,1,17:41,2022,2023
2022-23,203471,Dennis Schröder,Dennis,1610612747,LAL,Los Angeles Lakers,22200664,2023-01-16T00:00:00,LAL vs. HOU,W,33.21666666666667,3,9,0.333,0,1,0.0,3,5,0.6,0,2,2,3,0,0,0,0,3,4,9,10,15.9,0,0,14.0,1,1,1,1,5303,12366,9460,17586,14184,16669,14184,4622,3311,10622,13272,13188,16055,6516,16367,11790,7930,1,17562,2943,12345,4240,15347,2163,120,16001,1,33:13,2022,2023
2022-23,1629308,Juan Toscano-Anderson,Juan,1610612747,LAL,Los Angeles Lakers,22200655,2023-01-15T00:00:00,LAL vs. PHI,L,21.94833333333333,3,3,1.0,0,0,0.0,0,0,0.0,1,3,4,1,0,1,0,0,1,2,6,-12,15.3,0,0,13.0,1,12947,12947,12947,14466,12366,19669,1,14184,20319,14184,13851,14660,13851,6448,9404,9590,13459,16367,4306,7930,1,5181,7612,15841,22269,15768,2163,120,16689,1,21:57,2022,2023
2022-23,1629117,Wenyen Gabriel,Wenyen,1610612747,LAL,Los Angeles Lakers,22200655,2023-01-15T00:00:00,LAL vs. PHI,L,26.285,7,11,0.636,0,1,0.0,0,0,0.0,1,0,1,0,0,0,2,1,4,0,14,4,21.2,0,0,19.0,1,12947,12947,12947,11116,3877,7093,5046,14184,16669,14184,13851,14660,13851,6448,22091,19709,19186,16367,11790,751,17468,21892,17929,7583,8218,11856,2163,120,12497,1,26:17,2022,2023
2022-23,1628972,Troy Brown Jr.,Troy,1610612747,LAL,Los Angeles Lakers,22200655,2023-01-15T00:00:00,LAL vs. PHI,L,36.73333333333333,5,11,0.455,2,6,0.333,1,1,1.0,1,3,4,0,0,1,1,2,4,2,13,4,23.8,0,0,23.0,1,12947,12947,12947,2364,7306,7093,13150,4226,3807,8680,10510,13074,1,6448,9404,9590,19186,16367,4306,2381,23619,21892,7612,8465,8218,10298,2163,120,9958,1,36:44,2022,2023
2022-23,1628418,Thomas Bryant,Thomas,1610612747,LAL,Los Angeles Lakers,22200655,2023-01-15T00:00:00,LAL vs. PHI,L,20.49833333333333,5,9,0.556,0,0,0.0,0,0,0.0,1,2,3,0,0,0,1,1,2,0,10,-10,16.6,0,0,15.0,1,12947,12947,12947,15590,7306,9460,7770,14184,20319,14184,13851,14660,13851,6448,13188,12567,19186,16367,11790,2381,17468,11553,17929,11243,21112,14849,2163,120,15266,1,20:30,2022,2023
2022-23,2544,LeBron James,LeBron,1610612747,LAL,Los Angeles Lakers,22200655,2023-01-15T00:00:00,LAL vs. PHI,L,35.285,15,23,0.652,1,5,0.2,4,5,0.8,0,8,8,10,3,1,1,0,1,4,35,19,62.6,1,0,58.0,1,12947,12947,12947,3524,98,508,4892,8083,5511,12795,3075,3311,7793,13272,1233,2807,399,2046,4306,2381,1,5181,2943,404,1177,231,1,120,322,1,35:17,2022,2023
2022-23,201566,Russell Westbrook,Russell,1610612747,LAL,Los Angeles Lakers,22200655,2023-01-15T00:00:00,LAL vs. PHI,L,33.983333333333334,7,14,0.5,2,5,0.4,4,5,0.8,0,14,14,11,4,1,1,1,2,5,20,3,55.3,1,1,51.0,1,12947,12947,12947,4638,3877,4330,9075,4226,5511,7498,3075,3311,7793,13272,66,315,243,842,4306,2381,17468,11553,1742,3852,9061,619,1,1,824,1,33:59,2022,2023
2022-23,1629134,Kendrick Nunn,Kendrick,1610612747,LAL,Los Angeles Lakers,22200655,2023-01-15T00:00:00,LAL vs. PHI,L,19.75,2,3,0.667,0,0,0.0,0,0,0.0,0,2,2,3,0,0,0,0,1,0,4,3,10.9,0,0,9.0,1,12947,12947,12947,16126,15467,19669,3571,14184,20319,14184,13851,14660,13851,13272,13188,16055,6516,16367,11790,7930,1,5181,17929,18472,9061,18745,2163,120,19461,1,19:45,2022,2023
2022-23,203471,Dennis Schröder,Dennis,1610612747,LAL,Los Angeles Lakers,22200655,2023-01-15T00:00:00,LAL vs. PHI,L,31.0,3,9,0.333,1,2,0.5,1,2,0.5,0,0,0,3,2,0,0,2,2,3,8,-5,10.5,0,0,12.0,1,12947,12947,12947,7272,12366,9460,17586,8083,13285,3860,10510,8080,10976,13272,22091,23082,6516,4399,11790,7930,23619,11553,4788,13462,17295,19025,2163,120,17408,1,31:00,2022,2023
2022-23,1631108,Max Christie,Max,1610612747,LAL,Los Angeles Lakers,22200655,2023-01-15T00:00:00,LAL vs. PHI,L,14.516666666666667,1,4,0.25,0,1,0.0,0,0,0.0,0,2,2,0,0,0,0,0,2,0,2,-11,4.4,0,0,4.0,1,12947,12947,12947,19733,18953,17859,20392,14184,16669,14184,13851,14660,13851,13272,13188,16055,19186,16367,11790,7930,1,11553,17929,21044,21730,22728,2163,120,22647,1,14:31,2022,2023
2022-23,201566,Russell Westbrook,Russell,1610612747,LAL,Los Angeles Lakers,22200630,2023-01-12T00:00:00,LAL vs. DAL,L,40.05,10,23,0.435,3,6,0.5,5,8,0.625,1,6,7,5,3,2,0,1,3,7,28,3,46.9,0,0,47.0,1,12947,12947,12947,634,1204,508,14084,2120,3807,3860,2152,1170,10545,6448,2868,3911,3151,2046,1343,7930,17468,17562,559,1320,9061,1646,2163,120,1278,1,40:03,2022,2023
2022-23,2544,LeBron James,LeBron,1610612747,LAL,Los Angeles Lakers,22200630,2023-01-12T00:00:00,LAL vs. DAL,L,46.75666666666667,9,28,0.321,0,7,0.0,6,10,0.6,6,10,16,9,3,2,0,6,0,10,24,-3,59.7,1,0,53.0,1,12947,12947,12947,35,1839,76,19293,14184,2551,14184,1457,576,10622,168,496,142,634,2046,1343,7930,25886,1,100,2312,15240,355,1,120,637,1,46:45,2022,2023
2022-23,1629117,Wenyen Gabriel,Wenyen,1610612747,LAL,Los Angeles Lakers,22200630,2023-01-12T00:00:00,LAL vs. DAL,L,33.06666666666667,6,8,0.75,1,2,0.5,1,2,0.5,2,5,7,0,0,2,2,0,3,3,14,9,34.4,0,0,30.0,1,12947,12947,12947,5428,5438,10854,2276,8083,13285,3860,10510,8080,10976,3077,4379,3911,19186,16367,1343,751,1,17562,4788,7583,4755,5025,2163,120,6218,1,33:04,2022,2023
2022-23,1631306,Cole Swider,Cole,1610612747,LAL,Los Angeles Lakers,22200630,2023-01-12T00:00:00,LAL vs. DAL,L,3.1266666666666665,0,0,0.0,0,0,0.0,0,0,0.0,0,0,0,0,0,0,0,0,1,0,0,-3,0.0,0,0,0.0,1,12947,12947,12947,24762,22559,24678,22559,14184,20319,14184,13851,14660,13851,13272,22091,23082,19186,16367,11790,7930,1,5181,17929,23116,15240,24963,2163,120,25002,1,3:08,2022,2023
2022-23,1629308,Juan Toscano-Anderson,Juan,1610612747,LAL,Los Angeles Lakers,22200630,2023-01-12T00:00:00,LAL vs. DAL,L,17.8,1,5,0.2,0,1,0.0,2,2,1.0,0,3,3,2,0,0,1,0,2,2,4,-4,13.6,0,0,11.0,1,12947,12947,12947,17539,18953,16006,21480,14184,16669,14184,6620,8080,1,13272,9404,12567,9342,16367,11790,2381,1,11553,7612,18472,16280,16931,2163,120,18113,1,17:48,2022,2023
2022-23,1631108,Max Christie,Max,1610612747,LAL,Los Angeles Lakers,22200630,2023-01-12T00:00:00,LAL vs. DAL,L,28.73333333333333,3,6,0.5,1,3,0.333,0,0,0.0,2,3,5,0,1,0,1,0,2,0,7,-9,15.0,0,0,15.0,1,12947,12947,12947,9155,12366,14189,9075,8083,10172,8680,13851,14660,13851,3077,9404,7186,19186,8897,11790,2381,1,11553,17929,14745,20484,15978,2163,120,15266,1,28:44,2022,2023
2022-23,203471,Dennis Schröder,Dennis,1610612747,LAL,Los Angeles Lakers,22200630,2023-01-12T00:00:00,LAL vs. DAL,L,38.28333333333333,3,13,0.231,0,6,0.0,1,1,1.0,0,4,4,6,0,0,0,1,1,1,7,-9,20.8,0,0,17.0,1,12947,12947,12947,1354,12366,5108,21264,14184,3807,14184,10510,13074,1,13272,6530,9590,2101,16367,11790,7930,17468,5181,11862,14745,20484,12112,2163,120,13833,1,38:17,2022,2023
2022-23,1628972,Troy Brown Jr.,Troy,1610612747,LAL,Los Angeles Lakers,22200630,2023-01-12T00:00:00,LAL vs. DAL,L,37.81666666666667,3,8,0.375,2,6,0.333,0,0,0.0,0,4,4,1,1,1,0,0,3,0,8,2,16.3,0,0,17.0,1,12947,12947,12947,1630,12366,10854,16626,4226,3807,8680,13851,14660,13851,13272,6530,9590,13459,8897,4306,7930,1,17562,17929,13462,9989,15062,2163,120,13833,1,37:49,2022,2023
2022-23,1629134,Kendrick Nunn,Kendrick,1610612747,LAL,Los Angeles Lakers,22200630,2023-01-12T00:00:00,LAL vs. DAL,L,19.2,4,11,0.364,3,8,0.375,1,2,0.5,0,1,1,1,0,0,0,0,0,2,12,11,14.7,0,0,17.0,1,12947,12947,12947,16551,9586,7093,17144,2120,1659,8355,10510,8080,10976,13272,17626,19709,13459,16367,11790,7930,1,1,7612,9310,3754,16189,2163,120,13833,1,19:12,2022,2023
2022-23,1628425,Sterling Brown,Sterling,1610612747,LAL,Los Angeles Lakers,22200630,2023-01-12T00:00:00,LAL vs. DAL,L,1.6,0,0,0.0,0,0,0.0,0,0,0.0,0,0,0,0,0,0,0,0,1,0,0,0,0.0,0,0,0.0,1,12947,12947,12947,25490,22559,24678,22559,14184,20319,14184,13851,14660,13851,13272,22091,23082,19186,16367,11790,7930,1,5181,17929,23116,11977,24963,2163,120,25002,1,1:36,2022,2023
2022-23,1628418,Thomas Bryant,Thomas,1610612747,LAL,Los Angeles Lakers,22200630,2023-01-12T00:00:00,LAL vs. DAL,L,23.566666666666663,5,10,0.5,0,2,0.0,1,2,0.5,3,6,9,0,1,0,0,1,2,1,11,-17,20.8,0,0,20.0,1,12947,12947,12947,13226,7306,8199,9075,14184,13285,14184,10510,8080,10976,1492,2868,2052,19186,8897,11790,7930,17468,11553,11862,10274,24272,12112,2163,120,11856,1,23:34,2022,2023
2022-23,1629308,Juan Toscano-Anderson,Juan,1610612747,LAL,Los Angeles Lakers,22200609,2023-01-09T00:00:00,LAL @ DEN,L,18.1,2,4,0.5,0,0,0.0,1,2,0.5,1,0,1,3,0,0,0,2,0,2,5,0,10.7,0,0,9.0,1,12947,12947,12947,17317,15467,17859,9075,14184,20319,14184,10510,8080,10976,6448,22091,19709,6516,16367,11790,7930,23619,1,7612,17251,11977,18878,2163,120,19461,1,18:06,2022,2023
2022-23,1628425,Sterling Brown,Sterling,1610612747,LAL,Los Angeles Lakers,22200609,2023-01-09T00:00:00,LAL @ DEN,L,17.5,0,3,0.0,0,1,0.0,0,0,0.0,3,4,7,1,0,3,0,1,1,0,0,-2,18.9,0,0,14.0,1,12947,12947,12947,17776,22559,19669,22559,14184,16669,14184,13851,14660,13851,1492,6530,3911,13459,16367,387,7930,17468,5181,17929,23116,14174,13323,2163,120,16001,1,17:30,2022,2023
2022-23,1627745,Damian Jones,Damian,1610612747,LAL,Los Angeles Lakers,22200609,2023-01-09T00:00:00,LAL @ DEN,L,2.2666666666666666,0,0,0.0,0,0,0.0,0,0,0.0,0,1,1,0,0,0,0,0,1,0,0,2,1.2,0,0,1.0,1,12947,12947,12947,25150,22559,24678,22559,14184,20319,14184,13851,14660,13851,13272,17626,19709,19186,16367,11790,7930,1,5181,17929,23116,9989,24482,2163,120,24441,1,2:16,2022,2023
2022-23,1629117,Wenyen Gabriel,Wenyen,1610612747,LAL,Los Angeles Lakers,22200609,2023-01-09T00:00:00,LAL @ DEN,L,19.25,4,6,0.667,1,1,1.0,0,0,0.0,2,3,5,0,1,0,2,1,0,3,9,-8,20.0,0,0,19.0,1,12947,12947,12947,16501,9586,14189,3571,8083,16669,1,13851,14660,13851,3077,9404,7186,19186,8897,11790,751,17468,1,4788,12345,19762,12592,2163,120,12497,1,19:15,2022,2023
2022-23,1631306,Cole Swider,Cole,1610612747,LAL,Los Angeles Lakers,22200609,2023-01-09T00:00:00,LAL @ DEN,L,25.666666666666668,2,6,0.333,2,5,0.4,0,0,0.0,0,5,5,3,0,0,0,0,2,1,6,-2,16.5,0,0,16.0,1,12947,12947,12947,11599,15467,14189,17586,4226,5511,7498,13851,14660,13851,13272,4379,7186,6516,16367,11790,7930,1,11553,11862,15841,14174,14917,2163,120,14513,1,25:40,2022,2023
2022-23,203471,Dennis Schröder,Dennis,1610612747,LAL,Los Angeles Lakers,22200609,2023-01-09T00:00:00,LAL @ DEN,L,34.4,3,13,0.231,0,5,0.0,8,8,1.0,0,3,3,4,1,2,0,3,3,3,14,-16,28.6,0,0,25.0,1,12947,12947,12947,4272,12366,5108,21264,14184,5511,14184,663,1170,1,13272,9404,12567,4531,8897,1343,7930,25315,17562,4788,7583,23968,7586,2163,120,8774,1,34:24,2022,2023
2022-23,201976,Patrick Beverley,Patrick,1610612747,LAL,Los Angeles Lakers,22200609,2023-01-09T00:00:00,LAL @ DEN,L,12.016666666666667,0,1,0.0,0,1,0.0,0,0,0.0,1,0,1,0,2,1,0,0,0,0,0,-3,2.2,0,0,3.0,1,12947,12947,12947,21138,22559,23078,22559,14184,16669,14184,13851,14660,13851,6448,22091,19709,19186,4399,4306,7930,1,1,17929,23116,15240,24000,2163,120,23300,1,12:01,2022,2023
2022-23,1629134,Kendrick Nunn,Kendrick,1610612747,LAL,Los Angeles Lakers,22200609,2023-01-09T00:00:00,LAL @ DEN,L,23.916666666666668,6,15,0.4,2,7,0.286,1,2,0.5,1,0,1,1,2,3,0,0,3,1,15,-4,24.7,0,0,25.0,1,12947,12947,12947,12955,5438,3608,15219,4226,2551,10982,10510,8080,10976,6448,22091,19709,13459,4399,387,7930,1,17562,11862,6803,16280,9742,2163,120,8774,1,23:55,2022,2023
2022-23,201566,Russell Westbrook,Russell,1610612747,LAL,Los Angeles Lakers,22200609,2023-01-09T00:00:00,LAL @ DEN,L,30.85,10,21,0.476,1,4,0.25,4,7,0.571,1,6,7,7,7,1,0,1,2,4,25,-9,39.9,0,0,42.0,1,12947,12947,12947,7412,1204,929,12535,8083,7558,11411,3075,1700,10873,6448,2868,3911,1460,39,4306,7930,17468,11553,2943,2009,20484,3179,2163,120,2224,1,30:51,2022,2023
2022-23,1628418,Thomas Bryant,Thomas,1610612747,LAL,Los Angeles Lakers,22200609,2023-01-09T00:00:00,LAL @ DEN,L,27.9,6,14,0.429,0,1,0.0,5,5,1.0,2,8,10,0,0,1,0,2,1,4,17,-15,32.0,1,0,29.0,1,12947,12947,12947,9804,5438,4330,14122,14184,16669,14184,2152,3311,1,3077,1233,1446,19186,16367,4306,7930,23619,5181,2943,5476,23654,6026,1,120,6681,1,27:54,2022,2023
2022-23,1631108,Max Christie,Max,1610612747,LAL,Los Angeles Lakers,22200609,2023-01-09T00:00:00,LAL @ DEN,L,25.866666666666667,6,8,0.75,2,3,0.667,0,0,0.0,0,3,3,1,0,0,0,1,1,0,14,-10,19.1,0,0,20.0,1,12947,12947,12947,11449,5438,10854,2276,4226,10172,1971,13851,14660,13851,13272,9404,12567,13459,16367,11790,7930,17468,5181,17929,7583,21112,13169,2163,120,11856,1,25:52,2022,2023
2022-23,1630590,Scotty Pippen Jr.,Scotty,1610612747,LAL,Los Angeles Lakers,22200609,2023-01-09T00:00:00,LAL @ DEN,L,2.2666666666666666,2,2,1.0,0,0,0.0,0,1,0.0,0,0,0,0,0,1,0,0,0,1,4,2,7.0,0,0,6.0,1,12947,12947,12947,25150,15467,21404,1,14184,20319,14184,13851,13074,13851,13272,22091,23082,19186,16367,4306,7930,1,1,11862,18472,9989,21220,2163,120,21425,1,2:16,2022,2023
2022-23,1628418,Thomas Bryant,Thomas,1610612747,LAL,Los Angeles Lakers,22200595,2023-01-07T00:00:00,LAL @ SAC,W,34.31,12,14,0.857,0,0,0.0,5,7,0.714,4,10,14,0,2,1,1,1,4,5,29,7,49.8,1,0,47.0,1,1,1,1,4343,474,4330,1542,14184,20319,14184,2152,1700,9448,734,496,315,19186,4399,4306,2381,17468,21892,1742,1129,5992,1181,1,120,1278,1,34:19,2022,2023
2022-23,201566,Russell Westbrook,Russell,1610612747,LAL,Los Angeles Lakers,22200595,2023-01-07T00:00:00,LAL @ SAC,W,33.516666666666666,7,14,0.5,2,5,0.4,7,10,0.7,1,4,5,15,4,0,1,2,3,5,23,15,50.5,1,0,47.0,1,1,1,1,5029,3877,4330,9075,4226,5511,7498,993,576,9587,6448,6530,7186,26,842,11790,2381,23619,17562,1742,2654,2225,1086,1,120,1278,1,33:31,2022,2023
2022-23,2544,LeBron James,LeBron,1610612747,LAL,Los Angeles Lakers,22200595,2023-01-07T00:00:00,LAL @ SAC,W,37.73166666666667,14,28,0.5,1,6,0.167,8,9,0.889,1,7,8,7,4,1,0,1,2,8,37,15,56.1,0,0,55.0,1,1,1,1,1702,175,76,9075,8083,3807,13473,663,842,6816,6448,1900,2807,1460,842,4306,7930,17468,11553,331,288,2225,553,2163,120,499,1,37:44,2022,2023
2022-23,1628425,Sterling Brown,Sterling,1610612747,LAL,Los Angeles Lakers,22200595,2023-01-07T00:00:00,LAL @ SAC,W,1.8633333333333333,0,0,0.0,0,0,0.0,0,0,0.0,0,0,0,0,0,0,0,0,1,0,0,-2,0.0,0,0,0.0,1,1,1,1,25339,22559,24678,22559,14184,20319,14184,13851,14660,13851,13272,22091,23082,19186,16367,11790,7930,1,5181,17929,23116,14174,24963,2163,120,25002,1,1:52,2022,2023
2022-23,1629134,Kendrick Nunn,Kendrick,1610612747,LAL,Los Angeles Lakers,22200595,2023-01-07T00:00:00,LAL @ SAC,W,13.533333333333331,1,3,0.333,0,1,0.0,0,0,0.0,0,0,0,0,1,1,0,0,0,1,2,-5,4.0,0,0,4.0,1,1,1,1,20302,18953,19669,17586,14184,16669,14184,13851,14660,13851,13272,22091,23082,19186,8897,4306,7930,1,1,11862,21044,17295,23027,2163,120,22647,1,13:32,2022,2023
2022-23,1631108,Max Christie,Max,1610612747,LAL,Los Angeles Lakers,22200595,2023-01-07T00:00:00,LAL @ SAC,W,23.82333333333333,1,2,0.5,0,0,0.0,0,0,0.0,0,2,2,0,0,0,0,0,1,0,2,0,4.4,0,0,4.0,1,1,1,1,13034,18953,21404,9075,14184,20319,14184,13851,14660,13851,13272,13188,16055,19186,16367,11790,7930,1,5181,17929,21044,11977,22728,2163,120,22647,1,23:49,2022,2023
2022-23,1629117,Wenyen Gabriel,Wenyen,1610612747,LAL,Los Angeles Lakers,22200595,2023-01-07T00:00:00,LAL @ SAC,W,13.171666666666669,3,5,0.6,0,1,0.0,0,0,0.0,2,1,3,1,1,0,0,0,6,1,6,-12,10.1,0,0,10.0,1,1,1,1,20505,12366,16006,5804,14184,16669,14184,13851,14660,13851,3077,17626,12567,13459,8897,11790,7930,1,25612,11862,15841,22269,19279,2163,120,18804,1,13:10,2022,2023
2022-23,201976,Patrick Beverley,Patrick,1610612747,LAL,Los Angeles Lakers,22200595,2023-01-07T00:00:00,LAL @ SAC,W,25.626666666666665,2,3,0.667,2,3,0.667,0,0,0.0,0,1,1,1,2,0,0,0,3,0,6,1,6.7,0,0,10.0,1,1,1,1,11635,15467,19669,3571,4226,10172,1971,13851,14660,13851,13272,17626,19709,13459,4399,11790,7930,1,17562,17929,15841,11018,21372,2163,120,18804,1,25:38,2022,2023
2022-23,1629308,Juan Toscano-Anderson,Juan,1610612747,LAL,Los Angeles Lakers,22200595,2023-01-07T00:00:00,LAL @ SAC,W,18.291666666666668,2,2,1.0,0,0,0.0,0,0,0.0,1,0,1,0,1,1,1,0,4,1,4,-22,10.2,0,0,9.0,1,1,1,1,17196,15467,21404,1,14184,20319,14184,13851,14660,13851,6448,22091,19709,19186,8897,4306,2381,1,21892,11862,18472,25239,19191,2163,120,19461,1,18:18,2022,2023
2022-23,203471,Dennis Schröder,Dennis,1610612747,LAL,Los Angeles Lakers,22200595,2023-01-07T00:00:00,LAL @ SAC,W,38.13166666666667,8,11,0.727,4,5,0.8,7,7,1.0,1,3,4,2,2,0,0,0,1,5,27,13,32.8,0,0,37.0,1,1,1,1,1448,2711,7093,2897,1024,5511,1457,993,1700,1,6448,9404,9590,9342,4399,11790,7930,1,5181,1742,1513,2916,5676,2163,120,3597,1,38:08,2022,2023
2022-23,2544,LeBron James,LeBron,1610612747,LAL,Los Angeles Lakers,22200590,2023-01-06T00:00:00,LAL vs. ATL,W,32.78333333333333,10,19,0.526,1,5,0.2,4,6,0.667,0,7,7,10,5,0,0,0,0,5,25,12,43.4,1,0,43.0,1,1,1,1,5678,1204,1551,8911,8083,5511,12795,3075,2263,9637,13272,1900,3911,399,319,11790,7930,1,1,1742,2009,3319,2342,1,120,2000,1,32:47,2022,2023
2022-23,1629134,Kendrick Nunn,Kendrick,1610612747,LAL,Los Angeles Lakers,22200590,2023-01-06T00:00:00,LAL vs. ATL,W,26.883333333333333,9,16,0.563,3,7,0.429,2,2,1.0,0,3,3,2,0,1,0,0,1,1,23,9,32.6,0,0,33.0,1,1,1,1,10668,1839,2947,7660,2120,2551,7089,6620,8080,1,13272,9404,12567,9342,16367,4306,7930,1,5181,11862,2654,4755,5753,2163,120,4946,1,26:53,2022,2023
2022-23,203471,Dennis Schröder,Dennis,1610612747,LAL,Los Angeles Lakers,22200590,2023-01-06T00:00:00,LAL vs. ATL,W,34.78333333333333,7,14,0.5,5,8,0.625,2,3,0.667,0,2,2,1,3,0,0,0,3,1,21,10,21.9,0,0,29.0,1,1,1,1,3929,3877,4330,9075,428,1659,2900,6620,6555,9637,13272,13188,16055,13459,2046,11790,7930,1,17562,11862,3416,4240,11410,2163,120,6681,1,34:47,2022,2023
2022-23,201566,Russell Westbrook,Russell,1610612747,LAL,Los Angeles Lakers,22200590,2023-01-06T00:00:00,LAL vs. ATL,W,30.65,7,14,0.5,2,4,0.5,2,2,1.0,0,11,11,9,2,2,1,3,3,1,18,15,51.7,1,0,46.0,1,1,1,1,7568,3877,4330,9075,4226,7558,3860,6620,8080,1,13272,292,1038,634,4399,1343,2381,25315,17562,11862,4863,2225,949,1,120,1442,1,30:39,2022,2023
2022-23,1629308,Juan Toscano-Anderson,Juan,1610612747,LAL,Los Angeles Lakers,22200590,2023-01-06T00:00:00,LAL vs. ATL,W,21.316666666666663,2,3,0.667,0,1,0.0,0,0,0.0,1,3,4,1,1,2,1,0,2,1,4,3,18.3,0,0,15.0,1,1,1,1,14954,15467,19669,3571,14184,16669,14184,13851,14660,13851,6448,9404,9590,13459,8897,1343,2381,1,11553,11862,18472,9061,13719,2163,120,15266,1,21:19,2022,2023
2022-23,1630590,Scotty Pippen Jr.,Scotty,1610612747,LAL,Los Angeles Lakers,22200590,2023-01-06T00:00:00,LAL vs. ATL,W,1.2833333333333334,0,1,0.0,0,1,0.0,0,0,0.0,0,0,0,0,0,0,0,0,0,0,0,1,0.0,0,0,0.0,1,1,1,1,25612,22559,23078,22559,14184,16669,14184,13851,14660,13851,13272,22091,23082,19186,16367,11790,7930,1,1,17929,23116,11018,24963,2163,120,25002,1,1:17,2022,2023
2022-23,1631108,Max Christie,Max,1610612747,LAL,Los Angeles Lakers,22200590,2023-01-06T00:00:00,LAL vs. ATL,W,16.083333333333332,3,5,0.6,2,2,1.0,0,0,0.0,0,1,1,3,2,0,1,0,2,0,8,6,14.7,0,0,16.0,1,1,1,1,18716,12366,16006,5804,4226,13285,1,13851,14660,13851,13272,17626,19709,6516,4399,11790,2381,1,11553,17929,13462,6694,16189,2163,120,14513,1,16:05,2022,2023
2022-23,1628425,Sterling Brown,Sterling,1610612747,LAL,Los Angeles Lakers,22200590,2023-01-06T00:00:00,LAL vs. ATL,W,3.4,0,1,0.0,0,1,0.0,0,0,0.0,0,1,1,1,0,0,0,0,1,0,0,0,2.7,0,0,2.0,1,1,1,1,24640,22559,23078,22559,14184,16669,14184,13851,14660,13851,13272,17626,19709,13459,16367,11790,7930,1,5181,17929,23116,11977,23752,2163,120,23851,1,3:24,2022,2023
2022-23,1628418,Thomas Bryant,Thomas,1610612747,LAL,Los Angeles Lakers,22200590,2023-01-06T00:00:00,LAL vs. ATL,W,27.933333333333334,8,12,0.667,1,2,0.5,2,2,1.0,4,9,13,0,1,1,1,2,1,3,19,2,39.6,1,0,37.0,1,1,1,1,9784,2711,6024,3571,8083,13285,3860,6620,8080,1,734,766,472,19186,8897,4306,2381,23619,5181,4788,4335,9989,3267,1,120,3597,1,27:56,2022,2023
2022-23,1631306,Cole Swider,Cole,1610612747,LAL,Los Angeles Lakers,22200590,2023-01-06T00:00:00,LAL vs. ATL,W,1.2833333333333334,1,1,1.0,1,1,1.0,0,0,0.0,0,0,0,0,0,0,0,0,0,0,3,1,3.0,0,0,4.0,1,1,1,1,25612,18953,23078,1,8083,16669,1,13851,14660,13851,13272,22091,23082,19186,16367,11790,7930,1,1,17929,19811,11018,23533,2163,120,22647,1,1:17,2022,2023
2022-23,1629117,Wenyen Gabriel,Wenyen,1610612747,LAL,Los Angeles Lakers,22200590,2023-01-06T00:00:00,LAL vs. ATL,W,19.48333333333333,2,2,1.0,0,0,0.0,0,1,0.0,2,3,5,2,2,0,0,0,1,3,4,16,11.0,0,0,11.0,1,1,1,1,16325,15467,21404,1,14184,20319,14184,13851,13074,13851,3077,9404,7186,9342,4399,11790,7930,1,5181,4788,18472,1910,18696,2163,120,18113,1,19:29,2022,2023
2022-23,201976,Patrick Beverley,Patrick,1610612747,LAL,Los Angeles Lakers,22200590,2023-01-06T00:00:00,LAL vs. ATL,W,24.116666666666667,2,5,0.4,1,3,0.333,0,0,0.0,0,4,4,4,0,0,1,0,4,0,5,5,18.8,0,0,16.0,1,1,1,1,12800,15467,16006,15219,8083,10172,8680,13851,14660,13851,13272,6530,9590,4531,16367,11790,2381,1,21892,17929,17251,7441,13392,2163,120,14513,1,24:07,2022,2023
2022-23,1631108,Max Christie,Max,1610612747,LAL,Los Angeles Lakers,22200574,2023-01-04T00:00:00,LAL vs. MIA,W,6.75,0,2,0.0,0,2,0.0,0,0,0.0,0,1,1,1,1,0,0,0,1,0,0,-1,1.7,0,0,2.0,1,1,1,1,23226,22559,21404,22559,14184,13285,14184,13851,14660,13851,13272,17626,19709,13459,8897,11790,7930,1,5181,17929,23116,13132,24276,2163,120,23851,1,6:45,2022,2023
2022-23,1628972,Troy Brown Jr.,Troy,1610612747,LAL,Los Angeles Lakers,22200574,2023-01-04T00:00:00,LAL vs. MIA,W,13.55,1,2,0.5,0,1,0.0,0,0,0.0,1,3,4,1,0,1,0,0,0,0,2,9,11.3,0,0,9.0,1,1,1,1,20296,18953,21404,9075,14184,16669,14184,13851,14660,13851,6448,9404,9590,13459,16367,4306,7930,1,1,17929,21044,4755,18501,2163,120,19461,1,13:33,2022,2023
2022-23,1629117,Wenyen Gabriel,Wenyen,1610612747,LAL,Los Angeles Lakers,22200574,2023-01-04T00:00:00,LAL vs. MIA,W,19.651666666666667,4,6,0.667,1,1,1.0,1,2,0.5,0,4,4,0,1,0,1,0,3,2,10,0,16.8,0,0,17.0,1,1,1,1,16216,9586,14189,3571,8083,16669,1,10510,8080,10976,13272,6530,9590,19186,8897,11790,2381,1,17562,7612,11243,11977,14725,2163,120,13833,1,19:39,2022,2023
2022-23,1629134,Kendrick Nunn,Kendrick,1610612747,LAL,Los Angeles Lakers,22200574,2023-01-04T00:00:00,LAL vs. MIA,W,14.565,4,9,0.444,1,3,0.333,0,0,0.0,2,1,3,0,0,0,0,0,0,0,9,-6,12.6,0,0,13.0,1,1,1,1,19712,9586,9460,13499,8083,10172,8680,13851,14660,13851,3077,17626,12567,19186,16367,11790,7930,1,1,17929,12345,18185,17612,2163,120,16689,1,14:34,2022,2023
2022-23,1630559,Austin Reaves,Austin,1610612747,LAL,Los Angeles Lakers,22200574,2023-01-04T00:00:00,LAL vs. MIA,W,32.04666666666667,3,11,0.273,0,4,0.0,5,5,1.0,1,4,5,3,2,0,0,0,3,2,11,15,19.5,0,0,19.0,1,1,1,1,6336,12366,7093,20213,14184,7558,14184,2152,3311,1,6448,6530,7186,6516,4399,11790,7930,1,17562,7612,10274,2225,12907,2163,120,12497,1,32:03,2022,2023
2022-23,1628418,Thomas Bryant,Thomas,1610612747,LAL,Los Angeles Lakers,22200574,2023-01-04T00:00:00,LAL vs. MIA,W,28.348333333333333,9,11,0.818,0,0,0.0,3,3,1.0,3,6,9,1,2,0,1,0,1,3,21,3,34.3,0,0,33.0,1,1,1,1,9447,1839,7093,1810,14184,20319,14184,4622,6555,1,1492,2868,2052,13459,4399,11790,2381,1,5181,4788,3416,9061,5072,2163,120,4946,1,28:21,2022,2023
2022-23,203471,Dennis Schröder,Dennis,1610612747,LAL,Los Angeles Lakers,22200574,2023-01-04T00:00:00,LAL vs. MIA,W,40.4,8,15,0.533,4,7,0.571,12,14,0.857,0,4,4,2,1,4,0,3,0,7,32,6,50.8,0,0,50.0,1,1,1,1,527,2711,3608,8674,1024,2551,3486,122,148,7116,13272,6530,9590,9342,8897,90,7930,25315,1,559,672,6694,1059,2163,120,916,1,40:24,2022,2023
2022-23,201566,Russell Westbrook,Russell,1610612747,LAL,Los Angeles Lakers,22200574,2023-01-04T00:00:00,LAL vs. MIA,W,35.916666666666664,8,18,0.444,2,6,0.333,3,6,0.5,1,7,8,9,7,3,0,1,3,5,21,12,46.1,0,0,46.0,1,1,1,1,2978,2711,1948,13499,4226,3807,8680,4622,2263,10976,6448,1900,2807,634,39,387,7930,17468,17562,1742,3416,3319,1799,2163,120,1442,1,35:55,2022,2023
2022-23,201976,Patrick Beverley,Patrick,1610612747,LAL,Los Angeles Lakers,22200574,2023-01-04T00:00:00,LAL vs. MIA,W,26.11833333333333,2,5,0.4,0,2,0.0,0,0,0.0,0,1,1,3,1,1,1,0,4,0,4,-7,14.7,0,0,12.0,1,1,1,1,11237,15467,16006,15219,14184,13285,14184,13851,14660,13851,13272,17626,19709,6516,8897,4306,2381,1,21892,17929,18472,18993,16189,2163,120,17408,1,26:07,2022,2023
2022-23,1629308,Juan Toscano-Anderson,Juan,1610612747,LAL,Los Angeles Lakers,22200574,2023-01-04T00:00:00,LAL vs. MIA,W,22.65333333333333,1,2,0.5,0,1,0.0,0,0,0.0,1,2,3,0,2,1,1,0,3,1,2,-16,9.6,0,0,9.0,1,1,1,1,13898,18953,21404,9075,14184,16669,14184,13851,14660,13851,6448,13188,12567,19186,4399,4306,2381,1,17562,11862,21044,23968,19584,2163,120,19461,1,22:39,2022,2023
2022-23,2544,LeBron James,LeBron,1610612747,LAL,Los Angeles Lakers,22200551,2023-01-02T00:00:00,LAL @ CHA,W,39.56166666666667,16,26,0.615,0,5,0.0,11,15,0.733,0,11,11,6,3,1,0,0,1,9,43,9,65.2,1,0,62.0,1,1,1,1,805,59,171,5625,14184,5511,14184,191,96,9418,13272,292,1038,2101,2046,4306,7930,1,5181,194,78,4755,147,1,120,156,1,39:34,2022,2023
2022-23,201566,Russell Westbrook,Russell,1610612747,LAL,Los Angeles Lakers,22200551,2023-01-02T00:00:00,LAL @ CHA,W,11.366666666666667,1,8,0.125,0,3,0.0,0,0,0.0,0,4,4,2,3,0,0,1,1,0,2,8,6.8,0,0,8.0,1,1,1,1,21511,18953,10854,22399,14184,10172,14184,13851,14660,13851,13272,6530,9590,9342,2046,11790,7930,17468,5181,17929,21044,5327,21342,2163,120,20094,1,11:22,2022,2023
2022-23,1629117,Wenyen Gabriel,Wenyen,1610612747,LAL,Los Angeles Lakers,22200551,2023-01-02T00:00:00,LAL @ CHA,W,10.766666666666667,2,3,0.667,0,0,0.0,1,3,0.333,1,0,1,0,1,0,1,0,3,2,5,15,8.2,0,0,8.0,1,1,1,1,21743,15467,19669,3571,14184,20319,14184,10510,6555,13452,6448,22091,19709,19186,8897,11790,2381,1,17562,7612,17251,2225,20467,2163,120,20094,1,10:46,2022,2023
2022-23,1629308,Juan Toscano-Anderson,Juan,1610612747,LAL,Los Angeles Lakers,22200551,2023-01-02T00:00:00,LAL @ CHA,W,9.406666666666666,0,1,0.0,0,1,0.0,0,0,0.0,0,2,2,0,1,0,0,0,3,0,0,-10,1.4,0,0,2.0,1,1,1,1,22283,22559,23078,22559,14184,16669,14184,13851,14660,13851,13272,13188,16055,19186,8897,11790,7930,1,17562,17929,23116,21112,24448,2163,120,23851,1,9:24,2022,2023
2022-23,1629134,Kendrick Nunn,Kendrick,1610612747,LAL,Los Angeles Lakers,22200551,2023-01-02T00:00:00,LAL @ CHA,W,5.85,2,5,0.4,1,3,0.333,0,0,0.0,0,1,1,0,0,0,0,0,1,0,5,-4,6.2,0,0,7.0,1,1,1,1,23574,15467,16006,15219,8083,10172,8680,13851,14660,13851,13272,17626,19709,19186,16367,11790,7930,1,5181,17929,17251,16280,21645,2163,120,20760,1,5:51,2022,2023
2022-23,1628418,Thomas Bryant,Thomas,1610612747,LAL,Los Angeles Lakers,22200551,2023-01-02T00:00:00,LAL @ CHA,W,36.75833333333333,9,17,0.529,0,1,0.0,0,0,0.0,5,10,15,2,1,1,0,3,4,2,18,-7,41.0,1,0,37.0,1,1,1,1,2352,1839,2392,8804,14184,16669,14184,13851,14660,13851,342,496,222,9342,8897,4306,7930,25315,21892,7612,4863,18993,2886,1,120,3597,1,36:46,2022,2023
2022-23,203471,Dennis Schröder,Dennis,1610612747,LAL,Los Angeles Lakers,22200551,2023-01-02T00:00:00,LAL @ CHA,W,37.06666666666667,4,11,0.364,1,3,0.333,6,7,0.857,0,1,1,5,1,0,1,1,3,4,15,6,25.7,0,0,24.0,1,1,1,1,2133,9586,7093,17144,8083,10172,8680,1457,1700,7116,13272,17626,19709,3151,8897,11790,2381,17468,17562,2943,6803,6694,9166,2163,120,9373,1,37:04,2022,2023
2022-23,1628972,Troy Brown Jr.,Troy,1610612747,LAL,Los Angeles Lakers,22200551,2023-01-02T00:00:00,LAL @ CHA,W,34.68333333333333,4,8,0.5,4,8,0.5,0,0,0.0,1,4,5,2,0,3,0,1,2,0,12,7,30.0,0,0,29.0,1,1,1,1,4011,9586,10854,9075,1024,1659,3860,13851,14660,13851,6448,6530,7186,9342,16367,387,7930,17468,11553,17929,9310,5992,6924,2163,120,6681,1,34:41,2022,2023
2022-23,201976,Patrick Beverley,Patrick,1610612747,LAL,Los Angeles Lakers,22200551,2023-01-02T00:00:00,LAL @ CHA,W,32.38333333333333,2,7,0.286,2,4,0.5,0,0,0.0,2,5,7,2,3,0,3,0,3,0,6,0,23.4,0,0,23.0,1,1,1,1,6014,15467,12420,19742,4226,7558,3860,13851,14660,13851,3077,4379,3911,9342,2046,11790,252,1,17562,17929,15841,11977,10527,2163,120,9958,1,32:23,2022,2023
2022-23,1630559,Austin Reaves,Austin,1610612747,LAL,Los Angeles Lakers,22200551,2023-01-02T00:00:00,LAL @ CHA,W,22.156666666666663,5,7,0.714,2,2,1.0,3,5,0.6,0,6,6,7,1,1,0,1,0,5,15,6,34.7,0,0,32.0,1,1,1,1,14312,7306,12420,2995,4226,13285,1,4622,3311,10622,13272,2868,5308,1460,8897,4306,7930,17468,1,1742,6803,6694,4914,2163,120,5369,1,22:09,2022,2023
2022-23,1629308,Juan Toscano-Anderson,Juan,1610612747,LAL,Los Angeles Lakers,22200530,2022-12-30T00:00:00,LAL @ ATL,W,15.093333333333334,3,3,1.0,1,1,1.0,0,0,0.0,1,2,3,0,0,1,0,0,3,1,7,13,13.6,0,0,13.0,1,1,1,1,19380,12366,19669,1,8083,16669,1,13851,14660,13851,6448,13188,12567,19186,16367,4306,7930,1,17562,11862,14745,2916,16931,2163,120,16689,1,15:06,2022,2023
2022-23,201976,Patrick Beverley,Patrick,1610612747,LAL,Los Angeles Lakers,22200530,2022-12-30T00:00:00,LAL @ ATL,W,25.216666666666665,4,5,0.8,2,3,0.667,0,0,0.0,1,1,2,3,0,1,1,0,3,1,10,-10,22.9,0,0,21.0,1,1,1,1,11939,9586,16006,1839,4226,10172,1971,13851,14660,13851,6448,17626,16055,6516,16367,4306,2381,1,17562,11862,11243,21112,10813,2163,120,11203,1,25:13,2022,2023
2022-23,1630559,Austin Reaves,Austin,1610612747,LAL,Los Angeles Lakers,22200530,2022-12-30T00:00:00,LAL @ ATL,W,25.6,1,13,0.077,1,9,0.111,2,2,1.0,0,3,3,1,2,0,0,2,4,2,5,-6,8.1,0,0,10.0,1,1,1,1,11643,18953,5108,22556,8083,1087,14140,6620,8080,1,13272,9404,12567,13459,4399,11790,7930,23619,21892,7612,17251,18185,20538,2163,120,18804,1,25:36,2022,2023
2022-23,2544,LeBron James,LeBron,1610612747,LAL,Los Angeles Lakers,22200530,2022-12-30T00:00:00,LAL @ ATL,W,39.64,18,27,0.667,4,6,0.667,7,9,0.778,2,8,10,9,5,0,1,0,0,7,47,12,70.5,1,0,72.0,1,1,1,1,773,21,114,3571,1024,3807,1971,993,842,8264,3077,1233,1446,634,319,11790,2381,1,1,559,35,3319,67,1,120,37,1,39:38,2022,2023
2022-23,1628418,Thomas Bryant,Thomas,1610612747,LAL,Los Angeles Lakers,22200530,2022-12-30T00:00:00,LAL @ ATL,W,33.95666666666666,8,10,0.8,0,1,0.0,3,3,1.0,1,16,17,1,1,1,1,0,2,2,19,7,45.9,1,0,41.0,1,1,1,1,4664,2711,8199,1839,14184,16669,14184,4622,6555,1,6448,19,97,13459,8897,4306,2381,1,11553,7612,4335,5992,1840,1,120,2464,1,33:57,2022,2023
2022-23,203471,Dennis Schröder,Dennis,1610612747,LAL,Los Angeles Lakers,22200530,2022-12-30T00:00:00,LAL @ ATL,W,32.016666666666666,5,12,0.417,1,5,0.2,1,1,1.0,1,1,2,9,2,3,0,1,3,2,12,2,34.9,0,0,30.0,1,1,1,1,6366,7306,6024,14850,8083,5511,12795,10510,13074,1,6448,17626,16055,634,4399,387,7930,17468,17562,7612,9310,9989,4844,2163,120,6218,1,32:01,2022,2023
2022-23,201566,Russell Westbrook,Russell,1610612747,LAL,Los Angeles Lakers,22200530,2022-12-30T00:00:00,LAL @ ATL,W,29.33333333333333,6,12,0.5,0,3,0.0,2,2,1.0,2,6,8,11,6,1,1,0,1,2,14,11,40.1,1,0,37.0,1,1,1,1,8689,5438,6024,9075,14184,10172,14184,6620,8080,1,3077,2868,2807,243,120,4306,2381,1,5181,7612,7583,3754,3116,1,120,3597,1,29:20,2022,2023
2022-23,1629117,Wenyen Gabriel,Wenyen,1610612747,LAL,Los Angeles Lakers,22200530,2022-12-30T00:00:00,LAL @ ATL,W,14.1,5,8,0.625,0,0,0.0,1,1,1.0,4,1,5,0,0,0,1,2,1,1,11,0,20.0,0,0,18.0,1,1,1,1,19985,7306,10854,5245,14184,20319,14184,10510,13074,1,734,17626,7186,19186,16367,11790,2381,23619,5181,11862,10274,11977,12592,2163,120,13199,1,14:06,2022,2023
2022-23,1628972,Troy Brown Jr.,Troy,1610612747,LAL,Los Angeles Lakers,22200530,2022-12-30T00:00:00,LAL @ ATL,W,25.043333333333333,2,6,0.333,1,4,0.25,0,0,0.0,0,5,5,0,0,0,1,0,0,1,5,16,14.0,0,0,13.0,1,1,1,1,12086,15467,14189,17586,8083,7558,11411,13851,14660,13851,13272,4379,7186,19186,16367,11790,2381,1,1,11862,17251,1910,16662,2163,120,16689,1,25:03,2022,2023
2022-23,1631108,Max Christie,Max,1610612747,LAL,Los Angeles Lakers,22200518,2022-12-28T00:00:00,LAL @ MIA,L,0.4633333333333333,0,0,0.0,0,0,0.0,0,0,0.0,0,0,0,0,0,0,0,0,0,0,0,0,0.0,0,0,0.0,1,12947,12947,12947,25822,22559,24678,22559,14184,20319,14184,13851,14660,13851,13272,22091,23082,19186,16367,11790,7930,1,1,17929,23116,11977,24963,2163,120,25002,1,0:28,2022,2023
2022-23,1629117,Wenyen Gabriel,Wenyen,1610612747,LAL,Los Angeles Lakers,22200518,2022-12-28T00:00:00,LAL @ MIA,L,13.613333333333332,4,4,1.0,1,1,1.0,1,1,1.0,0,1,1,0,0,0,1,0,2,2,10,5,14.2,0,0,14.0,1,12947,12947,12947,20270,9586,17859,1,8083,16669,1,10510,13074,1,13272,17626,19709,19186,16367,11790,2381,1,11553,7612,11243,7441,16506,2163,120,16001,1,13:37,2022,2023
2022-23,1629022,Lonnie Walker IV,Lonnie,1610612747,LAL,Los Angeles Lakers,22200518,2022-12-28T00:00:00,LAL @ MIA,L,20.866666666666667,0,4,0.0,0,4,0.0,0,0,0.0,0,2,2,1,2,0,0,1,0,0,0,-17,1.9,0,0,3.0,1,12947,12947,12947,15296,22559,17859,22559,14184,7558,14184,13851,14660,13851,13272,13188,16055,13459,4399,11790,7930,17468,1,17929,23116,24272,24266,2163,120,23300,1,20:52,2022,2023
2022-23,1629308,Juan Toscano-Anderson,Juan,1610612747,LAL,Los Angeles Lakers,22200518,2022-12-28T00:00:00,LAL @ MIA,L,13.283333333333331,0,1,0.0,0,0,0.0,0,0,0.0,3,4,7,3,0,0,0,0,1,0,0,8,12.9,0,0,10.0,1,12947,12947,12947,20456,22559,23078,22559,14184,20319,14184,13851,14660,13851,1492,6530,3911,6516,16367,11790,7930,1,5181,17929,23116,5327,17405,2163,120,18804,1,13:17,2022,2023
2022-23,1630559,Austin Reaves,Austin,1610612747,LAL,Los Angeles Lakers,22200518,2022-12-28T00:00:00,LAL @ MIA,L,19.933333333333334,0,5,0.0,0,4,0.0,0,0,0.0,0,0,0,1,4,1,0,0,1,1,0,-9,0.5,0,0,3.0,1,12947,12947,12947,16000,22559,16006,22559,14184,7558,14184,13851,14660,13851,13272,22091,23082,13459,842,4306,7930,1,5181,11862,23116,20484,24856,2163,120,23300,1,19:56,2022,2023
2022-23,1628418,Thomas Bryant,Thomas,1610612747,LAL,Los Angeles Lakers,22200518,2022-12-28T00:00:00,LAL @ MIA,L,22.85,5,6,0.833,0,0,0.0,1,2,0.5,2,6,8,0,3,0,1,0,3,1,11,-22,20.6,0,0,21.0,1,12947,12947,12947,13744,7306,14189,1646,14184,20319,14184,10510,8080,10976,3077,2868,2807,19186,2046,11790,2381,1,17562,11862,10274,25239,12209,2163,120,11203,1,22:51,2022,2023
2022-23,203471,Dennis Schröder,Dennis,1610612747,LAL,Los Angeles Lakers,22200518,2022-12-28T00:00:00,LAL @ MIA,L,34.65,5,10,0.5,2,5,0.4,3,4,0.75,0,2,2,2,4,0,0,0,1,3,15,-12,16.4,0,0,21.0,1,12947,12947,12947,4043,7306,8199,9075,4226,5511,7498,4622,4303,8358,13272,13188,16055,9342,842,11790,7930,1,5181,4788,6803,22269,14974,2163,120,11203,1,34:39,2022,2023
2022-23,2544,LeBron James,LeBron,1610612747,LAL,Los Angeles Lakers,22200518,2022-12-28T00:00:00,LAL @ MIA,L,33.486666666666665,10,18,0.556,2,5,0.4,5,5,1.0,0,9,9,6,6,0,0,1,4,6,27,-4,40.8,0,0,44.0,1,12947,12947,12947,5061,1204,1948,7770,4226,5511,7498,2152,3311,1,13272,766,2052,2101,120,11790,7930,17468,21892,993,1513,16280,2943,2163,120,1786,1,33:29,2022,2023
2022-23,201566,Russell Westbrook,Russell,1610612747,LAL,Los Angeles Lakers,22200518,2022-12-28T00:00:00,LAL @ MIA,L,32.36,6,16,0.375,2,7,0.286,1,3,0.333,1,3,4,8,3,0,1,2,1,2,15,-9,31.8,0,0,31.0,1,12947,12947,12947,6037,5438,2947,16626,4226,2551,10982,10510,6555,13452,6448,9404,9590,963,2046,11790,2381,23619,5181,7612,6803,20484,6099,2163,120,5759,1,32:22,2022,2023
2022-23,1628972,Troy Brown Jr.,Troy,1610612747,LAL,Los Angeles Lakers,22200518,2022-12-28T00:00:00,LAL @ MIA,L,20.916666666666668,5,6,0.833,4,5,0.8,0,0,0.0,1,3,4,0,1,0,0,0,1,0,14,3,17.8,0,0,22.0,1,12947,12947,12947,15258,7306,14189,1646,1024,5511,1457,13851,14660,13851,6448,9404,9590,19186,8897,11790,7930,1,5181,17929,7583,9061,14048,2163,120,10568,1,20:55,2022,2023
2022-23,201976,Patrick Beverley,Patrick,1610612747,LAL,Los Angeles Lakers,22200518,2022-12-28T00:00:00,LAL @ MIA,L,27.576666666666668,2,7,0.286,2,5,0.4,0,0,0.0,1,6,7,4,1,1,1,0,2,0,6,-13,25.4,0,0,23.0,1,12947,12947,12947,10116,15467,12420,19742,4226,5511,7498,13851,14660,13851,6448,2868,3911,4531,8897,4306,2381,1,11553,17929,15841,22762,9337,2163,120,9958,1,27:35,2022,2023
2022-23,201566,Russell Westbrook,Russell,1610612747,LAL,Los Angeles Lakers,22200505,2022-12-27T00:00:00,LAL @ ORL,W,29.35,6,11,0.545,1,3,0.333,2,2,1.0,0,13,13,13,4,0,0,2,3,1,15,18,46.1,1,1,42.0,1,1,1,1,8671,5438,7093,8194,8083,10172,8680,6620,8080,1,13272,116,472,79,842,11790,7930,23619,17562,11862,6803,1403,1799,1,1,2224,1,29:21,2022,2023
2022-23,2544,LeBron James,LeBron,1610612747,LAL,Los Angeles Lakers,22200505,2022-12-27T00:00:00,LAL @ ORL,W,31.166666666666668,12,24,0.5,0,7,0.0,4,5,0.8,2,5,7,5,4,1,1,1,1,3,28,8,45.9,0,0,44.0,1,1,1,1,7125,474,357,9075,14184,2551,14184,3075,3311,7793,3077,4379,3911,3151,842,4306,2381,17468,5181,4788,1320,5327,1840,2163,120,1786,1,31:10,2022,2023
2022-23,1628418,Thomas Bryant,Thomas,1610612747,LAL,Los Angeles Lakers,22200505,2022-12-27T00:00:00,LAL @ ORL,W,30.966666666666665,8,10,0.8,1,1,1.0,4,6,0.667,4,6,10,1,0,1,0,1,2,4,21,6,37.5,1,0,35.0,1,1,1,1,7304,2711,8199,1839,8083,16669,1,3075,2263,9637,734,2868,1446,13459,16367,4306,7930,17468,11553,2943,3416,6694,3919,1,120,4211,1,30:58,2022,2023
2022-23,1629022,Lonnie Walker IV,Lonnie,1610612747,LAL,Los Angeles Lakers,22200505,2022-12-27T00:00:00,LAL @ ORL,W,24.95,3,10,0.3,2,7,0.286,2,2,1.0,0,1,1,2,0,0,0,0,1,2,10,2,14.2,0,0,15.0,1,1,1,1,12154,12366,8199,19519,4226,2551,10982,6620,8080,1,13272,17626,19709,9342,16367,11790,7930,1,5181,7612,11243,9989,16506,2163,120,15266,1,24:57,2022,2023
2022-23,1629117,Wenyen Gabriel,Wenyen,1610612747,LAL,Los Angeles Lakers,22200505,2022-12-27T00:00:00,LAL @ ORL,W,15.183333333333334,2,5,0.4,1,2,0.5,0,0,0.0,1,5,6,1,0,0,0,0,3,1,5,11,13.7,0,0,13.0,1,1,1,1,19319,15467,16006,15219,8083,13285,3860,13851,14660,13851,6448,4379,5308,13459,16367,11790,7930,1,17562,11862,17251,3754,16867,2163,120,16689,1,15:11,2022,2023
2022-23,1631108,Max Christie,Max,1610612747,LAL,Los Angeles Lakers,22200505,2022-12-27T00:00:00,LAL @ ORL,W,4.966666666666667,0,0,0.0,0,0,0.0,0,0,0.0,0,0,0,0,0,0,0,0,0,0,0,7,0.0,0,0,0.0,1,1,1,1,23932,22559,24678,22559,14184,20319,14184,13851,14660,13851,13272,22091,23082,19186,16367,11790,7930,1,1,17929,23116,5992,24963,2163,120,25002,1,4:58,2022,2023
2022-23,1629134,Kendrick Nunn,Kendrick,1610612747,LAL,Los Angeles Lakers,22200505,2022-12-27T00:00:00,LAL @ ORL,W,1.6333333333333333,2,2,1.0,2,2,1.0,0,0,0.0,0,1,1,0,0,0,0,0,0,0,6,4,7.2,0,0,9.0,1,1,1,1,25463,15467,21404,1,4226,13285,1,13851,14660,13851,13272,17626,19709,19186,16367,11790,7930,1,1,17929,15841,8218,21046,2163,120,19461,1,1:38,2022,2023
2022-23,201976,Patrick Beverley,Patrick,1610612747,LAL,Los Angeles Lakers,22200505,2022-12-27T00:00:00,LAL @ ORL,W,29.683333333333334,5,11,0.455,4,10,0.4,0,0,0.0,0,2,2,2,0,0,1,0,3,1,14,3,22.4,0,0,24.0,1,1,1,1,8381,7306,7093,13150,1024,661,7498,13851,14660,13851,13272,13188,16055,9342,16367,11790,2381,1,17562,11862,7583,9061,11109,2163,120,9373,1,29:41,2022,2023
2022-23,1628972,Troy Brown Jr.,Troy,1610612747,LAL,Los Angeles Lakers,22200505,2022-12-27T00:00:00,LAL @ ORL,W,17.433333333333334,6,7,0.857,3,4,0.75,0,0,0.0,1,0,1,1,0,0,0,0,1,0,15,15,17.7,0,0,20.0,1,1,1,1,17826,5438,12420,1542,2120,7558,1581,13851,14660,13851,6448,22091,19709,13459,16367,11790,7930,1,5181,17929,6803,2225,14114,2163,120,11856,1,17:26,2022,2023
2022-23,203471,Dennis Schröder,Dennis,1610612747,LAL,Los Angeles Lakers,22200505,2022-12-27T00:00:00,LAL @ ORL,W,28.23333333333333,2,3,0.667,1,1,1.0,2,2,1.0,1,1,2,2,3,1,0,1,2,3,7,9,12.4,0,0,14.0,1,1,1,1,9541,15467,19669,3571,8083,16669,1,6620,8080,1,6448,17626,16055,9342,2046,4306,7930,17468,11553,4788,14745,4755,17748,2163,120,16001,1,28:14,2022,2023
2022-23,1630559,Austin Reaves,Austin,1610612747,LAL,Los Angeles Lakers,22200505,2022-12-27T00:00:00,LAL @ ORL,W,26.433333333333334,3,7,0.429,2,6,0.333,0,0,0.0,0,3,3,5,2,1,0,0,0,2,8,12,20.1,0,0,20.0,1,1,1,1,11013,12366,12420,14122,4226,3807,8680,13851,14660,13851,13272,9404,12567,3151,4399,4306,7930,1,1,7612,13462,3319,12527,2163,120,11856,1,26:26,2022,2023
2022-23,203471,Dennis Schröder,Dennis,1610612747,LAL,Los Angeles Lakers,22200494,2022-12-25T00:00:00,LAL @ DAL,L,27.516666666666666,3,6,0.5,1,3,0.333,0,0,0.0,0,5,5,4,2,0,0,0,3,1,7,-4,17.0,0,0,17.0,1,12947,12947,12947,10165,12366,14189,9075,8083,10172,8680,13851,14660,13851,13272,4379,7186,4531,4399,11790,7930,1,17562,11862,14745,16280,14584,2163,120,13833,1,27:31,2022,2023
2022-23,1631108,Max Christie,Max,1610612747,LAL,Los Angeles Lakers,22200494,2022-12-25T00:00:00,LAL @ DAL,L,4.616666666666666,0,1,0.0,0,1,0.0,2,2,1.0,0,1,1,0,0,0,0,0,1,1,2,1,3.2,0,0,3.0,1,12947,12947,12947,24073,22559,23078,22559,14184,16669,14184,6620,8080,1,13272,17626,19709,19186,16367,11790,7930,1,5181,11862,21044,11018,23362,2163,120,23300,1,4:37,2022,2023
2022-23,1629134,Kendrick Nunn,Kendrick,1610612747,LAL,Los Angeles Lakers,22200494,2022-12-25T00:00:00,LAL @ DAL,L,2.533333333333333,1,2,0.5,0,0,0.0,0,0,0.0,0,0,0,0,0,0,0,0,0,0,2,7,2.0,0,0,2.0,1,12947,12947,12947,25044,18953,21404,9075,14184,20319,14184,13851,14660,13851,13272,22091,23082,19186,16367,11790,7930,1,1,17929,21044,5992,24065,2163,120,23851,1,2:32,2022,2023
2022-23,1629022,Lonnie Walker IV,Lonnie,1610612747,LAL,Los Angeles Lakers,22200494,2022-12-25T00:00:00,LAL @ DAL,L,28.65,3,7,0.429,3,6,0.5,0,0,0.0,0,0,0,0,0,1,0,0,1,0,9,1,12.0,0,0,14.0,1,12947,12947,12947,9217,12366,12420,14122,2120,3807,3860,13851,14660,13851,13272,22091,23082,19186,16367,4306,7930,1,5181,17929,12345,11018,18008,2163,120,16001,1,28:39,2022,2023
2022-23,1628972,Troy Brown Jr.,Troy,1610612747,LAL,Los Angeles Lakers,22200494,2022-12-25T00:00:00,LAL @ DAL,L,18.066666666666663,1,5,0.2,1,3,0.333,0,0,0.0,0,2,2,0,1,2,0,0,0,0,3,3,10.4,0,0,10.0,1,12947,12947,12947,17350,18953,16006,21480,8083,10172,8680,13851,14660,13851,13272,13188,16055,19186,8897,1343,7930,1,1,17929,19811,9061,19062,2163,120,18804,1,18:04,2022,2023
2022-23,1630559,Austin Reaves,Austin,1610612747,LAL,Los Angeles Lakers,22200494,2022-12-25T00:00:00,LAL @ DAL,L,28.77,5,7,0.714,1,2,0.5,5,5,1.0,1,1,2,0,2,0,2,0,3,6,16,-15,22.4,0,0,23.0,1,12947,12947,12947,9127,7306,12420,2995,8083,13285,3860,2152,3311,1,6448,17626,16055,19186,4399,11790,751,1,17562,993,6103,23654,11109,2163,120,9958,1,28:46,2022,2023
2022-23,2544,LeBron James,LeBron,1610612747,LAL,Los Angeles Lakers,22200494,2022-12-25T00:00:00,LAL @ DAL,L,34.333333333333336,13,23,0.565,0,4,0.0,12,12,1.0,0,6,6,5,2,0,0,0,2,6,38,2,50.7,0,0,49.0,1,12947,12947,12947,4327,299,508,7636,14184,7558,14184,122,280,1,13272,2868,5308,3151,4399,11790,7930,1,11553,993,235,9989,1070,2163,120,1023,1,34:20,2022,2023
2022-23,201566,Russell Westbrook,Russell,1610612747,LAL,Los Angeles Lakers,22200494,2022-12-25T00:00:00,LAL @ DAL,L,24.216666666666665,7,16,0.438,2,5,0.4,1,2,0.5,0,5,5,4,0,0,0,2,3,2,17,-30,29.0,0,0,28.0,1,12947,12947,12947,12710,3877,2947,13953,4226,5511,7498,10510,8080,10976,13272,4379,7186,4531,16367,11790,7930,23619,17562,7612,5476,25779,7391,2163,120,7166,1,24:13,2022,2023
2022-23,201976,Patrick Beverley,Patrick,1610612747,LAL,Los Angeles Lakers,22200494,2022-12-25T00:00:00,LAL @ DAL,L,32.43333333333333,2,5,0.4,1,3,0.333,3,3,1.0,1,2,3,3,0,1,0,1,5,3,8,-1,19.1,0,0,17.0,1,12947,12947,12947,5968,15467,16006,15219,8083,10172,8680,4622,6555,1,6448,13188,12567,6516,16367,4306,7930,17468,24422,4788,13462,13132,13169,2163,120,13833,1,32:26,2022,2023
2022-23,1627745,Damian Jones,Damian,1610612747,LAL,Los Angeles Lakers,22200494,2022-12-25T00:00:00,LAL @ DAL,L,2.1666666666666665,0,0,0.0,0,0,0.0,3,4,0.75,1,0,1,0,0,1,0,0,0,2,3,7,7.2,0,0,6.0,1,12947,12947,12947,25192,22559,24678,22559,14184,20319,14184,4622,4303,8358,6448,22091,19709,19186,16367,4306,7930,1,1,7612,19811,5992,21046,2163,120,21425,1,2:10,2022,2023
2022-23,1628418,Thomas Bryant,Thomas,1610612747,LAL,Los Angeles Lakers,22200494,2022-12-25T00:00:00,LAL @ DAL,L,18.883333333333333,4,5,0.8,0,1,0.0,0,0,0.0,0,3,3,2,0,0,0,0,3,1,8,-6,14.6,0,0,13.0,1,12947,12947,12947,16796,9586,16006,1839,14184,16669,14184,13851,14660,13851,13272,9404,12567,9342,16367,11790,7930,1,17562,11862,13462,18185,16245,2163,120,16689,1,18:53,2022,2023
2022-23,1629117,Wenyen Gabriel,Wenyen,1610612747,LAL,Los Angeles Lakers,22200494,2022-12-25T00:00:00,LAL @ DAL,L,17.813333333333333,0,3,0.0,0,0,0.0,2,4,0.5,3,4,7,0,1,0,0,0,2,4,2,-10,9.4,0,0,9.0,1,12947,12947,12947,17535,22559,19669,22559,14184,20319,14184,6620,4303,10976,1492,6530,3911,19186,8897,11790,7930,1,11553,2943,21044,21112,19721,2163,120,19461,1,17:49,2022,2023
2022-23,1631108,Max Christie,Max,1610612747,LAL,Los Angeles Lakers,22200492,2022-12-23T00:00:00,LAL vs. CHA,L,10.283333333333331,0,1,0.0,0,1,0.0,0,0,0.0,0,0,0,0,1,0,0,0,1,0,0,-11,-1.0,0,0,0.0,1,12947,12947,12947,21960,22559,23078,22559,14184,16669,14184,13851,14660,13851,13272,22091,23082,19186,8897,11790,7930,1,5181,17929,23116,21730,25775,2163,120,25002,1,10:17,2022,2023
2022-23,201976,Patrick Beverley,Patrick,1610612747,LAL,Los Angeles Lakers,22200492,2022-12-23T00:00:00,LAL vs. CHA,L,29.85,4,5,0.8,3,3,1.0,0,0,0.0,2,4,6,3,1,1,0,0,2,0,11,-8,24.7,0,0,25.0,1,12947,12947,12947,8245,9586,16006,1839,2120,10172,1,13851,14660,13851,3077,6530,5308,6516,8897,4306,7930,1,11553,17929,10274,19762,9742,2163,120,8774,1,29:51,2022,2023
2022-23,1628972,Troy Brown Jr.,Troy,1610612747,LAL,Los Angeles Lakers,22200492,2022-12-23T00:00:00,LAL vs. CHA,L,8.683333333333334,1,5,0.2,1,5,0.2,0,0,0.0,0,0,0,0,0,0,0,0,2,0,3,-11,3.0,0,0,4.0,1,12947,12947,12947,22545,18953,16006,21480,8083,5511,12795,13851,14660,13851,13272,22091,23082,19186,16367,11790,7930,1,11553,17929,19811,21730,23533,2163,120,22647,1,8:41,2022,2023
2022-23,203471,Dennis Schröder,Dennis,1610612747,LAL,Los Angeles Lakers,22200492,2022-12-23T00:00:00,LAL vs. CHA,L,26.683333333333334,4,10,0.4,1,5,0.2,0,0,0.0,0,4,4,5,2,0,0,0,4,1,9,-8,19.3,0,0,19.0,1,12947,12947,12947,10820,9586,8199,15219,8083,5511,12795,13851,14660,13851,13272,6530,9590,3151,4399,11790,7930,1,21892,11862,12345,19762,13038,2163,120,12497,1,26:41,2022,2023
2022-23,1629117,Wenyen Gabriel,Wenyen,1610612747,LAL,Los Angeles Lakers,22200492,2022-12-23T00:00:00,LAL vs. CHA,L,16.416666666666668,5,5,1.0,0,0,0.0,3,4,0.75,5,2,7,0,1,0,1,0,3,4,13,-6,23.4,0,0,22.0,1,12947,12947,12947,18512,7306,16006,1,14184,20319,14184,4622,4303,8358,342,13188,3911,19186,8897,11790,2381,1,17562,2943,8465,18185,10527,2163,120,10568,1,16:25,2022,2023
2022-23,1629022,Lonnie Walker IV,Lonnie,1610612747,LAL,Los Angeles Lakers,22200492,2022-12-23T00:00:00,LAL vs. CHA,L,27.416666666666668,4,13,0.308,3,9,0.333,4,5,0.8,2,1,3,1,1,1,0,2,1,4,15,8,22.1,0,0,24.0,1,12947,12947,12947,10253,9586,5108,19413,2120,1087,8680,3075,3311,7793,3077,17626,12567,13459,8897,4306,7930,23619,5181,2943,6803,5327,11296,2163,120,9373,1,27:25,2022,2023
2022-23,1628418,Thomas Bryant,Thomas,1610612747,LAL,Los Angeles Lakers,22200492,2022-12-23T00:00:00,LAL vs. CHA,L,33.483333333333334,3,8,0.375,2,3,0.667,0,0,0.0,0,13,13,1,2,0,0,2,2,0,8,11,23.1,0,0,24.0,1,12947,12947,12947,5062,12366,10854,16626,4226,10172,1971,13851,14660,13851,13272,116,472,13459,4399,11790,7930,23619,11553,17929,13462,3754,10699,2163,120,9373,1,33:29,2022,2023
2022-23,1630559,Austin Reaves,Austin,1610612747,LAL,Los Angeles Lakers,22200492,2022-12-23T00:00:00,LAL vs. CHA,L,28.666666666666668,6,10,0.6,3,6,0.5,5,7,0.714,1,1,2,2,3,1,0,0,0,6,20,3,25.4,0,0,29.0,1,12947,12947,12947,9200,5438,8199,5804,2120,3807,3860,2152,1700,9448,6448,17626,16055,9342,2046,4306,7930,1,1,993,3852,9061,9337,2163,120,6681,1,28:40,2022,2023
2022-23,201566,Russell Westbrook,Russell,1610612747,LAL,Los Angeles Lakers,22200492,2022-12-23T00:00:00,LAL vs. CHA,L,24.58333333333333,6,12,0.5,2,4,0.5,3,4,0.75,2,3,5,7,3,1,0,0,2,2,17,8,33.5,0,0,33.0,1,12947,12947,12947,12440,5438,6024,9075,4226,7558,3860,4622,4303,8358,3077,9404,7186,1460,2046,4306,7930,1,11553,7612,5476,5327,5370,2163,120,4946,1,24:35,2022,2023
2022-23,2544,LeBron James,LeBron,1610612747,LAL,Los Angeles Lakers,22200492,2022-12-23T00:00:00,LAL vs. CHA,L,33.93333333333333,15,23,0.652,4,8,0.5,0,2,0.0,0,2,2,8,3,1,0,1,2,4,34,-6,48.4,0,0,50.0,1,12947,12947,12947,4682,98,508,4892,1024,1659,3860,13851,8080,13851,13272,13188,16055,963,2046,4306,7930,17468,11553,2943,480,18185,1382,2163,120,916,1,33:56,2022,2023
2022-23,201976,Patrick Beverley,Patrick,1610612747,LAL,Los Angeles Lakers,22200475,2022-12-21T00:00:00,LAL @ SAC,L,37.25,5,7,0.714,1,2,0.5,2,2,1.0,0,2,2,3,3,3,1,0,3,2,13,-15,28.9,0,0,27.0,1,12947,12947,12947,1998,7306,12420,2995,8083,13285,3860,6620,8080,1,13272,13188,16055,6516,2046,387,2381,1,17562,7612,8465,23654,7435,2163,120,7676,1,37:15,2022,2023
2022-23,1629022,Lonnie Walker IV,Lonnie,1610612747,LAL,Los Angeles Lakers,22200475,2022-12-21T00:00:00,LAL @ SAC,L,36.41666666666666,6,13,0.462,3,6,0.5,4,4,1.0,0,5,5,1,2,2,1,0,3,3,19,-15,33.5,0,0,34.0,1,12947,12947,12947,2617,5438,5108,12925,2120,3807,3860,3075,4303,1,13272,4379,7186,13459,4399,1343,2381,1,17562,4788,4335,23654,5370,2163,120,4558,1,36:25,2022,2023
2022-23,1628418,Thomas Bryant,Thomas,1610612747,LAL,Los Angeles Lakers,22200475,2022-12-21T00:00:00,LAL @ SAC,L,31.168333333333333,6,9,0.667,2,2,1.0,3,4,0.75,2,8,10,4,2,1,0,0,5,2,17,-12,36.0,1,0,35.0,1,12947,12947,12947,7124,5438,9460,3571,4226,13285,1,4622,4303,8358,3077,1233,1446,4531,4399,4306,7930,1,24422,7612,5476,22269,4441,1,120,4211,1,31:10,2022,2023
2022-23,2544,LeBron James,LeBron,1610612747,LAL,Los Angeles Lakers,22200475,2022-12-21T00:00:00,LAL @ SAC,L,34.0,11,21,0.524,0,4,0.0,9,10,0.9,0,6,6,11,2,0,2,1,0,6,31,-4,58.7,1,0,52.0,1,12947,12947,12947,4620,789,929,8975,14184,7558,14184,452,576,6745,13272,2868,5308,243,4399,11790,751,17468,1,993,795,16280,412,1,120,729,1,34:00,2022,2023
2022-23,1631108,Max Christie,Max,1610612747,LAL,Los Angeles Lakers,22200475,2022-12-21T00:00:00,LAL @ SAC,L,26.383333333333333,2,3,0.667,2,2,1.0,0,0,0.0,0,4,4,3,0,0,0,0,2,0,6,-16,15.3,0,0,15.0,1,12947,12947,12947,11048,15467,19669,3571,4226,13285,1,13851,14660,13851,13272,6530,9590,6516,16367,11790,7930,1,11553,17929,15841,23968,15768,2163,120,15266,1,26:23,2022,2023
2022-23,1629134,Kendrick Nunn,Kendrick,1610612747,LAL,Los Angeles Lakers,22200475,2022-12-21T00:00:00,LAL @ SAC,L,11.016666666666667,0,6,0.0,0,1,0.0,0,0,0.0,0,0,0,0,1,0,0,1,0,0,0,6,-1.0,0,0,0.0,1,12947,12947,12947,21653,22559,14189,22559,14184,16669,14184,13851,14660,13851,13272,22091,23082,19186,8897,11790,7930,17468,1,17929,23116,6694,25775,2163,120,25002,1,11:01,2022,2023
2022-23,1627745,Damian Jones,Damian,1610612747,LAL,Los Angeles Lakers,22200475,2022-12-21T00:00:00,LAL @ SAC,L,6.183333333333334,1,1,1.0,0,0,0.0,0,0,0.0,1,2,3,0,0,0,0,0,0,0,2,4,5.6,0,0,5.0,1,12947,12947,12947,23455,18953,23078,1,14184,20319,14184,13851,14660,13851,6448,13188,12567,19186,16367,11790,7930,1,1,17929,21044,8218,22059,2163,120,22051,1,6:11,2022,2023
2022-23,203471,Dennis Schröder,Dennis,1610612747,LAL,Los Angeles Lakers,22200475,2022-12-21T00:00:00,LAL @ SAC,L,29.9,6,13,0.462,2,4,0.5,4,6,0.667,0,1,1,3,2,0,0,0,4,6,18,-8,21.7,0,0,24.0,1,12947,12947,12947,8198,5438,5108,12925,4226,7558,3860,3075,2263,9637,13272,17626,19709,6516,4399,11790,7930,1,21892,993,4863,19762,11532,2163,120,9373,1,29:54,2022,2023
2022-23,1629117,Wenyen Gabriel,Wenyen,1610612747,LAL,Los Angeles Lakers,22200475,2022-12-21T00:00:00,LAL @ SAC,L,12.848333333333333,3,4,0.75,0,0,0.0,1,2,0.5,1,2,3,0,2,0,1,0,5,3,7,-1,11.6,0,0,12.0,1,12947,12947,12947,20697,12366,17859,2276,14184,20319,14184,10510,8080,10976,6448,13188,12567,19186,4399,11790,2381,1,24422,4788,14745,13132,18292,2163,120,17408,1,12:51,2022,2023
2022-23,1628972,Troy Brown Jr.,Troy,1610612747,LAL,Los Angeles Lakers,22200475,2022-12-21T00:00:00,LAL @ SAC,L,14.833333333333334,2,7,0.286,1,3,0.333,2,2,1.0,1,4,5,0,1,0,0,0,2,1,7,-9,12.0,0,0,13.0,1,12947,12947,12947,19535,15467,12420,19742,8083,10172,8680,6620,8080,1,6448,6530,7186,19186,8897,11790,7930,1,11553,11862,14745,20484,18008,2163,120,16689,1,14:50,2022,2023
2022-23,1628972,Troy Brown Jr.,Troy,1610612747,LAL,Los Angeles Lakers,22200459,2022-12-19T00:00:00,LAL @ PHX,L,21.016666666666666,1,1,1.0,1,1,1.0,0,0,0.0,0,2,2,1,1,1,0,0,2,0,3,-14,8.9,0,0,9.0,1,12947,12947,12947,15198,18953,23078,1,8083,16669,1,13851,14660,13851,13272,13188,16055,13459,8897,4306,7930,1,11553,17929,19811,23232,20037,2163,120,19461,1,21:01,2022,2023
2022-23,1631108,Max Christie,Max,1610612747,LAL,Los Angeles Lakers,22200459,2022-12-19T00:00:00,LAL @ PHX,L,27.05,1,9,0.111,0,3,0.0,0,0,0.0,2,4,6,1,1,0,0,0,0,0,2,-17,9.7,0,0,9.0,1,12947,12947,12947,10541,18953,9460,22476,14184,10172,14184,13851,14660,13851,3077,6530,5308,13459,8897,11790,7930,1,1,17929,21044,24272,19515,2163,120,19461,1,27:03,2022,2023
2022-23,201976,Patrick Beverley,Patrick,1610612747,LAL,Los Angeles Lakers,22200459,2022-12-19T00:00:00,LAL @ PHX,L,23.15,4,8,0.5,0,2,0.0,1,1,1.0,0,1,1,3,3,0,0,0,2,3,9,-17,11.7,0,0,13.0,1,12947,12947,12947,13530,9586,10854,9075,14184,13285,14184,10510,13074,1,13272,17626,19709,6516,2046,11790,7930,1,11553,4788,12345,24272,18210,2163,120,16689,1,23:09,2022,2023
2022-23,1627745,Damian Jones,Damian,1610612747,LAL,Los Angeles Lakers,22200459,2022-12-19T00:00:00,LAL @ PHX,L,21.5,1,3,0.333,0,1,0.0,1,2,0.5,1,6,7,0,0,0,3,0,1,2,3,-11,20.4,0,0,16.0,1,12947,12947,12947,14793,18953,19669,17586,14184,16669,14184,10510,8080,10976,6448,2868,3911,19186,16367,11790,252,1,5181,7612,19811,21730,12329,2163,120,14513,1,21:30,2022,2023
2022-23,1629117,Wenyen Gabriel,Wenyen,1610612747,LAL,Los Angeles Lakers,22200459,2022-12-19T00:00:00,LAL @ PHX,L,26.98333333333333,2,5,0.4,0,0,0.0,0,0,0.0,3,3,6,0,1,0,0,1,2,0,4,-12,10.2,0,0,10.0,1,12947,12947,12947,10598,15467,16006,15219,14184,20319,14184,13851,14660,13851,1492,9404,5308,19186,8897,11790,7930,17468,11553,17929,18472,22269,19191,2163,120,18804,1,26:59,2022,2023
2022-23,1629022,Lonnie Walker IV,Lonnie,1610612747,LAL,Los Angeles Lakers,22200459,2022-12-19T00:00:00,LAL @ PHX,L,30.183333333333334,5,13,0.385,3,6,0.5,3,3,1.0,1,3,4,2,0,1,1,0,3,2,16,-12,29.8,0,0,29.0,1,12947,12947,12947,7966,7306,5108,16407,2120,3807,3860,4622,6555,1,6448,9404,9590,9342,16367,4306,2381,1,17562,7612,6103,22269,7012,2163,120,6681,1,30:11,2022,2023
2022-23,1628418,Thomas Bryant,Thomas,1610612747,LAL,Los Angeles Lakers,22200459,2022-12-19T00:00:00,LAL @ PHX,L,26.5,6,12,0.5,2,5,0.4,2,3,0.667,2,3,5,1,2,1,0,3,2,3,16,-15,24.5,0,0,26.0,1,12947,12947,12947,10967,5438,6024,9075,4226,5511,7498,6620,6555,9637,3077,9404,7186,13459,4399,4306,7930,25315,11553,4788,6103,23654,9876,2163,120,8209,1,26:30,2022,2023
2022-23,203471,Dennis Schröder,Dennis,1610612747,LAL,Los Angeles Lakers,22200459,2022-12-19T00:00:00,LAL @ PHX,L,29.183333333333334,12,19,0.632,2,2,1.0,4,4,1.0,0,4,4,4,4,0,0,1,2,4,30,-18,36.8,0,0,40.0,1,12947,12947,12947,8804,474,1551,5210,4226,13285,1,3075,4303,1,13272,6530,9590,4531,842,11790,7930,17468,11553,2943,950,24536,4150,2163,120,2713,1,29:11,2022,2023
2022-23,1629134,Kendrick Nunn,Kendrick,1610612747,LAL,Los Angeles Lakers,22200459,2022-12-19T00:00:00,LAL @ PHX,L,19.933333333333334,6,12,0.5,3,6,0.5,2,2,1.0,0,1,1,0,1,1,0,0,1,1,17,-7,20.2,0,0,23.0,1,12947,12947,12947,16000,5438,6024,9075,2120,3807,3860,6620,8080,1,13272,17626,19709,19186,8897,4306,7930,1,5181,11862,5476,18993,12460,2163,120,9958,1,19:56,2022,2023
2022-23,1630590,Scotty Pippen Jr.,Scotty,1610612747,LAL,Los Angeles Lakers,22200459,2022-12-19T00:00:00,LAL @ PHX,L,14.5,1,5,0.2,1,2,0.5,1,2,0.5,1,1,2,1,1,1,1,0,1,1,4,-7,12.9,0,0,12.0,1,12947,12947,12947,19748,18953,16006,21480,8083,13285,3860,10510,8080,10976,6448,17626,16055,13459,8897,4306,2381,1,5181,11862,18472,18993,17405,2163,120,17408,1,14:30,2022,2023
2022-23,1628972,Troy Brown Jr.,Troy,1610612747,LAL,Los Angeles Lakers,22200451,2022-12-18T00:00:00,LAL vs. WAS,W,9.95,0,2,0.0,0,1,0.0,0,0,0.0,1,1,2,0,1,0,0,0,1,1,0,-12,1.4,0,0,2.0,1,1,1,1,22081,22559,21404,22559,14184,16669,14184,13851,14660,13851,6448,17626,16055,19186,8897,11790,7930,1,5181,11862,23116,22269,24448,2163,120,23851,1,9:57,2022,2023
2022-23,1631108,Max Christie,Max,1610612747,LAL,Los Angeles Lakers,22200451,2022-12-18T00:00:00,LAL vs. WAS,W,23.666666666666668,3,6,0.5,2,5,0.4,0,0,0.0,0,4,4,0,0,0,1,1,0,0,8,-2,15.8,0,0,16.0,1,1,1,1,13154,12366,14189,9075,4226,5511,7498,13851,14660,13851,13272,6530,9590,19186,16367,11790,2381,17468,1,17929,13462,14174,15415,2163,120,14513,1,23:40,2022,2023
2022-23,1627745,Damian Jones,Damian,1610612747,LAL,Los Angeles Lakers,22200451,2022-12-18T00:00:00,LAL vs. WAS,W,16.666666666666668,4,6,0.667,0,1,0.0,0,0,0.0,0,2,2,0,1,1,1,0,3,0,8,3,15.4,0,0,14.0,1,1,1,1,18341,9586,14189,3571,14184,16669,14184,13851,14660,13851,13272,13188,16055,19186,8897,4306,2381,1,17562,17929,13462,9061,15684,2163,120,16001,1,16:40,2022,2023
2022-23,203471,Dennis Schröder,Dennis,1610612747,LAL,Los Angeles Lakers,22200451,2022-12-18T00:00:00,LAL vs. WAS,W,29.55,4,12,0.333,2,6,0.333,2,2,1.0,0,2,2,7,1,0,0,1,6,1,12,7,23.9,0,0,23.0,1,1,1,1,8487,9586,6024,17586,4226,3807,8680,6620,8080,1,13272,13188,16055,1460,8897,11790,7930,17468,25612,11862,9310,5992,10237,2163,120,9958,1,29:33,2022,2023
2022-23,1630559,Austin Reaves,Austin,1610612747,LAL,Los Angeles Lakers,22200451,2022-12-18T00:00:00,LAL vs. WAS,W,33.516666666666666,4,5,0.8,2,2,1.0,2,2,1.0,0,4,4,2,1,1,1,0,2,5,12,15,24.8,0,0,24.0,1,1,1,1,5029,9586,16006,1839,4226,13285,1,6620,8080,1,13272,6530,9590,9342,8897,4306,2381,1,11553,1742,9310,2225,9691,2163,120,9373,1,33:31,2022,2023
2022-23,1629022,Lonnie Walker IV,Lonnie,1610612747,LAL,Los Angeles Lakers,22200451,2022-12-18T00:00:00,LAL vs. WAS,W,34.43333333333333,7,12,0.583,2,4,0.5,5,5,1.0,0,3,3,1,0,1,0,1,3,3,21,-6,29.1,0,0,29.0,1,1,1,1,4236,3877,6024,6763,4226,7558,3860,2152,3311,1,13272,9404,12567,13459,16367,4306,7930,17468,17562,4788,3416,18185,7341,2163,120,6681,1,34:26,2022,2023
2022-23,201566,Russell Westbrook,Russell,1610612747,LAL,Los Angeles Lakers,22200451,2022-12-18T00:00:00,LAL vs. WAS,W,22.85,4,12,0.333,0,2,0.0,1,4,0.25,2,7,9,8,3,1,1,1,0,2,9,-5,34.8,0,0,30.0,1,1,1,1,13744,9586,6024,17586,14184,13285,14184,10510,4303,13706,3077,1900,2052,963,2046,4306,2381,17468,1,7612,12345,17295,4883,2163,120,6218,1,22:51,2022,2023
2022-23,2544,LeBron James,LeBron,1610612747,LAL,Los Angeles Lakers,22200451,2022-12-18T00:00:00,LAL vs. WAS,W,36.55,13,24,0.542,1,4,0.25,6,8,0.75,1,6,7,9,0,0,1,1,0,6,33,10,57.9,0,0,52.0,1,1,1,1,2500,299,357,8442,8083,7558,11411,1457,1170,8358,6448,2868,3911,634,16367,11790,2381,17468,1,993,564,4240,459,2163,120,729,1,36:33,2022,2023
2022-23,1628418,Thomas Bryant,Thomas,1610612747,LAL,Los Angeles Lakers,22200451,2022-12-18T00:00:00,LAL vs. WAS,W,32.81666666666667,7,13,0.538,2,2,1.0,0,1,0.0,2,8,10,2,2,0,0,1,3,2,16,0,29.0,1,0,30.0,1,1,1,1,5642,3877,5108,8455,4226,13285,1,13851,13074,13851,3077,1233,1446,9342,4399,11790,7930,17468,17562,7612,6103,11977,7391,1,120,6218,1,32:49,2022,2023
2022-23,1630559,Austin Reaves,Austin,1610612747,LAL,Los Angeles Lakers,22200437,2022-12-16T00:00:00,LAL vs. DEN,W,29.933333333333334,5,9,0.556,2,5,0.4,4,4,1.0,1,3,4,0,2,1,1,0,3,3,16,26,24.8,0,0,26.0,1,1,1,1,8171,7306,9460,7770,4226,5511,7498,3075,4303,1,6448,9404,9590,19186,4399,4306,2381,1,17562,4788,6103,316,9691,2163,120,8209,1,29:56,2022,2023
2022-23,201566,Russell Westbrook,Russell,1610612747,LAL,Los Angeles Lakers,22200437,2022-12-16T00:00:00,LAL vs. DEN,W,29.75,5,13,0.385,0,3,0.0,5,8,0.625,2,9,11,12,4,2,0,0,2,4,15,25,48.2,1,1,42.0,1,1,1,1,8323,7306,5108,16407,14184,10172,14184,2152,1170,10545,3077,766,1038,129,842,1343,7930,1,11553,2943,6803,395,1414,1,1,2224,1,29:45,2022,2023
2022-23,2544,LeBron James,LeBron,1610612747,LAL,Los Angeles Lakers,22200437,2022-12-16T00:00:00,LAL vs. DEN,W,35.93333333333333,13,21,0.619,1,4,0.25,3,4,0.75,1,8,9,4,2,2,0,2,2,4,30,26,50.8,0,0,48.0,1,1,1,1,2964,299,929,5609,8083,7558,11411,4622,4303,8358,6448,1233,2052,4531,4399,1343,7930,23619,11553,2943,950,316,1059,2163,120,1144,1,35:56,2022,2023
2022-23,1628418,Thomas Bryant,Thomas,1610612747,LAL,Los Angeles Lakers,22200437,2022-12-16T00:00:00,LAL vs. DEN,W,23.65,9,11,0.818,1,2,0.5,2,4,0.5,4,2,6,1,1,2,0,0,4,3,21,10,34.7,0,0,33.0,1,1,1,1,13170,1839,7093,1810,8083,13285,3860,6620,4303,10976,734,13188,5308,13459,8897,1343,7930,1,21892,4788,3416,4240,4914,2163,120,4946,1,23:39,2022,2023
2022-23,201976,Patrick Beverley,Patrick,1610612747,LAL,Los Angeles Lakers,22200437,2022-12-16T00:00:00,LAL vs. DEN,W,20.666666666666668,4,6,0.667,2,3,0.667,0,0,0.0,0,4,4,5,0,0,0,0,1,1,10,-11,22.3,0,0,21.0,1,1,1,1,15458,9586,14189,3571,4226,10172,1971,13851,14660,13851,13272,6530,9590,3151,16367,11790,7930,1,5181,11862,11243,21730,11173,2163,120,11203,1,20:40,2022,2023
2022-23,203471,Dennis Schröder,Dennis,1610612747,LAL,Los Angeles Lakers,22200437,2022-12-16T00:00:00,LAL vs. DEN,W,30.633333333333333,5,12,0.417,3,6,0.5,2,2,1.0,1,0,1,3,2,2,0,2,4,1,15,15,24.7,0,0,26.0,1,1,1,1,7585,7306,6024,14850,2120,3807,3860,6620,8080,1,6448,22091,19709,6516,4399,1343,7930,23619,21892,11862,6803,2225,9742,2163,120,8209,1,30:38,2022,2023
2022-23,1631108,Max Christie,Max,1610612747,LAL,Los Angeles Lakers,22200437,2022-12-16T00:00:00,LAL vs. DEN,W,15.933333333333334,2,5,0.4,2,3,0.667,0,0,0.0,2,1,3,0,0,0,1,0,1,0,6,14,12.6,0,0,13.0,1,1,1,1,18818,15467,16006,15219,4226,10172,1971,13851,14660,13851,3077,17626,12567,19186,16367,11790,2381,1,5181,17929,15841,2554,17612,2163,120,16689,1,15:56,2022,2023
2022-23,1627745,Damian Jones,Damian,1610612747,LAL,Los Angeles Lakers,22200437,2022-12-16T00:00:00,LAL vs. DEN,W,1.2166666666666666,0,0,0.0,0,0,0.0,0,0,0.0,0,0,0,0,0,0,0,0,0,0,0,-4,0.0,0,0,0.0,1,1,1,1,25636,22559,24678,22559,14184,20319,14184,13851,14660,13851,13272,22091,23082,19186,16367,11790,7930,1,1,17929,23116,16280,24963,2163,120,25002,1,1:13,2022,2023
2022-23,1629022,Lonnie Walker IV,Lonnie,1610612747,LAL,Los Angeles Lakers,22200437,2022-12-16T00:00:00,LAL vs. DEN,W,19.8,1,7,0.143,1,6,0.167,0,0,0.0,0,1,1,1,1,0,0,0,2,0,3,-15,4.7,0,0,6.0,1,1,1,1,16094,18953,12420,22241,8083,3807,13473,13851,14660,13851,13272,17626,19709,13459,8897,11790,7930,1,11553,17929,19811,23654,22528,2163,120,21425,1,19:48,2022,2023
2022-23,1628972,Troy Brown Jr.,Troy,1610612747,LAL,Los Angeles Lakers,22200437,2022-12-16T00:00:00,LAL vs. DEN,W,13.816666666666666,0,0,0.0,0,0,0.0,0,0,0.0,0,2,2,1,0,1,1,0,0,0,0,12,9.9,0,0,7.0,1,1,1,1,20150,22559,24678,22559,14184,20319,14184,13851,14660,13851,13272,13188,16055,13459,16367,4306,2381,1,1,17929,23116,3319,19395,2163,120,20760,1,13:49,2022,2023
2022-23,203076,Anthony Davis,Anthony,1610612747,LAL,Los Angeles Lakers,22200437,2022-12-16T00:00:00,LAL vs. DEN,W,17.45,4,6,0.667,0,0,0.0,2,2,1.0,0,4,4,2,2,1,1,0,2,1,10,-4,21.8,0,0,20.0,1,1,1,1,17815,9586,14189,3571,14184,20319,14184,6620,8080,1,13272,6530,9590,9342,4399,4306,2381,1,11553,11862,11243,16280,11473,2163,120,11856,1,17:27,2022,2023
2022-23,1629134,Kendrick Nunn,Kendrick,1610612747,LAL,Los Angeles Lakers,22200437,2022-12-16T00:00:00,LAL vs. DEN,W,1.2166666666666666,0,1,0.0,0,1,0.0,0,0,0.0,0,0,0,0,0,0,0,0,0,0,0,-4,0.0,0,0,0.0,1,1,1,1,25636,22559,23078,22559,14184,16669,14184,13851,14660,13851,13272,22091,23082,19186,16367,11790,7930,1,1,17929,23116,16280,24963,2163,120,25002,1,1:13,2022,2023
2022-23,203471,Dennis Schröder,Dennis,1610612747,LAL,Los Angeles Lakers,22200413,2022-12-13T00:00:00,LAL vs. BOS,L,19.35,0,2,0.0,0,1,0.0,2,2,1.0,0,1,1,1,0,0,0,0,2,1,2,-15,4.7,0,0,4.0,1,12947,12947,12947,16433,22559,21404,22559,14184,16669,14184,6620,8080,1,13272,17626,19709,13459,16367,11790,7930,1,11553,11862,21044,23654,22528,2163,120,22647,1,19:21,2022,2023
2022-23,1628418,Thomas Bryant,Thomas,1610612747,LAL,Los Angeles Lakers,22200413,2022-12-13T00:00:00,LAL vs. BOS,L,6.983333333333333,1,1,1.0,0,0,0.0,2,2,1.0,0,1,1,0,0,0,0,0,0,1,4,4,5.2,0,0,5.0,1,12947,12947,12947,23141,18953,23078,1,14184,20319,14184,6620,8080,1,13272,17626,19709,19186,16367,11790,7930,1,1,11862,18472,8218,22270,2163,120,22051,1,6:59,2022,2023
2022-23,1628972,Troy Brown Jr.,Troy,1610612747,LAL,Los Angeles Lakers,22200413,2022-12-13T00:00:00,LAL vs. BOS,L,30.8,1,3,0.333,0,2,0.0,0,0,0.0,0,3,3,0,1,1,0,0,2,0,2,12,7.6,0,0,7.0,1,12947,12947,12947,7453,18953,19669,17586,14184,13285,14184,13851,14660,13851,13272,9404,12567,19186,8897,4306,7930,1,11553,17929,21044,3319,20820,2163,120,20760,1,30:48,2022,2023
2022-23,1629134,Kendrick Nunn,Kendrick,1610612747,LAL,Los Angeles Lakers,22200413,2022-12-13T00:00:00,LAL vs. BOS,L,6.416666666666667,1,2,0.5,1,1,1.0,0,0,0.0,0,0,0,0,0,0,0,0,0,0,3,-2,3.0,0,0,4.0,1,12947,12947,12947,23359,18953,21404,9075,8083,16669,1,13851,14660,13851,13272,22091,23082,19186,16367,11790,7930,1,1,17929,19811,14174,23533,2163,120,22647,1,6:25,2022,2023
2022-23,1629022,Lonnie Walker IV,Lonnie,1610612747,LAL,Los Angeles Lakers,22200413,2022-12-13T00:00:00,LAL vs. BOS,L,23.466666666666665,3,6,0.5,1,1,1.0,0,1,0.0,1,2,3,0,1,0,0,1,0,1,7,-18,9.6,0,0,11.0,1,12947,12947,12947,13297,12366,14189,9075,8083,16669,1,13851,13074,13851,6448,13188,12567,19186,8897,11790,7930,17468,1,11862,14745,24536,19584,2163,120,18113,1,23:28,2022,2023
2022-23,201976,Patrick Beverley,Patrick,1610612747,LAL,Los Angeles Lakers,22200413,2022-12-13T00:00:00,LAL vs. BOS,L,18.75,2,5,0.4,2,3,0.667,0,0,0.0,0,2,2,0,2,0,1,0,1,0,6,-10,9.4,0,0,12.0,1,12947,12947,12947,16876,15467,16006,15219,4226,10172,1971,13851,14660,13851,13272,13188,16055,19186,4399,11790,2381,1,5181,17929,15841,21112,19721,2163,120,17408,1,18:45,2022,2023
2022-23,1630559,Austin Reaves,Austin,1610612747,LAL,Los Angeles Lakers,22200413,2022-12-13T00:00:00,LAL vs. BOS,L,35.583333333333336,2,6,0.333,0,2,0.0,0,0,0.0,1,3,4,5,0,2,2,0,3,1,4,8,28.3,0,0,21.0,1,12947,12947,12947,3261,15467,14189,17586,14184,13285,14184,13851,14660,13851,6448,9404,9590,3151,16367,1343,751,1,17562,11862,18472,5327,7718,2163,120,11203,1,35:35,2022,2023
2022-23,203076,Anthony Davis,Anthony,1610612747,LAL,Los Angeles Lakers,22200413,2022-12-13T00:00:00,LAL vs. BOS,L,46.016666666666666,13,24,0.542,0,2,0.0,11,15,0.733,4,8,12,3,1,1,1,1,1,10,37,-8,60.9,1,0,56.0,1,12947,12947,12947,58,299,357,8442,14184,13285,14184,191,96,9418,734,1233,725,6516,8897,4306,2381,17468,5181,100,288,19762,295,1,120,442,1,46:01,2022,2023
2022-23,201566,Russell Westbrook,Russell,1610612747,LAL,Los Angeles Lakers,22200413,2022-12-13T00:00:00,LAL vs. BOS,L,34.85,7,19,0.368,1,6,0.167,5,6,0.833,1,13,14,5,2,1,4,0,4,3,20,-1,57.3,1,0,50.0,1,12947,12947,12947,3875,3877,1551,17098,8083,3807,13473,2152,2263,7354,6448,116,315,3151,4399,4306,87,1,21892,4788,3852,13132,484,1,120,916,1,34:51,2022,2023
2022-23,2544,LeBron James,LeBron,1610612747,LAL,Los Angeles Lakers,22200413,2022-12-13T00:00:00,LAL vs. BOS,L,42.78333333333333,14,25,0.56,3,11,0.273,2,4,0.5,0,9,9,9,4,2,1,0,4,5,33,10,62.3,0,0,60.0,1,12947,12947,12947,192,175,243,7754,2120,408,11360,6620,4303,10976,13272,766,2052,634,842,1343,2381,1,21892,1742,564,4240,239,2163,120,221,1,42:47,2022,2023
2022-23,201566,Russell Westbrook,Russell,1610612747,LAL,Los Angeles Lakers,22200396,2022-12-11T00:00:00,LAL @ DET,W,21.383333333333333,5,9,0.556,0,1,0.0,1,2,0.5,0,4,4,9,4,1,0,1,1,1,11,-12,28.3,0,0,26.0,1,1,1,1,14889,7306,9460,7770,14184,16669,14184,10510,8080,10976,13272,6530,9590,634,842,4306,7930,17468,5181,11862,10274,22269,7718,2163,120,8209,1,21:23,2022,2023
2022-23,1629022,Lonnie Walker IV,Lonnie,1610612747,LAL,Los Angeles Lakers,22200396,2022-12-11T00:00:00,LAL @ DET,W,29.83333333333333,7,10,0.7,4,6,0.667,0,0,0.0,0,2,2,0,0,1,0,0,3,0,18,2,23.4,0,0,26.0,1,1,1,1,8260,3877,8199,3317,1024,3807,1971,13851,14660,13851,13272,13188,16055,19186,16367,4306,7930,1,17562,17929,4863,9989,10527,2163,120,8209,1,29:50,2022,2023
2022-23,203076,Anthony Davis,Anthony,1610612747,LAL,Los Angeles Lakers,22200396,2022-12-11T00:00:00,LAL @ DET,W,35.733333333333334,12,18,0.667,0,1,0.0,10,12,0.833,3,12,15,7,1,2,1,0,3,10,34,7,70.5,1,0,62.0,1,1,1,1,3125,474,1948,3571,14184,16669,14184,300,280,7354,1492,187,222,1460,8897,1343,2381,1,17562,100,480,5992,67,1,120,156,1,35:44,2022,2023
2022-23,2544,LeBron James,LeBron,1610612747,LAL,Los Angeles Lakers,22200396,2022-12-11T00:00:00,LAL @ DET,W,36.86666666666667,14,24,0.583,2,6,0.333,5,5,1.0,1,4,5,5,1,1,0,0,1,4,35,18,50.5,0,0,49.0,1,1,1,1,2261,175,357,6763,4226,3807,8680,2152,3311,1,6448,6530,7186,3151,8897,4306,7930,1,5181,2943,404,1403,1086,2163,120,1023,1,36:52,2022,2023
2022-23,203471,Dennis Schröder,Dennis,1610612747,LAL,Los Angeles Lakers,22200396,2022-12-11T00:00:00,LAL @ DET,W,32.78333333333333,2,6,0.333,1,2,0.5,0,0,0.0,0,2,2,5,2,0,0,1,2,0,5,15,12.9,0,0,13.0,1,1,1,1,5678,15467,14189,17586,8083,13285,3860,13851,14660,13851,13272,13188,16055,3151,4399,11790,7930,17468,11553,17929,17251,2225,17405,2163,120,16689,1,32:47,2022,2023
2022-23,1628972,Troy Brown Jr.,Troy,1610612747,LAL,Los Angeles Lakers,22200396,2022-12-11T00:00:00,LAL @ DET,W,14.983333333333333,0,2,0.0,0,1,0.0,2,2,1.0,2,2,4,0,0,1,0,0,0,1,2,-2,9.8,0,0,8.0,1,1,1,1,19454,22559,21404,22559,14184,16669,14184,6620,8080,1,3077,13188,9590,19186,16367,4306,7930,1,1,11862,21044,14174,19470,2163,120,20094,1,14:59,2022,2023
2022-23,1629134,Kendrick Nunn,Kendrick,1610612747,LAL,Los Angeles Lakers,22200396,2022-12-11T00:00:00,LAL @ DET,W,3.1166666666666667,0,0,0.0,0,0,0.0,0,0,0.0,0,0,0,0,0,0,0,0,0,0,0,-1,0.0,0,0,0.0,1,1,1,1,24763,22559,24678,22559,14184,20319,14184,13851,14660,13851,13272,22091,23082,19186,16367,11790,7930,1,1,17929,23116,13132,24963,2163,120,25002,1,3:07,2022,2023
2022-23,201976,Patrick Beverley,Patrick,1610612747,LAL,Los Angeles Lakers,22200396,2022-12-11T00:00:00,LAL @ DET,W,24.45,1,5,0.2,1,4,0.25,2,4,0.5,0,5,5,3,0,2,0,0,4,2,5,5,21.5,0,0,18.0,1,1,1,1,12539,18953,16006,21480,8083,7558,11411,6620,4303,10976,13272,4379,7186,6516,16367,1343,7930,1,21892,7612,17251,7441,11666,2163,120,13199,1,24:27,2022,2023
2022-23,1628418,Thomas Bryant,Thomas,1610612747,LAL,Los Angeles Lakers,22200396,2022-12-11T00:00:00,LAL @ DET,W,12.266666666666667,2,4,0.5,0,0,0.0,1,2,0.5,0,2,2,0,0,0,2,1,0,1,5,0,13.4,0,0,11.0,1,1,1,1,21019,15467,17859,9075,14184,20319,14184,10510,8080,10976,13272,13188,16055,19186,16367,11790,751,17468,1,11862,17251,11977,17068,2163,120,18113,1,12:16,2022,2023
2022-23,1630559,Austin Reaves,Austin,1610612747,LAL,Los Angeles Lakers,22200396,2022-12-11T00:00:00,LAL @ DET,W,28.58333333333333,3,6,0.5,3,5,0.6,0,0,0.0,0,3,3,2,3,0,1,0,0,0,9,3,15.6,0,0,19.0,1,1,1,1,9258,12366,14189,9075,2120,5511,3022,13851,14660,13851,13272,9404,12567,9342,2046,11790,2381,1,1,17929,12345,9061,15549,2163,120,12497,1,28:35,2022,2023
2022-23,203471,Dennis Schröder,Dennis,1610612747,LAL,Los Angeles Lakers,22200382,2022-12-09T00:00:00,LAL @ PHI,L,21.366666666666667,2,5,0.4,0,2,0.0,0,0,0.0,0,1,1,4,1,0,0,0,1,0,4,-17,10.2,0,0,9.0,1,12947,12947,12947,14908,15467,16006,15219,14184,13285,14184,13851,14660,13851,13272,17626,19709,4531,8897,11790,7930,1,5181,17929,18472,24272,19191,2163,120,19461,1,21:22,2022,2023
2022-23,201976,Patrick Beverley,Patrick,1610612747,LAL,Los Angeles Lakers,22200382,2022-12-09T00:00:00,LAL @ PHI,L,38.275,4,4,1.0,1,1,1.0,0,0,0.0,0,3,3,3,2,2,1,0,4,1,9,5,24.1,0,0,22.0,1,12947,12947,12947,1366,9586,17859,1,8083,16669,1,13851,14660,13851,13272,9404,12567,6516,4399,1343,2381,1,21892,11862,12345,7441,10112,2163,120,10568,1,38:17,2022,2023
2022-23,1628418,Thomas Bryant,Thomas,1610612747,LAL,Los Angeles Lakers,22200382,2022-12-09T00:00:00,LAL @ PHI,L,6.016666666666667,1,1,1.0,1,1,1.0,0,0,0.0,1,0,1,0,0,0,0,0,1,0,3,-13,4.2,0,0,5.0,1,12947,12947,12947,23519,18953,23078,1,8083,16669,1,13851,14660,13851,6448,22091,19709,19186,16367,11790,7930,1,5181,17929,19811,22762,22835,2163,120,22051,1,6:01,2022,2023
2022-23,201566,Russell Westbrook,Russell,1610612747,LAL,Los Angeles Lakers,22200382,2022-12-09T00:00:00,LAL @ PHI,L,36.25,4,14,0.286,1,5,0.2,3,4,0.75,2,9,11,11,4,4,0,1,4,3,12,-7,49.7,1,1,43.0,1,12947,12947,12947,2728,9586,4330,19742,8083,5511,12795,4622,4303,8358,3077,766,1038,243,842,90,7930,17468,21892,4788,9310,18993,1194,1,1,2000,1,36:15,2022,2023
2022-23,1629022,Lonnie Walker IV,Lonnie,1610612747,LAL,Los Angeles Lakers,22200382,2022-12-09T00:00:00,LAL @ PHI,L,32.9,6,11,0.545,3,5,0.6,0,0,0.0,0,3,3,0,3,0,1,0,0,0,15,-6,18.6,0,0,23.0,1,12947,12947,12947,5579,5438,7093,8194,2120,5511,3022,13851,14660,13851,13272,9404,12567,19186,2046,11790,2381,1,1,17929,6803,18185,13530,2163,120,9958,1,32:54,2022,2023
2022-23,1630559,Austin Reaves,Austin,1610612747,LAL,Los Angeles Lakers,22200382,2022-12-09T00:00:00,LAL @ PHI,L,40.833333333333336,9,15,0.6,4,6,0.667,3,4,0.75,1,1,2,5,3,2,0,0,5,7,25,-4,37.9,0,0,40.0,1,12947,12947,12947,450,1839,3608,5804,1024,3807,1971,4622,4303,8358,6448,17626,16055,3151,2046,1343,7930,1,24422,559,2009,16280,3795,2163,120,2713,1,40:50,2022,2023
2022-23,203076,Anthony Davis,Anthony,1610612747,LAL,Los Angeles Lakers,22200382,2022-12-09T00:00:00,LAL @ PHI,L,36.15833333333333,9,13,0.692,0,1,0.0,13,14,0.929,2,10,12,0,3,2,2,1,5,10,31,16,54.4,1,0,51.0,1,12947,12947,12947,2804,1839,5108,3448,14184,16669,14184,90,148,6634,3077,496,725,19186,2046,1343,751,17468,24422,100,795,1910,704,1,120,824,1,36:10,2022,2023
2022-23,2544,LeBron James,LeBron,1610612747,LAL,Los Angeles Lakers,22200382,2022-12-09T00:00:00,LAL @ PHI,L,43.835,9,22,0.409,1,8,0.125,4,8,0.5,1,3,4,6,3,2,0,0,3,9,23,-10,39.8,0,0,38.0,1,12947,12947,12947,125,1839,695,15180,8083,1659,14059,3075,1170,10976,6448,9404,9590,2101,2046,1343,7930,1,17562,194,2654,21112,3209,2163,120,3280,1,43:50,2022,2023
2022-23,1628972,Troy Brown Jr.,Troy,1610612747,LAL,Los Angeles Lakers,22200382,2022-12-09T00:00:00,LAL @ PHI,L,9.365,0,3,0.0,0,2,0.0,0,0,0.0,0,0,0,0,0,0,0,0,0,0,0,-19,0.0,0,0,0.0,1,12947,12947,12947,22302,22559,19669,22559,14184,13285,14184,13851,14660,13851,13272,22091,23082,19186,16367,11790,7930,1,1,17929,23116,24752,24963,2163,120,25002,1,9:22,2022,2023
2022-23,201566,Russell Westbrook,Russell,1610612747,LAL,Los Angeles Lakers,22200366,2022-12-07T00:00:00,LAL @ TOR,L,28.1,5,13,0.385,1,4,0.25,5,7,0.714,4,5,9,4,5,1,0,1,3,4,16,-18,30.8,0,0,32.0,1,12947,12947,12947,9637,7306,5108,16407,8083,7558,11411,2152,1700,9448,734,4379,2052,4531,319,4306,7930,17468,17562,2943,6103,24536,6558,2163,120,5369,1,28:06,2022,2023
2022-23,1631108,Max Christie,Max,1610612747,LAL,Los Angeles Lakers,22200366,2022-12-07T00:00:00,LAL @ TOR,L,13.35,2,5,0.4,1,3,0.333,0,0,0.0,0,3,3,0,1,0,0,0,1,0,5,4,7.6,0,0,9.0,1,12947,12947,12947,20422,15467,16006,15219,8083,10172,8680,13851,14660,13851,13272,9404,12567,19186,8897,11790,7930,1,5181,17929,17251,8218,20820,2163,120,19461,1,13:21,2022,2023
2022-23,1629308,Juan Toscano-Anderson,Juan,1610612747,LAL,Los Angeles Lakers,22200366,2022-12-07T00:00:00,LAL @ TOR,L,15.65,1,2,0.5,0,0,0.0,1,2,0.5,0,3,3,2,1,0,0,0,1,1,3,5,8.6,0,0,8.0,1,12947,12947,12947,19009,18953,21404,9075,14184,20319,14184,10510,8080,10976,13272,9404,12567,9342,8897,11790,7930,1,5181,11862,19811,7441,20216,2163,120,20094,1,15:39,2022,2023
2022-23,1629134,Kendrick Nunn,Kendrick,1610612747,LAL,Los Angeles Lakers,22200366,2022-12-07T00:00:00,LAL @ TOR,L,21.0,6,13,0.462,1,5,0.2,2,2,1.0,0,2,2,1,1,3,0,0,3,1,15,-1,26.9,0,0,25.0,1,12947,12947,12947,15208,5438,5108,12925,8083,5511,12795,6620,8080,1,13272,13188,16055,13459,8897,387,7930,1,17562,11862,6803,13132,8482,2163,120,8774,1,21:00,2022,2023
2022-23,1629022,Lonnie Walker IV,Lonnie,1610612747,LAL,Los Angeles Lakers,22200366,2022-12-07T00:00:00,LAL @ TOR,L,25.53333333333333,5,16,0.313,2,7,0.286,0,0,0.0,0,3,3,0,1,0,0,1,2,0,12,-37,14.6,0,0,17.0,1,12947,12947,12947,11709,7306,2947,19348,4226,2551,10982,13851,14660,13851,13272,9404,12567,19186,8897,11790,7930,17468,11553,17929,9310,25877,16245,2163,120,13833,1,25:32,2022,2023
2022-23,1630559,Austin Reaves,Austin,1610612747,LAL,Los Angeles Lakers,22200366,2022-12-07T00:00:00,LAL @ TOR,L,28.433333333333334,4,12,0.333,1,6,0.167,1,1,1.0,1,1,2,3,0,0,0,0,3,1,10,-11,16.9,0,0,16.0,1,12947,12947,12947,9369,9586,6024,17586,8083,3807,13473,10510,13074,1,6448,17626,16055,6516,16367,11790,7930,1,17562,11862,11243,21730,14644,2163,120,14513,1,28:26,2022,2023
2022-23,1628972,Troy Brown Jr.,Troy,1610612747,LAL,Los Angeles Lakers,22200366,2022-12-07T00:00:00,LAL @ TOR,L,23.266666666666666,2,6,0.333,0,3,0.0,4,4,1.0,0,4,4,0,2,0,0,0,1,2,8,3,10.8,0,0,12.0,1,12947,12947,12947,13439,15467,14189,17586,14184,10172,14184,3075,4303,1,13272,6530,9590,19186,4399,11790,7930,1,5181,7612,13462,9061,18813,2163,120,17408,1,23:16,2022,2023
2022-23,203471,Dennis Schröder,Dennis,1610612747,LAL,Los Angeles Lakers,22200366,2022-12-07T00:00:00,LAL @ TOR,L,27.683333333333334,5,10,0.5,1,4,0.25,7,7,1.0,0,5,5,3,2,0,0,2,1,5,18,-8,26.5,0,0,27.0,1,12947,12947,12947,10017,7306,8199,9075,8083,7558,11411,993,1700,1,13272,4379,7186,6516,4399,11790,7930,23619,5181,1742,4863,19762,8726,2163,120,7676,1,27:41,2022,2023
2022-23,1627745,Damian Jones,Damian,1610612747,LAL,Los Angeles Lakers,22200366,2022-12-07T00:00:00,LAL @ TOR,L,25.266666666666666,4,5,0.8,0,0,0.0,2,2,1.0,4,6,10,1,1,0,1,1,0,2,10,0,25.5,1,0,23.0,1,12947,12947,12947,11901,9586,16006,1839,14184,20319,14184,6620,8080,1,734,2868,1446,13459,8897,11790,2381,17468,1,7612,11243,11977,9281,1,120,9958,1,25:16,2022,2023
2022-23,1628418,Thomas Bryant,Thomas,1610612747,LAL,Los Angeles Lakers,22200366,2022-12-07T00:00:00,LAL @ TOR,L,31.716666666666665,3,5,0.6,0,1,0.0,10,10,1.0,1,4,5,2,1,2,2,0,2,6,16,-2,36.0,0,0,31.0,1,12947,12947,12947,6626,12366,16006,5804,14184,16669,14184,300,576,1,6448,6530,7186,9342,8897,1343,751,1,11553,993,6103,14174,4441,2163,120,5759,1,31:43,2022,2023
2022-23,1628418,Thomas Bryant,Thomas,1610612747,LAL,Los Angeles Lakers,22200360,2022-12-06T00:00:00,LAL @ CLE,L,28.166666666666668,8,12,0.667,1,4,0.25,2,2,1.0,5,4,9,1,2,0,0,1,3,1,19,6,29.3,0,0,30.0,1,12947,12947,12947,9593,2711,6024,3571,8083,7558,11411,6620,8080,1,342,6530,2052,13459,4399,11790,7930,17468,17562,11862,4335,6694,7257,2163,120,6218,1,28:10,2022,2023
2022-23,2544,LeBron James,LeBron,1610612747,LAL,Los Angeles Lakers,22200360,2022-12-06T00:00:00,LAL @ CLE,L,35.61666666666667,8,17,0.471,2,6,0.333,3,4,0.75,4,13,17,4,3,1,1,0,0,2,21,-14,50.4,1,0,48.0,1,12947,12947,12947,3231,2711,2392,12664,4226,3807,8680,4622,4303,8358,734,116,97,4531,2046,4306,2381,1,1,7612,3416,23232,1104,1,120,1144,1,35:37,2022,2023
2022-23,1628972,Troy Brown Jr.,Troy,1610612747,LAL,Los Angeles Lakers,22200360,2022-12-06T00:00:00,LAL @ CLE,L,21.35,2,5,0.4,1,3,0.333,0,0,0.0,1,3,4,1,1,1,1,0,1,0,5,6,16.3,0,0,15.0,1,12947,12947,12947,14924,15467,16006,15219,8083,10172,8680,13851,14660,13851,6448,9404,9590,13459,8897,4306,2381,1,5181,17929,17251,6694,15062,2163,120,15266,1,21:21,2022,2023
2022-23,201566,Russell Westbrook,Russell,1610612747,LAL,Los Angeles Lakers,22200360,2022-12-06T00:00:00,LAL @ CLE,L,26.05,6,13,0.462,0,1,0.0,4,5,0.8,1,2,3,3,4,0,2,2,2,4,16,-13,26.1,0,0,26.0,1,12947,12947,12947,11291,5438,5108,12925,14184,16669,14184,3075,3311,7793,6448,13188,12567,6516,842,11790,751,23619,11553,2943,6103,22762,8951,2163,120,8209,1,26:03,2022,2023
2022-23,1629022,Lonnie Walker IV,Lonnie,1610612747,LAL,Los Angeles Lakers,22200360,2022-12-06T00:00:00,LAL @ CLE,L,24.58333333333333,3,10,0.3,0,5,0.0,1,1,1.0,0,1,1,3,0,0,0,0,1,2,7,-15,12.7,0,0,11.0,1,12947,12947,12947,12440,12366,8199,19519,14184,5511,14184,10510,13074,1,13272,17626,19709,6516,16367,11790,7930,1,5181,7612,14745,23654,17538,2163,120,18113,1,24:35,2022,2023
2022-23,1630559,Austin Reaves,Austin,1610612747,LAL,Los Angeles Lakers,22200360,2022-12-06T00:00:00,LAL @ CLE,L,25.966666666666665,3,9,0.333,0,4,0.0,2,2,1.0,0,0,0,0,2,1,0,0,2,2,8,-20,9.0,0,0,10.0,1,12947,12947,12947,11361,12366,9460,17586,14184,7558,14184,6620,8080,1,13272,22091,23082,19186,4399,4306,7930,1,11553,7612,13462,24933,19978,2163,120,18804,1,25:58,2022,2023
2022-23,203471,Dennis Schröder,Dennis,1610612747,LAL,Los Angeles Lakers,22200360,2022-12-06T00:00:00,LAL @ CLE,L,26.78333333333333,6,13,0.462,1,6,0.167,3,3,1.0,0,1,1,0,3,0,0,0,0,2,16,-13,14.2,0,0,18.0,1,12947,12947,12947,10748,5438,5108,12925,8083,3807,13473,4622,6555,1,13272,17626,19709,19186,2046,11790,7930,1,1,7612,6103,22762,16506,2163,120,13199,1,26:47,2022,2023
2022-23,201976,Patrick Beverley,Patrick,1610612747,LAL,Los Angeles Lakers,22200360,2022-12-06T00:00:00,LAL @ CLE,L,21.466666666666665,1,5,0.2,1,5,0.2,2,2,1.0,0,1,1,2,0,1,1,0,1,1,5,-5,15.2,0,0,13.0,1,12947,12947,12947,14823,18953,16006,21480,8083,5511,12795,6620,8080,1,13272,17626,19709,9342,16367,4306,2381,1,5181,11862,17251,17295,15829,2163,120,16689,1,21:28,2022,2023
2022-23,1629134,Kendrick Nunn,Kendrick,1610612747,LAL,Los Angeles Lakers,22200360,2022-12-06T00:00:00,LAL @ CLE,L,6.683333333333334,0,4,0.0,0,2,0.0,0,0,0.0,0,0,0,0,0,0,0,0,1,1,0,1,0.0,0,0,0.0,1,12947,12947,12947,23261,22559,17859,22559,14184,13285,14184,13851,14660,13851,13272,22091,23082,19186,16367,11790,7930,1,5181,11862,23116,11018,24963,2163,120,25002,1,6:41,2022,2023
2022-23,1627745,Damian Jones,Damian,1610612747,LAL,Los Angeles Lakers,22200360,2022-12-06T00:00:00,LAL @ CLE,L,11.866666666666667,0,0,0.0,0,0,0.0,2,2,1.0,2,2,4,0,1,0,1,0,1,3,2,2,8.8,0,0,8.0,1,12947,12947,12947,21282,22559,24678,22559,14184,20319,14184,6620,8080,1,3077,13188,9590,19186,8897,11790,2381,1,5181,4788,21044,9989,20110,2163,120,20094,1,11:52,2022,2023
2022-23,203076,Anthony Davis,Anthony,1610612747,LAL,Los Angeles Lakers,22200360,2022-12-06T00:00:00,LAL @ CLE,L,8.116666666666667,0,0,0.0,0,0,0.0,1,3,0.333,1,2,3,2,0,0,0,0,0,2,1,-6,7.6,0,0,6.0,1,12947,12947,12947,22742,22559,24678,22559,14184,20319,14184,10510,6555,13452,6448,13188,12567,9342,16367,11790,7930,1,1,7612,22905,18185,20820,2163,120,21425,1,8:07,2022,2023
2022-23,1629308,Juan Toscano-Anderson,Juan,1610612747,LAL,Los Angeles Lakers,22200360,2022-12-06T00:00:00,LAL @ CLE,L,3.35,1,1,1.0,0,0,0.0,0,0,0.0,0,0,0,0,0,0,0,0,1,0,2,1,2.0,0,0,2.0,1,12947,12947,12947,24664,18953,23078,1,14184,20319,14184,13851,14660,13851,13272,22091,23082,19186,16367,11790,7930,1,5181,17929,21044,11018,24065,2163,120,23851,1,3:21,2022,2023
2022-23,1628418,Thomas Bryant,Thomas,1610612747,LAL,Los Angeles Lakers,22200349,2022-12-04T00:00:00,LAL @ WAS,W,10.383333333333333,2,4,0.5,0,0,0.0,0,4,0.0,1,4,5,0,0,0,0,1,1,2,4,5,10.0,0,0,9.0,1,1,1,1,21905,15467,17859,9075,14184,20319,14184,13851,4303,13851,6448,6530,7186,19186,16367,11790,7930,17468,5181,7612,18472,7441,19342,2163,120,19461,1,10:23,2022,2023
2022-23,201976,Patrick Beverley,Patrick,1610612747,LAL,Los Angeles Lakers,22200349,2022-12-04T00:00:00,LAL @ WAS,W,24.08333333333333,0,4,0.0,0,4,0.0,1,2,0.5,2,2,4,1,0,1,1,0,2,2,1,5,13.3,0,0,10.0,1,1,1,1,12824,22559,17859,22559,14184,7558,14184,10510,8080,10976,3077,13188,9590,13459,16367,4306,2381,1,11553,7612,22905,7441,17166,2163,120,18804,1,24:05,2022,2023
2022-23,1628972,Troy Brown Jr.,Troy,1610612747,LAL,Los Angeles Lakers,22200349,2022-12-04T00:00:00,LAL @ WAS,W,16.7,2,4,0.5,2,3,0.667,0,0,0.0,0,1,1,2,0,0,0,1,1,2,6,9,10.2,0,0,11.0,1,1,1,1,18318,15467,17859,9075,4226,10172,1971,13851,14660,13851,13272,17626,19709,9342,16367,11790,7930,17468,5181,7612,15841,4755,19191,2163,120,18113,1,16:42,2022,2023
2022-23,1629022,Lonnie Walker IV,Lonnie,1610612747,LAL,Los Angeles Lakers,22200349,2022-12-04T00:00:00,LAL @ WAS,W,24.83333333333333,7,10,0.7,4,4,1.0,2,2,1.0,0,2,2,1,0,1,0,0,1,1,20,10,26.9,0,0,29.0,1,1,1,1,12244,3877,8199,3317,1024,7558,1,6620,8080,1,13272,13188,16055,13459,16367,4306,7930,1,5181,11862,3852,4240,8482,2163,120,6681,1,24:50,2022,2023
2022-23,203076,Anthony Davis,Anthony,1610612747,LAL,Los Angeles Lakers,22200349,2022-12-04T00:00:00,LAL @ WAS,W,37.54833333333333,22,30,0.733,2,3,0.667,9,9,1.0,3,14,17,1,2,0,3,2,1,8,55,17,83.9,1,0,81.0,1,1,1,1,1821,1,27,2869,4226,10172,1971,452,842,1,1492,66,97,13459,4399,11790,252,23619,5181,331,8,1637,11,1,120,9,1,37:33,2022,2023
2022-23,2544,LeBron James,LeBron,1610612747,LAL,Los Angeles Lakers,22200349,2022-12-04T00:00:00,LAL @ WAS,W,34.44833333333333,12,26,0.462,2,7,0.286,3,4,0.75,1,7,8,6,5,1,0,1,3,5,29,13,45.6,0,0,47.0,1,1,1,1,4231,474,171,12925,4226,2551,10982,4622,4303,8358,6448,1900,2807,2101,319,4306,7930,17468,17562,1742,1129,2916,1885,2163,120,1278,1,34:27,2022,2023
2022-23,1629117,Wenyen Gabriel,Wenyen,1610612747,LAL,Los Angeles Lakers,22200349,2022-12-04T00:00:00,LAL @ WAS,W,8.601666666666667,0,1,0.0,0,1,0.0,0,0,0.0,2,0,2,0,0,0,1,0,2,0,0,-14,5.4,0,0,4.0,1,1,1,1,22577,22559,23078,22559,14184,16669,14184,13851,14660,13851,3077,22091,16055,19186,16367,11790,2381,1,11553,17929,23116,23232,22163,2163,120,22647,1,8:36,2022,2023
2022-23,201566,Russell Westbrook,Russell,1610612747,LAL,Los Angeles Lakers,22200349,2022-12-04T00:00:00,LAL @ WAS,W,28.633333333333333,3,8,0.375,0,1,0.0,0,0,0.0,0,7,7,15,6,0,0,1,2,1,6,0,30.9,0,0,28.0,1,1,1,1,9226,12366,10854,16626,14184,16669,14184,13851,14660,13851,13272,1900,3911,26,120,11790,7930,17468,11553,11862,15841,11977,6519,2163,120,7166,1,28:38,2022,2023
2022-23,1630559,Austin Reaves,Austin,1610612747,LAL,Los Angeles Lakers,22200349,2022-12-04T00:00:00,LAL @ WAS,W,24.585,2,4,0.5,0,2,0.0,1,1,1.0,0,3,3,0,0,0,0,0,1,1,5,-4,8.6,0,0,8.0,1,1,1,1,12439,15467,17859,9075,14184,13285,14184,10510,13074,1,13272,9404,12567,19186,16367,11790,7930,1,5181,11862,17251,16280,20216,2163,120,20094,1,24:35,2022,2023
2022-23,203471,Dennis Schröder,Dennis,1610612747,LAL,Los Angeles Lakers,22200349,2022-12-04T00:00:00,LAL @ WAS,W,30.183333333333334,2,5,0.4,0,1,0.0,0,0,0.0,0,2,2,8,2,2,0,2,0,1,4,14,22.4,0,0,18.0,1,1,1,1,7966,15467,16006,15219,14184,16669,14184,13851,14660,13851,13272,13188,16055,963,4399,1343,7930,23619,1,11862,18472,2554,11109,2163,120,13199,1,30:11,2022,2023
2022-23,2544,LeBron James,LeBron,1610612747,LAL,Los Angeles Lakers,22200331,2022-12-02T00:00:00,LAL @ MIL,W,37.21333333333333,12,27,0.444,3,6,0.5,1,2,0.5,1,7,8,11,0,2,0,1,2,3,28,6,60.1,1,0,54.0,1,1,1,1,2039,474,114,13499,2120,3807,3860,10510,8080,10976,6448,1900,2807,243,16367,1343,7930,17468,11553,4788,1320,6694,340,1,120,577,1,37:13,2022,2023
2022-23,201566,Russell Westbrook,Russell,1610612747,LAL,Los Angeles Lakers,22200331,2022-12-02T00:00:00,LAL @ MIL,W,28.566666666666663,6,11,0.545,0,2,0.0,3,7,0.429,2,5,7,11,0,0,0,0,4,4,15,4,39.9,1,0,33.0,1,1,1,1,9271,5438,7093,8194,14184,13285,14184,4622,1700,13337,3077,4379,3911,243,16367,11790,7930,1,21892,2943,6803,8218,3179,1,120,4946,1,28:34,2022,2023
2022-23,203076,Anthony Davis,Anthony,1610612747,LAL,Los Angeles Lakers,22200331,2022-12-02T00:00:00,LAL @ MIL,W,39.63166666666667,18,27,0.667,2,3,0.667,6,7,0.857,2,8,10,4,0,0,3,2,2,5,44,5,71.0,1,0,66.0,1,1,1,1,780,21,114,3571,4226,10172,1971,1457,1700,7116,3077,1233,1446,4531,16367,11790,252,23619,11553,1742,55,7441,61,1,120,89,1,39:38,2022,2023
2022-23,1629117,Wenyen Gabriel,Wenyen,1610612747,LAL,Los Angeles Lakers,22200331,2022-12-02T00:00:00,LAL @ MIL,W,14.37,2,4,0.5,1,1,1.0,0,0,0.0,4,2,6,1,1,1,0,0,1,0,5,14,15.7,0,0,15.0,1,1,1,1,19841,15467,17859,9075,8083,16669,1,13851,14660,13851,734,13188,5308,13459,8897,4306,7930,1,5181,17929,17251,2554,15488,2163,120,15266,1,14:22,2022,2023
2022-23,1628418,Thomas Bryant,Thomas,1610612747,LAL,Los Angeles Lakers,22200331,2022-12-02T00:00:00,LAL @ MIL,W,4.285,1,1,1.0,0,0,0.0,2,2,1.0,0,0,0,0,0,0,0,0,1,1,4,-5,4.0,0,0,4.0,1,1,1,1,24212,18953,23078,1,14184,20319,14184,6620,8080,1,13272,22091,23082,19186,16367,11790,7930,1,5181,11862,18472,17295,23027,2163,120,22647,1,4:17,2022,2023
2022-23,201976,Patrick Beverley,Patrick,1610612747,LAL,Los Angeles Lakers,22200331,2022-12-02T00:00:00,LAL @ MIL,W,23.366666666666667,3,5,0.6,1,3,0.333,0,0,0.0,1,3,4,2,1,0,0,0,3,0,7,-7,13.8,0,0,14.0,1,1,1,1,13379,12366,16006,5804,8083,10172,8680,13851,14660,13851,6448,9404,9590,9342,8897,11790,7930,1,17562,17929,14745,18993,16808,2163,120,16001,1,23:22,2022,2023
2022-23,1629134,Kendrick Nunn,Kendrick,1610612747,LAL,Los Angeles Lakers,22200331,2022-12-02T00:00:00,LAL @ MIL,W,2.4066666666666667,0,2,0.0,0,2,0.0,0,0,0.0,0,1,1,1,0,0,0,0,1,0,0,-1,2.7,0,0,2.0,1,1,1,1,25111,22559,21404,22559,14184,13285,14184,13851,14660,13851,13272,17626,19709,13459,16367,11790,7930,1,5181,17929,23116,13132,23752,2163,120,23851,1,2:24,2022,2023
2022-23,1629022,Lonnie Walker IV,Lonnie,1610612747,LAL,Los Angeles Lakers,22200331,2022-12-02T00:00:00,LAL @ MIL,W,33.56333333333333,4,10,0.4,2,5,0.4,4,4,1.0,0,2,2,0,0,0,1,1,1,2,14,-3,19.4,0,0,20.0,1,1,1,1,4990,9586,8199,15219,4226,5511,7498,3075,4303,1,13272,13188,16055,19186,16367,11790,2381,17468,5181,7612,7583,15240,12964,2163,120,11856,1,33:34,2022,2023
2022-23,1630559,Austin Reaves,Austin,1610612747,LAL,Los Angeles Lakers,22200331,2022-12-02T00:00:00,LAL @ MIL,W,32.29666666666667,2,4,0.5,1,2,0.5,2,2,1.0,1,1,2,2,1,0,0,1,0,3,7,17,11.4,0,0,12.0,1,1,1,1,6099,15467,17859,9075,8083,13285,3860,6620,8080,1,6448,17626,16055,9342,8897,11790,7930,17468,1,4788,14745,1637,18412,2163,120,17408,1,32:18,2022,2023
2022-23,1628972,Troy Brown Jr.,Troy,1610612747,LAL,Los Angeles Lakers,22200331,2022-12-02T00:00:00,LAL @ MIL,W,24.3,4,5,0.8,1,2,0.5,0,0,0.0,1,3,4,0,1,3,0,0,1,0,9,-10,21.8,0,0,20.0,1,1,1,1,12645,9586,16006,1839,8083,13285,3860,13851,14660,13851,6448,9404,9590,19186,8897,387,7930,1,5181,17929,12345,21112,11473,2163,120,11856,1,24:18,2022,2023
2022-23,201976,Patrick Beverley,Patrick,1610612747,LAL,Los Angeles Lakers,22200324,2022-11-30T00:00:00,LAL vs. POR,W,22.433333333333334,2,7,0.286,1,5,0.2,0,0,0.0,0,4,4,0,0,1,1,0,3,0,5,-1,15.8,0,0,14.0,1,1,1,1,14086,15467,12420,19742,8083,5511,12795,13851,14660,13851,13272,6530,9590,19186,16367,4306,2381,1,17562,17929,17251,13132,15415,2163,120,16001,1,22:26,2022,2023
2022-23,1629134,Kendrick Nunn,Kendrick,1610612747,LAL,Los Angeles Lakers,22200324,2022-11-30T00:00:00,LAL vs. POR,W,14.2,2,6,0.333,0,2,0.0,0,0,0.0,0,1,1,2,1,0,0,1,2,0,4,14,7.2,0,0,7.0,1,1,1,1,19925,15467,14189,17586,14184,13285,14184,13851,14660,13851,13272,17626,19709,9342,8897,11790,7930,17468,11553,17929,18472,2554,21046,2163,120,20760,1,14:12,2022,2023
2022-23,1627745,Damian Jones,Damian,1610612747,LAL,Los Angeles Lakers,22200324,2022-11-30T00:00:00,LAL vs. POR,W,1.9166666666666667,0,0,0.0,0,0,0.0,0,0,0.0,0,1,1,0,0,0,0,0,0,0,0,3,1.2,0,0,1.0,1,1,1,1,25307,22559,24678,22559,14184,20319,14184,13851,14660,13851,13272,17626,19709,19186,16367,11790,7930,1,1,17929,23116,9061,24482,2163,120,24441,1,1:55,2022,2023
2022-23,201566,Russell Westbrook,Russell,1610612747,LAL,Los Angeles Lakers,22200324,2022-11-30T00:00:00,LAL vs. POR,W,22.9,4,14,0.286,2,6,0.333,0,2,0.0,1,4,5,4,0,1,0,1,1,2,10,12,25.0,0,0,23.0,1,1,1,1,13713,9586,4330,19742,4226,3807,8680,13851,8080,13851,6448,6530,7186,4531,16367,4306,7930,17468,5181,7612,11243,3319,9576,2163,120,9958,1,22:54,2022,2023
2022-23,203076,Anthony Davis,Anthony,1610612747,LAL,Los Angeles Lakers,22200324,2022-11-30T00:00:00,LAL vs. POR,W,29.133333333333333,9,17,0.529,1,2,0.5,8,9,0.889,5,7,12,1,2,1,3,1,3,8,27,8,52.9,1,0,49.0,1,1,1,1,8845,1839,2392,8804,8083,13285,3860,663,842,6816,342,1900,725,13459,4399,4306,252,17468,17562,331,1513,5327,817,1,120,1023,1,29:08,2022,2023
2022-23,2544,LeBron James,LeBron,1610612747,LAL,Los Angeles Lakers,22200324,2022-11-30T00:00:00,LAL vs. POR,W,32.5,12,18,0.667,6,8,0.75,1,3,0.333,2,5,7,8,2,0,1,0,1,2,31,8,52.4,0,0,54.0,1,1,1,1,5921,474,1948,3571,178,1659,1581,10510,6555,13452,3077,4379,3911,963,4399,11790,2381,1,5181,7612,795,5327,869,2163,120,577,1,32:30,2022,2023
2022-23,1631108,Max Christie,Max,1610612747,LAL,Los Angeles Lakers,22200324,2022-11-30T00:00:00,LAL vs. POR,W,18.666666666666668,1,6,0.167,1,5,0.2,0,0,0.0,0,1,1,1,0,0,0,1,1,1,3,8,5.7,0,0,6.0,1,1,1,1,16928,18953,14189,21973,8083,5511,12795,13851,14660,13851,13272,17626,19709,13459,16367,11790,7930,17468,5181,11862,19811,5327,21978,2163,120,21425,1,18:40,2022,2023
2022-23,1630346,Matt Ryan,Matt,1610612747,LAL,Los Angeles Lakers,22200324,2022-11-30T00:00:00,LAL vs. POR,W,1.9166666666666667,0,1,0.0,0,1,0.0,0,0,0.0,0,0,0,0,0,0,0,0,0,0,0,3,0.0,0,0,0.0,1,1,1,1,25307,22559,23078,22559,14184,16669,14184,13851,14660,13851,13272,22091,23082,19186,16367,11790,7930,1,1,17929,23116,9061,24963,2163,120,25002,1,1:55,2022,2023
2022-23,203471,Dennis Schröder,Dennis,1610612747,LAL,Los Angeles Lakers,22200324,2022-11-30T00:00:00,LAL vs. POR,W,29.08333333333333,3,7,0.429,0,0,0.0,0,1,0.0,0,1,1,5,2,0,0,1,2,3,6,5,12.7,0,0,12.0,1,1,1,1,8876,12366,12420,14122,14184,20319,14184,13851,13074,13851,13272,17626,19709,3151,4399,11790,7930,17468,11553,4788,15841,7441,17538,2163,120,17408,1,29:05,2022,2023
2022-23,1630559,Austin Reaves,Austin,1610612747,LAL,Los Angeles Lakers,22200324,2022-11-30T00:00:00,LAL vs. POR,W,34.916666666666664,7,10,0.7,2,5,0.4,6,8,0.75,2,3,5,3,0,1,1,0,1,6,22,10,38.5,0,0,36.0,1,1,1,1,3813,3877,8199,3317,4226,5511,7498,1457,1170,8358,3077,9404,7186,6516,16367,4306,2381,1,5181,993,3023,4240,3611,2163,120,3886,1,34:55,2022,2023
2022-23,1629117,Wenyen Gabriel,Wenyen,1610612747,LAL,Los Angeles Lakers,22200324,2022-11-30T00:00:00,LAL vs. POR,W,10.916666666666666,2,2,1.0,0,0,0.0,2,2,1.0,2,2,4,0,0,1,0,0,0,2,6,11,13.8,0,0,12.0,1,1,1,1,21686,15467,21404,1,14184,20319,14184,6620,8080,1,3077,13188,9590,19186,16367,4306,7930,1,1,7612,15841,3754,16808,2163,120,17408,1,10:55,2022,2023
2022-23,1628418,Thomas Bryant,Thomas,1610612747,LAL,Los Angeles Lakers,22200324,2022-11-30T00:00:00,LAL vs. POR,W,19.5,6,9,0.667,1,3,0.333,1,1,1.0,1,5,6,3,0,0,0,0,4,1,14,11,25.7,0,0,24.0,1,1,1,1,16311,5438,9460,3571,8083,10172,8680,10510,13074,1,6448,4379,5308,6516,16367,11790,7930,1,21892,11862,7583,3754,9166,2163,120,9373,1,19:30,2022,2023
2022-23,1629308,Juan Toscano-Anderson,Juan,1610612747,LAL,Los Angeles Lakers,22200324,2022-11-30T00:00:00,LAL vs. POR,W,1.9166666666666667,0,0,0.0,0,0,0.0,0,0,0.0,0,1,1,1,0,0,0,0,0,0,0,3,2.7,0,0,2.0,1,1,1,1,25307,22559,24678,22559,14184,20319,14184,13851,14660,13851,13272,17626,19709,13459,16367,11790,7930,1,1,17929,23116,9061,23752,2163,120,23851,1,1:55,2022,2023
2022-23,203471,Dennis Schröder,Dennis,1610612747,LAL,Los Angeles Lakers,22200308,2022-11-28T00:00:00,LAL vs. IND,L,30.48333333333333,2,6,0.333,1,4,0.25,3,4,0.75,0,3,3,4,1,1,0,0,4,2,8,-16,19.6,0,0,18.0,1,12947,12947,12947,7708,15467,14189,17586,8083,7558,11411,4622,4303,8358,13272,9404,12567,4531,8897,4306,7930,1,21892,7612,13462,23968,12838,2163,120,13199,1,30:29,2022,2023
2022-23,1630559,Austin Reaves,Austin,1610612747,LAL,Los Angeles Lakers,22200308,2022-11-28T00:00:00,LAL vs. IND,L,31.28333333333333,2,4,0.5,2,3,0.667,7,7,1.0,0,2,2,1,1,0,0,0,1,5,13,6,15.9,0,0,18.0,1,12947,12947,12947,7018,15467,17859,9075,4226,10172,1971,993,1700,1,13272,13188,16055,13459,8897,11790,7930,1,5181,1742,8465,6694,15347,2163,120,13199,1,31:17,2022,2023
2022-23,1628972,Troy Brown Jr.,Troy,1610612747,LAL,Los Angeles Lakers,22200308,2022-11-28T00:00:00,LAL vs. IND,L,28.75,1,5,0.2,1,2,0.5,0,0,0.0,4,6,10,1,1,0,1,2,1,0,3,-3,18.5,0,0,17.0,1,12947,12947,12947,9144,18953,16006,21480,8083,13285,3860,13851,14660,13851,734,2868,1446,13459,8897,11790,2381,23619,5181,17929,19811,15240,13600,2163,120,13833,1,28:45,2022,2023
2022-23,1628418,Thomas Bryant,Thomas,1610612747,LAL,Los Angeles Lakers,22200308,2022-11-28T00:00:00,LAL vs. IND,L,3.15,1,2,0.5,0,0,0.0,0,0,0.0,3,0,3,0,0,0,0,1,0,0,2,3,5.6,0,0,5.0,1,12947,12947,12947,24742,18953,21404,9075,14184,20319,14184,13851,14660,13851,1492,22091,12567,19186,16367,11790,7930,17468,1,17929,21044,9061,22059,2163,120,22051,1,3:09,2022,2023
2022-23,1629022,Lonnie Walker IV,Lonnie,1610612747,LAL,Los Angeles Lakers,22200308,2022-11-28T00:00:00,LAL vs. IND,L,21.95,4,9,0.444,1,5,0.2,0,0,0.0,2,2,4,2,1,0,0,0,3,1,9,-4,15.8,0,0,16.0,1,12947,12947,12947,14457,9586,9460,13499,8083,5511,12795,13851,14660,13851,3077,13188,9590,9342,8897,11790,7930,1,17562,11862,12345,16280,15415,2163,120,14513,1,21:57,2022,2023
2022-23,1629134,Kendrick Nunn,Kendrick,1610612747,LAL,Los Angeles Lakers,22200308,2022-11-28T00:00:00,LAL vs. IND,L,11.4,1,5,0.2,1,2,0.5,2,2,1.0,0,2,2,0,0,0,0,1,0,1,5,11,7.4,0,0,8.0,1,12947,12947,12947,21498,18953,16006,21480,8083,13285,3860,6620,8080,1,13272,13188,16055,19186,16367,11790,7930,17468,1,11862,17251,3754,20931,2163,120,20094,1,11:24,2022,2023
2022-23,1629117,Wenyen Gabriel,Wenyen,1610612747,LAL,Los Angeles Lakers,22200308,2022-11-28T00:00:00,LAL vs. IND,L,13.0,2,7,0.286,0,1,0.0,1,2,0.5,5,4,9,0,1,0,1,0,1,2,5,5,17.8,0,0,16.0,1,12947,12947,12947,20598,15467,12420,19742,14184,16669,14184,10510,8080,10976,342,6530,2052,19186,8897,11790,2381,1,5181,7612,17251,7441,14048,2163,120,14513,1,13:00,2022,2023
2022-23,2544,LeBron James,LeBron,1610612747,LAL,Los Angeles Lakers,22200308,2022-11-28T00:00:00,LAL vs. IND,L,36.16666666666666,8,22,0.364,3,10,0.3,2,3,0.667,1,6,7,3,1,1,0,1,1,3,21,-7,35.9,0,0,36.0,1,12947,12947,12947,2792,2711,695,17144,2120,661,10887,6620,6555,9637,6448,2868,3911,6516,8897,4306,7930,17468,5181,4788,3416,18993,4476,2163,120,3886,1,36:10,2022,2023
2022-23,201566,Russell Westbrook,Russell,1610612747,LAL,Los Angeles Lakers,22200308,2022-11-28T00:00:00,LAL vs. IND,L,27.316666666666663,10,18,0.556,2,4,0.5,2,3,0.667,0,4,4,6,6,1,1,4,1,2,24,1,37.8,0,0,40.0,1,12947,12947,12947,10333,1204,1948,7770,4226,7558,3860,6620,6555,9637,13272,6530,9590,2101,120,4306,2381,25771,5181,7612,2312,11018,3825,2163,120,2713,1,27:19,2022,2023
2022-23,203076,Anthony Davis,Anthony,1610612747,LAL,Los Angeles Lakers,22200308,2022-11-28T00:00:00,LAL vs. IND,L,36.5,9,15,0.6,0,0,0.0,7,10,0.7,3,10,13,6,2,0,4,1,4,8,25,-1,59.6,1,0,52.0,1,12947,12947,12947,2554,1839,3608,5804,14184,20319,14184,993,576,9587,1492,496,472,2101,4399,11790,87,17468,21892,331,2009,13132,362,1,120,729,1,36:30,2022,2023
2022-23,1630559,Austin Reaves,Austin,1610612747,LAL,Los Angeles Lakers,22200288,2022-11-26T00:00:00,LAL @ SAS,W,30.83333333333333,6,7,0.857,1,2,0.5,3,3,1.0,0,2,2,2,2,1,0,0,3,5,16,3,22.4,0,0,23.0,1,1,1,1,7425,5438,12420,1542,8083,13285,3860,4622,6555,1,13272,13188,16055,9342,4399,4306,7930,1,17562,1742,6103,9061,11109,2163,120,9958,1,30:50,2022,2023
2022-23,201566,Russell Westbrook,Russell,1610612747,LAL,Los Angeles Lakers,22200288,2022-11-26T00:00:00,LAL @ SAS,W,26.5,4,12,0.333,0,3,0.0,3,6,0.5,1,6,7,6,6,0,1,1,3,3,11,-2,25.4,0,0,26.0,1,1,1,1,10967,9586,6024,17586,14184,10172,14184,4622,2263,10976,6448,2868,3911,2101,120,11790,2381,17468,17562,4788,10274,14174,9337,2163,120,8209,1,26:30,2022,2023
2022-23,2544,LeBron James,LeBron,1610612747,LAL,Los Angeles Lakers,22200288,2022-11-26T00:00:00,LAL @ SAS,W,35.46666666666667,11,21,0.524,7,12,0.583,10,10,1.0,0,11,11,3,4,1,1,1,3,8,39,-3,58.7,1,0,64.0,1,1,1,1,3369,789,929,8975,74,233,3463,300,576,1,13272,292,1038,6516,842,4306,2381,17468,17562,331,204,15240,412,1,120,113,1,35:28,2022,2023
2022-23,1629022,Lonnie Walker IV,Lonnie,1610612747,LAL,Los Angeles Lakers,22200288,2022-11-26T00:00:00,LAL @ SAS,W,38.78333333333333,7,10,0.7,3,5,0.6,2,2,1.0,0,5,5,2,1,0,0,0,0,1,19,3,27.0,0,0,29.0,1,1,1,1,1111,3877,8199,3317,2120,5511,3022,6620,8080,1,13272,4379,7186,9342,8897,11790,7930,1,1,11862,4335,9061,8436,2163,120,6681,1,38:47,2022,2023
2022-23,203471,Dennis Schröder,Dennis,1610612747,LAL,Los Angeles Lakers,22200288,2022-11-26T00:00:00,LAL @ SAS,W,30.705,6,10,0.6,3,4,0.75,6,6,1.0,0,3,3,6,1,0,0,0,3,5,21,4,32.6,0,0,33.0,1,1,1,1,7531,5438,8199,5804,2120,7558,1581,1457,2263,1,13272,9404,12567,2101,8897,11790,7930,1,17562,1742,3416,8218,5753,2163,120,4946,1,30:42,2022,2023
2022-23,1629134,Kendrick Nunn,Kendrick,1610612747,LAL,Los Angeles Lakers,22200288,2022-11-26T00:00:00,LAL @ SAS,W,15.028333333333334,3,6,0.5,1,2,0.5,0,0,0.0,0,1,1,1,0,0,0,2,2,1,7,6,9.7,0,0,10.0,1,1,1,1,19421,12366,14189,9075,8083,13285,3860,13851,14660,13851,13272,17626,19709,13459,16367,11790,7930,23619,11553,11862,14745,6694,19515,2163,120,18804,1,15:02,2022,2023
2022-23,1629117,Wenyen Gabriel,Wenyen,1610612747,LAL,Los Angeles Lakers,22200288,2022-11-26T00:00:00,LAL @ SAS,W,21.866666666666667,5,8,0.625,2,4,0.5,3,3,1.0,0,4,4,1,2,1,2,0,3,4,15,1,28.3,0,0,28.0,1,1,1,1,14526,7306,10854,5245,4226,7558,3860,4622,6555,1,13272,6530,9590,13459,4399,4306,751,1,17562,2943,6803,11018,7718,2163,120,7166,1,21:52,2022,2023
2022-23,1628972,Troy Brown Jr.,Troy,1610612747,LAL,Los Angeles Lakers,22200288,2022-11-26T00:00:00,LAL @ SAS,W,22.933333333333334,2,3,0.667,0,1,0.0,2,2,1.0,0,2,2,3,1,1,0,0,1,1,6,11,14.9,0,0,13.0,1,1,1,1,13694,15467,19669,3571,14184,16669,14184,6620,8080,1,13272,13188,16055,6516,8897,4306,7930,1,5181,11862,15841,3754,16035,2163,120,16689,1,22:56,2022,2023
2022-23,1628418,Thomas Bryant,Thomas,1610612747,LAL,Los Angeles Lakers,22200288,2022-11-26T00:00:00,LAL @ SAS,W,17.883333333333333,3,4,0.75,0,0,0.0,3,5,0.6,2,2,4,1,0,0,3,1,2,4,9,2,24.3,0,0,20.0,1,1,1,1,17475,12366,17859,2276,14184,20319,14184,4622,3311,10622,3077,13188,9590,13459,16367,11790,252,17468,11553,2943,12345,9989,9980,2163,120,11856,1,17:53,2022,2023
2022-23,1631108,Max Christie,Max,1610612747,LAL,Los Angeles Lakers,22200282,2022-11-25T00:00:00,LAL @ SAS,W,1.6166666666666667,0,0,0.0,0,0,0.0,0,0,0.0,0,0,0,0,0,0,0,0,0,0,0,-2,0.0,0,0,0.0,1,1,1,1,25479,22559,24678,22559,14184,20319,14184,13851,14660,13851,13272,22091,23082,19186,16367,11790,7930,1,1,17929,23116,14174,24963,2163,120,25002,1,1:37,2022,2023
2022-23,1629308,Juan Toscano-Anderson,Juan,1610612747,LAL,Los Angeles Lakers,22200282,2022-11-25T00:00:00,LAL @ SAS,W,1.15,0,0,0.0,0,0,0.0,0,0,0.0,0,0,0,0,0,0,0,0,0,0,0,-2,0.0,0,0,0.0,1,1,1,1,25648,22559,24678,22559,14184,20319,14184,13851,14660,13851,13272,22091,23082,19186,16367,11790,7930,1,1,17929,23116,14174,24963,2163,120,25002,1,1:09,2022,2023
2022-23,203471,Dennis Schröder,Dennis,1610612747,LAL,Los Angeles Lakers,22200282,2022-11-25T00:00:00,LAL @ SAS,W,29.05,3,7,0.429,0,1,0.0,3,3,1.0,1,2,3,5,1,1,0,0,2,3,9,7,22.1,0,0,19.0,1,1,1,1,8902,12366,12420,14122,14184,16669,14184,4622,6555,1,6448,13188,12567,3151,8897,4306,7930,1,11553,4788,12345,5992,11296,2163,120,12497,1,29:03,2022,2023
2022-23,2544,LeBron James,LeBron,1610612747,LAL,Los Angeles Lakers,22200282,2022-11-25T00:00:00,LAL @ SAS,W,33.25,8,17,0.471,1,4,0.25,4,4,1.0,0,8,8,5,9,3,1,0,2,3,21,16,41.1,0,0,43.0,1,1,1,1,5264,2711,2392,12664,8083,7558,11411,3075,4303,1,13272,1233,2807,3151,6,387,2381,1,11553,4788,3416,1910,2852,2163,120,2000,1,33:15,2022,2023
2022-23,203076,Anthony Davis,Anthony,1610612747,LAL,Los Angeles Lakers,22200282,2022-11-25T00:00:00,LAL @ SAS,W,35.06666666666667,10,13,0.769,0,0,0.0,5,7,0.714,4,11,15,4,3,1,3,1,4,6,25,16,58.0,1,0,52.0,1,1,1,1,3694,1204,5108,2237,14184,20319,14184,2152,1700,9448,734,292,222,4531,2046,4306,252,17468,21892,993,2009,1910,456,1,120,729,1,35:04,2022,2023
2022-23,1629022,Lonnie Walker IV,Lonnie,1610612747,LAL,Los Angeles Lakers,22200282,2022-11-25T00:00:00,LAL @ SAS,W,33.5,7,16,0.438,4,9,0.444,0,0,0.0,0,2,2,2,1,3,0,0,2,0,18,18,31.4,0,0,32.0,1,1,1,1,5047,3877,2947,13953,1024,1087,6940,13851,14660,13851,13272,13188,16055,9342,8897,387,7930,1,11553,17929,4863,1403,6284,2163,120,5369,1,33:30,2022,2023
2022-23,1628972,Troy Brown Jr.,Troy,1610612747,LAL,Los Angeles Lakers,22200282,2022-11-25T00:00:00,LAL @ SAS,W,29.216666666666665,4,5,0.8,2,2,1.0,0,0,0.0,1,3,4,0,0,1,0,0,1,0,10,0,17.8,0,0,18.0,1,1,1,1,8780,9586,16006,1839,4226,13285,1,13851,14660,13851,6448,9404,9590,19186,16367,4306,7930,1,5181,17929,11243,11977,14048,2163,120,13199,1,29:13,2022,2023
2022-23,1630559,Austin Reaves,Austin,1610612747,LAL,Los Angeles Lakers,22200282,2022-11-25T00:00:00,LAL @ SAS,W,29.3,3,8,0.375,0,3,0.0,2,2,1.0,1,5,6,2,2,1,0,0,1,2,8,15,19.2,0,0,18.0,1,1,1,1,8720,12366,10854,16626,14184,10172,14184,6620,8080,1,6448,4379,5308,9342,4399,4306,7930,1,5181,7612,13462,2225,13098,2163,120,13199,1,29:18,2022,2023
2022-23,1629134,Kendrick Nunn,Kendrick,1610612747,LAL,Los Angeles Lakers,22200282,2022-11-25T00:00:00,LAL @ SAS,W,15.5,3,9,0.333,1,5,0.2,2,2,1.0,0,1,1,1,1,0,0,1,0,1,9,-6,10.7,0,0,12.0,1,1,1,1,19111,12366,9460,17586,8083,5511,12795,6620,8080,1,13272,17626,19709,13459,8897,11790,7930,17468,1,11862,12345,18185,18878,2163,120,17408,1,15:30,2022,2023
2022-23,201566,Russell Westbrook,Russell,1610612747,LAL,Los Angeles Lakers,22200282,2022-11-25T00:00:00,LAL @ SAS,W,19.416666666666668,1,7,0.143,0,3,0.0,1,2,0.5,1,3,4,7,3,2,1,1,3,2,3,-2,24.3,0,0,20.0,1,1,1,1,16376,18953,12420,22241,14184,10172,14184,10510,8080,10976,6448,9404,9590,1460,2046,1343,2381,17468,17562,7612,19811,14174,9980,2163,120,11856,1,19:25,2022,2023
2022-23,1629117,Wenyen Gabriel,Wenyen,1610612747,LAL,Los Angeles Lakers,22200282,2022-11-25T00:00:00,LAL @ SAS,W,12.933333333333334,1,1,1.0,0,0,0.0,0,0,0.0,2,4,6,2,1,0,0,0,1,1,2,-5,11.2,0,0,10.0,1,1,1,1,20639,18953,23078,1,14184,20319,14184,13851,14660,13851,3077,6530,5308,9342,8897,11790,7930,1,5181,11862,21044,17295,18544,2163,120,18804,1,12:56,2022,2023
2022-23,1629134,Kendrick Nunn,Kendrick,1610612747,LAL,Los Angeles Lakers,22200259,2022-11-22T00:00:00,LAL @ PHX,L,8.713333333333333,2,4,0.5,0,1,0.0,0,0,0.0,0,0,0,2,2,0,0,1,0,0,4,-2,5.0,0,0,6.0,1,12947,12947,12947,22539,15467,17859,9075,14184,16669,14184,13851,14660,13851,13272,22091,23082,9342,4399,11790,7930,17468,1,17929,18472,14174,22391,2163,120,21425,1,8:43,2022,2023
2022-23,1628418,Thomas Bryant,Thomas,1610612747,LAL,Los Angeles Lakers,22200259,2022-11-22T00:00:00,LAL @ PHX,L,11.163333333333334,4,5,0.8,0,0,0.0,0,0,0.0,0,3,3,0,2,0,1,0,1,0,8,-8,12.6,0,0,13.0,1,12947,12947,12947,21586,9586,16006,1839,14184,20319,14184,13851,14660,13851,13272,9404,12567,19186,4399,11790,2381,1,5181,17929,13462,19762,17612,2163,120,16689,1,11:10,2022,2023
2022-23,1629117,Wenyen Gabriel,Wenyen,1610612747,LAL,Los Angeles Lakers,22200259,2022-11-22T00:00:00,LAL @ PHX,L,6.816666666666666,0,3,0.0,0,1,0.0,0,0,0.0,1,1,2,0,0,0,0,0,1,0,0,-3,2.4,0,0,2.0,1,12947,12947,12947,23198,22559,19669,22559,14184,16669,14184,13851,14660,13851,6448,17626,16055,19186,16367,11790,7930,1,5181,17929,23116,15240,23900,2163,120,23851,1,6:49,2022,2023
2022-23,203471,Dennis Schröder,Dennis,1610612747,LAL,Los Angeles Lakers,22200259,2022-11-22T00:00:00,LAL @ PHX,L,20.03333333333333,0,6,0.0,0,3,0.0,0,0,0.0,0,0,0,1,1,1,0,0,0,1,0,-8,3.5,0,0,3.0,1,12947,12947,12947,15925,22559,14189,22559,14184,10172,14184,13851,14660,13851,13272,22091,23082,13459,8897,4306,7930,1,1,11862,23116,19762,23236,2163,120,23300,1,20:02,2022,2023
2022-23,1630559,Austin Reaves,Austin,1610612747,LAL,Los Angeles Lakers,22200259,2022-11-22T00:00:00,LAL @ PHX,L,35.605,3,5,0.6,0,1,0.0,5,5,1.0,1,2,3,4,1,0,1,0,5,5,11,-2,22.6,0,0,20.0,1,12947,12947,12947,3242,12366,16006,5804,14184,16669,14184,2152,3311,1,6448,13188,12567,4531,8897,11790,2381,1,24422,1742,10274,14174,10980,2163,120,11856,1,35:36,2022,2023
2022-23,201976,Patrick Beverley,Patrick,1610612747,LAL,Los Angeles Lakers,22200259,2022-11-22T00:00:00,LAL @ PHX,L,29.183333333333334,0,2,0.0,0,1,0.0,0,0,0.0,0,10,10,2,1,0,0,1,2,0,0,-15,14.0,0,0,12.0,1,12947,12947,12947,8804,22559,21404,22559,14184,16669,14184,13851,14660,13851,13272,496,1446,9342,8897,11790,7930,17468,11553,17929,23116,23654,16662,2163,120,17408,1,29:11,2022,2023
2022-23,1628972,Troy Brown Jr.,Troy,1610612747,LAL,Los Angeles Lakers,22200259,2022-11-22T00:00:00,LAL @ PHX,L,20.711666666666662,0,5,0.0,0,3,0.0,0,0,0.0,1,2,3,1,2,0,0,0,0,0,0,-7,3.1,0,0,4.0,1,12947,12947,12947,15426,22559,16006,22559,14184,10172,14184,13851,14660,13851,6448,13188,12567,13459,4399,11790,7930,1,1,17929,23116,18993,23527,2163,120,22647,1,20:43,2022,2023
2022-23,201566,Russell Westbrook,Russell,1610612747,LAL,Los Angeles Lakers,22200259,2022-11-22T00:00:00,LAL @ PHX,L,31.37,8,20,0.4,2,6,0.333,3,7,0.429,1,2,3,5,1,1,0,3,1,5,21,-1,34.1,0,0,33.0,1,12947,12947,12947,6945,2711,1220,15219,4226,3807,8680,4622,1700,13337,6448,13188,12567,3151,8897,4306,7930,25315,5181,1742,3416,13132,5149,2163,120,4946,1,31:22,2022,2023
2022-23,203076,Anthony Davis,Anthony,1610612747,LAL,Los Angeles Lakers,22200259,2022-11-22T00:00:00,LAL @ PHX,L,38.38666666666666,11,17,0.647,0,0,0.0,15,16,0.938,3,18,21,2,6,5,5,1,2,7,37,-3,89.2,1,0,80.0,1,12947,12947,12947,1299,789,2392,4918,14184,20319,14184,45,71,6619,1492,3,11,9342,120,21,36,17468,11553,559,288,15240,4,1,120,11,1,38:23,2022,2023
2022-23,1629022,Lonnie Walker IV,Lonnie,1610612747,LAL,Los Angeles Lakers,22200259,2022-11-22T00:00:00,LAL @ PHX,L,38.016666666666666,8,18,0.444,2,6,0.333,6,7,0.857,0,0,0,2,1,1,0,1,0,4,24,-1,29.0,0,0,30.0,1,12947,12947,12947,1514,2711,1948,13499,4226,3807,8680,1457,1700,7116,13272,22091,23082,9342,8897,4306,7930,17468,1,2943,2312,13132,7391,2163,120,6218,1,38:01,2022,2023
2022-23,1630559,Austin Reaves,Austin,1610612747,LAL,Los Angeles Lakers,22200247,2022-11-20T00:00:00,LAL vs. SAS,W,27.28333333333333,7,11,0.636,3,4,0.75,4,4,1.0,1,1,2,3,1,0,0,1,1,5,21,19,26.9,0,0,29.0,1,1,1,1,10357,3877,7093,5046,2120,7558,1581,3075,4303,1,6448,17626,16055,6516,8897,11790,7930,17468,5181,1742,3416,1177,8482,2163,120,6681,1,27:17,2022,2023
2022-23,203076,Anthony Davis,Anthony,1610612747,LAL,Los Angeles Lakers,22200247,2022-11-20T00:00:00,LAL vs. SAS,W,27.766666666666666,12,19,0.632,0,2,0.0,6,6,1.0,3,15,18,2,2,3,1,0,1,4,30,34,64.6,1,0,58.0,1,1,1,1,9929,474,1551,5210,14184,13285,14184,1457,2263,1,1492,36,62,9342,4399,387,2381,1,5181,2943,950,62,167,1,120,322,1,27:46,2022,2023
2022-23,1628972,Troy Brown Jr.,Troy,1610612747,LAL,Los Angeles Lakers,22200247,2022-11-20T00:00:00,LAL vs. SAS,W,23.183333333333334,1,4,0.25,0,2,0.0,0,0,0.0,1,6,7,2,3,0,0,0,1,0,2,10,10.4,0,0,11.0,1,1,1,1,13502,18953,17859,20392,14184,13285,14184,13851,14660,13851,6448,2868,3911,9342,2046,11790,7930,1,5181,17929,21044,4240,19062,2163,120,18113,1,23:11,2022,2023
2022-23,1628418,Thomas Bryant,Thomas,1610612747,LAL,Los Angeles Lakers,22200247,2022-11-20T00:00:00,LAL vs. SAS,W,22.98333333333333,5,5,1.0,0,0,0.0,5,8,0.625,0,9,9,1,0,0,0,0,1,4,15,-1,27.3,0,0,25.0,1,1,1,1,13651,7306,16006,1,14184,20319,14184,2152,1170,10545,13272,766,2052,13459,16367,11790,7930,1,5181,2943,6803,13132,8283,2163,120,8774,1,22:59,2022,2023
2022-23,1627745,Damian Jones,Damian,1610612747,LAL,Los Angeles Lakers,22200247,2022-11-20T00:00:00,LAL vs. SAS,W,4.383333333333334,0,0,0.0,0,0,0.0,0,0,0.0,0,1,1,0,0,0,1,0,0,0,0,1,4.2,0,0,3.0,1,1,1,1,24169,22559,24678,22559,14184,20319,14184,13851,14660,13851,13272,17626,19709,19186,16367,11790,2381,1,1,17929,23116,11018,22835,2163,120,23300,1,4:23,2022,2023
2022-23,201976,Patrick Beverley,Patrick,1610612747,LAL,Los Angeles Lakers,22200247,2022-11-20T00:00:00,LAL vs. SAS,W,19.7,1,5,0.2,1,4,0.25,0,0,0.0,0,1,1,3,0,0,0,1,1,1,3,27,8.7,0,0,8.0,1,1,1,1,16172,18953,16006,21480,8083,7558,11411,13851,14660,13851,13272,17626,19709,6516,16367,11790,7930,17468,5181,11862,19811,268,20147,2163,120,20094,1,19:42,2022,2023
2022-23,1630346,Matt Ryan,Matt,1610612747,LAL,Los Angeles Lakers,22200247,2022-11-20T00:00:00,LAL vs. SAS,W,5.65,0,4,0.0,0,3,0.0,0,0,0.0,0,1,1,1,0,0,0,0,0,0,0,7,2.7,0,0,2.0,1,1,1,1,23639,22559,17859,22559,14184,10172,14184,13851,14660,13851,13272,17626,19709,13459,16367,11790,7930,1,1,17929,23116,5992,23752,2163,120,23851,1,5:39,2022,2023
2022-23,201566,Russell Westbrook,Russell,1610612747,LAL,Los Angeles Lakers,22200247,2022-11-20T00:00:00,LAL vs. SAS,W,21.55,4,9,0.444,2,5,0.4,0,0,0.0,0,4,4,10,3,1,0,0,2,0,10,14,29.8,1,0,28.0,1,1,1,1,14755,9586,9460,13499,4226,5511,7498,13851,14660,13851,13272,6530,9590,399,2046,4306,7930,1,11553,17929,11243,2554,7012,1,120,7166,1,21:33,2022,2023
2022-23,203471,Dennis Schröder,Dennis,1610612747,LAL,Los Angeles Lakers,22200247,2022-11-20T00:00:00,LAL vs. SAS,W,22.966666666666665,4,7,0.571,1,2,0.5,4,4,1.0,0,2,2,2,0,1,0,0,0,2,13,8,21.4,0,0,20.0,1,1,1,1,13666,9586,12420,7045,8083,13285,3860,3075,4303,1,13272,13188,16055,9342,16367,4306,7930,1,1,7612,8465,5327,11734,2163,120,11856,1,22:58,2022,2023
2022-23,1629134,Kendrick Nunn,Kendrick,1610612747,LAL,Los Angeles Lakers,22200247,2022-11-20T00:00:00,LAL vs. SAS,W,20.716666666666665,4,8,0.5,3,6,0.5,2,2,1.0,0,3,3,2,4,0,0,0,0,1,13,12,15.6,0,0,21.0,1,1,1,1,15419,9586,10854,9075,2120,3807,3860,6620,8080,1,13272,9404,12567,9342,842,11790,7930,1,1,11862,8465,3319,15549,2163,120,11203,1,20:43,2022,2023
2022-23,1629022,Lonnie Walker IV,Lonnie,1610612747,LAL,Los Angeles Lakers,22200247,2022-11-20T00:00:00,LAL vs. SAS,W,27.73333333333333,6,12,0.5,2,6,0.333,0,0,0.0,0,1,1,2,2,0,0,0,1,0,14,23,16.2,0,0,19.0,1,1,1,1,9965,5438,6024,9075,4226,3807,8680,13851,14660,13851,13272,17626,19709,9342,4399,11790,7930,1,5181,17929,7583,580,15132,2163,120,12497,1,27:44,2022,2023
2022-23,1629117,Wenyen Gabriel,Wenyen,1610612747,LAL,Los Angeles Lakers,22200247,2022-11-20T00:00:00,LAL vs. SAS,W,16.083333333333332,1,1,1.0,0,0,0.0,0,0,0.0,0,5,5,1,0,0,0,0,2,0,2,1,9.5,0,0,8.0,1,1,1,1,18716,18953,23078,1,14184,20319,14184,13851,14660,13851,13272,4379,7186,13459,16367,11790,7930,1,11553,17929,21044,11018,19668,2163,120,20094,1,16:05,2022,2023
2022-23,1628972,Troy Brown Jr.,Troy,1610612747,LAL,Los Angeles Lakers,22200234,2022-11-18T00:00:00,LAL vs. DET,W,18.15,3,5,0.6,1,2,0.5,1,1,1.0,0,2,2,1,0,1,0,0,4,1,8,-2,14.9,0,0,14.0,1,1,1,1,17282,12366,16006,5804,8083,13285,3860,10510,13074,1,13272,13188,16055,13459,16367,4306,7930,1,21892,11862,13462,14174,16035,2163,120,16001,1,18:09,2022,2023
2022-23,1629134,Kendrick Nunn,Kendrick,1610612747,LAL,Los Angeles Lakers,22200234,2022-11-18T00:00:00,LAL vs. DET,W,16.683333333333334,4,4,1.0,2,2,1.0,0,0,0.0,0,1,1,1,1,0,0,0,1,1,10,5,11.7,0,0,14.0,1,1,1,1,18328,9586,17859,1,4226,13285,1,13851,14660,13851,13272,17626,19709,13459,8897,11790,7930,1,5181,11862,11243,7441,18210,2163,120,16001,1,16:41,2022,2023
2022-23,1629117,Wenyen Gabriel,Wenyen,1610612747,LAL,Los Angeles Lakers,22200234,2022-11-18T00:00:00,LAL vs. DET,W,17.751666666666665,5,5,1.0,0,0,0.0,5,5,1.0,3,4,7,0,1,0,0,0,1,5,15,3,22.4,0,0,22.0,1,1,1,1,17581,7306,16006,1,14184,20319,14184,2152,3311,1,1492,6530,3911,19186,8897,11790,7930,1,5181,1742,6803,9061,11109,2163,120,10568,1,17:45,2022,2023
2022-23,1628418,Thomas Bryant,Thomas,1610612747,LAL,Los Angeles Lakers,22200234,2022-11-18T00:00:00,LAL vs. DET,W,13.15,4,6,0.667,0,1,0.0,0,0,0.0,0,5,5,0,0,0,1,0,2,0,8,8,17.0,0,0,15.0,1,1,1,1,20522,9586,14189,3571,14184,16669,14184,13851,14660,13851,13272,4379,7186,19186,16367,11790,2381,1,11553,17929,13462,5327,14584,2163,120,15266,1,13:09,2022,2023
2022-23,1629022,Lonnie Walker IV,Lonnie,1610612747,LAL,Los Angeles Lakers,22200234,2022-11-18T00:00:00,LAL vs. DET,W,34.06666666666667,6,13,0.462,1,4,0.25,4,4,1.0,0,1,1,3,2,0,0,0,2,3,17,0,20.7,0,0,22.0,1,1,1,1,4550,5438,5108,12925,8083,7558,11411,3075,4303,1,13272,17626,19709,6516,4399,11790,7930,1,11553,4788,5476,11977,12170,2163,120,10568,1,34:04,2022,2023
2022-23,203076,Anthony Davis,Anthony,1610612747,LAL,Los Angeles Lakers,22200234,2022-11-18T00:00:00,LAL vs. DET,W,34.03333333333333,10,16,0.625,0,1,0.0,18,21,0.857,2,14,16,2,4,1,4,0,3,12,38,4,71.2,1,0,66.0,1,1,1,1,4586,1204,2947,5245,14184,16669,14184,8,12,7116,3077,66,142,9342,842,4306,87,1,17562,28,235,8218,57,1,120,89,1,34:02,2022,2023
2022-23,1630559,Austin Reaves,Austin,1610612747,LAL,Los Angeles Lakers,22200234,2022-11-18T00:00:00,LAL vs. DET,W,36.39833333333333,5,8,0.625,2,4,0.5,4,4,1.0,1,3,4,6,0,0,1,1,2,4,16,14,32.8,0,0,30.0,1,1,1,1,2639,7306,10854,5245,4226,7558,3860,3075,4303,1,6448,9404,9590,2101,16367,11790,2381,17468,11553,2943,6103,2554,5676,2163,120,6218,1,36:24,2022,2023
2022-23,201566,Russell Westbrook,Russell,1610612747,LAL,Los Angeles Lakers,22200234,2022-11-18T00:00:00,LAL vs. DET,W,30.133333333333333,4,13,0.308,0,2,0.0,2,3,0.667,1,4,5,12,4,0,0,2,2,3,10,11,30.0,1,0,27.0,1,1,1,1,8008,9586,5108,19413,14184,13285,14184,6620,6555,9637,6448,6530,7186,129,842,11790,7930,23619,11553,4788,11243,3754,6924,1,120,7676,1,30:08,2022,2023
2022-23,203471,Dennis Schröder,Dennis,1610612747,LAL,Los Angeles Lakers,22200234,2022-11-18T00:00:00,LAL vs. DET,W,14.566666666666666,1,5,0.2,0,1,0.0,0,0,0.0,0,0,0,2,1,0,0,1,2,0,2,-6,4.0,0,0,4.0,1,1,1,1,19704,18953,16006,21480,14184,16669,14184,13851,14660,13851,13272,22091,23082,9342,8897,11790,7930,17468,11553,17929,21044,18185,23027,2163,120,22647,1,14:34,2022,2023
2022-23,201976,Patrick Beverley,Patrick,1610612747,LAL,Los Angeles Lakers,22200234,2022-11-18T00:00:00,LAL vs. DET,W,25.066666666666663,1,3,0.333,1,3,0.333,1,2,0.5,0,3,3,2,3,0,1,0,5,1,4,-2,10.6,0,0,12.0,1,1,1,1,12062,18953,19669,17586,8083,10172,8680,10510,8080,10976,13272,9404,12567,9342,2046,11790,2381,1,24422,11862,18472,14174,18955,2163,120,17408,1,25:04,2022,2023
2022-23,1629117,Wenyen Gabriel,Wenyen,1610612747,LAL,Los Angeles Lakers,22200198,2022-11-13T00:00:00,LAL vs. BKN,W,14.375,4,7,0.571,1,1,1.0,0,0,0.0,0,0,0,0,1,0,0,0,1,0,9,-2,8.0,0,0,10.0,1,1,1,1,19837,9586,12420,7045,8083,16669,1,13851,14660,13851,13272,22091,23082,19186,8897,11790,7930,1,5181,17929,12345,14174,20578,2163,120,18804,1,14:23,2022,2023
2022-23,1629134,Kendrick Nunn,Kendrick,1610612747,LAL,Los Angeles Lakers,22200198,2022-11-13T00:00:00,LAL vs. BKN,W,10.586666666666666,0,4,0.0,0,3,0.0,0,0,0.0,0,1,1,2,0,0,0,0,2,0,0,-12,4.2,0,0,3.0,1,1,1,1,21817,22559,17859,22559,14184,10172,14184,13851,14660,13851,13272,17626,19709,9342,16367,11790,7930,1,11553,17929,23116,22269,22835,2163,120,23300,1,10:35,2022,2023
2022-23,1628972,Troy Brown Jr.,Troy,1610612747,LAL,Los Angeles Lakers,22200198,2022-11-13T00:00:00,LAL vs. BKN,W,35.85,4,7,0.571,1,2,0.5,0,0,0.0,1,3,4,1,0,2,0,0,0,0,9,22,21.3,0,0,19.0,1,1,1,1,3028,9586,12420,7045,8083,13285,3860,13851,14660,13851,6448,9404,9590,13459,16367,1343,7930,1,1,17929,12345,698,11800,2163,120,12497,1,35:51,2022,2023
2022-23,1630346,Matt Ryan,Matt,1610612747,LAL,Los Angeles Lakers,22200198,2022-11-13T00:00:00,LAL vs. BKN,W,6.483333333333333,1,3,0.333,1,2,0.5,0,0,0.0,0,1,1,0,0,0,0,0,1,0,3,2,4.2,0,0,5.0,1,1,1,1,23332,18953,19669,17586,8083,13285,3860,13851,14660,13851,13272,17626,19709,19186,16367,11790,7930,1,5181,17929,19811,9989,22835,2163,120,22051,1,6:29,2022,2023
2022-23,201566,Russell Westbrook,Russell,1610612747,LAL,Los Angeles Lakers,22200198,2022-11-13T00:00:00,LAL vs. BKN,W,27.8,4,15,0.267,1,6,0.167,5,6,0.833,1,5,6,12,4,0,1,3,3,3,14,-6,38.2,1,0,35.0,1,1,1,1,9895,9586,3608,20333,8083,3807,13473,2152,2263,7354,6448,4379,5308,129,842,11790,2381,25315,17562,4788,7583,18185,3712,1,120,4211,1,27:48,2022,2023
2022-23,1630559,Austin Reaves,Austin,1610612747,LAL,Los Angeles Lakers,22200198,2022-11-13T00:00:00,LAL vs. BKN,W,32.6,5,8,0.625,3,4,0.75,2,3,0.667,0,1,1,3,1,0,0,0,2,4,15,20,19.7,0,0,22.0,1,1,1,1,5836,7306,10854,5245,2120,7558,1581,6620,6555,9637,13272,17626,19709,6516,8897,11790,7930,1,11553,2943,6803,985,12772,2163,120,10568,1,32:36,2022,2023
2022-23,1629022,Lonnie Walker IV,Lonnie,1610612747,LAL,Los Angeles Lakers,22200198,2022-11-13T00:00:00,LAL vs. BKN,W,30.366666666666667,9,15,0.6,4,5,0.8,3,3,1.0,0,1,1,0,0,0,0,0,2,2,25,20,26.2,0,0,30.0,1,1,1,1,7794,1839,3608,5804,1024,5511,1457,4622,6555,1,13272,17626,19709,19186,16367,11790,7930,1,11553,7612,2009,985,8884,2163,120,6218,1,30:22,2022,2023
2022-23,203076,Anthony Davis,Anthony,1610612747,LAL,Los Angeles Lakers,22200198,2022-11-13T00:00:00,LAL vs. BKN,W,33.625,15,25,0.6,0,0,0.0,7,7,1.0,10,8,18,2,1,0,0,2,5,5,37,15,60.6,1,0,57.0,1,1,1,1,4926,98,243,5804,14184,20319,14184,993,1700,1,10,1233,62,9342,8897,11790,7930,23619,24422,1742,288,2225,312,1,120,377,1,33:38,2022,2023
2022-23,1629308,Juan Toscano-Anderson,Juan,1610612747,LAL,Los Angeles Lakers,22200198,2022-11-13T00:00:00,LAL vs. BKN,W,2.1166666666666667,1,1,1.0,0,0,0.0,0,0,0.0,0,0,0,0,1,1,0,0,1,0,2,-3,4.0,0,0,4.0,1,1,1,1,25208,18953,23078,1,14184,20319,14184,13851,14660,13851,13272,22091,23082,19186,8897,4306,7930,1,5181,17929,21044,15240,23027,2163,120,22647,1,2:07,2022,2023
2022-23,201976,Patrick Beverley,Patrick,1610612747,LAL,Los Angeles Lakers,22200198,2022-11-13T00:00:00,LAL vs. BKN,W,25.546666666666667,1,5,0.2,0,4,0.0,0,1,0.0,0,4,4,5,1,0,1,0,5,3,2,8,16.3,0,0,13.0,1,1,1,1,11702,18953,16006,21480,14184,7558,14184,13851,13074,13851,13272,6530,9590,3151,8897,11790,2381,1,24422,4788,21044,5327,15062,2163,120,16689,1,25:33,2022,2023
2022-23,1631108,Max Christie,Max,1610612747,LAL,Los Angeles Lakers,22200198,2022-11-13T00:00:00,LAL vs. BKN,W,20.65,0,1,0.0,0,0,0.0,0,0,0.0,0,9,9,0,0,0,0,0,0,0,0,1,10.8,0,0,9.0,1,1,1,1,15473,22559,23078,22559,14184,20319,14184,13851,14660,13851,13272,766,2052,19186,16367,11790,7930,1,1,17929,23116,11018,18813,2163,120,19461,1,20:39,2022,2023
2022-23,203076,Anthony Davis,Anthony,1610612747,LAL,Los Angeles Lakers,22200183,2022-11-11T00:00:00,LAL vs. SAC,L,34.18333333333333,8,17,0.471,0,1,0.0,8,11,0.727,6,8,14,3,2,2,3,0,2,6,24,-7,58.3,1,0,51.0,1,12947,12947,12947,4445,2711,2392,12664,14184,16669,14184,663,406,9425,168,1233,315,6516,4399,1343,252,1,11553,993,2312,18993,436,1,120,824,1,34:11,2022,2023
2022-23,201566,Russell Westbrook,Russell,1610612747,LAL,Los Angeles Lakers,22200183,2022-11-11T00:00:00,LAL vs. SAC,L,34.05,6,17,0.353,4,7,0.571,5,6,0.833,3,1,4,11,5,0,0,0,5,5,21,-13,37.3,1,0,40.0,1,12947,12947,12947,4570,5438,2392,17479,1024,2551,3486,2152,2263,7354,1492,17626,9590,243,319,11790,7930,1,24422,1742,3416,22762,3978,1,120,2713,1,34:03,2022,2023
2022-23,1627745,Damian Jones,Damian,1610612747,LAL,Los Angeles Lakers,22200183,2022-11-11T00:00:00,LAL vs. SAC,L,7.405,2,2,1.0,0,0,0.0,0,0,0.0,0,2,2,0,0,1,0,0,1,1,4,0,9.4,0,0,8.0,1,12947,12947,12947,22977,15467,21404,1,14184,20319,14184,13851,14660,13851,13272,13188,16055,19186,16367,4306,7930,1,5181,11862,18472,11977,19721,2163,120,20094,1,7:24,2022,2023
2022-23,1629117,Wenyen Gabriel,Wenyen,1610612747,LAL,Los Angeles Lakers,22200183,2022-11-11T00:00:00,LAL vs. SAC,L,19.133333333333333,4,4,1.0,0,0,0.0,0,0,0.0,1,1,2,1,1,0,2,0,4,0,8,10,16.9,0,0,15.0,1,12947,12947,12947,16591,9586,17859,1,14184,20319,14184,13851,14660,13851,6448,17626,16055,13459,8897,11790,751,1,21892,17929,13462,4240,14644,2163,120,15266,1,19:08,2022,2023
2022-23,1629308,Juan Toscano-Anderson,Juan,1610612747,LAL,Los Angeles Lakers,22200183,2022-11-11T00:00:00,LAL vs. SAC,L,12.916666666666666,2,3,0.667,1,1,1.0,0,0,0.0,1,2,3,1,1,0,0,0,3,0,5,1,9.1,0,0,10.0,1,12947,12947,12947,20649,15467,19669,3571,8083,16669,1,13851,14660,13851,6448,13188,12567,13459,8897,11790,7930,1,17562,17929,17251,11018,19925,2163,120,18804,1,12:55,2022,2023
2022-23,1628972,Troy Brown Jr.,Troy,1610612747,LAL,Los Angeles Lakers,22200183,2022-11-11T00:00:00,LAL vs. SAC,L,22.916666666666668,1,6,0.167,0,2,0.0,0,0,0.0,0,3,3,0,0,2,0,2,2,0,2,-14,11.6,0,0,9.0,1,12947,12947,12947,13705,18953,14189,21973,14184,13285,14184,13851,14660,13851,13272,9404,12567,19186,16367,1343,7930,23619,11553,17929,21044,23232,18292,2163,120,19461,1,22:55,2022,2023
2022-23,1631108,Max Christie,Max,1610612747,LAL,Los Angeles Lakers,22200183,2022-11-11T00:00:00,LAL vs. SAC,L,16.716666666666665,2,5,0.4,2,5,0.4,1,2,0.5,0,4,4,1,0,1,0,0,1,1,7,8,16.3,0,0,16.0,1,12947,12947,12947,18311,15467,16006,15219,4226,5511,7498,10510,8080,10976,13272,6530,9590,13459,16367,4306,7930,1,5181,11862,14745,5327,15062,2163,120,14513,1,16:43,2022,2023
2022-23,201976,Patrick Beverley,Patrick,1610612747,LAL,Los Angeles Lakers,22200183,2022-11-11T00:00:00,LAL vs. SAC,L,26.411666666666665,2,8,0.25,1,3,0.333,0,0,0.0,1,2,3,3,0,2,0,1,2,0,5,-3,19.1,0,0,16.0,1,12947,12947,12947,11032,15467,10854,20392,8083,10172,8680,13851,14660,13851,6448,13188,12567,6516,16367,1343,7930,17468,11553,17929,17251,15240,13169,2163,120,14513,1,26:25,2022,2023
2022-23,1629022,Lonnie Walker IV,Lonnie,1610612747,LAL,Los Angeles Lakers,22200183,2022-11-11T00:00:00,LAL vs. SAC,L,33.2,8,14,0.571,2,4,0.5,1,2,0.5,0,1,1,1,2,2,0,0,1,2,19,-14,25.7,0,0,27.0,1,12947,12947,12947,5318,2711,4330,7045,4226,7558,3860,10510,8080,10976,13272,17626,19709,13459,4399,1343,7930,1,5181,7612,4335,23232,9166,2163,120,7676,1,33:12,2022,2023
2022-23,1630559,Austin Reaves,Austin,1610612747,LAL,Los Angeles Lakers,22200183,2022-11-11T00:00:00,LAL vs. SAC,L,33.06666666666667,7,12,0.583,0,2,0.0,5,5,1.0,2,3,5,1,3,1,0,1,1,2,19,2,26.5,0,0,27.0,1,12947,12947,12947,5428,3877,6024,6763,14184,13285,14184,2152,3311,1,3077,9404,7186,13459,2046,4306,7930,17468,5181,7612,4335,9989,8726,2163,120,7676,1,33:04,2022,2023
2022-23,1630559,Austin Reaves,Austin,1610612747,LAL,Los Angeles Lakers,22200170,2022-11-09T00:00:00,LAL @ LAC,L,35.28,3,10,0.3,1,5,0.2,1,3,0.333,4,5,9,1,1,0,0,2,0,2,8,1,19.3,0,0,19.0,1,12947,12947,12947,3535,12366,8199,19519,8083,5511,12795,10510,6555,13452,734,4379,2052,13459,8897,11790,7930,23619,1,7612,13462,11018,13038,2163,120,12497,1,35:17,2022,2023
2022-23,1627745,Damian Jones,Damian,1610612747,LAL,Los Angeles Lakers,22200170,2022-11-09T00:00:00,LAL @ LAC,L,0.72,0,0,0.0,0,0,0.0,0,0,0.0,0,0,0,0,0,0,0,0,0,0,0,-2,0.0,0,0,0.0,1,12947,12947,12947,25772,22559,24678,22559,14184,20319,14184,13851,14660,13851,13272,22091,23082,19186,16367,11790,7930,1,1,17929,23116,14174,24963,2163,120,25002,1,0:43,2022,2023
2022-23,1629308,Juan Toscano-Anderson,Juan,1610612747,LAL,Los Angeles Lakers,22200170,2022-11-09T00:00:00,LAL @ LAC,L,3.753333333333333,0,0,0.0,0,0,0.0,0,0,0.0,0,1,1,0,0,0,0,0,1,0,0,3,1.2,0,0,1.0,1,12947,12947,12947,24473,22559,24678,22559,14184,20319,14184,13851,14660,13851,13272,17626,19709,19186,16367,11790,7930,1,5181,17929,23116,9061,24482,2163,120,24441,1,3:45,2022,2023
2022-23,203076,Anthony Davis,Anthony,1610612747,LAL,Los Angeles Lakers,22200170,2022-11-09T00:00:00,LAL @ LAC,L,35.35,9,16,0.563,0,1,0.0,3,4,0.75,1,8,9,3,3,0,1,2,5,5,21,-10,36.3,0,0,35.0,1,12947,12947,12947,3471,1839,2947,7660,14184,16669,14184,4622,4303,8358,6448,1233,2052,6516,2046,11790,2381,23619,24422,1742,3416,21112,4331,2163,120,4211,1,35:21,2022,2023
2022-23,1628972,Troy Brown Jr.,Troy,1610612747,LAL,Los Angeles Lakers,22200170,2022-11-09T00:00:00,LAL @ LAC,L,31.89666666666667,6,10,0.6,2,6,0.333,0,0,0.0,1,3,4,0,1,1,0,0,1,3,14,-1,20.8,0,0,22.0,1,12947,12947,12947,6469,5438,8199,5804,4226,3807,8680,13851,14660,13851,6448,9404,9590,19186,8897,4306,7930,1,5181,4788,7583,13132,12112,2163,120,10568,1,31:54,2022,2023
2022-23,201566,Russell Westbrook,Russell,1610612747,LAL,Los Angeles Lakers,22200170,2022-11-09T00:00:00,LAL @ LAC,L,29.58,6,15,0.4,0,3,0.0,2,2,1.0,1,3,4,9,4,2,0,0,1,1,14,-12,34.3,0,0,31.0,1,12947,12947,12947,8470,5438,3608,15219,14184,10172,14184,6620,8080,1,6448,9404,9590,634,842,1343,7930,1,5181,11862,7583,22269,5072,2163,120,5759,1,29:35,2022,2023
2022-23,1629134,Kendrick Nunn,Kendrick,1610612747,LAL,Los Angeles Lakers,22200170,2022-11-09T00:00:00,LAL @ LAC,L,12.536666666666669,0,4,0.0,0,2,0.0,0,0,0.0,0,0,0,3,1,0,0,0,1,0,0,-16,3.5,0,0,3.0,1,12947,12947,12947,20871,22559,17859,22559,14184,13285,14184,13851,14660,13851,13272,22091,23082,6516,8897,11790,7930,1,5181,17929,23116,23968,23236,2163,120,23300,1,12:32,2022,2023
2022-23,1629117,Wenyen Gabriel,Wenyen,1610612747,LAL,Los Angeles Lakers,22200170,2022-11-09T00:00:00,LAL @ LAC,L,8.733333333333333,1,1,1.0,0,0,0.0,2,2,1.0,0,1,1,1,0,1,1,0,2,1,4,-4,12.7,0,0,10.0,1,12947,12947,12947,22524,18953,23078,1,14184,20319,14184,6620,8080,1,13272,17626,19709,13459,16367,4306,2381,1,11553,11862,18472,16280,17538,2163,120,18804,1,8:44,2022,2023
2022-23,2544,LeBron James,LeBron,1610612747,LAL,Los Angeles Lakers,22200170,2022-11-09T00:00:00,LAL @ LAC,L,32.35,12,22,0.545,4,9,0.444,2,4,0.5,1,7,8,5,3,2,0,2,2,7,30,-17,50.1,0,0,51.0,1,12947,12947,12947,6041,474,695,8194,1024,1087,6940,6620,4303,10976,6448,1900,2807,3151,2046,1343,7930,23619,11553,559,950,24272,1137,2163,120,824,1,32:21,2022,2023
2022-23,1630346,Matt Ryan,Matt,1610612747,LAL,Los Angeles Lakers,22200170,2022-11-09T00:00:00,LAL @ LAC,L,0.72,0,1,0.0,0,0,0.0,0,0,0.0,0,0,0,0,0,0,0,0,0,0,0,-2,0.0,0,0,0.0,1,12947,12947,12947,25772,22559,23078,22559,14184,20319,14184,13851,14660,13851,13272,22091,23082,19186,16367,11790,7930,1,1,17929,23116,14174,24963,2163,120,25002,1,0:43,2022,2023
2022-23,201976,Patrick Beverley,Patrick,1610612747,LAL,Los Angeles Lakers,22200170,2022-11-09T00:00:00,LAL @ LAC,L,34.596666666666664,2,8,0.25,2,5,0.4,1,2,0.5,0,2,2,4,1,1,0,1,5,5,7,3,17.4,0,0,17.0,1,12947,12947,12947,4096,15467,10854,20392,4226,5511,7498,10510,8080,10976,13272,13188,16055,4531,8897,4306,7930,17468,24422,1742,14745,9061,14314,2163,120,13833,1,34:36,2022,2023
2022-23,1631108,Max Christie,Max,1610612747,LAL,Los Angeles Lakers,22200170,2022-11-09T00:00:00,LAL @ LAC,L,14.483333333333333,1,1,1.0,1,1,1.0,0,0,0.0,0,5,5,0,1,0,0,0,2,0,3,-8,8.0,0,0,9.0,1,12947,12947,12947,19765,18953,23078,1,8083,16669,1,13851,14660,13851,13272,4379,7186,19186,8897,11790,7930,1,11553,17929,19811,19762,20578,2163,120,19461,1,14:29,2022,2023
2022-23,1630346,Matt Ryan,Matt,1610612747,LAL,Los Angeles Lakers,22200157,2022-11-07T00:00:00,LAL @ UTA,L,17.8,0,4,0.0,0,3,0.0,2,2,1.0,0,1,1,0,0,0,0,0,1,1,2,-10,3.2,0,0,3.0,1,12947,12947,12947,17539,22559,17859,22559,14184,10172,14184,6620,8080,1,13272,17626,19709,19186,16367,11790,7930,1,5181,11862,21044,21112,23362,2163,120,23300,1,17:48,2022,2023
2022-23,1629117,Wenyen Gabriel,Wenyen,1610612747,LAL,Los Angeles Lakers,22200157,2022-11-07T00:00:00,LAL @ UTA,L,23.65,2,3,0.667,0,0,0.0,0,0,0.0,0,4,4,2,2,3,0,0,3,0,4,-9,18.8,0,0,16.0,1,12947,12947,12947,13170,15467,19669,3571,14184,20319,14184,13851,14660,13851,13272,6530,9590,9342,4399,387,7930,1,17562,17929,18472,20484,13392,2163,120,14513,1,23:39,2022,2023
2022-23,1627745,Damian Jones,Damian,1610612747,LAL,Los Angeles Lakers,22200157,2022-11-07T00:00:00,LAL @ UTA,L,15.225,3,6,0.5,0,0,0.0,4,4,1.0,3,4,7,0,2,0,1,1,2,3,10,-6,19.4,0,0,19.0,1,12947,12947,12947,19297,12366,14189,9075,14184,20319,14184,3075,4303,1,1492,6530,3911,19186,4399,11790,2381,17468,11553,4788,11243,18185,12964,2163,120,12497,1,15:14,2022,2023
2022-23,1630559,Austin Reaves,Austin,1610612747,LAL,Los Angeles Lakers,22200157,2022-11-07T00:00:00,LAL @ UTA,L,29.8,2,6,0.333,0,3,0.0,7,7,1.0,0,4,4,1,0,0,0,0,0,7,11,-14,17.3,0,0,16.0,1,12947,12947,12947,8287,15467,14189,17586,14184,10172,14184,993,1700,1,13272,6530,9590,13459,16367,11790,7930,1,1,559,10274,23232,14394,2163,120,14513,1,29:48,2022,2023
2022-23,1629308,Juan Toscano-Anderson,Juan,1610612747,LAL,Los Angeles Lakers,22200157,2022-11-07T00:00:00,LAL @ UTA,L,12.856666666666667,0,4,0.0,0,1,0.0,1,2,0.5,0,2,2,0,2,0,2,1,2,1,1,-8,7.4,0,0,7.0,1,12947,12947,12947,20689,22559,17859,22559,14184,16669,14184,10510,8080,10976,13272,13188,16055,19186,4399,11790,751,17468,11553,11862,22905,19762,20931,2163,120,20760,1,12:51,2022,2023
2022-23,1630590,Scotty Pippen Jr.,Scotty,1610612747,LAL,Los Angeles Lakers,22200157,2022-11-07T00:00:00,LAL @ UTA,L,6.483333333333333,0,2,0.0,0,0,0.0,1,2,0.5,1,1,2,0,1,0,0,1,2,2,1,0,2.4,0,0,3.0,1,12947,12947,12947,23332,22559,21404,22559,14184,20319,14184,10510,8080,10976,6448,17626,16055,19186,8897,11790,7930,17468,11553,7612,22905,11977,23900,2163,120,23300,1,6:29,2022,2023
2022-23,1629134,Kendrick Nunn,Kendrick,1610612747,LAL,Los Angeles Lakers,22200157,2022-11-07T00:00:00,LAL @ UTA,L,26.79833333333333,7,11,0.636,2,4,0.5,2,2,1.0,0,1,1,1,3,0,0,0,0,1,18,-11,17.7,0,0,22.0,1,12947,12947,12947,10743,3877,7093,5046,4226,7558,3860,6620,8080,1,13272,17626,19709,13459,2046,11790,7930,1,1,11862,4863,21730,14114,2163,120,10568,1,26:48,2022,2023
2022-23,201566,Russell Westbrook,Russell,1610612747,LAL,Los Angeles Lakers,22200157,2022-11-07T00:00:00,LAL @ UTA,L,24.183333333333334,8,14,0.571,2,3,0.667,4,4,1.0,1,2,3,5,2,1,1,1,5,2,22,-23,37.1,0,0,36.0,1,12947,12947,12947,12733,2711,4330,7045,4226,10172,1971,3075,4303,1,6448,13188,12567,3151,4399,4306,2381,17468,24422,7612,3023,25359,4043,2163,120,3886,1,24:11,2022,2023
2022-23,203076,Anthony Davis,Anthony,1610612747,LAL,Los Angeles Lakers,22200157,2022-11-07T00:00:00,LAL @ UTA,L,29.20833333333333,11,18,0.611,1,1,1.0,6,7,0.857,1,3,4,2,2,1,1,1,2,5,29,-9,40.8,0,0,40.0,1,12947,12947,12947,8791,789,1948,5740,8083,16669,1,1457,1700,7116,6448,9404,9590,9342,4399,4306,2381,17468,11553,1742,1129,20484,2943,2163,120,2713,1,29:13,2022,2023
2022-23,1628972,Troy Brown Jr.,Troy,1610612747,LAL,Los Angeles Lakers,22200157,2022-11-07T00:00:00,LAL @ UTA,L,24.945,4,7,0.571,2,5,0.4,0,0,0.0,0,4,4,2,1,0,0,0,4,1,10,-9,16.8,0,0,18.0,1,12947,12947,12947,12163,9586,12420,7045,4226,5511,7498,13851,14660,13851,13272,6530,9590,9342,8897,11790,7930,1,21892,11862,11243,20484,14725,2163,120,13199,1,24:57,2022,2023
2022-23,1631108,Max Christie,Max,1610612747,LAL,Los Angeles Lakers,22200157,2022-11-07T00:00:00,LAL @ UTA,L,29.05,3,7,0.429,2,4,0.5,0,0,0.0,1,0,1,2,1,2,0,2,0,0,8,-16,17.2,0,0,17.0,1,12947,12947,12947,8902,12366,12420,14122,4226,7558,3860,13851,14660,13851,6448,22091,19709,9342,8897,1343,7930,23619,1,17929,13462,23968,14454,2163,120,13833,1,29:03,2022,2023
2022-23,1629022,Lonnie Walker IV,Lonnie,1610612747,LAL,Los Angeles Lakers,22200140,2022-11-06T00:00:00,LAL vs. CLE,L,19.43166666666667,3,7,0.429,0,3,0.0,0,0,0.0,0,1,1,1,0,0,0,0,5,0,6,-10,8.7,0,0,8.0,1,12947,12947,12947,16372,12366,12420,14122,14184,10172,14184,13851,14660,13851,13272,17626,19709,13459,16367,11790,7930,1,24422,17929,15841,21112,20147,2163,120,20094,1,19:26,2022,2023
2022-23,1629117,Wenyen Gabriel,Wenyen,1610612747,LAL,Los Angeles Lakers,22200140,2022-11-06T00:00:00,LAL vs. CLE,L,15.25,2,4,0.5,0,1,0.0,0,0,0.0,1,3,4,0,1,0,1,0,3,1,4,-7,10.8,0,0,10.0,1,12947,12947,12947,19279,15467,17859,9075,14184,16669,14184,13851,14660,13851,6448,9404,9590,19186,8897,11790,2381,1,17562,11862,18472,18993,18813,2163,120,18804,1,15:15,2022,2023
2022-23,1629308,Juan Toscano-Anderson,Juan,1610612747,LAL,Los Angeles Lakers,22200140,2022-11-06T00:00:00,LAL vs. CLE,L,11.693333333333332,1,2,0.5,0,1,0.0,0,0,0.0,0,1,1,1,1,0,0,0,2,1,2,-3,3.7,0,0,4.0,1,12947,12947,12947,21366,18953,21404,9075,14184,16669,14184,13851,14660,13851,13272,17626,19709,13459,8897,11790,7930,1,11553,11862,21044,15240,23160,2163,120,22647,1,11:42,2022,2023
2022-23,1629134,Kendrick Nunn,Kendrick,1610612747,LAL,Los Angeles Lakers,22200140,2022-11-06T00:00:00,LAL vs. CLE,L,18.366666666666667,0,5,0.0,0,4,0.0,0,0,0.0,1,2,3,2,1,1,0,1,0,0,0,-3,8.6,0,0,7.0,1,12947,12947,12947,17147,22559,16006,22559,14184,7558,14184,13851,14660,13851,6448,13188,12567,9342,8897,4306,7930,17468,1,17929,23116,15240,20216,2163,120,20760,1,18:22,2022,2023
2022-23,1630346,Matt Ryan,Matt,1610612747,LAL,Los Angeles Lakers,22200140,2022-11-06T00:00:00,LAL vs. CLE,L,17.025,2,6,0.333,2,3,0.667,2,3,0.667,0,2,2,2,1,1,0,0,3,2,8,-7,15.4,0,0,16.0,1,12947,12947,12947,18120,15467,14189,17586,4226,10172,1971,6620,6555,9637,13272,13188,16055,9342,8897,4306,7930,1,17562,7612,13462,18993,15684,2163,120,14513,1,17:02,2022,2023
2022-23,1630559,Austin Reaves,Austin,1610612747,LAL,Los Angeles Lakers,22200140,2022-11-06T00:00:00,LAL vs. CLE,L,25.416666666666668,0,2,0.0,0,1,0.0,1,1,1.0,0,4,4,0,2,0,1,0,3,3,1,-12,6.8,0,0,7.0,1,12947,12947,12947,11788,22559,21404,22559,14184,16669,14184,10510,13074,1,13272,6530,9590,19186,4399,11790,2381,1,17562,4788,22905,22269,21342,2163,120,20760,1,25:25,2022,2023
2022-23,1631108,Max Christie,Max,1610612747,LAL,Los Angeles Lakers,22200140,2022-11-06T00:00:00,LAL vs. CLE,L,4.833333333333333,1,1,1.0,0,0,0.0,0,0,0.0,0,0,0,0,0,0,0,0,1,0,2,3,2.0,0,0,2.0,1,12947,12947,12947,23984,18953,23078,1,14184,20319,14184,13851,14660,13851,13272,22091,23082,19186,16367,11790,7930,1,5181,17929,21044,9061,24065,2163,120,23851,1,4:50,2022,2023
2022-23,1628972,Troy Brown Jr.,Troy,1610612747,LAL,Los Angeles Lakers,22200140,2022-11-06T00:00:00,LAL vs. CLE,L,29.6,5,12,0.417,2,5,0.4,0,0,0.0,2,4,6,0,1,0,0,2,2,0,12,-8,18.2,0,0,20.0,1,12947,12947,12947,8447,7306,6024,14850,4226,5511,7498,13851,14660,13851,3077,6530,5308,19186,8897,11790,7930,23619,11553,17929,9310,19762,13777,2163,120,11856,1,29:36,2022,2023
2022-23,203076,Anthony Davis,Anthony,1610612747,LAL,Los Angeles Lakers,22200140,2022-11-06T00:00:00,LAL vs. CLE,L,32.75,7,12,0.583,0,0,0.0,5,9,0.556,3,9,12,4,1,0,1,0,4,6,19,-7,41.4,1,0,37.0,1,12947,12947,12947,5702,3877,6024,6763,14184,20319,14184,2152,842,10934,1492,766,725,4531,8897,11790,2381,1,21892,993,4335,18993,2777,1,120,3597,1,32:45,2022,2023
2022-23,201566,Russell Westbrook,Russell,1610612747,LAL,Los Angeles Lakers,22200140,2022-11-06T00:00:00,LAL vs. CLE,L,31.816666666666663,6,13,0.462,3,5,0.6,4,5,0.8,1,2,3,10,7,2,1,2,3,3,19,-8,39.6,1,0,41.0,1,12947,12947,12947,6529,5438,5108,12925,2120,5511,3022,3075,3311,7793,6448,13188,12567,399,39,1343,2381,23619,17562,4788,4335,19762,3267,1,120,2464,1,31:49,2022,2023
2022-23,2544,LeBron James,LeBron,1610612747,LAL,Los Angeles Lakers,22200140,2022-11-06T00:00:00,LAL vs. CLE,L,33.81666666666667,13,23,0.565,1,4,0.25,0,3,0.0,2,5,7,4,1,0,0,1,0,4,27,-8,40.4,0,0,39.0,1,12947,12947,12947,4774,299,508,7636,8083,7558,11411,13851,6555,13851,3077,4379,3911,4531,8897,11790,7930,17468,1,2943,1513,19762,3050,2163,120,2989,1,33:49,2022,2023
2022-23,201566,Russell Westbrook,Russell,1610612747,LAL,Los Angeles Lakers,22200131,2022-11-04T00:00:00,LAL vs. UTA,L,29.416666666666668,9,14,0.643,3,5,0.6,5,5,1.0,0,3,3,6,4,2,0,1,1,3,26,-1,40.6,0,0,42.0,1,12947,12947,12947,8610,1839,4330,4953,2120,5511,3022,2152,3311,1,13272,9404,12567,2101,842,1343,7930,17468,5181,4788,1742,13132,2995,2163,120,2224,1,29:25,2022,2023
2022-23,1629308,Juan Toscano-Anderson,Juan,1610612747,LAL,Los Angeles Lakers,22200131,2022-11-04T00:00:00,LAL vs. UTA,L,14.6,0,0,0.0,0,0,0.0,2,2,1.0,0,1,1,0,0,0,1,0,1,1,2,-9,6.2,0,0,5.0,1,12947,12947,12947,19692,22559,24678,22559,14184,20319,14184,6620,8080,1,13272,17626,19709,19186,16367,11790,2381,1,5181,11862,21044,20484,21645,2163,120,22051,1,14:36,2022,2023
2022-23,1631108,Max Christie,Max,1610612747,LAL,Los Angeles Lakers,22200131,2022-11-04T00:00:00,LAL vs. UTA,L,1.2833333333333334,0,1,0.0,0,0,0.0,0,0,0.0,0,0,0,0,0,0,0,0,0,0,0,-2,0.0,0,0,0.0,1,12947,12947,12947,25612,22559,23078,22559,14184,20319,14184,13851,14660,13851,13272,22091,23082,19186,16367,11790,7930,1,1,17929,23116,14174,24963,2163,120,25002,1,1:17,2022,2023
2022-23,1630346,Matt Ryan,Matt,1610612747,LAL,Los Angeles Lakers,22200131,2022-11-04T00:00:00,LAL vs. UTA,L,10.015,1,4,0.25,1,3,0.333,0,0,0.0,1,3,4,0,0,0,0,0,1,0,3,-3,7.8,0,0,8.0,1,12947,12947,12947,22058,18953,17859,20392,8083,10172,8680,13851,14660,13851,6448,9404,9590,19186,16367,11790,7930,1,5181,17929,19811,15240,20705,2163,120,20094,1,10:01,2022,2023
2022-23,1627745,Damian Jones,Damian,1610612747,LAL,Los Angeles Lakers,22200131,2022-11-04T00:00:00,LAL vs. UTA,L,1.2833333333333334,0,0,0.0,0,0,0.0,0,0,0.0,0,0,0,0,0,0,0,0,0,0,0,-2,0.0,0,0,0.0,1,12947,12947,12947,25612,22559,24678,22559,14184,20319,14184,13851,14660,13851,13272,22091,23082,19186,16367,11790,7930,1,1,17929,23116,14174,24963,2163,120,25002,1,1:17,2022,2023
2022-23,1630559,Austin Reaves,Austin,1610612747,LAL,Los Angeles Lakers,22200131,2022-11-04T00:00:00,LAL vs. UTA,L,21.683333333333334,1,1,1.0,1,1,1.0,2,2,1.0,0,2,2,3,1,1,2,0,1,1,5,-4,19.9,0,0,17.0,1,12947,12947,12947,14658,18953,23078,1,8083,16669,1,6620,8080,1,13272,13188,16055,6516,8897,4306,751,1,5181,11862,17251,16280,12651,2163,120,13833,1,21:41,2022,2023
2022-23,1628972,Troy Brown Jr.,Troy,1610612747,LAL,Los Angeles Lakers,22200131,2022-11-04T00:00:00,LAL vs. UTA,L,22.03333333333333,4,10,0.4,2,6,0.333,2,2,1.0,1,1,2,0,2,1,0,0,2,1,12,-14,15.4,0,0,18.0,1,12947,12947,12947,14413,9586,8199,15219,4226,3807,8680,6620,8080,1,6448,17626,16055,19186,4399,4306,7930,1,11553,11862,9310,23232,15684,2163,120,13199,1,22:02,2022,2023
2022-23,1629117,Wenyen Gabriel,Wenyen,1610612747,LAL,Los Angeles Lakers,22200131,2022-11-04T00:00:00,LAL vs. UTA,L,11.105,1,1,1.0,0,0,0.0,3,4,0.75,1,3,4,1,0,0,0,0,1,3,5,-4,11.3,0,0,10.0,1,12947,12947,12947,21609,18953,23078,1,14184,20319,14184,4622,4303,8358,6448,9404,9590,13459,16367,11790,7930,1,5181,4788,17251,16280,18501,2163,120,18804,1,11:06,2022,2023
2022-23,2544,LeBron James,LeBron,1610612747,LAL,Los Angeles Lakers,22200131,2022-11-04T00:00:00,LAL vs. UTA,L,34.163333333333334,7,19,0.368,0,5,0.0,3,5,0.6,2,8,10,8,3,0,1,0,3,5,17,-11,41.0,1,0,37.0,1,12947,12947,12947,4470,3877,1551,17098,14184,5511,14184,4622,3311,10622,3077,1233,1446,963,2046,11790,2381,1,17562,1742,5476,21730,2886,1,120,3597,1,34:10,2022,2023
2022-23,201976,Patrick Beverley,Patrick,1610612747,LAL,Los Angeles Lakers,22200131,2022-11-04T00:00:00,LAL vs. UTA,L,28.266666666666666,2,2,1.0,1,1,1.0,0,0,0.0,1,4,5,1,0,0,0,0,2,1,5,2,12.5,0,0,12.0,1,12947,12947,12947,9510,15467,21404,1,8083,16669,1,13851,14660,13851,6448,6530,7186,13459,16367,11790,7930,1,11553,11862,17251,9989,17698,2163,120,17408,1,28:16,2022,2023
2022-23,1629022,Lonnie Walker IV,Lonnie,1610612747,LAL,Los Angeles Lakers,22200131,2022-11-04T00:00:00,LAL vs. UTA,L,30.016666666666666,6,12,0.5,2,3,0.667,5,5,1.0,0,1,1,1,0,2,0,0,2,3,19,-12,27.7,0,0,27.0,1,12947,12947,12947,8103,5438,6024,9075,4226,10172,1971,2152,3311,1,13272,17626,19709,13459,16367,1343,7930,1,11553,4788,4335,22269,8049,2163,120,7676,1,30:01,2022,2023
2022-23,203076,Anthony Davis,Anthony,1610612747,LAL,Los Angeles Lakers,22200131,2022-11-04T00:00:00,LAL vs. UTA,L,34.85,9,17,0.529,1,2,0.5,3,3,1.0,3,5,8,2,1,0,2,2,3,4,22,-8,39.6,0,0,37.0,1,12947,12947,12947,3875,1839,2392,8804,8083,13285,3860,4622,6555,1,1492,4379,2807,9342,8897,11790,751,23619,17562,2943,3023,19762,3267,2163,120,3597,1,34:51,2022,2023
2022-23,1629134,Kendrick Nunn,Kendrick,1610612747,LAL,Los Angeles Lakers,22200131,2022-11-04T00:00:00,LAL vs. UTA,L,1.2833333333333334,0,2,0.0,0,0,0.0,0,0,0.0,0,0,0,0,0,0,0,0,0,0,0,-2,0.0,0,0,0.0,1,12947,12947,12947,25612,22559,21404,22559,14184,20319,14184,13851,14660,13851,13272,22091,23082,19186,16367,11790,7930,1,1,17929,23116,14174,24963,2163,120,25002,1,1:17,2022,2023
2022-23,201976,Patrick Beverley,Patrick,1610612747,LAL,Los Angeles Lakers,22200117,2022-11-02T00:00:00,LAL vs. NOP,W,27.33333333333333,0,3,0.0,0,0,0.0,0,0,0.0,1,3,4,3,2,1,0,1,0,1,0,7,10.3,0,0,9.0,1,1,1,1,10323,22559,19669,22559,14184,20319,14184,13851,14660,13851,6448,9404,9590,6516,4399,4306,7930,17468,1,11862,23116,5992,19150,2163,120,19461,1,27:20,2022,2023
2022-23,1630346,Matt Ryan,Matt,1610612747,LAL,Los Angeles Lakers,22200117,2022-11-02T00:00:00,LAL vs. NOP,W,18.305,4,11,0.364,3,9,0.333,0,0,0.0,1,1,2,1,1,0,0,0,1,0,11,-7,13.9,0,0,17.0,1,1,1,1,17188,9586,7093,17144,2120,1087,8680,13851,14660,13851,6448,17626,16055,13459,8897,11790,7930,1,5181,17929,10274,18993,16729,2163,120,13833,1,18:18,2022,2023
2022-23,1628972,Troy Brown Jr.,Troy,1610612747,LAL,Los Angeles Lakers,22200117,2022-11-02T00:00:00,LAL vs. NOP,W,26.58333333333333,4,7,0.571,1,3,0.333,6,6,1.0,1,9,10,1,0,0,0,0,1,3,15,6,28.5,1,0,27.0,1,1,1,1,10897,9586,12420,7045,8083,10172,8680,1457,2263,1,6448,766,1446,13459,16367,11790,7930,1,5181,4788,6803,6694,7630,1,120,7676,1,26:35,2022,2023
2022-23,2544,LeBron James,LeBron,1610612747,LAL,Los Angeles Lakers,22200117,2022-11-02T00:00:00,LAL vs. NOP,W,39.71666666666667,9,23,0.391,0,7,0.0,2,4,0.5,0,10,10,8,2,0,2,2,3,4,20,5,48.0,1,0,42.0,1,1,1,1,745,1839,508,16308,14184,2551,14184,6620,4303,10976,13272,496,1446,963,4399,11790,751,23619,17562,2943,3852,7441,1440,1,120,2224,1,39:43,2022,2023
2022-23,201566,Russell Westbrook,Russell,1610612747,LAL,Los Angeles Lakers,22200117,2022-11-02T00:00:00,LAL vs. NOP,W,25.25,6,10,0.6,1,4,0.25,0,0,0.0,1,6,7,9,6,0,1,0,2,2,13,4,31.9,0,0,32.0,1,1,1,1,11912,5438,8199,5804,8083,7558,11411,13851,14660,13851,6448,2868,3911,634,120,11790,2381,1,11553,7612,8465,8218,6064,2163,120,5369,1,25:15,2022,2023
2022-23,203076,Anthony Davis,Anthony,1610612747,LAL,Los Angeles Lakers,22200117,2022-11-02T00:00:00,LAL vs. NOP,W,37.2,8,17,0.471,0,0,0.0,4,4,1.0,5,11,16,4,1,1,4,0,3,4,20,9,59.2,1,0,50.0,1,1,1,1,2043,2711,2392,12664,14184,20319,14184,3075,4303,1,342,292,142,4531,8897,4306,87,1,17562,2943,3852,4755,382,1,120,916,1,37:12,2022,2023
2022-23,1629022,Lonnie Walker IV,Lonnie,1610612747,LAL,Los Angeles Lakers,22200117,2022-11-02T00:00:00,LAL vs. NOP,W,40.361666666666665,9,17,0.529,5,9,0.556,5,6,0.833,0,3,3,1,2,1,1,2,2,3,28,8,37.1,0,0,41.0,1,1,1,1,545,1839,2392,8804,428,1087,3714,2152,2263,7354,13272,9404,12567,13459,4399,4306,2381,23619,11553,4788,1320,5327,4043,2163,120,2464,1,40:22,2022,2023
2022-23,1630559,Austin Reaves,Austin,1610612747,LAL,Los Angeles Lakers,22200117,2022-11-02T00:00:00,LAL vs. NOP,W,34.45,2,6,0.333,0,3,0.0,3,3,1.0,0,0,0,2,1,2,0,0,1,3,7,-11,15.0,0,0,13.0,1,1,1,1,4222,15467,14189,17586,14184,10172,14184,4622,6555,1,13272,22091,23082,9342,8897,1343,7930,1,5181,4788,14745,21730,15978,2163,120,16689,1,34:27,2022,2023
2022-23,1629117,Wenyen Gabriel,Wenyen,1610612747,LAL,Los Angeles Lakers,22200117,2022-11-02T00:00:00,LAL vs. NOP,W,15.8,3,4,0.75,0,1,0.0,0,0,0.0,2,2,4,1,2,1,0,0,4,0,6,-6,13.3,0,0,13.0,1,1,1,1,18910,12366,17859,2276,14184,16669,14184,13851,14660,13851,3077,13188,9590,13459,4399,4306,7930,1,21892,17929,15841,18185,17166,2163,120,16689,1,15:48,2022,2023
2022-23,201566,Russell Westbrook,Russell,1610612747,LAL,Los Angeles Lakers,22200095,2022-10-30T00:00:00,LAL vs. DEN,W,31.633333333333333,6,12,0.5,2,4,0.5,4,4,1.0,4,4,8,8,3,0,0,0,3,2,18,18,36.6,0,0,36.0,1,1,1,1,6701,5438,6024,9075,4226,7558,3860,3075,4303,1,734,6530,2807,963,2046,11790,7930,1,17562,7612,4863,1403,4222,2163,120,3886,1,31:38,2022,2023
2022-23,2544,LeBron James,LeBron,1610612747,LAL,Los Angeles Lakers,22200095,2022-10-30T00:00:00,LAL vs. DEN,W,34.70333333333333,10,22,0.455,2,5,0.4,4,5,0.8,0,6,6,8,3,1,0,3,1,3,26,-1,45.2,0,0,44.0,1,1,1,1,3988,1204,695,13150,4226,5511,7498,3075,3311,7793,13272,2868,5308,963,2046,4306,7930,25315,5181,4788,1742,13132,1965,2163,120,1786,1,34:42,2022,2023
2022-23,203076,Anthony Davis,Anthony,1610612747,LAL,Los Angeles Lakers,22200095,2022-10-30T00:00:00,LAL vs. DEN,W,36.8,10,18,0.556,0,0,0.0,3,4,0.75,6,9,15,2,2,1,1,3,3,4,23,15,48.0,1,0,44.0,1,1,1,1,2321,1204,1948,7770,14184,20319,14184,4622,4303,8358,168,766,222,9342,4399,4306,2381,25315,17562,2943,2654,2225,1440,1,120,1786,1,36:48,2022,2023
2022-23,1630559,Austin Reaves,Austin,1610612747,LAL,Los Angeles Lakers,22200095,2022-10-30T00:00:00,LAL vs. DEN,W,27.6,3,6,0.5,2,4,0.5,2,3,0.667,0,4,4,2,0,1,1,0,1,2,10,15,23.8,0,0,22.0,1,1,1,1,10087,12366,14189,9075,4226,7558,3860,6620,6555,9637,13272,6530,9590,9342,16367,4306,2381,1,5181,7612,11243,2225,10298,2163,120,10568,1,27:36,2022,2023
2022-23,1629022,Lonnie Walker IV,Lonnie,1610612747,LAL,Los Angeles Lakers,22200095,2022-10-30T00:00:00,LAL vs. DEN,W,35.266666666666666,6,14,0.429,3,5,0.6,3,4,0.75,0,5,5,2,0,1,2,1,1,2,18,15,36.0,0,0,34.0,1,1,1,1,3537,5438,4330,14122,2120,5511,3022,4622,4303,8358,13272,4379,7186,9342,16367,4306,751,17468,5181,7612,4863,2225,4441,2163,120,4558,1,35:16,2022,2023
2022-23,1629134,Kendrick Nunn,Kendrick,1610612747,LAL,Los Angeles Lakers,22200095,2022-10-30T00:00:00,LAL vs. DEN,W,3.3833333333333333,1,2,0.5,1,1,1.0,0,0,0.0,0,0,0,0,0,0,0,0,0,0,3,4,3.0,0,0,4.0,1,1,1,1,24645,18953,21404,9075,8083,16669,1,13851,14660,13851,13272,22091,23082,19186,16367,11790,7930,1,1,17929,19811,8218,23533,2163,120,22647,1,3:23,2022,2023
2022-23,1630346,Matt Ryan,Matt,1610612747,LAL,Los Angeles Lakers,22200095,2022-10-30T00:00:00,LAL vs. DEN,W,12.333333333333334,2,4,0.5,2,3,0.667,0,0,0.0,0,0,0,0,0,0,0,0,1,1,6,11,6.0,0,0,8.0,1,1,1,1,20989,15467,17859,9075,4226,10172,1971,13851,14660,13851,13272,22091,23082,19186,16367,11790,7930,1,5181,11862,15841,3754,21798,2163,120,20094,1,12:20,2022,2023
2022-23,1629117,Wenyen Gabriel,Wenyen,1610612747,LAL,Los Angeles Lakers,22200095,2022-10-30T00:00:00,LAL vs. DEN,W,8.613333333333333,2,4,0.5,0,1,0.0,0,0,0.0,1,1,2,0,0,0,0,0,1,0,4,0,6.4,0,0,6.0,1,1,1,1,22575,15467,17859,9075,14184,16669,14184,13851,14660,13851,6448,17626,16055,19186,16367,11790,7930,1,5181,17929,18472,11977,21548,2163,120,21425,1,8:37,2022,2023
2022-23,201976,Patrick Beverley,Patrick,1610612747,LAL,Los Angeles Lakers,22200095,2022-10-30T00:00:00,LAL vs. DEN,W,21.183333333333334,2,5,0.4,1,4,0.25,0,0,0.0,1,4,5,2,0,0,0,0,3,0,5,-9,14.0,0,0,13.0,1,1,1,1,15069,15467,16006,15219,8083,7558,11411,13851,14660,13851,6448,6530,7186,9342,16367,11790,7930,1,17562,17929,17251,20484,16662,2163,120,16689,1,21:11,2022,2023
2022-23,1627745,Damian Jones,Damian,1610612747,LAL,Los Angeles Lakers,22200095,2022-10-30T00:00:00,LAL vs. DEN,W,2.216666666666667,0,1,0.0,0,0,0.0,0,0,0.0,0,0,0,0,0,0,1,1,1,0,0,-6,3.0,0,0,2.0,1,1,1,1,25173,22559,23078,22559,14184,20319,14184,13851,14660,13851,13272,22091,23082,19186,16367,11790,2381,17468,5181,17929,23116,18185,23533,2163,120,23851,1,2:13,2022,2023
2022-23,1628972,Troy Brown Jr.,Troy,1610612747,LAL,Los Angeles Lakers,22200095,2022-10-30T00:00:00,LAL vs. DEN,W,26.266666666666666,4,8,0.5,0,3,0.0,0,0,0.0,1,5,6,0,0,1,0,0,2,1,8,-7,18.2,0,0,16.0,1,1,1,1,11128,9586,10854,9075,14184,10172,14184,13851,14660,13851,6448,4379,5308,19186,16367,4306,7930,1,11553,11862,13462,18993,13777,2163,120,14513,1,26:16,2022,2023
2022-23,1629022,Lonnie Walker IV,Lonnie,1610612747,LAL,Los Angeles Lakers,22200076,2022-10-28T00:00:00,LAL @ MIN,L,24.15333333333333,3,10,0.3,0,4,0.0,0,0,0.0,1,2,3,3,2,0,1,0,3,1,6,-3,15.1,0,0,14.0,1,12947,12947,12947,12763,12366,8199,19519,14184,7558,14184,13851,14660,13851,6448,13188,12567,6516,4399,11790,2381,1,17562,11862,15841,15240,15913,2163,120,16001,1,24:09,2022,2023
2022-23,201976,Patrick Beverley,Patrick,1610612747,LAL,Los Angeles Lakers,22200076,2022-10-28T00:00:00,LAL @ MIN,L,29.683333333333334,2,4,0.5,0,1,0.0,2,2,1.0,1,5,6,4,1,0,0,0,3,2,6,-23,18.2,0,0,16.0,1,12947,12947,12947,8381,15467,17859,9075,14184,16669,14184,6620,8080,1,6448,4379,5308,4531,8897,11790,7930,1,17562,7612,15841,25359,13777,2163,120,14513,1,29:41,2022,2023
2022-23,1627745,Damian Jones,Damian,1610612747,LAL,Los Angeles Lakers,22200076,2022-10-28T00:00:00,LAL @ MIN,L,23.55,1,4,0.25,0,0,0.0,1,2,0.5,4,4,8,1,3,0,1,2,3,1,3,-19,14.1,0,0,14.0,1,12947,12947,12947,13237,18953,17859,20392,14184,20319,14184,10510,8080,10976,734,6530,2807,13459,2046,11790,2381,23619,17562,11862,19811,24752,16582,2163,120,16001,1,23:33,2022,2023
2022-23,1629117,Wenyen Gabriel,Wenyen,1610612747,LAL,Los Angeles Lakers,22200076,2022-10-28T00:00:00,LAL @ MIN,L,21.48333333333333,3,6,0.5,0,1,0.0,2,2,1.0,0,6,6,1,1,3,2,1,2,2,8,10,30.7,0,0,25.0,1,12947,12947,12947,14808,12366,14189,9075,14184,16669,14184,6620,8080,1,13272,2868,5308,13459,8897,387,751,17468,11553,7612,13462,4240,6616,2163,120,8774,1,21:29,2022,2023
2022-23,201566,Russell Westbrook,Russell,1610612747,LAL,Los Angeles Lakers,22200076,2022-10-28T00:00:00,LAL @ MIN,L,32.63666666666666,6,17,0.353,1,4,0.25,5,10,0.5,1,7,8,3,5,1,1,3,4,5,18,0,33.1,0,0,34.0,1,12947,12947,12947,5799,5438,2392,17479,8083,7558,11411,2152,576,10976,6448,1900,2807,6516,319,4306,2381,25315,21892,1742,4863,11977,5545,2163,120,4558,1,32:38,2022,2023
2022-23,2544,LeBron James,LeBron,1610612747,LAL,Los Angeles Lakers,22200076,2022-10-28T00:00:00,LAL @ MIN,L,37.44,10,24,0.417,1,6,0.167,7,8,0.875,3,4,7,5,3,4,0,1,2,8,28,-13,52.9,0,0,49.0,1,12947,12947,12947,1880,1204,357,14850,8083,3807,13473,993,1170,6922,1492,6530,3911,3151,2046,90,7930,17468,11553,331,1320,22762,817,2163,120,1023,1,37:26,2022,2023
2022-23,1628972,Troy Brown Jr.,Troy,1610612747,LAL,Los Angeles Lakers,22200076,2022-10-28T00:00:00,LAL @ MIN,L,32.026666666666664,4,10,0.4,4,6,0.667,0,0,0.0,1,7,8,0,4,0,0,0,4,0,12,-9,17.6,0,0,24.0,1,12947,12947,12947,6359,9586,8199,15219,1024,3807,1971,13851,14660,13851,6448,1900,2807,19186,842,11790,7930,1,21892,17929,9310,20484,14176,2163,120,9373,1,32:02,2022,2023
2022-23,1629134,Kendrick Nunn,Kendrick,1610612747,LAL,Los Angeles Lakers,22200076,2022-10-28T00:00:00,LAL @ MIN,L,12.443333333333332,4,9,0.444,1,4,0.25,0,1,0.0,0,2,2,0,1,0,0,1,0,0,9,4,10.4,0,0,12.0,1,12947,12947,12947,20931,9586,9460,13499,8083,7558,11411,13851,13074,13851,13272,13188,16055,19186,8897,11790,7930,17468,1,17929,12345,8218,19062,2163,120,17408,1,12:27,2022,2023
2022-23,1630559,Austin Reaves,Austin,1610612747,LAL,Los Angeles Lakers,22200076,2022-10-28T00:00:00,LAL @ MIN,L,26.58333333333333,4,5,0.8,2,3,0.667,2,2,1.0,1,6,7,3,2,0,0,0,0,2,12,8,22.9,0,0,24.0,1,12947,12947,12947,10897,9586,16006,1839,4226,10172,1971,6620,8080,1,6448,2868,3911,6516,4399,11790,7930,1,1,7612,9310,5327,10813,2163,120,9373,1,26:35,2022,2023
2022-23,2544,LeBron James,LeBron,1610612747,LAL,Los Angeles Lakers,22200064,2022-10-26T00:00:00,LAL @ DEN,L,35.31333333333333,8,21,0.381,2,8,0.25,1,2,0.5,2,5,7,9,8,1,0,0,1,2,19,-7,35.9,0,0,39.0,1,12947,12947,12947,3504,2711,929,16579,4226,1659,11411,10510,8080,10976,3077,4379,3911,634,14,4306,7930,1,5181,7612,4335,18993,4476,2163,120,2989,1,35:19,2022,2023
2022-23,203076,Anthony Davis,Anthony,1610612747,LAL,Los Angeles Lakers,22200064,2022-10-26T00:00:00,LAL @ DEN,L,36.43333333333333,11,19,0.579,0,1,0.0,0,1,0.0,1,13,14,5,0,3,2,1,1,3,22,-22,61.3,1,0,51.0,1,12947,12947,12947,2603,789,1551,6992,14184,16669,14184,13851,13074,13851,6448,116,315,3151,16367,387,751,17468,5181,4788,3023,25239,280,1,120,824,1,36:26,2022,2023
2022-23,1630559,Austin Reaves,Austin,1610612747,LAL,Los Angeles Lakers,22200064,2022-10-26T00:00:00,LAL @ DEN,L,26.48333333333333,3,5,0.6,2,3,0.667,0,0,0.0,0,2,2,1,1,0,0,0,0,1,8,-23,10.9,0,0,13.0,1,12947,12947,12947,10979,12366,16006,5804,4226,10172,1971,13851,14660,13851,13272,13188,16055,13459,8897,11790,7930,1,1,11862,13462,25359,18745,2163,120,16689,1,26:29,2022,2023
2022-23,1629117,Wenyen Gabriel,Wenyen,1610612747,LAL,Los Angeles Lakers,22200064,2022-10-26T00:00:00,LAL @ DEN,L,2.7666666666666666,0,0,0.0,0,0,0.0,0,0,0.0,0,0,0,0,0,0,0,0,0,0,0,7,0.0,0,0,0.0,1,12947,12947,12947,24909,22559,24678,22559,14184,20319,14184,13851,14660,13851,13272,22091,23082,19186,16367,11790,7930,1,1,17929,23116,5992,24963,2163,120,25002,1,2:46,2022,2023
2022-23,1629308,Juan Toscano-Anderson,Juan,1610612747,LAL,Los Angeles Lakers,22200064,2022-10-26T00:00:00,LAL @ DEN,L,9.92,1,2,0.5,0,0,0.0,0,0,0.0,0,3,3,0,0,0,0,0,3,0,2,-11,5.6,0,0,5.0,1,12947,12947,12947,22093,18953,21404,9075,14184,20319,14184,13851,14660,13851,13272,9404,12567,19186,16367,11790,7930,1,17562,17929,21044,21730,22059,2163,120,22051,1,9:55,2022,2023
2022-23,1629134,Kendrick Nunn,Kendrick,1610612747,LAL,Los Angeles Lakers,22200064,2022-10-26T00:00:00,LAL @ DEN,L,19.08333333333333,4,12,0.333,1,4,0.25,0,0,0.0,0,4,4,1,3,0,0,1,1,0,9,9,12.3,0,0,15.0,1,12947,12947,12947,16638,9586,6024,17586,8083,7558,11411,13851,14660,13851,13272,6530,9590,13459,2046,11790,7930,17468,5181,17929,12345,4755,17831,2163,120,15266,1,19:05,2022,2023
2022-23,1631108,Max Christie,Max,1610612747,LAL,Los Angeles Lakers,22200064,2022-10-26T00:00:00,LAL @ DEN,L,2.7666666666666666,0,0,0.0,0,0,0.0,2,2,1.0,0,1,1,1,0,0,0,0,0,1,2,7,4.7,0,0,4.0,1,12947,12947,12947,24909,22559,24678,22559,14184,20319,14184,6620,8080,1,13272,17626,19709,13459,16367,11790,7930,1,1,11862,21044,5992,22528,2163,120,22647,1,2:46,2022,2023
2022-23,201976,Patrick Beverley,Patrick,1610612747,LAL,Los Angeles Lakers,22200064,2022-10-26T00:00:00,LAL @ DEN,L,28.98333333333333,1,4,0.25,0,2,0.0,4,4,1.0,1,3,4,3,0,1,0,0,3,4,6,-9,18.3,0,0,15.0,1,12947,12947,12947,8953,18953,17859,20392,14184,13285,14184,3075,4303,1,6448,9404,9590,6516,16367,4306,7930,1,17562,2943,15841,20484,13719,2163,120,15266,1,28:59,2022,2023
2022-23,1629022,Lonnie Walker IV,Lonnie,1610612747,LAL,Los Angeles Lakers,22200064,2022-10-26T00:00:00,LAL @ DEN,L,30.48333333333333,6,14,0.429,1,6,0.167,2,3,0.667,0,2,2,1,1,2,1,1,1,2,15,-27,26.9,0,0,25.0,1,12947,12947,12947,7708,5438,4330,14122,8083,3807,13473,6620,6555,9637,13272,13188,16055,13459,8897,1343,2381,17468,5181,7612,6803,25669,8482,2163,120,8774,1,30:29,2022,2023
2022-23,1628972,Troy Brown Jr.,Troy,1610612747,LAL,Los Angeles Lakers,22200064,2022-10-26T00:00:00,LAL @ DEN,L,27.7,3,8,0.375,0,3,0.0,0,0,0.0,2,3,5,4,1,1,0,1,2,0,6,3,20.0,0,0,17.0,1,12947,12947,12947,10000,12366,10854,16626,14184,10172,14184,13851,14660,13851,3077,9404,7186,4531,8897,4306,7930,17468,11553,17929,15841,9061,12592,2163,120,13833,1,27:42,2022,2023
2022-23,1627745,Damian Jones,Damian,1610612747,LAL,Los Angeles Lakers,22200064,2022-10-26T00:00:00,LAL @ DEN,L,11.566666666666666,1,2,0.5,0,0,0.0,2,4,0.5,1,3,4,0,0,0,1,1,1,4,4,11,11.8,0,0,10.0,1,12947,12947,12947,21417,18953,21404,9075,14184,20319,14184,6620,4303,10976,6448,9404,9590,19186,16367,11790,2381,17468,5181,2943,18472,3754,18160,2163,120,18804,1,11:34,2022,2023
2022-23,1630346,Matt Ryan,Matt,1610612747,LAL,Los Angeles Lakers,22200064,2022-10-26T00:00:00,LAL @ DEN,L,8.5,2,3,0.667,2,3,0.667,0,0,0.0,0,1,1,0,0,0,0,0,3,0,6,7,7.2,0,0,9.0,1,12947,12947,12947,22605,15467,19669,3571,4226,10172,1971,13851,14660,13851,13272,17626,19709,19186,16367,11790,7930,1,17562,17929,15841,5992,21046,2163,120,19461,1,8:30,2022,2023
2022-23,1629308,Juan Toscano-Anderson,Juan,1610612747,LAL,Los Angeles Lakers,22200037,2022-10-23T00:00:00,LAL vs. POR,L,19.645,2,3,0.667,0,1,0.0,0,0,0.0,0,2,2,0,0,1,0,0,1,1,4,-5,9.4,0,0,8.0,1,12947,12947,12947,16223,15467,19669,3571,14184,16669,14184,13851,14660,13851,13272,13188,16055,19186,16367,4306,7930,1,5181,11862,18472,17295,19721,2163,120,20094,1,19:39,2022,2023
2022-23,201976,Patrick Beverley,Patrick,1610612747,LAL,Los Angeles Lakers,22200037,2022-10-23T00:00:00,LAL vs. POR,L,29.516666666666666,1,3,0.333,1,3,0.333,4,4,1.0,1,3,4,5,2,1,0,0,3,3,7,7,20.3,0,0,19.0,1,12947,12947,12947,8515,18953,19669,17586,8083,10172,8680,3075,4303,1,6448,9404,9590,3151,4399,4306,7930,1,17562,4788,14745,5992,12405,2163,120,12497,1,29:31,2022,2023
2022-23,1629134,Kendrick Nunn,Kendrick,1610612747,LAL,Los Angeles Lakers,22200037,2022-10-23T00:00:00,LAL vs. POR,L,9.7,0,3,0.0,0,3,0.0,0,0,0.0,0,0,0,1,2,0,0,0,3,0,0,-7,-0.5,0,0,1.0,1,12947,12947,12947,22157,22559,19669,22559,14184,10172,14184,13851,14660,13851,13272,22091,23082,13459,4399,11790,7930,1,17562,17929,23116,18993,25759,2163,120,24441,1,9:42,2022,2023
2022-23,1629022,Lonnie Walker IV,Lonnie,1610612747,LAL,Los Angeles Lakers,22200037,2022-10-23T00:00:00,LAL vs. POR,L,32.416666666666664,7,13,0.538,1,5,0.2,0,1,0.0,2,2,4,1,2,1,1,0,3,1,15,5,25.3,0,0,25.0,1,12947,12947,12947,5983,3877,5108,8455,8083,5511,12795,13851,13074,13851,3077,13188,9590,13459,4399,4306,2381,1,17562,11862,6803,7441,9407,2163,120,8774,1,32:25,2022,2023
2022-23,201566,Russell Westbrook,Russell,1610612747,LAL,Los Angeles Lakers,22200037,2022-10-23T00:00:00,LAL vs. POR,L,27.51,4,15,0.267,0,3,0.0,2,3,0.667,0,6,6,6,0,0,0,2,1,3,10,-4,26.2,0,0,22.0,1,12947,12947,12947,10177,9586,3608,20333,14184,10172,14184,6620,6555,9637,13272,2868,5308,2101,16367,11790,7930,23619,5181,4788,11243,16280,8884,2163,120,10568,1,27:31,2022,2023
2022-23,2544,LeBron James,LeBron,1610612747,LAL,Los Angeles Lakers,22200037,2022-10-23T00:00:00,LAL vs. POR,L,37.71666666666667,12,22,0.545,2,9,0.222,5,7,0.714,1,7,8,8,4,2,2,1,3,5,31,2,60.6,0,0,57.0,1,12947,12947,12947,1707,474,695,8194,4226,1087,12698,2152,1700,9448,6448,1900,2807,963,842,1343,751,17468,17562,1742,795,9989,312,2163,120,377,1,37:43,2022,2023
2022-23,203076,Anthony Davis,Anthony,1610612747,LAL,Los Angeles Lakers,22200037,2022-10-23T00:00:00,LAL vs. POR,L,36.25666666666667,9,17,0.529,0,3,0.0,4,4,1.0,5,5,10,3,1,2,6,1,5,3,22,3,61.5,1,0,51.0,1,12947,12947,12947,2725,1839,2392,8804,14184,10172,14184,3075,4303,1,342,4379,1446,6516,8897,1343,15,17468,24422,4788,3023,9061,274,1,120,824,1,36:15,2022,2023
2022-23,1630559,Austin Reaves,Austin,1610612747,LAL,Los Angeles Lakers,22200037,2022-10-23T00:00:00,LAL vs. POR,L,18.961666666666662,2,5,0.4,2,4,0.5,1,1,1.0,0,0,0,1,2,1,0,0,1,3,7,-6,9.5,0,0,12.0,1,12947,12947,12947,16738,15467,16006,15219,4226,7558,3860,10510,13074,1,13272,22091,23082,13459,4399,4306,7930,1,5181,4788,14745,18185,19668,2163,120,17408,1,18:58,2022,2023
2022-23,1628972,Troy Brown Jr.,Troy,1610612747,LAL,Los Angeles Lakers,22200037,2022-10-23T00:00:00,LAL vs. POR,L,22.15,2,7,0.286,0,2,0.0,0,0,0.0,0,4,4,1,0,1,0,1,2,0,4,0,13.3,0,0,11.0,1,12947,12947,12947,14315,15467,12420,19742,14184,13285,14184,13851,14660,13851,13272,6530,9590,13459,16367,4306,7930,17468,11553,17929,18472,11977,17166,2163,120,18113,1,22:09,2022,2023
2022-23,1627745,Damian Jones,Damian,1610612747,LAL,Los Angeles Lakers,22200037,2022-10-23T00:00:00,LAL vs. POR,L,6.126666666666667,2,4,0.5,0,0,0.0,0,0,0.0,1,1,2,0,0,0,0,0,2,1,4,-5,6.4,0,0,6.0,1,12947,12947,12947,23478,15467,17859,9075,14184,20319,14184,13851,14660,13851,6448,17626,16055,19186,16367,11790,7930,1,11553,11862,18472,17295,21548,2163,120,21425,1,6:08,2022,2023
2022-23,2544,LeBron James,LeBron,1610612747,LAL,Los Angeles Lakers,22200016,2022-10-20T00:00:00,LAL vs. LAC,L,36.66666666666666,7,17,0.412,2,8,0.25,4,6,0.667,2,8,10,6,2,1,2,0,3,7,20,-1,48.0,1,0,44.0,1,12947,12947,12947,2406,3877,2392,15094,4226,1659,11411,3075,2263,9637,3077,1233,1446,2101,4399,4306,751,1,17562,559,3852,13132,1440,1,120,1786,1,36:40,2022,2023
2022-23,203076,Anthony Davis,Anthony,1610612747,LAL,Los Angeles Lakers,22200016,2022-10-20T00:00:00,LAL vs. LAC,L,31.933333333333334,9,16,0.563,2,4,0.5,5,7,0.714,2,6,8,0,2,2,0,0,2,5,25,5,38.6,0,0,39.0,1,12947,12947,12947,6437,1839,2947,7660,4226,7558,3860,2152,1700,9448,3077,2868,2807,19186,4399,1343,7930,1,11553,1742,2009,7441,3581,2163,120,2989,1,31:56,2022,2023
2022-23,1627745,Damian Jones,Damian,1610612747,LAL,Los Angeles Lakers,22200016,2022-10-20T00:00:00,LAL vs. LAC,L,7.25,1,2,0.5,0,1,0.0,0,0,0.0,0,1,1,2,0,0,0,0,0,0,2,-9,6.2,0,0,5.0,1,12947,12947,12947,23037,18953,21404,9075,14184,16669,14184,13851,14660,13851,13272,17626,19709,9342,16367,11790,7930,1,1,17929,21044,20484,21645,2163,120,22051,1,7:15,2022,2023
2022-23,1629134,Kendrick Nunn,Kendrick,1610612747,LAL,Los Angeles Lakers,22200016,2022-10-20T00:00:00,LAL vs. LAC,L,11.016666666666667,0,7,0.0,0,4,0.0,0,0,0.0,0,2,2,2,1,0,1,2,1,1,0,-18,7.4,0,0,6.0,1,12947,12947,12947,21653,22559,12420,22559,14184,7558,14184,13851,14660,13851,13272,13188,16055,9342,8897,11790,2381,23619,5181,11862,23116,24536,20931,2163,120,21425,1,11:01,2022,2023
2022-23,1629308,Juan Toscano-Anderson,Juan,1610612747,LAL,Los Angeles Lakers,22200016,2022-10-20T00:00:00,LAL vs. LAC,L,21.633333333333333,3,7,0.429,1,4,0.25,1,1,1.0,0,4,4,3,1,1,0,1,2,1,8,-2,19.3,0,0,18.0,1,12947,12947,12947,14690,12366,12420,14122,8083,7558,11411,10510,13074,1,13272,6530,9590,6516,8897,4306,7930,17468,11553,11862,13462,14174,13038,2163,120,13199,1,21:38,2022,2023
2022-23,1630559,Austin Reaves,Austin,1610612747,LAL,Los Angeles Lakers,22200016,2022-10-20T00:00:00,LAL vs. LAC,L,21.916666666666668,1,2,0.5,0,1,0.0,2,2,1.0,2,2,4,2,0,0,0,0,5,2,4,0,11.8,0,0,10.0,1,12947,12947,12947,14481,18953,21404,9075,14184,16669,14184,6620,8080,1,3077,13188,9590,9342,16367,11790,7930,1,24422,7612,18472,11977,18160,2163,120,18804,1,21:55,2022,2023
2022-23,201976,Patrick Beverley,Patrick,1610612747,LAL,Los Angeles Lakers,22200016,2022-10-20T00:00:00,LAL vs. LAC,L,33.03333333333333,1,7,0.143,1,6,0.167,2,2,1.0,1,1,2,1,2,2,2,1,4,3,5,7,18.9,0,0,17.0,1,12947,12947,12947,5450,18953,12420,22241,8083,3807,13473,6620,8080,1,6448,17626,16055,13459,4399,1343,751,17468,21892,4788,17251,5992,13323,2163,120,13833,1,33:02,2022,2023
2022-23,1629022,Lonnie Walker IV,Lonnie,1610612747,LAL,Los Angeles Lakers,22200016,2022-10-20T00:00:00,LAL vs. LAC,L,36.58,9,21,0.429,2,9,0.222,6,6,1.0,1,2,3,3,1,2,0,1,3,3,26,-4,39.1,0,0,38.0,1,12947,12947,12947,2480,1839,929,14122,4226,1087,12698,1457,2263,1,6448,13188,12567,6516,8897,1343,7930,17468,17562,4788,1742,16280,3427,2163,120,3280,1,36:35,2022,2023
2022-23,1630346,Matt Ryan,Matt,1610612747,LAL,Los Angeles Lakers,22200016,2022-10-20T00:00:00,LAL vs. LAC,L,12.603333333333332,2,4,0.5,1,2,0.5,0,0,0.0,0,1,1,0,0,0,0,0,1,1,5,-2,6.2,0,0,7.0,1,12947,12947,12947,20832,15467,17859,9075,8083,13285,3860,13851,14660,13851,13272,17626,19709,19186,16367,11790,7930,1,5181,11862,17251,14174,21645,2163,120,20760,1,12:36,2022,2023
2022-23,201566,Russell Westbrook,Russell,1610612747,LAL,Los Angeles Lakers,22200016,2022-10-20T00:00:00,LAL vs. LAC,L,27.366666666666667,0,11,0.0,0,6,0.0,2,2,1.0,0,3,3,4,1,5,0,2,3,1,2,-6,25.6,0,0,19.0,1,12947,12947,12947,10290,22559,7093,22559,14184,3807,14184,6620,8080,1,13272,9404,12567,4531,8897,21,7930,23619,17562,11862,21044,18185,9212,2163,120,12497,1,27:22,2022,2023
2022-23,1630590,Scotty Pippen Jr.,Scotty,1610612747,LAL,Los Angeles Lakers,22200002,2022-10-18T00:00:00,LAL @ GSW,L,1.8666666666666667,0,0,0.0,0,0,0.0,2,2,1.0,0,0,0,0,0,0,0,0,0,1,2,3,2.0,0,0,2.0,1,12947,12947,12947,25326,22559,24678,22559,14184,20319,14184,6620,8080,1,13272,22091,23082,19186,16367,11790,7930,1,1,11862,21044,9061,24065,2163,120,23851,1,1:52,2022,2023
2022-23,1629022,Lonnie Walker IV,Lonnie,1610612747,LAL,Los Angeles Lakers,22200002,2022-10-18T00:00:00,LAL @ GSW,L,29.28333333333333,2,7,0.286,0,3,0.0,1,2,0.5,1,2,3,5,2,1,1,0,0,1,5,-13,20.1,0,0,17.0,1,12947,12947,12947,8737,15467,12420,19742,14184,10172,14184,10510,8080,10976,6448,13188,12567,3151,4399,4306,2381,1,1,11862,17251,22762,12527,2163,120,13833,1,29:17,2022,2023
2022-23,1631306,Cole Swider,Cole,1610612747,LAL,Los Angeles Lakers,22200002,2022-10-18T00:00:00,LAL @ GSW,L,1.8666666666666667,0,1,0.0,0,1,0.0,0,0,0.0,0,1,1,1,0,0,0,0,0,0,0,3,2.7,0,0,2.0,1,12947,12947,12947,25326,22559,23078,22559,14184,16669,14184,13851,14660,13851,13272,17626,19709,13459,16367,11790,7930,1,1,17929,23116,9061,23752,2163,120,23851,1,1:52,2022,2023
2022-23,1629117,Wenyen Gabriel,Wenyen,1610612747,LAL,Los Angeles Lakers,22200002,2022-10-18T00:00:00,LAL @ GSW,L,7.8,0,1,0.0,0,0,0.0,0,2,0.0,1,0,1,1,0,0,0,1,2,2,0,0,2.7,0,0,2.0,1,12947,12947,12947,22843,22559,23078,22559,14184,20319,14184,13851,8080,13851,6448,22091,19709,13459,16367,11790,7930,17468,11553,7612,23116,11977,23752,2163,120,23851,1,7:48,2022,2023
2022-23,201976,Patrick Beverley,Patrick,1610612747,LAL,Los Angeles Lakers,22200002,2022-10-18T00:00:00,LAL @ GSW,L,24.666666666666668,1,5,0.2,1,5,0.2,0,0,0.0,1,1,2,2,1,4,2,0,5,3,3,-5,25.4,0,0,20.0,1,12947,12947,12947,12380,18953,16006,21480,8083,5511,12795,13851,14660,13851,6448,17626,16055,9342,8897,90,751,1,24422,4788,19811,17295,9337,2163,120,11856,1,24:40,2022,2023
2022-23,1629308,Juan Toscano-Anderson,Juan,1610612747,LAL,Los Angeles Lakers,22200002,2022-10-18T00:00:00,LAL @ GSW,L,14.3,0,3,0.0,0,3,0.0,0,0,0.0,0,4,4,0,2,0,0,0,1,1,0,0,2.8,0,0,4.0,1,12947,12947,12947,19877,22559,19669,22559,14184,10172,14184,13851,14660,13851,13272,6530,9590,19186,4399,11790,7930,1,5181,11862,23116,11977,23751,2163,120,22647,1,14:18,2022,2023
2022-23,201566,Russell Westbrook,Russell,1610612747,LAL,Los Angeles Lakers,22200002,2022-10-18T00:00:00,LAL @ GSW,L,30.683333333333334,7,12,0.583,1,3,0.333,4,5,0.8,1,10,11,3,4,1,0,1,1,3,19,-6,35.7,1,0,36.0,1,12947,12947,12947,7547,3877,6024,6763,8083,10172,8680,3075,3311,7793,6448,496,1038,6516,842,4306,7930,17468,5181,4788,4335,18185,4559,1,120,3886,1,30:41,2022,2023
2022-23,1629134,Kendrick Nunn,Kendrick,1610612747,LAL,Los Angeles Lakers,22200002,2022-10-18T00:00:00,LAL @ GSW,L,23.05,5,9,0.556,3,6,0.5,0,0,0.0,0,3,3,2,3,1,0,0,2,0,13,-19,19.6,0,0,23.0,1,12947,12947,12947,13593,7306,9460,7770,2120,3807,3860,13851,14660,13851,13272,9404,12567,9342,2046,4306,7930,1,11553,17929,8465,24752,12838,2163,120,9958,1,23:03,2022,2023
2022-23,203076,Anthony Davis,Anthony,1610612747,LAL,Los Angeles Lakers,22200002,2022-10-18T00:00:00,LAL @ GSW,L,35.6,10,22,0.455,0,3,0.0,7,9,0.778,0,6,6,0,3,4,1,1,2,7,27,-21,46.2,0,0,43.0,1,12947,12947,12947,3243,1204,695,13150,14184,10172,14184,993,842,8264,13272,2868,5308,19186,2046,90,2381,17468,11553,559,1513,25088,1779,2163,120,2000,1,35:36,2022,2023
2022-23,1631108,Max Christie,Max,1610612747,LAL,Los Angeles Lakers,22200002,2022-10-18T00:00:00,LAL @ GSW,L,1.8666666666666667,1,1,1.0,1,1,1.0,0,0,0.0,0,1,1,0,0,0,0,0,0,0,3,3,4.2,0,0,5.0,1,12947,12947,12947,25326,18953,23078,1,8083,16669,1,13851,14660,13851,13272,17626,19709,19186,16367,11790,7930,1,1,17929,19811,9061,22835,2163,120,22051,1,1:52,2022,2023
2022-23,1630559,Austin Reaves,Austin,1610612747,LAL,Los Angeles Lakers,22200002,2022-10-18T00:00:00,LAL @ GSW,L,16.0,1,3,0.333,0,2,0.0,1,1,1.0,0,0,0,1,0,0,0,0,1,1,3,-6,4.5,0,0,4.0,1,12947,12947,12947,18781,18953,19669,17586,14184,13285,14184,10510,13074,1,13272,22091,23082,13459,16367,11790,7930,1,5181,11862,19811,18185,22654,2163,120,22647,1,16:00,2022,2023
2022-23,1630346,Matt Ryan,Matt,1610612747,LAL,Los Angeles Lakers,22200002,2022-10-18T00:00:00,LAL @ GSW,L,17.816666666666666,1,4,0.25,1,3,0.333,0,0,0.0,0,1,1,0,1,1,0,0,2,0,3,1,6.2,0,0,7.0,1,12947,12947,12947,17528,18953,17859,20392,8083,10172,8680,13851,14660,13851,13272,17626,19709,19186,8897,4306,7930,1,11553,17929,19811,11018,21645,2163,120,20760,1,17:49,2022,2023
2022-23,2544,LeBron James,LeBron,1610612747,LAL,Los Angeles Lakers,22200002,2022-10-18T00:00:00,LAL @ GSW,L,35.2,12,26,0.462,3,10,0.3,4,4,1.0,5,10,15,8,5,0,0,1,2,4,31,-10,56.0,1,0,57.0,1,12947,12947,12947,3577,474,171,12925,2120,661,10887,3075,4303,1,342,496,222,963,319,11790,7930,17468,11553,2943,795,21112,564,1,120,377,1,35:12,2022,2023
