SEASON_YEAR,PLAYER_ID,PLAYER_NAME,NICKNAME,TEAM_ID,TEAM_ABBREVIATION,TEAM_NAME,GAME_ID,GAME_DATE,MATCHUP,WL,MIN,PTS_OFF_TOV,PTS_2ND_CHANCE,PTS_FB,PTS_PAINT,OPP_PTS_OFF_TOV,OPP_PTS_2ND_CHANCE,OPP_PTS_FB,OPP_PTS_PAINT,BLK,BLKA,PF,PFD,NBA_FANTASY_PTS,GP_RANK,W_RANK,L_RANK,W_PCT_RANK,MIN_RANK,PTS_OFF_TOV_RANK,PTS_2ND_CHANCE_RANK,PTS_FB_RANK,PTS_PAINT_RANK,OPP_PTS_OFF_TOV_RANK,OPP_PTS_2ND_CHANCE_RANK,OPP_PTS_FB_RANK,OPP_PTS_PAINT_RANK,BLK_RANK,BLKA_RANK,PF_RANK,PFD_RANK,NBA_FANTASY_PTS_RANK,AVAILABLE_FLAG,MIN_SEC
2022-23,203999,Nikola Jokić,Nikola,1610612743,DEN,Denver Nuggets,0042200405,2023-06-12T00:00:00,DEN vs. MIA,W,42.3,2,2,0,22,8,17,10,36,1,0,3,7,52.2,1,1,1,1,81,426,357,645,12,941,1663,1250,1361,178,1,1135,47,97,1,42:18
2022-23,1628971,Bruce Brown,Bruce,1610612743,DEN,Denver Nuggets,0042200405,2023-06-12T00:00:00,DEN vs. MIA,W,28.15,4,4,4,8,6,14,8,32,0,3,1,2,20.7,1,1,1,1,732,175,136,145,300,726,1544,1046,1205,536,1678,405,515,784,1,28:09
2022-23,201599,DeAndre Jordan,DeAndre,1610612743,DEN,Denver Nuggets,0042200405,2023-06-12T00:00:00,DEN vs. MIA,W,3.0166666666666666,0,0,0,0,2,2,2,4,1,0,0,0,3.0,1,1,1,1,1585,756,687,645,1176,264,277,341,183,178,1,1,1103,1455,1,3:01
2022-23,1629216,Gabe Vincent,Gabe,1610612748,MIA,Miami Heat,0042200405,2023-06-12T00:00:00,MIA @ DEN,L,21.703333333333333,0,2,0,2,4,8,14,34,0,2,2,0,13.5,1,857,857,857,992,756,357,645,859,516,1100,1527,1287,536,1559,787,1103,1056,1,21:42
2022-23,201145,Jeff Green,Jeff,1610612743,DEN,Denver Nuggets,0042200405,2023-06-12T00:00:00,DEN vs. MIA,W,4.733333333333333,0,0,2,4,0,0,4,14,0,0,2,0,5.5,1,1,1,1,1490,756,687,360,612,1,1,616,515,536,1,787,1103,1354,1,4:44
2022-23,200768,Kyle Lowry,Kyle,1610612748,MIA,Miami Heat,0042200405,2023-06-12T00:00:00,MIA @ DEN,L,34.333333333333336,0,3,0,0,12,10,12,38,1,1,5,1,36.8,1,857,857,857,459,756,228,645,1176,1304,1282,1412,1431,178,1165,1614,747,316,1,34:20
2022-23,1629622,Max Strus,Max,1610612748,MIA,Miami Heat,0042200405,2023-06-12T00:00:00,MIA @ DEN,L,31.6,0,3,2,8,4,6,8,36,1,0,3,2,25.1,1,857,857,857,577,756,228,360,300,516,856,1046,1361,178,1,1135,515,635,1,31:36
2022-23,1629130,Duncan Robinson,Duncan,1610612748,MIA,Miami Heat,0042200405,2023-06-12T00:00:00,MIA @ DEN,L,16.811666666666667,2,5,0,2,8,6,11,24,2,0,1,0,17.1,1,857,857,857,1143,426,78,645,859,941,856,1355,858,61,1,405,1103,925,1,16:49
2022-23,201567,Kevin Love,Kevin,1610612748,MIA,Miami Heat,0042200405,2023-06-12T00:00:00,MIA @ DEN,L,14.166666666666666,0,0,0,0,0,2,9,26,2,0,1,0,14.4,1,857,857,857,1229,756,687,645,1176,1,277,1158,941,61,1,405,1103,1018,1,14:10
2022-23,1628997,Caleb Martin,Caleb,1610612748,MIA,Miami Heat,0042200405,2023-06-12T00:00:00,MIA @ DEN,L,32.02166666666667,2,2,4,8,10,10,10,32,1,1,4,2,21.5,1,857,857,857,560,426,357,145,300,1148,1282,1250,1205,178,1165,1436,515,752,1,32:01
2022-23,1629312,Haywood Highsmith,Haywood,1610612748,MIA,Miami Heat,0042200405,2023-06-12T00:00:00,MIA @ DEN,L,2.9,0,0,0,0,2,0,2,4,0,0,1,0,1.2,1,857,857,857,1589,756,687,645,1176,264,1,341,183,536,1,405,1103,1542,1,2:54
2022-23,1627750,Jamal Murray,Jamal,1610612743,DEN,Denver Nuggets,0042200405,2023-06-12T00:00:00,DEN vs. MIA,W,41.25,0,0,3,4,10,16,8,32,0,1,2,1,32.6,1,1,1,1,133,756,687,258,612,1148,1628,1046,1205,536,1165,787,747,428,1,41:15
2022-23,1631128,Christian Braun,Christian,1610612743,DEN,Denver Nuggets,0042200405,2023-06-12T00:00:00,DEN vs. MIA,W,24.283333333333335,2,4,3,4,6,14,4,26,1,2,0,4,15.1,1,1,1,1,890,426,136,258,612,726,1544,616,941,178,1559,1,244,996,1,24:17
2022-23,203469,Cody Zeller,Cody,1610612748,MIA,Miami Heat,0042200405,2023-06-12T00:00:00,MIA @ DEN,L,1.0166666666666666,0,0,0,0,0,0,0,2,0,0,0,0,1.2,1,857,857,857,1664,756,687,645,1176,1,1,1,96,536,1,1,1103,1542,1,1:01
2022-23,1628389,Bam Adebayo,Bam,1610612748,MIA,Miami Heat,0042200405,2023-06-12T00:00:00,MIA @ DEN,L,44.13333333333333,2,2,2,18,12,12,17,54,0,1,2,3,37.9,1,857,857,857,33,426,357,360,28,1304,1417,1650,1713,536,1165,787,364,286,1,44:08
2022-23,203484,Kentavious Caldwell-Pope,Kentavious,1610612743,DEN,Denver Nuggets,0042200405,2023-06-12T00:00:00,DEN vs. MIA,W,34.0,2,0,2,4,8,10,10,28,3,0,1,1,32.8,1,1,1,1,471,426,687,360,612,941,1282,1250,1014,22,1,405,747,420,1,34:00
2022-23,1629008,Michael Porter Jr.,Michael,1610612743,DEN,Denver Nuggets,0042200405,2023-06-12T00:00:00,DEN vs. MIA,W,33.60333333333333,2,2,5,12,6,12,10,36,0,1,0,2,35.1,1,1,1,1,491,426,357,93,138,726,1417,1250,1361,536,1165,1,515,357,1,33:36
2022-23,203932,Aaron Gordon,Aaron,1610612743,DEN,Denver Nuggets,0042200405,2023-06-12T00:00:00,DEN vs. MIA,W,28.663333333333334,0,0,0,2,4,10,4,12,1,0,4,4,21.9,1,1,1,1,712,756,687,645,859,516,1282,616,451,178,1,1436,244,740,1,28:40
2022-23,202710,Jimmy Butler III,Jimmy,1610612748,MIA,Miami Heat,0042200405,2023-06-12T00:00:00,MIA @ DEN,L,41.31333333333333,4,2,4,6,8,6,12,50,0,2,2,5,40.1,1,857,857,857,130,175,357,145,426,941,856,1412,1686,536,1559,787,138,250,1,41:19
2022-23,203932,Aaron Gordon,Aaron,1610612743,DEN,Denver Nuggets,0042200404,2023-06-09T00:00:00,DEN @ MIA,W,41.7,1,2,1,16,8,6,9,38,0,0,4,3,45.4,1,1,1,1,110,715,357,622,45,941,856,1158,1431,536,1,1436,364,177,1,41:42
2022-23,203999,Nikola Jokić,Nikola,1610612743,DEN,Denver Nuggets,0042200404,2023-06-09T00:00:00,DEN @ MIA,W,37.13666666666666,2,4,0,10,2,7,14,38,3,0,5,4,58.4,1,1,1,1,344,426,136,645,200,264,966,1527,1431,22,1,1614,244,59,1,37:08
2022-23,1629216,Gabe Vincent,Gabe,1610612748,MIA,Miami Heat,0042200404,2023-06-09T00:00:00,MIA vs. DEN,L,18.65,0,0,0,2,6,0,1,24,0,1,3,0,1.5,1,857,857,857,1094,756,687,645,859,726,1,319,858,536,1165,1135,1103,1524,1,18:39
2022-23,1629008,Michael Porter Jr.,Michael,1610612743,DEN,Denver Nuggets,0042200404,2023-06-09T00:00:00,DEN @ MIA,W,22.6,4,0,4,8,0,2,5,24,0,0,3,3,14.6,1,1,1,1,956,175,687,145,300,1,277,745,858,536,1,1135,364,1014,1,22:36
2022-23,1628997,Caleb Martin,Caleb,1610612748,MIA,Miami Heat,0042200404,2023-06-09T00:00:00,MIA vs. DEN,L,32.85,0,2,2,8,12,6,11,30,0,2,3,0,17.5,1,857,857,857,523,756,357,360,300,1304,856,1355,1116,536,1559,1135,1103,908,1,32:51
2022-23,1631128,Christian Braun,Christian,1610612743,DEN,Denver Nuggets,0042200404,2023-06-09T00:00:00,DEN @ MIA,W,14.75,0,0,0,0,8,3,9,18,1,0,1,1,8.2,1,1,1,1,1213,756,687,645,1176,941,492,1158,648,178,1,405,747,1237,1,14:45
2022-23,1628389,Bam Adebayo,Bam,1610612748,MIA,Miami Heat,0042200404,2023-06-09T00:00:00,MIA vs. DEN,L,43.65,4,2,4,14,17,6,12,46,1,2,1,5,33.7,1,857,857,857,45,175,357,145,84,1579,856,1412,1635,178,1559,405,138,390,1,43:39
2022-23,1627750,Jamal Murray,Jamal,1610612743,DEN,Denver Nuggets,0042200404,2023-06-09T00:00:00,DEN @ MIA,W,42.65,0,0,0,4,6,9,6,38,0,2,1,4,39.6,1,1,1,1,74,756,687,645,612,726,1190,832,1431,536,1559,405,244,256,1,42:39
2022-23,1628971,Bruce Brown,Bruce,1610612743,DEN,Denver Nuggets,0042200404,2023-06-09T00:00:00,DEN @ MIA,W,29.583333333333332,9,0,4,10,8,7,12,30,1,1,1,3,34.8,1,1,1,1,671,15,687,145,200,941,966,1412,1116,178,1165,405,364,362,1,29:35
2022-23,202710,Jimmy Butler III,Jimmy,1610612748,MIA,Miami Heat,0042200404,2023-06-09T00:00:00,MIA vs. DEN,L,45.416666666666664,2,0,3,10,16,6,12,46,1,1,1,7,48.9,1,857,857,857,14,426,687,258,200,1534,856,1412,1635,178,1165,405,47,125,1,45:25
2022-23,1629622,Max Strus,Max,1610612748,MIA,Miami Heat,0042200404,2023-06-09T00:00:00,MIA vs. DEN,L,18.926666666666666,0,0,0,0,6,2,5,16,0,1,3,0,6.0,1,857,857,857,1087,756,687,645,1176,726,277,745,580,536,1165,1135,1103,1332,1,18:56
2022-23,1629130,Duncan Robinson,Duncan,1610612748,MIA,Miami Heat,0042200404,2023-06-09T00:00:00,MIA vs. DEN,L,25.016666666666666,2,5,2,6,11,4,7,28,0,0,4,1,19.7,1,857,857,857,860,426,78,360,426,1226,595,938,1014,536,1,1436,747,822,1,25:01
2022-23,203469,Cody Zeller,Cody,1610612748,MIA,Miami Heat,0042200404,2023-06-09T00:00:00,MIA vs. DEN,L,4.35,0,0,0,0,0,0,0,2,1,0,1,0,5.7,1,857,857,857,1505,756,687,645,1176,1,1,1,96,178,1,405,1103,1342,1,4:21
2022-23,200768,Kyle Lowry,Kyle,1610612748,MIA,Miami Heat,0042200404,2023-06-09T00:00:00,MIA vs. DEN,L,32.766666666666666,0,0,3,4,13,6,11,30,0,0,1,3,25.1,1,857,857,857,527,756,687,258,612,1371,856,1355,1116,536,1,405,364,635,1,32:46
2022-23,201567,Kevin Love,Kevin,1610612748,MIA,Miami Heat,0042200404,2023-06-09T00:00:00,MIA vs. DEN,L,18.316666666666666,0,0,0,2,4,0,1,18,0,0,2,2,16.8,1,857,857,857,1101,756,687,645,859,516,1,319,648,536,1,787,515,934,1,18:19
2022-23,201145,Jeff Green,Jeff,1610612743,DEN,Denver Nuggets,0042200404,2023-06-09T00:00:00,DEN @ MIA,W,15.563333333333333,0,0,0,0,6,5,3,10,0,0,1,0,5.0,1,1,1,1,1185,756,687,645,1176,726,724,525,389,536,1,405,1103,1371,1,15:34
2022-23,1629312,Haywood Highsmith,Haywood,1610612748,MIA,Miami Heat,0042200404,2023-06-09T00:00:00,MIA vs. DEN,L,0.056666666666666664,0,0,0,0,0,0,0,0,0,0,0,0,0.0,1,857,857,857,1727,756,687,645,1176,1,1,1,1,536,1,1,1103,1601,1,0:03
2022-23,203484,Kentavious Caldwell-Pope,Kentavious,1610612743,DEN,Denver Nuggets,0042200404,2023-06-09T00:00:00,DEN @ MIA,W,36.016666666666666,1,0,3,0,2,6,12,34,2,0,2,1,29.8,1,1,1,1,394,715,687,258,1176,264,856,1412,1287,61,1,787,747,497,1,36:01
2022-23,1630192,Zeke Nnaji,Zeke,1610612743,DEN,Denver Nuggets,0042200403,2023-06-07T00:00:00,DEN @ MIA,W,0.49666666666666665,0,0,0,0,0,0,0,0,0,0,0,0,0.0,1,1,1,1,1703,756,687,645,1176,1,1,1,1,536,1,1,1103,1601,1,0:30
2022-23,1631212,Peyton Watson,Peyton,1610612743,DEN,Denver Nuggets,0042200403,2023-06-07T00:00:00,DEN @ MIA,W,0.49666666666666665,0,0,0,0,0,0,0,0,0,0,0,0,0.0,1,1,1,1,1703,756,687,645,1176,1,1,1,1,536,1,1,1103,1601,1,0:30
2022-23,1630209,Omer Yurtseven,Omer,1610612748,MIA,Miami Heat,0042200403,2023-06-07T00:00:00,MIA vs. DEN,L,1.1666666666666667,0,0,0,0,0,0,0,0,0,0,0,0,1.2,1,857,857,857,1657,756,687,645,1176,1,1,1,1,536,1,1,1103,1542,1,1:10
2022-23,1628971,Bruce Brown,Bruce,1610612743,DEN,Denver Nuggets,0042200403,2023-06-07T00:00:00,DEN @ MIA,W,28.60333333333333,0,0,3,0,15,2,9,22,3,0,3,1,15.4,1,1,1,1,715,756,687,258,1176,1488,277,1158,794,22,1,1135,747,987,1,28:36
2022-23,1628389,Bam Adebayo,Bam,1610612748,MIA,Miami Heat,0042200403,2023-06-07T00:00:00,MIA vs. DEN,L,40.86666666666667,2,4,5,10,4,14,7,50,1,3,2,9,49.9,1,857,857,857,147,426,136,93,200,516,1544,938,1686,178,1678,787,20,120,1,40:52
2022-23,1628418,Thomas Bryant,Thomas,1610612743,DEN,Denver Nuggets,0042200403,2023-06-07T00:00:00,DEN @ MIA,W,0.49666666666666665,0,0,0,0,0,0,0,0,0,0,0,0,0.0,1,1,1,1,1703,756,687,645,1176,1,1,1,1,536,1,1,1103,1601,1,0:30
2022-23,200768,Kyle Lowry,Kyle,1610612748,MIA,Miami Heat,0042200403,2023-06-07T00:00:00,MIA vs. DEN,L,29.5,0,0,0,6,6,6,11,32,0,1,4,0,25.1,1,857,857,857,677,756,687,645,426,726,856,1355,1205,536,1165,1436,1103,635,1,29:30
2022-23,1627750,Jamal Murray,Jamal,1610612743,DEN,Denver Nuggets,0042200403,2023-06-07T00:00:00,DEN @ MIA,W,44.583333333333336,0,6,0,14,15,7,11,32,0,1,2,5,57.0,1,1,1,1,24,756,46,645,84,1488,966,1355,1205,536,1165,787,138,68,1,44:35
2022-23,2617,Udonis Haslem,Udonis,1610612748,MIA,Miami Heat,0042200403,2023-06-07T00:00:00,MIA vs. DEN,L,0.49666666666666665,0,0,0,0,0,0,0,0,0,0,0,0,0.0,1,857,857,857,1703,756,687,645,1176,1,1,1,1,536,1,1,1103,1601,1,0:30
2022-23,203469,Cody Zeller,Cody,1610612748,MIA,Miami Heat,0042200403,2023-06-07T00:00:00,MIA vs. DEN,L,5.966666666666667,0,0,0,0,4,0,4,10,0,0,1,1,0.0,1,857,857,857,1454,756,687,645,1176,516,1,616,389,536,1,405,747,1601,1,5:58
2022-23,1629312,Haywood Highsmith,Haywood,1610612748,MIA,Miami Heat,0042200403,2023-06-07T00:00:00,MIA vs. DEN,L,2.45,0,0,0,0,0,0,0,0,0,0,1,0,0.0,1,857,857,857,1611,756,687,645,1176,1,1,1,1,536,1,405,1103,1601,1,2:27
2022-23,1631128,Christian Braun,Christian,1610612743,DEN,Denver Nuggets,0042200403,2023-06-07T00:00:00,DEN @ MIA,W,19.033333333333335,4,0,4,14,10,2,5,16,0,0,1,2,23.3,1,1,1,1,1083,175,687,145,84,1148,277,745,580,536,1,405,515,691,1,19:02
2022-23,1629216,Gabe Vincent,Gabe,1610612748,MIA,Miami Heat,0042200403,2023-06-07T00:00:00,MIA vs. DEN,L,32.06666666666667,0,3,0,2,2,10,5,44,0,0,3,2,13.0,1,857,857,857,555,756,228,645,859,264,1282,745,1602,536,1,1135,515,1079,1,32:04
2022-23,1628997,Caleb Martin,Caleb,1610612748,MIA,Miami Heat,0042200403,2023-06-07T00:00:00,MIA vs. DEN,L,31.503333333333334,4,0,4,4,6,6,11,34,0,0,4,1,23.1,1,857,857,857,580,175,687,145,612,726,856,1355,1287,536,1,1436,747,701,1,31:30
2022-23,202710,Jimmy Butler III,Jimmy,1610612748,MIA,Miami Heat,0042200403,2023-06-07T00:00:00,MIA vs. DEN,L,40.35,8,0,2,12,8,12,8,54,1,1,2,4,37.4,1,857,857,857,174,29,687,360,138,941,1417,1046,1713,178,1165,787,244,302,1,40:21
2022-23,203999,Nikola Jokić,Nikola,1610612743,DEN,Denver Nuggets,0042200403,2023-06-07T00:00:00,DEN @ MIA,W,43.733333333333334,2,4,0,16,15,7,10,30,2,0,5,7,75.2,1,1,1,1,43,426,136,645,45,1488,966,1250,1116,61,1,1614,47,8,1,43:44
2022-23,1629622,Max Strus,Max,1610612748,MIA,Miami Heat,0042200403,2023-06-07T00:00:00,MIA vs. DEN,L,24.2,0,0,0,0,4,12,2,34,1,0,1,0,21.3,1,857,857,857,893,756,687,645,1176,516,1417,341,1287,178,1,405,1103,764,1,24:12
2022-23,201145,Jeff Green,Jeff,1610612743,DEN,Denver Nuggets,0042200403,2023-06-07T00:00:00,DEN @ MIA,W,17.47,0,0,2,4,10,2,5,16,0,0,1,1,5.5,1,1,1,1,1129,756,687,360,612,1148,277,745,580,536,1,405,747,1354,1,17:28
2022-23,1631107,Nikola Jović,Nikola,1610612748,MIA,Miami Heat,0042200403,2023-06-07T00:00:00,MIA vs. DEN,L,1.5,0,0,0,0,0,0,0,0,0,0,0,0,0.0,1,857,857,857,1647,756,687,645,1176,1,1,1,1,536,1,1,1103,1601,1,1:30
2022-23,203932,Aaron Gordon,Aaron,1610612743,DEN,Denver Nuggets,0042200403,2023-06-07T00:00:00,DEN @ MIA,W,33.803333333333335,2,4,2,10,9,5,7,22,0,1,3,4,33.5,1,1,1,1,480,426,136,360,200,1047,724,938,794,536,1165,1135,244,393,1,33:48
2022-23,201567,Kevin Love,Kevin,1610612748,MIA,Miami Heat,0042200403,2023-06-07T00:00:00,MIA vs. DEN,L,16.0,0,0,0,0,2,8,0,26,0,0,2,1,8.4,1,857,857,857,1172,756,687,645,1176,264,1100,1,941,536,1,787,747,1234,1,16:00
2022-23,203484,Kentavious Caldwell-Pope,Kentavious,1610612743,DEN,Denver Nuggets,0042200403,2023-06-07T00:00:00,DEN @ MIA,W,28.086666666666666,0,0,0,0,7,5,6,18,0,0,2,2,8.6,1,1,1,1,736,756,687,645,1176,852,724,832,648,536,1,787,515,1227,1,28:05
2022-23,1629130,Duncan Robinson,Duncan,1610612748,MIA,Miami Heat,0042200403,2023-06-07T00:00:00,MIA vs. DEN,L,13.933333333333334,3,0,0,0,4,2,7,16,0,0,2,0,10.2,1,857,857,857,1239,281,687,645,1176,516,277,938,580,536,1,787,1103,1182,1,13:56
2022-23,1629008,Michael Porter Jr.,Michael,1610612743,DEN,Denver Nuggets,0042200403,2023-06-07T00:00:00,DEN @ MIA,W,21.316666666666666,0,0,0,2,2,5,2,12,0,1,1,0,10.4,1,1,1,1,1007,756,687,645,859,264,724,341,451,536,1165,405,1103,1177,1,21:19
2022-23,1628427,Vlatko Čančar,Vlatko,1610612743,DEN,Denver Nuggets,0042200403,2023-06-07T00:00:00,DEN @ MIA,W,0.49666666666666665,0,0,0,0,0,0,0,0,0,0,0,0,0.0,1,1,1,1,1703,756,687,645,1176,1,1,1,1,536,1,1,1103,1601,1,0:30
2022-23,202704,Reggie Jackson,Reggie,1610612743,DEN,Denver Nuggets,0042200403,2023-06-07T00:00:00,DEN @ MIA,W,1.3833333333333333,0,0,0,0,2,0,0,2,0,0,0,0,2.7,1,1,1,1,1651,756,687,645,1176,264,1,1,96,536,1,1,1103,1478,1,1:23
2022-23,203999,Nikola Jokić,Nikola,1610612743,DEN,Denver Nuggets,0042200402,2023-06-04T00:00:00,DEN vs. MIA,L,41.88333333333333,13,6,2,26,19,5,5,32,0,1,3,8,55.2,1,857,857,857,100,1,46,360,3,1641,724,745,1205,536,1165,1135,25,80,1,41:53
2022-23,201145,Jeff Green,Jeff,1610612743,DEN,Denver Nuggets,0042200402,2023-06-04T00:00:00,DEN vs. MIA,L,15.9,2,0,5,0,8,6,3,10,0,0,2,4,10.7,1,857,857,857,1174,426,687,93,1176,941,856,525,389,536,1,787,244,1165,1,15:54
2022-23,203932,Aaron Gordon,Aaron,1610612743,DEN,Denver Nuggets,0042200402,2023-06-04T00:00:00,DEN vs. MIA,L,38.21666666666667,0,0,0,6,11,11,2,26,1,1,3,3,26.4,1,857,857,857,284,756,687,645,426,1226,1346,341,941,178,1165,1135,364,580,1,38:13
2022-23,200768,Kyle Lowry,Kyle,1610612748,MIA,Miami Heat,0042200402,2023-06-04T00:00:00,MIA @ DEN,W,23.633333333333333,0,0,0,0,19,11,13,28,0,0,3,2,10.5,1,1,1,1,909,756,687,645,1176,1641,1346,1477,1014,536,1,1135,515,1173,1,23:38
2022-23,203469,Cody Zeller,Cody,1610612748,MIA,Miami Heat,0042200402,2023-06-04T00:00:00,MIA @ DEN,W,7.983333333333333,0,0,0,4,7,4,2,14,0,0,3,0,3.0,1,1,1,1,1421,756,687,645,612,852,595,341,515,536,1,1135,1103,1455,1,7:59
2022-23,1628997,Caleb Martin,Caleb,1610612748,MIA,Miami Heat,0042200402,2023-06-04T00:00:00,MIA @ DEN,W,21.433333333333334,0,3,0,0,13,9,7,24,1,1,1,1,14.5,1,1,1,1,1002,756,228,645,1176,1371,1190,938,858,178,1165,405,747,1016,1,21:26
2022-23,1629216,Gabe Vincent,Gabe,1610612748,MIA,Miami Heat,0042200402,2023-06-04T00:00:00,MIA @ DEN,W,31.65,8,3,3,6,10,7,11,26,0,0,4,3,32.5,1,1,1,1,574,29,228,258,426,1148,966,1355,941,536,1,1436,364,431,1,31:39
2022-23,1629008,Michael Porter Jr.,Michael,1610612743,DEN,Denver Nuggets,0042200402,2023-06-04T00:00:00,DEN vs. MIA,L,26.39666666666667,0,0,0,0,9,2,2,24,0,0,2,1,11.2,1,857,857,857,801,756,687,645,1176,1047,277,341,858,536,1,787,747,1147,1,26:24
2022-23,1628389,Bam Adebayo,Bam,1610612748,MIA,Miami Heat,0042200402,2023-06-04T00:00:00,MIA @ DEN,W,40.016666666666666,5,0,2,14,16,11,16,36,2,0,4,6,40.8,1,1,1,1,189,111,687,360,84,1534,1346,1626,1361,61,1,1436,86,238,1,40:01
2022-23,1629622,Max Strus,Max,1610612748,MIA,Miami Heat,0042200402,2023-06-04T00:00:00,MIA @ DEN,W,29.216666666666665,0,0,0,0,7,8,8,28,1,0,3,2,28.4,1,1,1,1,690,756,687,645,1176,852,1100,1046,1014,178,1,1135,515,534,1,29:13
2022-23,1629130,Duncan Robinson,Duncan,1610612748,MIA,Miami Heat,0042200402,2023-06-04T00:00:00,MIA @ DEN,W,17.368333333333332,2,3,0,4,16,4,10,20,0,0,2,1,11.5,1,1,1,1,1132,426,228,645,612,1534,595,1250,729,536,1,787,747,1133,1,17:22
2022-23,1629312,Haywood Highsmith,Haywood,1610612748,MIA,Miami Heat,0042200402,2023-06-04T00:00:00,MIA @ DEN,W,6.131666666666667,0,0,0,0,8,0,11,6,0,0,2,0,1.2,1,1,1,1,1450,756,687,645,1176,941,1,1355,265,536,1,787,1103,1542,1,6:08
2022-23,1628971,Bruce Brown,Bruce,1610612743,DEN,Denver Nuggets,0042200402,2023-06-04T00:00:00,DEN vs. MIA,L,27.26,2,4,0,6,14,11,3,16,0,0,1,1,20.0,1,857,857,857,773,426,136,645,426,1433,1346,525,580,536,1,405,747,816,1,27:16
2022-23,1627750,Jamal Murray,Jamal,1610612743,DEN,Denver Nuggets,0042200402,2023-06-04T00:00:00,DEN vs. MIA,L,38.81666666666667,6,3,6,8,12,9,2,28,0,2,2,2,39.8,1,857,857,857,256,64,228,47,300,1304,1190,341,1014,536,1559,787,515,254,1,38:49
2022-23,1631128,Christian Braun,Christian,1610612743,DEN,Denver Nuggets,0042200402,2023-06-04T00:00:00,DEN vs. MIA,L,15.408333333333333,0,2,2,4,8,6,3,8,0,0,2,0,19.7,1,857,857,857,1189,756,357,360,612,941,856,525,329,536,1,787,1103,822,1,15:25
2022-23,201567,Kevin Love,Kevin,1610612748,MIA,Miami Heat,0042200402,2023-06-04T00:00:00,MIA @ DEN,W,22.216666666666665,0,0,0,0,4,6,5,20,0,0,0,1,25.5,1,1,1,1,967,756,687,645,1176,516,856,745,729,536,1,1,747,615,1,22:13
2022-23,203484,Kentavious Caldwell-Pope,Kentavious,1610612743,DEN,Denver Nuggets,0042200402,2023-06-04T00:00:00,DEN vs. MIA,L,36.11833333333333,0,0,3,0,14,5,5,26,1,0,6,3,19.1,1,857,857,857,388,756,687,258,1176,1433,724,745,941,178,1,1708,364,839,1,36:07
2022-23,202710,Jimmy Butler III,Jimmy,1610612748,MIA,Miami Heat,0042200402,2023-06-04T00:00:00,MIA @ DEN,W,40.35,4,2,0,6,15,15,7,48,0,1,0,5,38.3,1,1,1,1,174,175,357,645,426,1488,1593,938,1668,536,1165,1,138,281,1,40:21
2022-23,201145,Jeff Green,Jeff,1610612743,DEN,Denver Nuggets,0042200401,2023-06-01T00:00:00,DEN vs. MIA,W,10.95,0,0,0,4,4,2,0,8,0,0,0,0,5.2,1,1,1,1,1340,756,687,645,612,516,277,1,329,536,1,1,1103,1364,1,10:57
2022-23,203469,Cody Zeller,Cody,1610612748,MIA,Miami Heat,0042200401,2023-06-01T00:00:00,MIA @ DEN,L,7.488333333333333,0,0,0,0,2,0,0,10,0,0,1,0,2.6,1,857,857,857,1430,756,687,645,1176,264,1,1,389,536,1,405,1103,1488,1,7:29
2022-23,202710,Jimmy Butler III,Jimmy,1610612748,MIA,Miami Heat,0042200401,2023-06-01T00:00:00,MIA @ DEN,L,38.02,0,4,2,8,9,5,9,38,1,1,1,1,36.9,1,857,857,857,296,756,136,360,300,1047,724,1158,1431,178,1165,405,747,315,1,38:01
2022-23,203484,Kentavious Caldwell-Pope,Kentavious,1610612743,DEN,Denver Nuggets,0042200401,2023-06-01T00:00:00,DEN vs. MIA,W,36.45,3,0,3,0,4,6,4,28,0,0,2,2,12.6,1,1,1,1,374,281,687,258,1176,516,856,616,1014,536,1,787,515,1099,1,36:27
2022-23,1629312,Haywood Highsmith,Haywood,1610612748,MIA,Miami Heat,0042200401,2023-06-01T00:00:00,MIA @ DEN,L,23.395,2,2,2,10,10,2,4,22,1,0,2,1,28.4,1,857,857,857,922,426,357,360,200,1148,277,616,794,178,1,787,747,534,1,23:24
2022-23,1629130,Duncan Robinson,Duncan,1610612748,MIA,Miami Heat,0042200401,2023-06-01T00:00:00,MIA @ DEN,L,21.163333333333334,0,0,0,0,9,2,3,16,0,0,2,2,4.7,1,857,857,857,1013,756,687,645,1176,1047,277,525,580,536,1,787,515,1379,1,21:10
2022-23,200768,Kyle Lowry,Kyle,1610612748,MIA,Miami Heat,0042200401,2023-06-01T00:00:00,MIA @ DEN,L,25.57,0,0,0,2,8,2,4,20,0,0,1,0,25.5,1,857,857,857,842,756,687,645,859,941,277,616,729,536,1,405,1103,615,1,25:34
2022-23,1631128,Christian Braun,Christian,1610612743,DEN,Denver Nuggets,0042200401,2023-06-01T00:00:00,DEN vs. MIA,W,8.183333333333334,0,0,0,0,2,2,0,6,0,0,2,0,1.7,1,1,1,1,1419,756,687,645,1176,264,277,1,265,536,1,787,1103,1522,1,8:11
2022-23,1627750,Jamal Murray,Jamal,1610612743,DEN,Denver Nuggets,0042200401,2023-06-01T00:00:00,DEN vs. MIA,W,44.06666666666667,0,3,0,8,9,8,4,38,0,2,2,2,48.2,1,1,1,1,36,756,228,645,300,1047,1100,616,1431,536,1559,787,515,134,1,44:04
2022-23,1628389,Bam Adebayo,Bam,1610612748,MIA,Miami Heat,0042200401,2023-06-01T00:00:00,MIA @ DEN,L,39.965,4,2,0,16,11,7,9,36,0,0,4,1,48.1,1,857,857,857,192,175,357,645,45,1226,966,1158,1361,536,1,1436,747,136,1,39:58
2022-23,203932,Aaron Gordon,Aaron,1610612743,DEN,Denver Nuggets,0042200401,2023-06-01T00:00:00,DEN vs. MIA,W,36.095,2,2,2,14,5,6,4,30,1,1,0,2,27.7,1,1,1,1,390,426,357,360,84,628,856,616,1116,178,1165,1,515,551,1,36:06
2022-23,1629216,Gabe Vincent,Gabe,1610612748,MIA,Miami Heat,0042200401,2023-06-01T00:00:00,MIA @ DEN,L,37.696666666666665,0,0,0,2,9,7,9,36,1,0,1,2,30.9,1,857,857,857,311,756,687,645,859,1047,966,1158,1361,178,1,405,515,467,1,37:42
2022-23,1629622,Max Strus,Max,1610612748,MIA,Miami Heat,0042200401,2023-06-01T00:00:00,MIA @ DEN,L,21.041666666666668,0,0,0,0,2,5,2,26,0,1,0,0,10.5,1,857,857,857,1014,756,687,645,1176,264,724,341,941,536,1165,1,1103,1173,1,21:03
2022-23,1629008,Michael Porter Jr.,Michael,1610612743,DEN,Denver Nuggets,0042200401,2023-06-01T00:00:00,DEN vs. MIA,W,43.06666666666667,2,2,2,4,7,8,4,36,2,1,0,1,37.1,1,1,1,1,61,426,357,360,612,852,1100,616,1361,61,1165,1,747,308,1,43:04
2022-23,1628997,Caleb Martin,Caleb,1610612748,MIA,Miami Heat,0042200401,2023-06-01T00:00:00,MIA @ DEN,L,24.566666666666666,3,0,0,0,5,5,5,26,1,1,3,1,13.8,1,857,857,857,883,281,687,645,1176,628,724,745,941,178,1165,1135,747,1045,1,24:34
2022-23,1631107,Nikola Jović,Nikola,1610612748,MIA,Miami Heat,0042200401,2023-06-01T00:00:00,MIA @ DEN,L,0.5466666666666666,0,0,0,0,0,0,0,0,0,1,0,0,1.2,1,857,857,857,1686,756,687,645,1176,1,1,1,1,536,1165,1,1103,1542,1,0:33
2022-23,1628971,Bruce Brown,Bruce,1610612743,DEN,Denver Nuggets,0042200401,2023-06-01T00:00:00,DEN vs. MIA,W,20.75,0,0,0,4,7,2,0,16,0,0,1,1,19.0,1,1,1,1,1023,756,687,645,612,852,277,1,580,536,1,405,747,843,1,20:45
2022-23,1630209,Omer Yurtseven,Omer,1610612748,MIA,Miami Heat,0042200401,2023-06-01T00:00:00,MIA @ DEN,L,0.5466666666666666,0,0,0,0,0,0,0,0,0,0,0,0,0.0,1,857,857,857,1686,756,687,645,1176,1,1,1,1,536,1,1,1103,1601,1,0:33
2022-23,203999,Nikola Jokić,Nikola,1610612743,DEN,Denver Nuggets,0042200401,2023-06-01T00:00:00,DEN vs. MIA,W,40.43833333333333,6,0,2,12,7,6,4,28,1,0,1,7,64.0,1,1,1,1,170,64,687,360,138,852,856,616,1014,178,1,405,47,35,1,40:26
2022-23,1629684,Grant Williams,Grant,1610612738,BOS,Boston Celtics,0042200307,2023-05-29T00:00:00,BOS vs. MIA,L,16.2,0,0,0,0,8,6,12,14,0,0,0,0,7.7,1,857,857,857,1165,756,687,645,1176,941,856,1412,515,536,1,1,1103,1261,1,16:12
2022-23,1628997,Caleb Martin,Caleb,1610612748,MIA,Miami Heat,0042200307,2023-05-29T00:00:00,MIA @ BOS,W,44.805,3,2,9,6,21,13,8,42,0,2,0,0,44.5,1,1,1,1,20,281,357,13,426,1686,1482,1046,1538,536,1559,1,1103,189,1,44:48
2022-23,203488,Mike Muscala,Mike,1610612738,BOS,Boston Celtics,0042200307,2023-05-29T00:00:00,BOS vs. MIA,L,2.216666666666667,3,0,0,0,0,0,0,2,0,0,0,0,4.2,1,857,857,857,1622,281,687,645,1176,1,1,1,96,536,1,1,1103,1405,1,2:13
2022-23,1628369,Jayson Tatum,Jayson,1610612738,BOS,Boston Celtics,0042200307,2023-05-29T00:00:00,BOS vs. MIA,L,41.6,6,3,2,8,17,16,12,32,0,0,2,4,34.2,1,857,857,857,116,64,228,360,300,1579,1628,1412,1205,536,1,787,244,378,1,41:36
2022-23,203935,Marcus Smart,Marcus,1610612738,BOS,Boston Celtics,0042200307,2023-05-29T00:00:00,BOS vs. MIA,L,35.4,5,0,4,6,11,13,10,24,0,0,1,4,18.4,1,857,857,857,428,111,687,145,426,1226,1482,1250,858,536,1,405,244,862,1,35:24
2022-23,1629312,Haywood Highsmith,Haywood,1610612748,MIA,Miami Heat,0042200307,2023-05-29T00:00:00,MIA @ BOS,W,9.36,2,0,2,2,5,0,2,8,0,0,1,0,6.2,1,1,1,1,1378,426,687,360,859,628,1,341,329,536,1,405,1103,1317,1,9:22
2022-23,1629622,Max Strus,Max,1610612748,MIA,Miami Heat,0042200307,2023-05-29T00:00:00,MIA @ BOS,W,28.0,0,3,2,2,6,9,0,20,0,0,3,3,14.0,1,1,1,1,740,756,228,360,859,726,1190,1,729,536,1,1135,364,1041,1,28:00
2022-23,1628401,Derrick White,Derrick,1610612738,BOS,Boston Celtics,0042200307,2023-05-29T00:00:00,BOS vs. MIA,L,36.266666666666666,1,2,0,6,15,11,10,22,0,0,0,4,22.9,1,857,857,857,385,715,357,645,426,1488,1346,1250,794,536,1,1,244,709,1,36:16
2022-23,1629057,Robert Williams III,Robert,1610612738,BOS,Boston Celtics,0042200307,2023-05-29T00:00:00,BOS vs. MIA,L,13.983333333333333,0,4,0,8,6,3,10,12,1,0,1,0,19.7,1,857,857,857,1236,756,136,645,300,726,492,1250,451,178,1,405,1103,822,1,13:59
2022-23,1628436,Luke Kornet,Luke,1610612738,BOS,Boston Celtics,0042200307,2023-05-29T00:00:00,BOS vs. MIA,L,2.216666666666667,0,0,0,0,0,0,0,2,0,0,0,0,0.0,1,857,857,857,1622,756,687,645,1176,1,1,1,96,536,1,1,1103,1601,1,2:13
2022-23,201143,Al Horford,Al,1610612738,BOS,Boston Celtics,0042200307,2023-05-29T00:00:00,BOS vs. MIA,L,34.266666666666666,2,2,0,2,13,13,7,30,0,1,3,0,23.6,1,857,857,857,460,426,357,645,859,1371,1482,938,1116,536,1165,1135,1103,679,1,34:16
2022-23,1627763,Malcolm Brogdon,Malcolm,1610612738,BOS,Boston Celtics,0042200307,2023-05-29T00:00:00,BOS vs. MIA,L,7.083333333333333,0,0,0,0,6,3,9,8,1,0,1,0,3.0,1,857,857,857,1439,756,687,645,1176,726,492,1158,329,178,1,405,1103,1455,1,7:05
2022-23,1629130,Duncan Robinson,Duncan,1610612748,MIA,Miami Heat,0042200307,2023-05-29T00:00:00,MIA @ BOS,W,20.151666666666667,0,6,0,4,15,4,8,22,1,0,1,1,18.7,1,1,1,1,1043,756,46,645,612,1488,595,1046,794,178,1,405,747,853,1,20:09
2022-23,1630573,Sam Hauser,Sam,1610612738,BOS,Boston Celtics,0042200307,2023-05-29T00:00:00,BOS vs. MIA,L,3.933333333333333,2,2,0,2,2,2,0,4,0,0,0,0,3.2,1,857,857,857,1523,426,357,645,859,264,277,1,183,536,1,1,1103,1444,1,3:56
2022-23,1631107,Nikola Jović,Nikola,1610612748,MIA,Miami Heat,0042200307,2023-05-29T00:00:00,MIA @ BOS,W,0.495,0,0,0,0,0,0,0,0,0,0,0,0,0.0,1,1,1,1,1708,756,687,645,1176,1,1,1,1,536,1,1,1103,1601,1,0:30
2022-23,1628389,Bam Adebayo,Bam,1610612748,MIA,Miami Heat,0042200307,2023-05-29T00:00:00,MIA @ BOS,W,42.721666666666664,2,2,0,6,16,13,6,34,1,1,3,6,33.5,1,1,1,1,69,426,357,645,426,1534,1482,832,1287,178,1165,1135,86,393,1,42:43
2022-23,202710,Jimmy Butler III,Jimmy,1610612748,MIA,Miami Heat,0042200307,2023-05-29T00:00:00,MIA @ BOS,W,43.27166666666667,12,3,4,14,21,13,8,42,0,1,2,3,53.4,1,1,1,1,51,2,228,145,84,1686,1482,1046,1538,536,1165,787,364,89,1,43:16
2022-23,1627759,Jaylen Brown,Jaylen,1610612738,BOS,Boston Celtics,0042200307,2023-05-29T00:00:00,BOS vs. MIA,L,43.083333333333336,2,0,2,10,17,13,15,34,2,1,5,3,37.1,1,857,857,857,60,426,687,360,200,1579,1482,1575,1287,61,1165,1614,364,308,1,43:05
2022-23,1630202,Payton Pritchard,Payton,1610612738,BOS,Boston Celtics,0042200307,2023-05-29T00:00:00,BOS vs. MIA,L,3.75,0,0,0,0,0,0,0,6,0,0,0,0,0.0,1,857,857,857,1541,756,687,645,1176,1,1,1,265,536,1,1,1103,1601,1,3:45
2022-23,1630209,Omer Yurtseven,Omer,1610612748,MIA,Miami Heat,0042200307,2023-05-29T00:00:00,MIA @ BOS,W,0.495,0,0,0,0,0,0,0,0,0,0,0,0,0.0,1,1,1,1,1708,756,687,645,1176,1,1,1,1,536,1,1,1103,1601,1,0:30
2022-23,200768,Kyle Lowry,Kyle,1610612748,MIA,Miami Heat,0042200307,2023-05-29T00:00:00,MIA @ BOS,W,24.3,0,0,0,2,13,4,8,18,0,0,2,0,20.9,1,1,1,1,889,756,687,645,859,1371,595,1046,648,536,1,787,1103,774,1,24:18
2022-23,1629216,Gabe Vincent,Gabe,1610612748,MIA,Miami Heat,0042200307,2023-05-29T00:00:00,MIA @ BOS,W,26.4,0,0,0,2,8,9,0,24,0,0,3,0,16.2,1,1,1,1,800,756,687,645,859,941,1190,1,858,536,1,1135,1103,965,1,26:24
2022-23,1629684,Grant Williams,Grant,1610612738,BOS,Boston Celtics,0042200306,2023-05-27T00:00:00,BOS @ MIA,W,22.066666666666666,0,0,0,0,3,4,2,14,0,0,3,1,6.1,1,1,1,1,975,756,687,645,1176,423,595,341,515,536,1,1135,747,1331,1,22:04
2022-23,201143,Al Horford,Al,1610612738,BOS,Boston Celtics,0042200306,2023-05-27T00:00:00,BOS @ MIA,W,31.883333333333333,2,0,4,4,11,7,4,24,2,1,5,0,20.4,1,1,1,1,566,426,687,145,612,1226,966,616,858,61,1165,1614,1103,798,1,31:53
2022-23,202710,Jimmy Butler III,Jimmy,1610612748,MIA,Miami Heat,0042200306,2023-05-27T00:00:00,MIA vs. BOS,L,46.666666666666664,2,2,0,6,6,15,12,42,0,2,3,8,50.2,1,857,857,857,8,426,357,645,426,726,1593,1412,1538,536,1559,1135,25,115,1,46:40
2022-23,1629622,Max Strus,Max,1610612748,MIA,Miami Heat,0042200306,2023-05-27T00:00:00,MIA vs. BOS,L,25.283333333333335,0,0,0,2,4,9,8,30,0,1,2,2,15.7,1,857,857,857,855,756,687,645,859,516,1190,1046,1116,536,1165,787,515,976,1,25:17
2022-23,203469,Cody Zeller,Cody,1610612748,MIA,Miami Heat,0042200306,2023-05-27T00:00:00,MIA vs. BOS,L,2.35,0,0,0,0,0,2,0,4,0,0,1,1,1.0,1,857,857,857,1619,756,687,645,1176,1,277,1,183,536,1,405,747,1583,1,2:21
2022-23,1629130,Duncan Robinson,Duncan,1610612748,MIA,Miami Heat,0042200306,2023-05-27T00:00:00,MIA vs. BOS,L,20.133333333333333,6,0,0,4,2,7,4,12,0,0,5,2,17.2,1,857,857,857,1045,64,687,645,612,264,966,616,451,536,1,1614,515,922,1,20:08
2022-23,1627759,Jaylen Brown,Jaylen,1610612738,BOS,Boston Celtics,0042200306,2023-05-27T00:00:00,BOS @ MIA,W,38.96666666666667,0,4,6,10,11,8,2,28,0,1,4,5,44.5,1,1,1,1,243,756,136,47,200,1226,1100,341,1014,536,1165,1436,138,189,1,38:58
2022-23,1630573,Sam Hauser,Sam,1610612738,BOS,Boston Celtics,0042200306,2023-05-27T00:00:00,BOS @ MIA,W,1.8333333333333333,0,0,0,0,3,0,0,0,0,0,0,0,0.0,1,1,1,1,1644,756,687,645,1176,423,1,1,1,536,1,1,1103,1601,1,1:50
2022-23,1629216,Gabe Vincent,Gabe,1610612748,MIA,Miami Heat,0042200306,2023-05-27T00:00:00,MIA vs. BOS,L,41.28333333333333,0,5,0,6,6,11,12,38,1,1,5,3,21.8,1,857,857,857,131,756,78,645,426,726,1346,1412,1431,178,1165,1614,364,745,1,41:17
2022-23,1628369,Jayson Tatum,Jayson,1610612738,BOS,Boston Celtics,0042200306,2023-05-27T00:00:00,BOS @ MIA,W,43.93333333333333,4,2,2,12,8,12,4,26,2,2,2,7,58.9,1,1,1,1,40,175,357,360,138,941,1417,616,941,61,1559,787,47,58,1,43:56
2022-23,1628997,Caleb Martin,Caleb,1610612748,MIA,Miami Heat,0042200306,2023-05-27T00:00:00,MIA vs. BOS,L,40.55,2,0,4,4,4,16,8,34,1,1,5,2,45.5,1,857,857,857,162,426,687,145,612,516,1628,1046,1287,178,1165,1614,515,174,1,40:33
2022-23,1629057,Robert Williams III,Robert,1610612738,BOS,Boston Celtics,0042200306,2023-05-27T00:00:00,BOS @ MIA,W,17.016666666666666,0,5,0,8,2,5,0,10,1,0,3,2,21.4,1,1,1,1,1137,756,78,645,300,264,724,1,389,178,1,1135,515,756,1,17:01
2022-23,203935,Marcus Smart,Marcus,1610612738,BOS,Boston Celtics,0042200306,2023-05-27T00:00:00,BOS @ MIA,W,42.25,0,0,0,6,11,12,4,28,0,0,4,4,23.3,1,1,1,1,82,756,687,645,426,1226,1417,616,1014,536,1,1436,244,691,1,42:15
2022-23,1628401,Derrick White,Derrick,1610612738,BOS,Boston Celtics,0042200306,2023-05-27T00:00:00,BOS @ MIA,W,42.05,0,5,0,2,6,12,4,30,3,0,1,5,36.8,1,1,1,1,89,756,78,645,859,726,1417,616,1116,22,1,405,138,316,1,42:03
2022-23,200768,Kyle Lowry,Kyle,1610612748,MIA,Miami Heat,0042200306,2023-05-27T00:00:00,MIA vs. BOS,L,18.083333333333332,0,2,0,4,2,6,4,12,1,0,3,1,22.9,1,857,857,857,1110,756,357,645,612,264,856,616,451,178,1,1135,747,709,1,18:05
2022-23,1628389,Bam Adebayo,Bam,1610612748,MIA,Miami Heat,0042200306,2023-05-27T00:00:00,MIA vs. BOS,L,45.65,1,3,0,6,6,14,12,38,1,3,0,3,40.1,1,857,857,857,12,715,228,645,426,726,1544,1412,1431,178,1678,1,364,250,1,45:39
2022-23,1628997,Caleb Martin,Caleb,1610612748,MIA,Miami Heat,0042200305,2023-05-25T00:00:00,MIA @ BOS,L,31.816666666666666,0,0,0,4,15,17,5,26,0,1,2,1,18.0,1,857,857,857,568,756,687,645,612,1488,1663,745,941,536,1165,787,747,879,1,31:49
2022-23,1628401,Derrick White,Derrick,1610612738,BOS,Boston Celtics,0042200305,2023-05-25T00:00:00,BOS vs. MIA,W,37.08833333333333,2,0,0,4,15,4,14,42,0,0,3,2,34.1,1,1,1,1,346,426,687,645,612,1488,595,1527,1538,536,1,1135,515,380,1,37:05
2022-23,1628436,Luke Kornet,Luke,1610612738,BOS,Boston Celtics,0042200305,2023-05-25T00:00:00,BOS vs. MIA,W,3.3333333333333335,0,0,0,0,0,3,0,4,1,0,0,0,3.0,1,1,1,1,1569,756,687,645,1176,1,492,1,183,178,1,1,1103,1455,1,3:20
2022-23,1629622,Max Strus,Max,1610612748,MIA,Miami Heat,0042200305,2023-05-25T00:00:00,MIA @ BOS,L,24.166666666666668,0,0,0,0,19,6,9,26,0,0,0,0,4.5,1,857,857,857,895,756,687,645,1176,1641,856,1158,941,536,1,1,1103,1389,1,24:10
2022-23,1629684,Grant Williams,Grant,1610612738,BOS,Boston Celtics,0042200305,2023-05-25T00:00:00,BOS vs. MIA,W,26.816666666666666,2,1,0,0,13,7,6,38,1,0,3,2,13.8,1,1,1,1,783,426,660,645,1176,1371,966,832,1431,178,1,1135,515,1045,1,26:49
2022-23,1630202,Payton Pritchard,Payton,1610612738,BOS,Boston Celtics,0042200305,2023-05-25T00:00:00,BOS vs. MIA,W,4.545,0,0,0,0,2,3,2,6,0,0,0,0,1.7,1,1,1,1,1500,756,687,645,1176,264,492,341,265,536,1,1,1103,1522,1,4:33
2022-23,1629130,Duncan Robinson,Duncan,1610612748,MIA,Miami Heat,0042200305,2023-05-25T00:00:00,MIA @ BOS,L,27.733333333333334,2,0,2,10,8,12,3,18,0,0,5,1,35.3,1,857,857,857,752,426,687,360,200,941,1417,525,648,536,1,1614,747,350,1,27:44
2022-23,203469,Cody Zeller,Cody,1610612748,MIA,Miami Heat,0042200305,2023-05-25T00:00:00,MIA @ BOS,L,4.116666666666666,0,0,0,4,0,1,0,4,0,0,0,0,5.4,1,857,857,857,1517,756,687,645,612,1,249,1,183,536,1,1,1103,1357,1,4:07
2022-23,1627763,Malcolm Brogdon,Malcolm,1610612738,BOS,Boston Celtics,0042200305,2023-05-25T00:00:00,BOS vs. MIA,W,7.916666666666667,0,0,0,0,0,0,0,10,0,0,0,0,0.0,1,1,1,1,1423,756,687,645,1176,1,1,1,389,536,1,1,1103,1601,1,7:55
2022-23,1630573,Sam Hauser,Sam,1610612738,BOS,Boston Celtics,0042200305,2023-05-25T00:00:00,BOS vs. MIA,W,3.3333333333333335,0,0,0,0,0,3,0,4,0,1,0,0,4.2,1,1,1,1,1569,756,687,645,1176,1,492,1,183,536,1165,1,1103,1405,1,3:20
2022-23,1627759,Jaylen Brown,Jaylen,1610612738,BOS,Boston Celtics,0042200305,2023-05-25T00:00:00,BOS vs. MIA,W,36.87166666666667,5,5,4,12,17,4,12,34,0,1,1,1,34.4,1,1,1,1,359,111,78,145,138,1579,595,1412,1287,536,1165,405,747,373,1,36:52
2022-23,1628389,Bam Adebayo,Bam,1610612748,MIA,Miami Heat,0042200305,2023-05-25T00:00:00,MIA @ BOS,L,31.883333333333333,4,0,4,16,25,12,12,34,1,0,2,2,33.1,1,857,857,857,566,175,687,145,45,1718,1417,1412,1287,178,1,787,515,408,1,31:53
2022-23,1630209,Omer Yurtseven,Omer,1610612748,MIA,Miami Heat,0042200305,2023-05-25T00:00:00,MIA @ BOS,L,3.3333333333333335,0,0,0,2,0,0,0,0,1,0,0,0,7.4,1,857,857,857,1569,756,687,645,859,1,1,1,1,178,1,1,1103,1270,1,3:20
2022-23,201567,Kevin Love,Kevin,1610612748,MIA,Miami Heat,0042200305,2023-05-25T00:00:00,MIA @ BOS,L,13.733333333333333,0,4,0,4,10,4,5,10,0,0,0,0,13.2,1,857,857,857,1245,756,136,645,612,1148,595,745,389,536,1,1,1103,1070,1,13:44
2022-23,203935,Marcus Smart,Marcus,1610612738,BOS,Boston Celtics,0042200305,2023-05-25T00:00:00,BOS vs. MIA,W,29.928333333333335,10,2,4,6,10,0,14,28,0,0,0,3,42.6,1,1,1,1,653,6,357,145,426,1148,1,1527,1014,536,1,1,364,214,1,29:56
2022-23,1631107,Nikola Jović,Nikola,1610612748,MIA,Miami Heat,0042200305,2023-05-25T00:00:00,MIA @ BOS,L,3.3333333333333335,0,0,0,0,0,0,0,0,0,0,0,0,0.0,1,857,857,857,1569,756,687,645,1176,1,1,1,1,536,1,1,1103,1601,1,3:20
2022-23,1628369,Jayson Tatum,Jayson,1610612738,BOS,Boston Celtics,0042200305,2023-05-25T00:00:00,BOS vs. MIA,W,40.86666666666667,4,5,2,10,19,4,16,44,0,0,2,4,49.1,1,1,1,1,147,175,78,360,200,1641,595,1626,1602,536,1,787,244,124,1,40:52
2022-23,1629312,Haywood Highsmith,Haywood,1610612748,MIA,Miami Heat,0042200305,2023-05-25T00:00:00,MIA @ BOS,L,36.0,10,0,5,6,17,13,7,30,0,1,2,0,24.9,1,857,857,857,395,6,687,93,426,1579,1482,938,1116,536,1165,787,1103,643,1,36:00
2022-23,201143,Al Horford,Al,1610612738,BOS,Boston Celtics,0042200305,2023-05-25T00:00:00,BOS vs. MIA,W,29.016666666666666,4,2,2,4,9,0,9,26,1,0,0,1,32.7,1,1,1,1,694,175,357,360,612,1047,1,1158,941,178,1,1,747,424,1,29:01
2022-23,202710,Jimmy Butler III,Jimmy,1610612748,MIA,Miami Heat,0042200305,2023-05-25T00:00:00,MIA @ BOS,L,33.583333333333336,3,0,5,4,25,8,10,34,0,1,1,5,31.5,1,857,857,857,493,281,687,93,612,1718,1100,1250,1287,536,1165,405,138,457,1,33:35
2022-23,1629057,Robert Williams III,Robert,1610612738,BOS,Boston Celtics,0042200305,2023-05-25T00:00:00,BOS vs. MIA,W,17.916666666666668,0,2,0,6,10,4,7,22,1,0,0,0,15.3,1,1,1,1,1113,756,357,645,426,1148,595,938,794,178,1,1,1103,988,1,17:55
2022-23,200768,Kyle Lowry,Kyle,1610612748,MIA,Miami Heat,0042200305,2023-05-25T00:00:00,MIA @ BOS,L,30.3,0,3,0,2,16,12,9,28,0,1,1,0,4.9,1,857,857,857,630,756,228,645,859,1534,1417,1158,1014,536,1165,405,1103,1377,1,30:18
2022-23,1630551,Justin Champagnie,Justin,1610612738,BOS,Boston Celtics,0042200305,2023-05-25T00:00:00,BOS vs. MIA,W,2.3666666666666667,0,0,0,0,0,3,0,2,0,0,0,0,0.0,1,1,1,1,1617,756,687,645,1176,1,492,1,96,536,1,1,1103,1601,1,2:22
2022-23,1631107,Nikola Jović,Nikola,1610612748,MIA,Miami Heat,0042200304,2023-05-23T00:00:00,MIA vs. BOS,L,1.1,0,0,0,0,0,0,0,2,0,0,0,0,1.2,1,857,857,857,1658,756,687,645,1176,1,1,1,96,536,1,1,1103,1542,1,1:06
2022-23,1628369,Jayson Tatum,Jayson,1610612738,BOS,Boston Celtics,0042200304,2023-05-23T00:00:00,BOS @ MIA,W,42.1,5,7,2,14,14,13,10,42,2,0,3,4,60.7,1,1,1,1,87,111,24,360,84,1433,1482,1250,1538,61,1,1135,244,52,1,42:06
2022-23,203935,Marcus Smart,Marcus,1610612738,BOS,Boston Celtics,0042200304,2023-05-23T00:00:00,BOS @ MIA,W,35.13333333333333,3,0,0,2,9,12,8,28,0,0,1,3,28.6,1,1,1,1,435,281,687,645,859,1047,1417,1046,1014,536,1,405,364,524,1,35:08
2022-23,1630573,Sam Hauser,Sam,1610612738,BOS,Boston Celtics,0042200304,2023-05-23T00:00:00,BOS @ MIA,W,1.1,0,0,0,0,0,2,0,2,0,0,0,0,0.0,1,1,1,1,1658,756,687,645,1176,1,277,1,96,536,1,1,1103,1601,1,1:06
2022-23,1629216,Gabe Vincent,Gabe,1610612748,MIA,Miami Heat,0042200304,2023-05-23T00:00:00,MIA vs. BOS,L,27.866666666666667,5,0,0,8,21,10,12,24,0,1,4,4,23.2,1,857,857,857,744,111,687,645,300,1686,1282,1412,858,536,1165,1436,244,697,1,27:52
2022-23,201143,Al Horford,Al,1610612738,BOS,Boston Celtics,0042200304,2023-05-23T00:00:00,BOS @ MIA,W,25.116666666666667,0,1,3,2,3,9,0,22,1,0,5,1,29.4,1,1,1,1,858,756,660,258,859,423,1190,1,794,178,1,1614,747,504,1,25:07
2022-23,203469,Cody Zeller,Cody,1610612748,MIA,Miami Heat,0042200304,2023-05-23T00:00:00,MIA vs. BOS,L,12.783333333333333,0,0,0,2,4,2,3,10,0,0,1,3,8.6,1,857,857,857,1273,756,687,645,859,516,277,525,389,536,1,405,364,1227,1,12:47
2022-23,1627759,Jaylen Brown,Jaylen,1610612738,BOS,Boston Celtics,0042200304,2023-05-23T00:00:00,BOS @ MIA,W,37.31666666666667,3,0,9,8,9,12,8,30,0,1,5,4,32.8,1,1,1,1,334,281,687,13,300,1047,1417,1046,1116,536,1165,1614,244,420,1,37:19
2022-23,1629622,Max Strus,Max,1610612748,MIA,Miami Heat,0042200304,2023-05-23T00:00:00,MIA vs. BOS,L,35.93333333333333,2,3,2,4,20,8,9,28,0,2,1,0,18.9,1,857,857,857,401,426,228,360,612,1671,1100,1158,1014,536,1559,405,1103,848,1,35:56
2022-23,1628401,Derrick White,Derrick,1610612738,BOS,Boston Celtics,0042200304,2023-05-23T00:00:00,BOS @ MIA,W,27.366666666666667,5,3,0,4,8,11,2,26,2,0,3,3,32.4,1,1,1,1,767,111,228,645,612,941,1346,341,941,61,1,1135,364,434,1,27:22
2022-23,1628436,Luke Kornet,Luke,1610612738,BOS,Boston Celtics,0042200304,2023-05-23T00:00:00,BOS @ MIA,W,1.1,0,0,0,0,0,2,0,2,0,0,0,0,0.0,1,1,1,1,1658,756,687,645,1176,1,277,1,96,536,1,1,1103,1601,1,1:06
2022-23,203488,Mike Muscala,Mike,1610612738,BOS,Boston Celtics,0042200304,2023-05-23T00:00:00,BOS @ MIA,W,1.1,0,0,0,0,0,2,0,2,0,0,0,0,0.0,1,1,1,1,1658,756,687,645,1176,1,277,1,96,536,1,1,1103,1601,1,1:06
2022-23,1627763,Malcolm Brogdon,Malcolm,1610612738,BOS,Boston Celtics,0042200304,2023-05-23T00:00:00,BOS @ MIA,W,16.55,2,2,0,2,7,5,4,20,0,0,1,0,11.5,1,1,1,1,1151,426,357,645,859,852,724,616,729,536,1,405,1103,1133,1,16:33
2022-23,1629057,Robert Williams III,Robert,1610612738,BOS,Boston Celtics,0042200304,2023-05-23T00:00:00,BOS @ MIA,W,21.783333333333335,3,0,1,6,11,6,10,22,2,1,4,1,13.2,1,1,1,1,989,281,687,622,426,1226,856,1250,794,61,1165,1436,747,1070,1,21:47
2022-23,200768,Kyle Lowry,Kyle,1610612748,MIA,Miami Heat,0042200304,2023-05-23T00:00:00,MIA vs. BOS,L,27.733333333333334,0,0,0,2,11,7,10,22,0,0,4,1,25.6,1,857,857,857,752,756,687,645,859,1226,966,1250,794,536,1,1436,747,610,1,27:44
2022-23,1630202,Payton Pritchard,Payton,1610612738,BOS,Boston Celtics,0042200304,2023-05-23T00:00:00,BOS @ MIA,W,1.1,0,0,0,2,0,2,0,2,0,0,0,1,4.0,1,1,1,1,1658,756,687,645,859,1,277,1,96,536,1,1,747,1421,1,1:06
2022-23,1629312,Haywood Highsmith,Haywood,1610612748,MIA,Miami Heat,0042200304,2023-05-23T00:00:00,MIA vs. BOS,L,1.6833333333333333,0,0,0,0,0,2,0,2,0,0,0,0,0.0,1,857,857,857,1646,756,687,645,1176,1,277,1,96,536,1,1,1103,1601,1,1:41
2022-23,1629684,Grant Williams,Grant,1610612738,BOS,Boston Celtics,0042200304,2023-05-23T00:00:00,BOS @ MIA,W,29.216666666666665,6,2,3,0,9,7,8,30,1,0,2,1,30.2,1,1,1,1,690,64,357,258,1176,1047,966,1046,1116,178,1,787,747,485,1,29:13
2022-23,1629130,Duncan Robinson,Duncan,1610612748,MIA,Miami Heat,0042200304,2023-05-23T00:00:00,MIA vs. BOS,L,10.866666666666667,0,2,0,2,4,7,9,10,0,1,1,0,2.7,1,857,857,857,1342,756,357,645,859,516,966,1158,389,536,1165,405,1103,1478,1,10:52
2022-23,1628389,Bam Adebayo,Bam,1610612748,MIA,Miami Heat,0042200304,2023-05-23T00:00:00,MIA vs. BOS,L,35.11666666666667,0,2,0,6,23,13,15,30,0,1,4,7,15.0,1,857,857,857,436,756,357,645,426,1708,1482,1575,1116,536,1165,1436,47,999,1,35:07
2022-23,202710,Jimmy Butler III,Jimmy,1610612748,MIA,Miami Heat,0042200304,2023-05-23T00:00:00,MIA vs. BOS,L,38.81666666666667,2,7,4,14,25,11,14,32,1,2,1,6,51.3,1,857,857,857,256,426,24,145,84,1718,1346,1527,1205,178,1559,405,86,106,1,38:49
2022-23,1630209,Omer Yurtseven,Omer,1610612748,MIA,Miami Heat,0042200304,2023-05-23T00:00:00,MIA vs. BOS,L,1.1,0,0,0,0,0,0,0,2,0,0,0,0,1.2,1,857,857,857,1658,756,687,645,1176,1,1,1,96,536,1,1,1103,1542,1,1:06
2022-23,201567,Kevin Love,Kevin,1610612748,MIA,Miami Heat,0042200304,2023-05-23T00:00:00,MIA vs. BOS,L,11.766666666666667,3,0,0,0,3,2,2,6,0,1,1,0,13.8,1,857,857,857,1312,281,687,645,1176,423,277,341,265,536,1165,405,1103,1045,1,11:46
2022-23,1630551,Justin Champagnie,Justin,1610612738,BOS,Boston Celtics,0042200304,2023-05-23T00:00:00,BOS @ MIA,W,1.0166666666666666,0,0,0,0,0,2,0,2,0,0,0,0,0.0,1,1,1,1,1664,756,687,645,1176,1,277,1,96,536,1,1,1103,1601,1,1:01
2022-23,1628997,Caleb Martin,Caleb,1610612748,MIA,Miami Heat,0042200304,2023-05-23T00:00:00,MIA vs. BOS,L,35.233333333333334,2,3,4,8,24,13,16,32,1,0,1,3,23.3,1,857,857,857,433,426,228,145,300,1714,1482,1626,1205,178,1,405,364,691,1,35:14
2022-23,1628971,Bruce Brown,Bruce,1610612743,DEN,Denver Nuggets,0042200314,2023-05-22T00:00:00,DEN @ LAL,W,20.483333333333334,2,0,2,4,7,8,3,26,0,0,4,2,7.4,1,1,1,1,1035,426,687,360,612,852,1100,525,941,536,1,1436,515,1270,1,20:29
2022-23,1627750,Jamal Murray,Jamal,1610612743,DEN,Denver Nuggets,0042200314,2023-05-22T00:00:00,DEN @ LAL,W,43.2,0,0,0,12,15,13,10,54,1,0,3,5,43.1,1,1,1,1,53,756,687,645,138,1488,1482,1250,1713,178,1,1135,138,206,1,43:12
2022-23,1629008,Michael Porter Jr.,Michael,1610612743,DEN,Denver Nuggets,0042200314,2023-05-22T00:00:00,DEN @ LAL,W,40.95,2,0,5,4,14,11,11,56,1,0,3,1,30.5,1,1,1,1,143,426,687,93,612,1433,1346,1355,1722,178,1,1135,747,480,1,40:57
2022-23,1629060,Rui Hachimura,Rui,1610612747,LAL,Los Angeles Lakers,0042200314,2023-05-22T00:00:00,LAL vs. DEN,L,41.943333333333335,0,2,0,6,7,15,7,44,0,1,3,4,18.4,1,857,857,857,95,756,357,645,426,852,1593,938,1602,536,1165,1135,244,862,1,41:57
2022-23,203932,Aaron Gordon,Aaron,1610612743,DEN,Denver Nuggets,0042200314,2023-05-22T00:00:00,DEN @ LAL,W,40.71666666666667,0,7,2,10,17,13,10,52,2,2,2,3,42.7,1,1,1,1,157,756,24,360,200,1579,1482,1250,1701,61,1559,787,364,211,1,40:43
2022-23,1630559,Austin Reaves,Austin,1610612747,LAL,Los Angeles Lakers,0042200314,2023-05-22T00:00:00,LAL vs. DEN,L,40.68333333333333,2,0,4,10,5,15,9,42,0,0,4,3,22.9,1,857,857,857,159,426,687,145,200,628,1593,1158,1538,536,1,1436,364,709,1,40:41
2022-23,202684,Tristan Thompson,Tristan,1610612747,LAL,Los Angeles Lakers,0042200314,2023-05-22T00:00:00,LAL vs. DEN,L,9.688333333333333,2,0,2,4,2,0,2,6,0,0,0,1,5.2,1,857,857,857,1373,426,687,360,612,264,1,341,265,536,1,1,747,1364,1,9:41
2022-23,203471,Dennis Schröder,Dennis,1610612747,LAL,Los Angeles Lakers,0042200314,2023-05-22T00:00:00,LAL vs. DEN,L,38.25666666666667,3,0,0,4,5,15,7,42,0,0,3,0,27.9,1,857,857,857,282,281,687,645,612,628,1593,938,1538,536,1,1135,1103,543,1,38:15
2022-23,203076,Anthony Davis,Anthony,1610612747,LAL,Los Angeles Lakers,0042200314,2023-05-22T00:00:00,LAL vs. DEN,L,40.02333333333333,6,4,0,10,5,15,9,44,3,4,4,5,50.3,1,857,857,857,188,64,136,645,200,628,1593,1158,1602,22,1712,1436,138,114,1,40:01
2022-23,1626156,D'Angelo Russell,D'Angelo,1610612747,LAL,Los Angeles Lakers,0042200314,2023-05-22T00:00:00,LAL vs. DEN,L,14.933333333333334,0,0,0,4,2,0,2,10,1,0,2,0,11.4,1,857,857,857,1204,756,687,645,612,264,1,341,389,178,1,787,1103,1137,1,14:56
2022-23,1629022,Lonnie Walker IV,Lonnie,1610612747,LAL,Los Angeles Lakers,0042200314,2023-05-22T00:00:00,LAL vs. DEN,L,6.543333333333333,0,0,0,2,2,0,0,4,0,0,2,0,1.0,1,857,857,857,1445,756,687,645,859,264,1,1,183,536,1,787,1103,1583,1,6:33
2022-23,201145,Jeff Green,Jeff,1610612743,DEN,Denver Nuggets,0042200314,2023-05-22T00:00:00,DEN @ LAL,W,10.016666666666667,0,0,0,0,2,3,3,18,1,0,1,2,6.2,1,1,1,1,1362,756,687,645,1176,264,492,525,648,178,1,405,515,1317,1,10:01
2022-23,203999,Nikola Jokić,Nikola,1610612743,DEN,Denver Nuggets,0042200314,2023-05-22T00:00:00,DEN @ LAL,W,45.266666666666666,0,5,0,16,15,16,9,54,3,1,5,4,75.3,1,1,1,1,16,756,78,645,45,1488,1628,1158,1713,22,1165,1614,244,7,1,45:16
2022-23,203484,Kentavious Caldwell-Pope,Kentavious,1610612743,DEN,Denver Nuggets,0042200314,2023-05-22T00:00:00,DEN @ LAL,W,39.36666666666667,3,3,0,2,15,16,9,50,1,1,2,2,21.3,1,1,1,1,220,281,228,645,859,1488,1628,1158,1686,178,1165,787,515,764,1,39:22
2022-23,2544,LeBron James,LeBron,1610612747,LAL,Los Angeles Lakers,0042200314,2023-05-22T00:00:00,LAL vs. DEN,L,47.928333333333335,4,10,5,22,7,15,9,48,0,4,1,7,70.5,1,857,857,857,3,175,6,93,12,852,1593,1158,1668,536,1712,405,47,20,1,47:56
2022-23,203935,Marcus Smart,Marcus,1610612738,BOS,Boston Celtics,0042200303,2023-05-21T00:00:00,BOS @ MIA,L,30.418333333333333,3,3,0,4,10,0,6,28,0,1,3,7,28.8,1,857,857,857,625,281,228,645,612,1148,1,832,1014,536,1165,1135,47,521,1,30:25
2022-23,1629057,Robert Williams III,Robert,1610612738,BOS,Boston Celtics,0042200303,2023-05-21T00:00:00,BOS @ MIA,L,12.583333333333334,0,4,0,8,10,2,4,10,0,1,4,2,16.6,1,857,857,857,1280,756,136,645,300,1148,277,616,389,536,1165,1436,515,947,1,12:35
2022-23,1630573,Sam Hauser,Sam,1610612738,BOS,Boston Celtics,0042200303,2023-05-21T00:00:00,BOS @ MIA,L,12.0,0,0,5,0,0,2,3,10,1,0,1,1,16.7,1,857,857,857,1299,756,687,93,1176,1,277,525,389,178,1,405,747,943,1,12:00
2022-23,1628401,Derrick White,Derrick,1610612738,BOS,Boston Celtics,0042200303,2023-05-21T00:00:00,BOS @ MIA,L,26.066666666666666,3,0,0,0,12,0,3,20,2,1,3,0,24.8,1,857,857,857,815,281,687,645,1176,1304,1,525,729,61,1165,1135,1103,648,1,26:04
2022-23,1630202,Payton Pritchard,Payton,1610612738,BOS,Boston Celtics,0042200303,2023-05-21T00:00:00,BOS @ MIA,L,12.0,0,3,0,6,0,2,3,10,0,0,2,2,20.9,1,857,857,857,1299,756,228,645,426,1,277,525,389,536,1,787,515,774,1,12:00
2022-23,1628436,Luke Kornet,Luke,1610612738,BOS,Boston Celtics,0042200303,2023-05-21T00:00:00,BOS @ MIA,L,12.0,4,2,0,6,0,2,3,10,0,0,1,1,15.8,1,857,857,857,1299,175,357,645,426,1,277,525,389,536,1,405,747,974,1,12:00
2022-23,200768,Kyle Lowry,Kyle,1610612748,MIA,Miami Heat,0042200303,2023-05-21T00:00:00,MIA vs. BOS,W,28.05,0,0,0,4,9,12,7,26,0,0,5,2,21.0,1,1,1,1,738,756,687,645,612,1047,1417,938,941,536,1,1614,515,771,1,28:03
2022-23,201143,Al Horford,Al,1610612738,BOS,Boston Celtics,0042200303,2023-05-21T00:00:00,BOS @ MIA,L,18.933333333333334,2,0,0,2,12,0,6,20,0,0,2,0,9.7,1,857,857,857,1086,426,687,645,859,1304,1,832,729,536,1,787,1103,1197,1,18:56
2022-23,1628369,Jayson Tatum,Jayson,1610612738,BOS,Boston Celtics,0042200303,2023-05-21T00:00:00,BOS @ MIA,L,33.45,2,2,4,10,14,2,10,32,0,1,2,0,32.0,1,857,857,857,495,426,357,145,200,1433,277,1250,1205,536,1165,787,1103,442,1,33:27
2022-23,1628389,Bam Adebayo,Bam,1610612748,MIA,Miami Heat,0042200303,2023-05-21T00:00:00,MIA vs. BOS,W,25.516666666666666,3,2,0,8,10,9,4,28,1,0,3,7,22.6,1,1,1,1,845,281,357,645,300,1148,1190,616,1014,178,1,1135,47,720,1,25:31
2022-23,1629684,Grant Williams,Grant,1610612738,BOS,Boston Celtics,0042200303,2023-05-21T00:00:00,BOS @ MIA,L,28.715,2,2,2,6,6,4,10,24,0,0,3,1,17.6,1,857,857,857,705,426,357,360,426,726,595,1250,858,536,1,1135,747,900,1,28:43
2022-23,1629216,Gabe Vincent,Gabe,1610612748,MIA,Miami Heat,0042200303,2023-05-21T00:00:00,MIA vs. BOS,W,35.46666666666667,3,0,3,8,10,16,11,40,1,0,2,2,39.9,1,1,1,1,425,281,687,258,300,1148,1628,1355,1486,178,1,787,515,253,1,35:28
2022-23,1631107,Nikola Jović,Nikola,1610612748,MIA,Miami Heat,0042200303,2023-05-21T00:00:00,MIA vs. BOS,W,4.716666666666667,0,2,0,2,4,3,2,6,0,0,0,0,5.6,1,1,1,1,1491,756,357,645,859,516,492,341,265,536,1,1,1103,1348,1,4:43
2022-23,1627763,Malcolm Brogdon,Malcolm,1610612738,BOS,Boston Celtics,0042200303,2023-05-21T00:00:00,BOS @ MIA,L,18.1,0,0,0,0,8,2,4,18,0,0,0,0,4.4,1,857,857,857,1108,756,687,645,1176,941,277,616,648,536,1,1,1103,1392,1,18:06
2022-23,203469,Cody Zeller,Cody,1610612748,MIA,Miami Heat,0042200303,2023-05-21T00:00:00,MIA vs. BOS,W,17.515,0,0,0,4,2,7,7,18,2,0,0,3,14.8,1,1,1,1,1127,756,687,645,612,264,966,938,648,61,1,1,364,1008,1,17:31
2022-23,1629130,Duncan Robinson,Duncan,1610612748,MIA,Miami Heat,0042200303,2023-05-21T00:00:00,MIA vs. BOS,W,23.633333333333333,3,0,6,4,7,12,5,24,0,1,1,2,29.4,1,1,1,1,909,281,687,47,612,852,1417,745,858,536,1165,405,515,504,1,23:38
2022-23,1627759,Jaylen Brown,Jaylen,1610612738,BOS,Boston Celtics,0042200303,2023-05-21T00:00:00,BOS @ MIA,L,28.016666666666666,0,0,2,10,18,2,10,22,0,0,3,0,19.2,1,857,857,857,739,756,687,360,200,1612,277,1250,794,536,1,1135,1103,838,1,28:01
2022-23,1629622,Max Strus,Max,1610612748,MIA,Miami Heat,0042200303,2023-05-21T00:00:00,MIA vs. BOS,W,24.618333333333332,2,0,2,2,9,7,8,28,0,0,1,2,18.1,1,1,1,1,879,426,687,360,859,1047,966,1046,1014,536,1,405,515,875,1,24:37
2022-23,1628997,Caleb Martin,Caleb,1610612748,MIA,Miami Heat,0042200303,2023-05-21T00:00:00,MIA vs. BOS,W,34.93333333333333,5,0,2,4,10,14,5,36,0,1,1,1,30.6,1,1,1,1,439,111,687,360,612,1148,1544,745,1361,536,1165,405,747,474,1,34:56
2022-23,1629312,Haywood Highsmith,Haywood,1610612748,MIA,Miami Heat,0042200303,2023-05-21T00:00:00,MIA vs. BOS,W,4.716666666666667,0,0,0,0,4,3,2,6,0,0,1,0,1.5,1,1,1,1,1491,756,687,645,1176,516,492,341,265,536,1,405,1103,1524,1,4:43
2022-23,203488,Mike Muscala,Mike,1610612738,BOS,Boston Celtics,0042200303,2023-05-21T00:00:00,BOS @ MIA,L,7.716666666666667,0,3,0,0,0,2,3,6,0,0,0,2,4.4,1,857,857,857,1426,756,228,645,1176,1,277,525,265,536,1,1,515,1392,1,7:43
2022-23,202710,Jimmy Butler III,Jimmy,1610612748,MIA,Miami Heat,0042200303,2023-05-21T00:00:00,MIA vs. BOS,W,31.333333333333332,2,0,0,2,9,9,8,36,0,1,0,5,38.6,1,1,1,1,589,426,687,645,859,1047,1190,1046,1361,536,1165,1,138,275,1,31:20
2022-23,201567,Kevin Love,Kevin,1610612748,MIA,Miami Heat,0042200303,2023-05-21T00:00:00,MIA vs. BOS,W,4.783333333333333,0,0,0,2,2,0,4,6,0,0,0,0,7.4,1,1,1,1,1488,756,687,645,859,264,1,616,265,536,1,1,1103,1270,1,4:47
2022-23,1630209,Omer Yurtseven,Omer,1610612748,MIA,Miami Heat,0042200303,2023-05-21T00:00:00,MIA vs. BOS,W,4.716666666666667,0,0,0,2,4,3,2,6,0,0,2,0,2.0,1,1,1,1,1491,756,687,645,859,516,492,341,265,536,1,787,1103,1507,1,4:43
2022-23,203999,Nikola Jokić,Nikola,1610612743,DEN,Denver Nuggets,0042200313,2023-05-20T00:00:00,DEN @ LAL,W,38.25,0,2,2,14,2,13,10,46,0,1,4,5,44.2,1,1,1,1,283,756,357,360,84,264,1482,1250,1635,536,1165,1436,138,194,1,38:15
2022-23,1627750,Jamal Murray,Jamal,1610612743,DEN,Denver Nuggets,0042200313,2023-05-20T00:00:00,DEN @ LAL,W,41.6,9,0,4,10,8,16,13,42,0,1,2,6,59.4,1,1,1,1,116,15,687,145,200,941,1628,1477,1538,536,1165,787,86,56,1,41:36
2022-23,203471,Dennis Schröder,Dennis,1610612747,LAL,Los Angeles Lakers,0042200313,2023-05-20T00:00:00,LAL vs. DEN,L,24.65,0,0,2,2,6,9,9,20,0,0,6,1,8.5,1,857,857,857,876,756,687,360,859,726,1190,1158,729,536,1,1708,747,1233,1,24:39
2022-23,1629022,Lonnie Walker IV,Lonnie,1610612747,LAL,Los Angeles Lakers,0042200313,2023-05-20T00:00:00,LAL vs. DEN,L,18.785,3,0,0,0,3,3,2,14,0,0,2,2,13.2,1,857,857,857,1090,281,687,645,1176,423,492,341,515,536,1,787,515,1070,1,18:47
2022-23,1627885,Shaquille Harrison,Shaquille,1610612747,LAL,Los Angeles Lakers,0042200313,2023-05-20T00:00:00,LAL vs. DEN,L,0.965,0,0,0,0,0,0,0,0,0,0,0,0,1.5,1,857,857,857,1669,756,687,645,1176,1,1,1,1,536,1,1,1103,1524,1,0:58
2022-23,203484,Kentavious Caldwell-Pope,Kentavious,1610612743,DEN,Denver Nuggets,0042200313,2023-05-20T00:00:00,DEN @ LAL,W,34.233333333333334,0,0,6,0,3,14,13,42,0,0,2,1,25.6,1,1,1,1,461,756,687,47,1176,423,1544,1477,1538,536,1,787,747,610,1,34:14
2022-23,1631128,Christian Braun,Christian,1610612743,DEN,Denver Nuggets,0042200313,2023-05-20T00:00:00,DEN @ LAL,W,3.3666666666666667,0,0,0,0,3,3,0,2,0,0,1,0,1.2,1,1,1,1,1568,756,687,645,1176,423,492,1,96,536,1,405,1103,1542,1,3:22
2022-23,1628972,Troy Brown Jr.,Troy,1610612747,LAL,Los Angeles Lakers,0042200313,2023-05-20T00:00:00,LAL vs. DEN,L,0.965,0,2,0,2,0,0,0,0,0,0,0,0,3.2,1,857,857,857,1669,756,357,645,859,1,1,1,1,536,1,1,1103,1444,1,0:58
2022-23,201145,Jeff Green,Jeff,1610612743,DEN,Denver Nuggets,0042200313,2023-05-20T00:00:00,DEN @ LAL,W,23.45,0,0,0,2,8,4,9,22,0,0,3,1,11.3,1,1,1,1,920,756,687,645,859,941,595,1158,794,536,1,1135,747,1145,1,23:27
2022-23,1629020,Jarred Vanderbilt,Jarred,1610612747,LAL,Los Angeles Lakers,0042200313,2023-05-20T00:00:00,LAL vs. DEN,L,13.568333333333333,0,0,2,2,4,0,8,6,0,0,1,0,3.2,1,857,857,857,1249,756,687,360,859,516,1,1046,265,536,1,405,1103,1444,1,13:34
2022-23,1631108,Max Christie,Max,1610612747,LAL,Los Angeles Lakers,0042200313,2023-05-20T00:00:00,LAL vs. DEN,L,0.965,0,0,0,0,0,0,0,0,0,0,0,0,1.2,1,857,857,857,1669,756,687,645,1176,1,1,1,1,536,1,1,1103,1542,1,0:58
2022-23,1626156,D'Angelo Russell,D'Angelo,1610612747,LAL,Los Angeles Lakers,0042200313,2023-05-20T00:00:00,LAL vs. DEN,L,20.016666666666666,0,0,0,0,8,2,17,18,0,0,0,1,9.6,1,857,857,857,1047,756,687,645,1176,941,277,1650,648,536,1,1,747,1200,1,20:01
2022-23,1629060,Rui Hachimura,Rui,1610612747,LAL,Los Angeles Lakers,0042200313,2023-05-20T00:00:00,LAL vs. DEN,L,33.718333333333334,2,2,2,8,9,9,8,32,0,1,2,1,23.7,1,857,857,857,484,426,357,360,300,1047,1190,1046,1205,536,1165,787,747,675,1,33:43
2022-23,202684,Tristan Thompson,Tristan,1610612747,LAL,Los Angeles Lakers,0042200313,2023-05-20T00:00:00,LAL vs. DEN,L,0.965,0,0,0,0,0,0,0,0,0,0,0,0,0.0,1,857,857,857,1669,756,687,645,1176,1,1,1,1,536,1,1,1103,1601,1,0:58
2022-23,203076,Anthony Davis,Anthony,1610612747,LAL,Los Angeles Lakers,0042200313,2023-05-20T00:00:00,LAL vs. DEN,L,41.85,0,7,0,22,13,9,17,32,2,0,3,5,56.1,1,857,857,857,101,756,24,645,12,1371,1190,1650,1205,61,1,1135,138,75,1,41:51
2022-23,1629008,Michael Porter Jr.,Michael,1610612743,DEN,Denver Nuggets,0042200313,2023-05-20T00:00:00,DEN @ LAL,W,38.1,0,3,3,0,5,13,15,42,0,0,2,1,38.0,1,1,1,1,289,756,228,258,1176,628,1482,1575,1538,536,1,787,747,284,1,38:06
2022-23,1627736,Malik Beasley,Malik,1610612747,LAL,Los Angeles Lakers,0042200313,2023-05-20T00:00:00,LAL vs. DEN,L,0.965,0,0,0,0,0,0,0,0,0,0,0,0,0.0,1,857,857,857,1669,756,687,645,1176,1,1,1,1,536,1,1,1103,1601,1,0:58
2022-23,1628971,Bruce Brown,Bruce,1610612743,DEN,Denver Nuggets,0042200313,2023-05-20T00:00:00,DEN @ LAL,W,28.8,4,4,4,10,5,13,4,30,0,0,5,1,31.5,1,1,1,1,704,175,136,145,200,628,1482,616,1116,536,1,1614,747,457,1,28:48
2022-23,1630559,Austin Reaves,Austin,1610612747,LAL,Los Angeles Lakers,0042200313,2023-05-20T00:00:00,LAL vs. DEN,L,39.651666666666664,0,7,2,8,13,6,19,36,0,0,2,4,37.9,1,857,857,857,206,756,24,360,300,1371,856,1690,1361,536,1,787,244,286,1,39:39
2022-23,203932,Aaron Gordon,Aaron,1610612743,DEN,Denver Nuggets,0042200313,2023-05-20T00:00:00,DEN @ LAL,W,32.2,0,0,0,2,6,14,11,34,1,0,0,3,18.6,1,1,1,1,550,756,687,645,859,726,1544,1355,1287,178,1,1,364,856,1,32:12
2022-23,2544,LeBron James,LeBron,1610612747,LAL,Los Angeles Lakers,0042200313,2023-05-20T00:00:00,LAL vs. DEN,L,42.935,3,0,7,8,9,7,15,32,0,0,2,5,47.4,1,857,857,857,65,281,687,32,300,1047,966,1575,1205,536,1,787,138,144,1,42:56
2022-23,1628997,Caleb Martin,Caleb,1610612748,MIA,Miami Heat,0042200302,2023-05-19T00:00:00,MIA @ BOS,W,32.13333333333333,7,5,2,12,13,12,11,32,1,1,2,0,34.8,1,1,1,1,553,41,78,360,138,1371,1417,1355,1205,178,1165,787,1103,362,1,32:08
2022-23,1628401,Derrick White,Derrick,1610612738,BOS,Boston Celtics,0042200302,2023-05-19T00:00:00,BOS vs. MIA,L,23.126666666666665,5,0,0,2,5,9,0,24,2,0,1,1,18.7,1,857,857,857,938,111,687,645,859,628,1190,1,858,61,1,405,747,853,1,23:08
2022-23,1629216,Gabe Vincent,Gabe,1610612748,MIA,Miami Heat,0042200302,2023-05-19T00:00:00,MIA @ BOS,W,40.108333333333334,0,0,0,0,12,2,9,38,0,1,1,3,16.4,1,1,1,1,180,756,687,645,1176,1304,277,1158,1431,536,1165,405,364,956,1,40:07
2022-23,1629057,Robert Williams III,Robert,1610612738,BOS,Boston Celtics,0042200302,2023-05-19T00:00:00,BOS vs. MIA,L,23.2,0,2,0,10,8,9,2,24,2,0,2,3,25.1,1,857,857,857,935,756,357,645,200,941,1190,341,858,61,1,787,364,635,1,23:12
2022-23,201143,Al Horford,Al,1610612738,BOS,Boston Celtics,0042200302,2023-05-19T00:00:00,BOS vs. MIA,L,28.99,0,0,0,2,12,9,2,26,2,0,4,0,15.8,1,857,857,857,695,756,687,645,859,1304,1190,341,941,61,1,1436,1103,974,1,28:59
2022-23,1629684,Grant Williams,Grant,1610612738,BOS,Boston Celtics,0042200302,2023-05-19T00:00:00,BOS vs. MIA,L,25.566666666666666,2,2,2,6,16,7,2,28,1,0,3,0,17.4,1,857,857,857,843,426,357,360,426,1534,966,341,1014,178,1,1135,1103,913,1,25:34
2022-23,201567,Kevin Love,Kevin,1610612748,MIA,Miami Heat,0042200302,2023-05-19T00:00:00,MIA @ BOS,W,14.55,0,0,0,0,4,0,4,16,0,0,3,1,11.0,1,1,1,1,1217,756,687,645,1176,516,1,616,580,536,1,1135,747,1158,1,14:33
2022-23,1628389,Bam Adebayo,Bam,1610612748,MIA,Miami Heat,0042200302,2023-05-19T00:00:00,MIA @ BOS,W,38.09166666666667,4,2,2,10,12,4,9,40,0,2,5,9,54.9,1,1,1,1,291,175,357,360,200,1304,595,1158,1486,536,1559,1614,20,81,1,38:06
2022-23,203469,Cody Zeller,Cody,1610612748,MIA,Miami Heat,0042200302,2023-05-19T00:00:00,MIA @ BOS,W,9.908333333333333,0,2,0,2,5,8,6,8,1,0,1,0,11.2,1,1,1,1,1365,756,357,645,859,628,1100,832,329,178,1,405,1103,1147,1,9:55
2022-23,1629130,Duncan Robinson,Duncan,1610612748,MIA,Miami Heat,0042200302,2023-05-19T00:00:00,MIA @ BOS,W,20.741666666666667,7,0,0,6,8,2,5,24,0,0,1,0,20.7,1,1,1,1,1025,41,687,645,426,941,277,745,858,536,1,405,1103,784,1,20:45
2022-23,1629622,Max Strus,Max,1610612748,MIA,Miami Heat,0042200302,2023-05-19T00:00:00,MIA @ BOS,W,26.783333333333335,0,3,0,2,9,10,10,24,0,0,2,2,12.2,1,1,1,1,784,756,228,645,859,1047,1282,1250,858,536,1,787,515,1109,1,26:47
2022-23,200768,Kyle Lowry,Kyle,1610612748,MIA,Miami Heat,0042200302,2023-05-19T00:00:00,MIA @ BOS,W,17.05,0,0,0,0,11,10,9,22,1,1,1,2,12.7,1,1,1,1,1135,756,687,645,1176,1226,1282,1158,794,178,1165,405,515,1095,1,17:03
2022-23,1628369,Jayson Tatum,Jayson,1610612738,BOS,Boston Celtics,0042200302,2023-05-19T00:00:00,BOS vs. MIA,L,42.4,4,4,4,12,15,14,4,40,0,1,4,8,56.6,1,857,857,857,80,175,136,145,138,1488,1544,616,1486,536,1165,1436,25,69,1,42:24
2022-23,202710,Jimmy Butler III,Jimmy,1610612748,MIA,Miami Heat,0042200302,2023-05-19T00:00:00,MIA @ BOS,W,40.63333333333333,2,4,0,16,11,12,12,36,2,4,1,3,57.6,1,1,1,1,160,426,136,645,45,1226,1417,1412,1361,61,1712,405,364,64,1,40:38
2022-23,1627763,Malcolm Brogdon,Malcolm,1610612738,BOS,Boston Celtics,0042200302,2023-05-19T00:00:00,BOS vs. MIA,L,26.046666666666667,3,2,7,6,12,7,4,28,2,1,2,2,27.8,1,857,857,857,816,281,357,32,426,1304,966,616,1014,61,1165,787,515,544,1,26:03
2022-23,203935,Marcus Smart,Marcus,1610612738,BOS,Boston Celtics,0042200302,2023-05-19T00:00:00,BOS vs. MIA,L,32.85333333333333,3,0,0,2,14,14,4,32,0,0,1,2,13.3,1,857,857,857,522,281,687,645,859,1433,1544,616,1205,536,1,405,515,1066,1,32:51
2022-23,1627759,Jaylen Brown,Jaylen,1610612738,BOS,Boston Celtics,0042200302,2023-05-19T00:00:00,BOS vs. MIA,L,37.81666666666667,0,2,2,8,18,11,2,38,0,3,3,1,23.3,1,857,857,857,306,756,357,360,300,1612,1346,341,1431,536,1678,1135,747,691,1,37:49
2022-23,203076,Anthony Davis,Anthony,1610612747,LAL,Los Angeles Lakers,0042200312,2023-05-18T00:00:00,LAL @ DEN,L,40.945,9,4,2,6,13,7,22,42,4,0,4,6,51.8,1,857,857,857,144,15,136,360,426,1371,966,1717,1538,8,1,1436,86,101,1,40:57
2022-23,202684,Tristan Thompson,Tristan,1610612747,LAL,Los Angeles Lakers,0042200312,2023-05-18T00:00:00,LAL @ DEN,L,0.205,0,0,0,0,0,0,0,0,0,0,0,0,0.0,1,857,857,857,1721,756,687,645,1176,1,1,1,1,536,1,1,1103,1601,1,0:12
2022-23,1629022,Lonnie Walker IV,Lonnie,1610612747,LAL,Los Angeles Lakers,0042200312,2023-05-18T00:00:00,LAL @ DEN,L,12.966666666666667,0,0,0,0,2,0,5,8,0,0,1,0,4.7,1,857,857,857,1267,756,687,645,1176,264,1,745,329,536,1,405,1103,1379,1,12:58
2022-23,1631128,Christian Braun,Christian,1610612743,DEN,Denver Nuggets,0042200312,2023-05-18T00:00:00,DEN vs. LAL,W,4.5,0,0,0,0,2,2,0,4,0,0,2,0,1.2,1,1,1,1,1501,756,687,645,1176,264,277,1,183,536,1,787,1103,1542,1,4:30
2022-23,1629008,Michael Porter Jr.,Michael,1610612743,DEN,Denver Nuggets,0042200312,2023-05-18T00:00:00,DEN vs. LAL,W,31.298333333333332,5,0,3,2,19,2,21,36,0,0,3,1,25.9,1,1,1,1,591,111,687,258,859,1641,277,1710,1361,536,1,1135,747,597,1,31:18
2022-23,203932,Aaron Gordon,Aaron,1610612743,DEN,Denver Nuggets,0042200312,2023-05-18T00:00:00,DEN vs. LAL,W,38.928333333333335,0,2,2,10,19,4,19,42,1,0,2,1,17.8,1,1,1,1,248,756,357,360,200,1641,595,1690,1538,178,1,787,747,895,1,38:56
2022-23,201145,Jeff Green,Jeff,1610612743,DEN,Denver Nuggets,0042200312,2023-05-18T00:00:00,DEN vs. LAL,W,14.756666666666666,0,0,2,2,5,2,4,12,0,0,2,2,4.4,1,1,1,1,1212,756,687,360,859,628,277,616,451,536,1,787,515,1392,1,14:45
2022-23,1629060,Rui Hachimura,Rui,1610612747,LAL,Los Angeles Lakers,0042200312,2023-05-18T00:00:00,LAL @ DEN,L,30.111666666666668,5,2,4,12,8,5,12,22,0,0,4,2,26.9,1,857,857,857,642,111,357,145,138,941,724,1412,794,536,1,1436,515,565,1,30:07
2022-23,202704,Reggie Jackson,Reggie,1610612743,DEN,Denver Nuggets,0042200312,2023-05-18T00:00:00,DEN vs. LAL,W,2.933333333333333,0,0,0,0,0,0,0,4,0,0,0,0,0.0,1,1,1,1,1588,756,687,645,1176,1,1,1,183,536,1,1,1103,1601,1,2:56
2022-23,203484,Kentavious Caldwell-Pope,Kentavious,1610612743,DEN,Denver Nuggets,0042200312,2023-05-18T00:00:00,DEN vs. LAL,W,25.65,0,0,3,0,14,2,15,30,0,1,3,2,13.6,1,1,1,1,836,756,687,258,1176,1433,277,1575,1116,536,1165,1135,515,1050,1,25:39
2022-23,203471,Dennis Schröder,Dennis,1610612747,LAL,Los Angeles Lakers,0042200312,2023-05-18T00:00:00,LAL @ DEN,L,29.938333333333333,0,0,0,2,2,5,6,22,0,2,2,1,13.2,1,857,857,857,652,756,687,645,859,264,724,832,794,536,1559,787,747,1070,1,29:56
2022-23,1629020,Jarred Vanderbilt,Jarred,1610612747,LAL,Los Angeles Lakers,0042200312,2023-05-18T00:00:00,LAL @ DEN,L,16.805,2,0,2,2,5,2,13,26,0,0,1,2,6.4,1,857,857,857,1144,426,687,360,859,628,277,1477,941,536,1,405,515,1307,1,16:48
2022-23,1627750,Jamal Murray,Jamal,1610612743,DEN,Denver Nuggets,0042200312,2023-05-18T00:00:00,DEN vs. LAL,W,42.7,5,0,5,8,18,6,21,40,0,1,1,6,65.5,1,1,1,1,72,111,687,93,300,1612,856,1710,1486,536,1165,405,86,31,1,42:42
2022-23,203999,Nikola Jokić,Nikola,1610612743,DEN,Denver Nuggets,0042200312,2023-05-18T00:00:00,DEN vs. LAL,W,41.95,0,2,0,18,18,6,19,42,0,3,3,7,65.4,1,1,1,1,94,756,357,645,28,1612,856,1690,1538,536,1678,1135,47,32,1,41:57
2022-23,1628971,Bruce Brown,Bruce,1610612743,DEN,Denver Nuggets,0042200312,2023-05-18T00:00:00,DEN vs. LAL,W,37.28333333333333,3,3,7,6,10,6,6,30,1,2,2,0,28.5,1,1,1,1,336,281,228,32,426,1148,856,832,1116,178,1559,787,1103,531,1,37:17
2022-23,2544,LeBron James,LeBron,1610612747,LAL,Los Angeles Lakers,0042200312,2023-05-18T00:00:00,LAL @ DEN,L,40.13333333333333,4,0,8,18,11,4,15,36,2,0,2,3,62.8,1,857,857,857,179,175,687,20,28,1226,595,1575,1361,61,1,787,364,41,1,40:08
2022-23,1626156,D'Angelo Russell,D'Angelo,1610612747,LAL,Los Angeles Lakers,0042200312,2023-05-18T00:00:00,LAL @ DEN,L,32.835,1,0,0,2,13,5,22,40,1,0,2,3,29.1,1,857,857,857,524,715,687,645,859,1371,724,1717,1486,178,1,787,364,511,1,32:50
2022-23,1630559,Austin Reaves,Austin,1610612747,LAL,Los Angeles Lakers,0042200312,2023-05-18T00:00:00,LAL @ DEN,L,36.06,0,0,5,6,11,7,15,34,0,0,3,1,34.1,1,857,857,857,393,756,687,93,426,1226,966,1575,1287,536,1,1135,747,380,1,36:04
2022-23,1628997,Caleb Martin,Caleb,1610612748,MIA,Miami Heat,0042200301,2023-05-17T00:00:00,MIA @ BOS,W,29.783333333333335,4,0,0,6,16,9,5,42,1,0,4,1,33.3,1,1,1,1,661,175,687,645,426,1534,1190,745,1538,178,1,1436,747,402,1,29:47
2022-23,1628389,Bam Adebayo,Bam,1610612748,MIA,Miami Heat,0042200301,2023-05-17T00:00:00,MIA @ BOS,W,36.95,3,0,2,18,16,14,13,40,0,0,3,6,37.1,1,1,1,1,354,281,687,360,28,1534,1544,1477,1486,536,1,1135,86,308,1,36:57
2022-23,1629057,Robert Williams III,Robert,1610612738,BOS,Boston Celtics,0042200301,2023-05-17T00:00:00,BOS vs. MIA,L,25.513333333333332,0,9,0,12,13,5,12,32,1,0,1,3,24.4,1,857,857,857,846,756,11,645,138,1371,724,1412,1205,178,1,405,364,662,1,25:31
2022-23,201143,Al Horford,Al,1610612738,BOS,Boston Celtics,0042200301,2023-05-17T00:00:00,BOS vs. MIA,L,31.933333333333334,0,0,0,4,12,9,5,24,0,0,1,0,25.2,1,857,857,857,563,756,687,645,612,1304,1190,745,858,536,1,405,1103,627,1,31:56
2022-23,1629622,Max Strus,Max,1610612748,MIA,Miami Heat,0042200301,2023-05-17T00:00:00,MIA @ BOS,W,34.21666666666667,5,2,4,4,17,15,12,46,0,2,2,0,18.6,1,1,1,1,462,111,357,145,612,1579,1593,1412,1635,536,1559,787,1103,856,1,34:13
2022-23,203935,Marcus Smart,Marcus,1610612738,BOS,Boston Celtics,0042200301,2023-05-17T00:00:00,BOS vs. MIA,L,33.8,6,2,3,2,17,9,9,32,1,0,2,5,37.7,1,857,857,857,481,64,357,258,859,1579,1190,1158,1205,178,1,787,138,294,1,33:48
2022-23,1629130,Duncan Robinson,Duncan,1610612748,MIA,Miami Heat,0042200301,2023-05-17T00:00:00,MIA @ BOS,W,6.566666666666666,0,0,0,0,7,3,0,8,0,0,0,1,0.0,1,1,1,1,1444,756,687,645,1176,852,492,1,329,536,1,1,747,1601,1,6:34
2022-23,202710,Jimmy Butler III,Jimmy,1610612748,MIA,Miami Heat,0042200301,2023-05-17T00:00:00,MIA @ BOS,W,43.166666666666664,5,10,0,8,22,15,15,54,0,0,4,7,66.5,1,1,1,1,55,111,6,645,300,1698,1593,1575,1713,536,1,1436,47,26,1,43:10
2022-23,201567,Kevin Love,Kevin,1610612748,MIA,Miami Heat,0042200301,2023-05-17T00:00:00,MIA @ BOS,W,16.45,2,0,3,2,8,9,10,18,0,0,2,0,15.2,1,1,1,1,1154,426,687,258,859,941,1190,1250,648,536,1,787,1103,991,1,16:27
2022-23,1630202,Payton Pritchard,Payton,1610612738,BOS,Boston Celtics,0042200301,2023-05-17T00:00:00,BOS vs. MIA,L,11.75,0,0,0,0,5,3,3,4,0,0,0,0,1.5,1,857,857,857,1314,756,687,645,1176,628,492,525,183,536,1,1,1103,1524,1,11:45
2022-23,203469,Cody Zeller,Cody,1610612748,MIA,Miami Heat,0042200301,2023-05-17T00:00:00,MIA @ BOS,W,9.283333333333333,0,0,0,0,7,4,0,16,0,1,2,0,2.6,1,1,1,1,1381,756,687,645,1176,852,595,1,580,536,1165,787,1103,1488,1,9:17
2022-23,1628401,Derrick White,Derrick,1610612738,BOS,Boston Celtics,0042200301,2023-05-17T00:00:00,BOS vs. MIA,L,20.6,3,0,3,2,7,7,3,10,0,0,4,1,17.9,1,857,857,857,1032,281,687,258,859,852,966,525,389,536,1,1436,747,887,1,20:36
2022-23,1629216,Gabe Vincent,Gabe,1610612748,MIA,Miami Heat,0042200301,2023-05-17T00:00:00,MIA @ BOS,W,35.8,3,0,0,2,18,14,13,40,1,0,3,3,26.6,1,1,1,1,411,281,687,645,859,1612,1544,1477,1486,178,1,1135,364,572,1,35:48
2022-23,1627759,Jaylen Brown,Jaylen,1610612738,BOS,Boston Celtics,0042200301,2023-05-17T00:00:00,BOS vs. MIA,L,38.55,4,5,2,16,20,7,9,38,0,2,2,2,34.3,1,857,857,857,268,175,78,360,45,1671,966,1158,1431,536,1559,787,515,376,1,38:33
2022-23,200768,Kyle Lowry,Kyle,1610612748,MIA,Miami Heat,0042200301,2023-05-17T00:00:00,MIA @ BOS,W,27.783333333333335,0,0,3,0,19,7,7,46,1,0,2,0,28.1,1,1,1,1,750,756,687,258,1176,1641,966,938,1635,178,1,787,1103,539,1,27:47
2022-23,1628369,Jayson Tatum,Jayson,1610612738,BOS,Boston Celtics,0042200301,2023-05-17T00:00:00,BOS vs. MIA,L,41.03666666666667,9,0,2,16,15,10,12,34,1,0,4,8,38.9,1,857,857,857,139,15,687,360,45,1488,1282,1412,1287,178,1,1436,25,269,1,41:02
2022-23,1627763,Malcolm Brogdon,Malcolm,1610612738,BOS,Boston Celtics,0042200301,2023-05-17T00:00:00,BOS vs. MIA,L,36.81666666666667,4,2,5,10,21,10,7,26,0,1,4,3,21.9,1,857,857,857,361,175,357,93,200,1686,1282,938,941,536,1165,1436,364,740,1,36:49
2022-23,1626156,D'Angelo Russell,D'Angelo,1610612747,LAL,Los Angeles Lakers,0042200311,2023-05-16T00:00:00,LAL @ DEN,L,26.133333333333333,0,0,0,2,4,13,13,36,0,1,1,1,11.5,1,857,857,857,810,756,687,645,859,516,1482,1477,1361,536,1165,405,747,1133,1,26:08
2022-23,203471,Dennis Schröder,Dennis,1610612747,LAL,Los Angeles Lakers,0042200311,2023-05-16T00:00:00,LAL @ DEN,L,32.045,0,3,3,0,5,14,14,36,0,0,3,1,15.1,1,857,857,857,558,756,228,258,1176,628,1544,1527,1361,536,1,1135,747,996,1,32:03
2022-23,203999,Nikola Jokić,Nikola,1610612743,DEN,Denver Nuggets,0042200311,2023-05-16T00:00:00,DEN vs. LAL,W,42.43333333333333,3,11,0,16,14,13,13,42,2,1,4,8,81.2,1,1,1,1,78,281,1,645,45,1433,1482,1477,1538,61,1165,1436,25,1,1,42:26
2022-23,203484,Kentavious Caldwell-Pope,Kentavious,1610612743,DEN,Denver Nuggets,0042200311,2023-05-16T00:00:00,DEN vs. LAL,W,35.983333333333334,0,0,0,8,12,11,9,34,1,0,5,0,35.9,1,1,1,1,397,756,687,645,300,1304,1346,1158,1287,178,1,1614,1103,337,1,35:59
2022-23,1628971,Bruce Brown,Bruce,1610612743,DEN,Denver Nuggets,0042200311,2023-05-16T00:00:00,DEN vs. LAL,W,24.191666666666666,0,0,4,10,6,4,7,24,0,2,2,3,23.8,1,1,1,1,894,756,687,145,200,726,595,938,858,536,1559,787,364,672,1,24:12
2022-23,1629022,Lonnie Walker IV,Lonnie,1610612747,LAL,Los Angeles Lakers,0042200311,2023-05-16T00:00:00,LAL @ DEN,L,19.62,0,0,0,0,0,5,6,20,0,0,1,0,14.4,1,857,857,857,1063,756,687,645,1176,1,724,832,729,536,1,405,1103,1018,1,19:37
2022-23,203932,Aaron Gordon,Aaron,1610612743,DEN,Denver Nuggets,0042200311,2023-05-16T00:00:00,DEN vs. LAL,W,35.983333333333334,0,4,8,8,8,8,8,36,0,1,1,4,18.1,1,1,1,1,397,756,136,20,300,941,1100,1046,1361,536,1165,405,244,875,1,35:59
2022-23,1629008,Michael Porter Jr.,Michael,1610612743,DEN,Denver Nuggets,0042200311,2023-05-16T00:00:00,DEN vs. LAL,W,34.553333333333335,2,0,5,2,9,11,9,32,2,0,2,2,35.0,1,1,1,1,451,426,687,93,859,1047,1346,1158,1205,61,1,787,515,359,1,34:33
2022-23,1629060,Rui Hachimura,Rui,1610612747,LAL,Los Angeles Lakers,0042200311,2023-05-16T00:00:00,LAL @ DEN,L,28.163333333333334,2,0,2,10,3,9,13,22,1,2,4,1,21.5,1,857,857,857,731,426,687,360,200,423,1190,1477,794,178,1559,1436,747,752,1,28:10
2022-23,1631128,Christian Braun,Christian,1610612743,DEN,Denver Nuggets,0042200311,2023-05-16T00:00:00,DEN vs. LAL,W,12.221666666666666,0,0,0,0,5,2,4,16,1,0,1,0,4.2,1,1,1,1,1292,756,687,645,1176,628,277,616,580,178,1,405,1103,1405,1,12:13
2022-23,1630559,Austin Reaves,Austin,1610612747,LAL,Los Angeles Lakers,0042200311,2023-05-16T00:00:00,LAL @ DEN,L,42.138333333333335,5,2,2,2,5,15,15,42,0,1,5,4,37.4,1,857,857,857,85,111,357,360,859,628,1593,1575,1538,536,1165,1614,244,302,1,42:08
2022-23,201145,Jeff Green,Jeff,1610612743,DEN,Denver Nuggets,0042200311,2023-05-16T00:00:00,DEN vs. LAL,W,17.583333333333332,0,0,0,0,6,5,5,18,0,0,1,2,3.2,1,1,1,1,1122,756,687,645,1176,726,724,745,648,536,1,405,515,1444,1,17:35
2022-23,203076,Anthony Davis,Anthony,1610612747,LAL,Los Angeles Lakers,0042200311,2023-05-16T00:00:00,LAL @ DEN,L,41.833333333333336,3,4,2,20,5,15,15,46,2,3,3,8,71.5,1,857,857,857,102,281,136,360,20,628,1593,1575,1635,61,1678,1135,25,16,1,41:50
2022-23,1629020,Jarred Vanderbilt,Jarred,1610612747,LAL,Los Angeles Lakers,0042200311,2023-05-16T00:00:00,LAL @ DEN,L,10.2,0,0,0,0,0,3,4,8,0,0,3,0,4.7,1,857,857,857,1358,756,687,645,1176,1,492,616,329,536,1,1135,1103,1379,1,10:12
2022-23,2544,LeBron James,LeBron,1610612747,LAL,Los Angeles Lakers,0042200311,2023-05-16T00:00:00,LAL @ DEN,L,39.86666666666667,4,4,4,14,3,16,15,40,1,0,1,6,53.9,1,857,857,857,198,175,136,145,84,423,1628,1575,1486,178,1,405,86,87,1,39:52
2022-23,1627750,Jamal Murray,Jamal,1610612743,DEN,Denver Nuggets,0042200311,2023-05-16T00:00:00,DEN vs. LAL,W,37.05,0,3,2,6,10,11,10,38,1,0,5,2,55.5,1,1,1,1,349,756,228,360,426,1148,1346,1250,1431,178,1,1614,515,77,1,37:03
2022-23,1629057,Robert Williams III,Robert,1610612738,BOS,Boston Celtics,0042200217,2023-05-14T00:00:00,BOS vs. PHI,W,30.155,0,0,0,6,7,10,6,24,0,1,1,1,15.5,1,1,1,1,637,756,687,645,426,852,1282,832,858,536,1165,405,747,984,1,30:09
2022-23,203954,Joel Embiid,Joel,1610612755,PHI,Philadelphia 76ers,0042200217,2023-05-14T00:00:00,PHI @ BOS,L,38.3,0,0,3,10,14,6,6,40,2,3,3,5,28.1,1,857,857,857,279,756,687,258,200,1433,856,832,1486,61,1678,1135,138,539,1,38:18
2022-23,1627763,Malcolm Brogdon,Malcolm,1610612738,BOS,Boston Celtics,0042200217,2023-05-14T00:00:00,BOS vs. PHI,W,28.666666666666668,3,2,2,6,4,11,5,28,0,1,2,0,17.4,1,1,1,1,709,281,357,360,426,516,1346,745,1014,536,1165,787,1103,913,1,28:40
2022-23,1630531,Jaden Springer,Jaden,1610612755,PHI,Philadelphia 76ers,0042200217,2023-05-14T00:00:00,PHI @ BOS,L,3.8666666666666667,2,0,2,2,0,0,0,2,0,0,1,0,7.0,1,857,857,857,1535,426,687,360,859,1,1,1,96,536,1,405,1103,1288,1,3:52
2022-23,1630573,Sam Hauser,Sam,1610612738,BOS,Boston Celtics,0042200217,2023-05-14T00:00:00,BOS vs. PHI,W,2.066666666666667,0,0,0,0,2,0,2,2,0,0,0,0,0.0,1,1,1,1,1634,756,687,645,1176,264,1,341,96,536,1,1,1103,1601,1,2:04
2022-23,1627777,Georges Niang,Georges,1610612755,PHI,Philadelphia 76ers,0042200217,2023-05-14T00:00:00,PHI @ BOS,L,3.75,0,0,0,0,4,0,2,4,1,0,0,0,3.0,1,857,857,857,1541,756,687,645,1176,516,1,341,183,178,1,1,1103,1455,1,3:45
2022-23,1630194,Paul Reed,Paul,1610612755,PHI,Philadelphia 76ers,0042200217,2023-05-14T00:00:00,PHI @ BOS,L,9.7,0,0,0,0,0,0,0,4,0,0,0,1,10.7,1,857,857,857,1371,756,687,645,1176,1,1,1,183,536,1,1,747,1165,1,9:42
2022-23,1627759,Jaylen Brown,Jaylen,1610612738,BOS,Boston Celtics,0042200217,2023-05-14T00:00:00,BOS vs. PHI,W,40.516666666666666,4,2,4,8,9,9,7,36,2,2,1,3,44.2,1,1,1,1,165,175,357,145,300,1047,1190,938,1361,61,1559,405,364,194,1,40:31
2022-23,1630551,Justin Champagnie,Justin,1610612738,BOS,Boston Celtics,0042200217,2023-05-14T00:00:00,BOS vs. PHI,W,2.066666666666667,0,0,0,2,2,0,2,2,0,0,1,0,2.0,1,1,1,1,1634,756,687,645,859,264,1,341,96,536,1,405,1103,1507,1,2:04
2022-23,200782,P.J. Tucker,P.J.,1610612755,PHI,Philadelphia 76ers,0042200217,2023-05-14T00:00:00,PHI @ BOS,L,19.695,3,3,0,2,9,4,2,26,1,0,1,0,15.2,1,857,857,857,1059,281,228,645,859,1047,595,341,941,178,1,405,1103,991,1,19:42
2022-23,1629001,De'Anthony Melton,De'Anthony,1610612755,PHI,Philadelphia 76ers,0042200217,2023-05-14T00:00:00,PHI @ BOS,L,28.633333333333333,0,4,0,4,8,2,4,20,2,3,2,0,19.5,1,857,857,857,713,756,136,645,612,941,277,616,729,61,1678,787,1103,832,1,28:38
2022-23,1630202,Payton Pritchard,Payton,1610612738,BOS,Boston Celtics,0042200217,2023-05-14T00:00:00,BOS vs. PHI,W,2.066666666666667,0,0,0,0,2,0,2,2,0,0,0,0,-1.0,1,1,1,1,1634,756,687,645,1176,264,1,341,96,536,1,1,1103,1719,1,2:04
2022-23,203935,Marcus Smart,Marcus,1610612738,BOS,Boston Celtics,0042200217,2023-05-14T00:00:00,BOS vs. PHI,W,39.2,0,0,0,4,9,10,6,34,1,1,2,0,18.8,1,1,1,1,229,756,687,645,612,1047,1282,832,1287,178,1165,787,1103,850,1,39:12
2022-23,1629684,Grant Williams,Grant,1610612738,BOS,Boston Celtics,0042200217,2023-05-14T00:00:00,BOS vs. PHI,W,3.3833333333333333,0,0,0,0,2,0,2,6,0,0,0,1,2.7,1,1,1,1,1567,756,687,645,1176,264,1,341,265,536,1,1,747,1478,1,3:23
2022-23,1628436,Luke Kornet,Luke,1610612738,BOS,Boston Celtics,0042200217,2023-05-14T00:00:00,BOS vs. PHI,W,3.8666666666666667,0,0,0,0,2,0,2,6,0,0,0,0,2.4,1,1,1,1,1535,756,687,645,1176,264,1,341,265,536,1,1,1103,1494,1,3:52
2022-23,1629003,Shake Milton,Shake,1610612755,PHI,Philadelphia 76ers,0042200217,2023-05-14T00:00:00,PHI @ BOS,L,3.8666666666666667,0,0,0,0,0,0,0,2,0,0,0,0,0.0,1,857,857,857,1535,756,687,645,1176,1,1,1,96,536,1,1,1103,1601,1,3:52
2022-23,1627788,Furkan Korkmaz,Furkan,1610612755,PHI,Philadelphia 76ers,0042200217,2023-05-14T00:00:00,PHI @ BOS,L,3.8666666666666667,0,0,0,0,0,0,0,2,0,1,0,1,2.7,1,857,857,857,1535,756,687,645,1176,1,1,1,96,536,1165,1,747,1478,1,3:52
2022-23,201935,James Harden,James,1610612755,PHI,Philadelphia 76ers,0042200217,2023-05-14T00:00:00,PHI @ BOS,L,40.81666666666667,4,2,0,4,11,6,6,38,1,0,1,2,30.7,1,857,857,857,150,175,357,645,612,1226,856,832,1431,178,1,405,515,471,1,40:49
2022-23,202699,Tobias Harris,Tobias,1610612755,PHI,Philadelphia 76ers,0042200217,2023-05-14T00:00:00,PHI @ BOS,L,39.6,2,2,6,12,7,6,4,38,0,0,3,2,27.0,1,857,857,857,208,426,357,47,138,852,856,616,1431,536,1,1135,515,563,1,39:36
2022-23,201143,Al Horford,Al,1610612738,BOS,Boston Celtics,0042200217,2023-05-14T00:00:00,BOS vs. PHI,W,33.9,0,0,0,0,7,5,7,28,3,0,2,0,37.5,1,1,1,1,474,756,687,645,1176,852,724,938,1014,22,1,787,1103,299,1,33:54
2022-23,1627863,Danuel House Jr.,Danuel,1610612755,PHI,Philadelphia 76ers,0042200217,2023-05-14T00:00:00,PHI @ BOS,L,5.783333333333333,0,0,0,4,3,0,0,2,0,0,1,0,6.4,1,857,857,857,1457,756,687,645,612,423,1,1,96,536,1,405,1103,1307,1,5:47
2022-23,1628369,Jayson Tatum,Jayson,1610612738,BOS,Boston Celtics,0042200217,2023-05-14T00:00:00,BOS vs. PHI,W,41.666666666666664,7,2,0,18,7,9,9,36,0,2,1,9,80.1,1,1,1,1,112,41,357,645,28,852,1190,1158,1361,536,1559,405,20,2,1,41:40
2022-23,1630178,Tyrese Maxey,Tyrese,1610612755,PHI,Philadelphia 76ers,0042200217,2023-05-14T00:00:00,PHI @ BOS,L,42.12166666666667,0,2,0,6,14,6,6,42,0,0,2,2,25.6,1,857,857,857,86,756,357,645,426,1433,856,832,1538,536,1,787,515,610,1,42:07
2022-23,1628401,Derrick White,Derrick,1610612738,BOS,Boston Celtics,0042200217,2023-05-14T00:00:00,BOS vs. PHI,W,12.445,0,0,0,0,2,11,5,16,1,0,3,0,6.0,1,1,1,1,1284,756,687,645,1176,264,1346,745,580,178,1,1135,1103,1332,1,12:27
2022-23,1627885,Shaquille Harrison,Shaquille,1610612747,LAL,Los Angeles Lakers,0042200236,2023-05-12T00:00:00,LAL vs. GSW,W,3.75,0,0,0,0,0,3,0,2,0,0,0,1,2.5,1,1,1,1,1541,756,687,645,1176,1,492,1,96,536,1,1,747,1491,1,3:45
2022-23,201939,Stephen Curry,Stephen,1610612744,GSW,Golden State Warriors,0042200236,2023-05-12T00:00:00,GSW @ LAL,L,38.95,6,5,5,14,8,8,16,40,1,1,3,5,48.7,1,857,857,857,246,64,78,93,84,941,1100,1626,1486,178,1165,1135,138,128,1,38:57
2022-23,1630167,Obi Toppin,Obi,1610612752,NYK,New York Knicks,0042200206,2023-05-12T00:00:00,NYK @ MIA,L,12.233333333333333,0,0,0,0,5,4,0,8,0,0,0,1,12.1,1,857,857,857,1290,756,687,645,1176,628,595,1,329,536,1,1,747,1113,1,12:14
2022-23,2544,LeBron James,LeBron,1610612747,LAL,Los Angeles Lakers,0042200236,2023-05-12T00:00:00,LAL vs. GSW,W,43.13333333333333,1,0,6,16,10,15,8,42,1,0,2,7,61.3,1,1,1,1,58,715,687,47,45,1148,1593,1046,1538,178,1,787,47,49,1,43:08
2022-23,203110,Draymond Green,Draymond,1610612744,GSW,Golden State Warriors,0042200236,2023-05-12T00:00:00,GSW @ LAL,L,24.041666666666668,2,2,0,6,7,8,11,24,1,1,5,2,25.3,1,857,857,857,897,426,357,645,426,852,1100,1355,858,178,1165,1614,515,624,1,24:03
2022-23,1629216,Gabe Vincent,Gabe,1610612748,MIA,Miami Heat,0042200206,2023-05-12T00:00:00,MIA vs. NYK,W,31.44,0,0,0,2,6,4,2,8,0,0,4,2,19.1,1,1,1,1,581,756,687,645,859,726,595,341,329,536,1,1436,515,839,1,31:26
2022-23,1629673,Jordan Poole,Jordan,1610612744,GSW,Golden State Warriors,0042200236,2023-05-12T00:00:00,GSW @ LAL,L,23.031666666666666,2,3,0,6,6,4,12,14,0,1,4,2,12.0,1,857,857,857,944,426,228,645,426,726,595,1412,515,536,1165,1436,515,1114,1,23:02
2022-23,1627736,Malik Beasley,Malik,1610612747,LAL,Los Angeles Lakers,0042200236,2023-05-12T00:00:00,LAL vs. GSW,W,3.75,0,3,0,0,0,3,0,2,0,0,0,0,3.0,1,1,1,1,1541,756,228,645,1176,1,492,1,96,536,1,1,1103,1455,1,3:45
2022-23,1630228,Jonathan Kuminga,Jonathan,1610612744,GSW,Golden State Warriors,0042200236,2023-05-12T00:00:00,GSW @ LAL,L,3.75,0,0,0,0,0,3,2,2,0,0,0,0,3.5,1,857,857,857,1541,756,687,645,1176,1,492,341,96,536,1,1,1103,1434,1,3:45
2022-23,1628392,Isaiah Hartenstein,Isaiah,1610612752,NYK,New York Knicks,0042200206,2023-05-12T00:00:00,NYK @ MIA,L,18.3,0,0,0,2,5,6,2,12,4,0,3,1,18.2,1,857,857,857,1102,756,687,645,859,628,856,341,451,8,1,1135,747,868,1,18:18
2022-23,203469,Cody Zeller,Cody,1610612748,MIA,Miami Heat,0042200206,2023-05-12T00:00:00,MIA vs. NYK,W,9.03,0,0,0,0,0,2,2,6,0,0,2,0,2.9,1,1,1,1,1392,756,687,645,1176,1,277,341,265,536,1,787,1103,1477,1,9:02
2022-23,200768,Kyle Lowry,Kyle,1610612748,MIA,Miami Heat,0042200206,2023-05-12T00:00:00,MIA vs. NYK,W,31.243333333333332,0,0,0,6,5,7,4,18,1,0,4,1,40.3,1,1,1,1,593,756,687,645,426,628,966,616,648,178,1,1436,747,246,1,31:15
2022-23,1627780,Gary Payton II,Gary,1610612744,GSW,Golden State Warriors,0042200236,2023-05-12T00:00:00,GSW @ LAL,L,10.416666666666666,0,0,0,4,0,3,0,12,0,0,2,1,7.9,1,857,857,857,1349,756,687,645,612,1,492,1,451,536,1,787,747,1255,1,10:25
2022-23,203471,Dennis Schröder,Dennis,1610612747,LAL,Los Angeles Lakers,0042200236,2023-05-12T00:00:00,LAL vs. GSW,W,25.175,0,0,0,0,5,5,5,22,1,0,4,1,15.9,1,1,1,1,856,756,687,645,1176,628,724,745,794,178,1,1436,747,972,1,25:11
2022-23,202710,Jimmy Butler III,Jimmy,1610612748,MIA,Miami Heat,0042200206,2023-05-12T00:00:00,MIA vs. NYK,W,41.31666666666667,4,1,2,8,7,7,6,18,0,4,2,8,39.6,1,1,1,1,129,175,660,360,300,852,966,832,648,536,1712,787,25,256,1,41:19
2022-23,1629060,Rui Hachimura,Rui,1610612747,LAL,Los Angeles Lakers,0042200236,2023-05-12T00:00:00,LAL vs. GSW,W,16.183333333333334,0,0,2,4,6,13,3,12,2,1,0,3,18.6,1,1,1,1,1167,756,687,360,612,726,1482,525,451,61,1165,1,364,856,1,16:11
2022-23,1629628,RJ Barrett,RJ,1610612752,NYK,New York Knicks,0042200206,2023-05-12T00:00:00,NYK @ MIA,L,32.083333333333336,0,0,4,0,8,5,4,24,0,1,5,5,11.9,1,857,857,857,554,756,687,145,1176,941,724,616,858,536,1165,1614,138,1121,1,32:05
2022-23,1628404,Josh Hart,Josh,1610612752,NYK,New York Knicks,0042200206,2023-05-12T00:00:00,NYK @ MIA,L,33.3,4,0,2,6,10,7,2,26,1,1,5,2,24.9,1,857,857,857,501,175,687,360,426,1148,966,341,941,178,1165,1614,515,643,1,33:18
2022-23,202691,Klay Thompson,Klay,1610612744,GSW,Golden State Warriors,0042200236,2023-05-12T00:00:00,GSW @ LAL,L,37.61666666666667,0,3,0,0,10,8,20,38,0,1,2,0,19.1,1,857,857,857,316,756,228,645,1176,1148,1100,1699,1431,536,1165,787,1103,839,1,37:37
2022-23,1629622,Max Strus,Max,1610612748,MIA,Miami Heat,0042200206,2023-05-12T00:00:00,MIA vs. NYK,W,34.10333333333333,1,0,2,6,6,6,6,14,0,1,1,4,25.7,1,1,1,1,467,715,687,360,426,726,856,832,515,536,1165,405,244,604,1,34:06
2022-23,1630237,Anthony Lamb,Anthony,1610612744,GSW,Golden State Warriors,0042200236,2023-05-12T00:00:00,GSW @ LAL,L,3.75,0,0,0,2,0,3,2,2,0,0,1,0,4.4,1,857,857,857,1541,756,687,645,859,1,492,341,96,536,1,405,1103,1392,1,3:45
2022-23,201567,Kevin Love,Kevin,1610612748,MIA,Miami Heat,0042200206,2023-05-12T00:00:00,MIA vs. NYK,W,15.516666666666667,0,0,0,0,0,0,4,2,0,0,2,0,8.1,1,1,1,1,1186,756,687,645,1176,1,1,616,96,536,1,787,1103,1240,1,15:31
2022-23,1626156,D'Angelo Russell,D'Angelo,1610612747,LAL,Los Angeles Lakers,0042200236,2023-05-12T00:00:00,LAL vs. GSW,W,41.02166666666667,0,0,2,4,7,15,5,40,0,0,1,3,23.9,1,1,1,1,140,756,687,360,612,852,1593,745,1486,536,1,405,364,668,1,41:01
2022-23,202684,Tristan Thompson,Tristan,1610612747,LAL,Los Angeles Lakers,0042200236,2023-05-12T00:00:00,LAL vs. GSW,W,3.75,0,0,0,0,0,3,0,2,0,0,0,0,2.4,1,1,1,1,1541,756,687,645,1176,1,492,1,96,536,1,1,1103,1494,1,3:45
2022-23,1631116,Patrick Baldwin Jr.,Patrick,1610612744,GSW,Golden State Warriors,0042200236,2023-05-12T00:00:00,GSW @ LAL,L,3.75,0,0,0,0,0,3,2,2,0,0,0,0,3.9,1,857,857,857,1541,756,687,645,1176,1,492,341,96,536,1,1,1103,1424,1,3:45
2022-23,1631108,Max Christie,Max,1610612747,LAL,Los Angeles Lakers,0042200236,2023-05-12T00:00:00,LAL vs. GSW,W,2.183333333333333,0,0,0,0,0,0,0,2,0,0,0,0,0.0,1,1,1,1,1624,756,687,645,1176,1,1,1,96,536,1,1,1103,1601,1,2:11
2022-23,1628973,Jalen Brunson,Jalen,1610612752,NYK,New York Knicks,0042200206,2023-05-12T00:00:00,NYK @ MIA,L,45.153333333333336,3,1,0,8,8,6,6,34,0,0,4,5,47.3,1,857,857,857,18,281,660,645,300,941,856,832,1287,536,1,1436,138,146,1,45:09
2022-23,1629011,Mitchell Robinson,Mitchell,1610612752,NYK,New York Knicks,0042200206,2023-05-12T00:00:00,NYK @ MIA,L,28.616666666666667,0,2,0,0,3,2,4,26,1,0,2,2,19.7,1,857,857,857,714,756,357,645,1176,423,277,616,941,178,1,787,515,822,1,28:37
2022-23,203944,Julius Randle,Julius,1610612752,NYK,New York Knicks,0042200206,2023-05-12T00:00:00,NYK @ MIA,L,35.766666666666666,0,4,0,4,5,4,6,30,2,0,2,5,35.7,1,857,857,857,413,756,136,645,612,628,595,832,1116,61,1,787,138,342,1,35:46
2022-23,1628978,Donte DiVincenzo,Donte,1610612744,GSW,Golden State Warriors,0042200236,2023-05-12T00:00:00,GSW @ LAL,L,25.65,0,0,3,4,9,4,17,28,0,1,4,2,21.8,1,857,857,857,836,756,687,258,612,1047,595,1650,1014,536,1165,1436,515,745,1,25:39
2022-23,1628389,Bam Adebayo,Bam,1610612748,MIA,Miami Heat,0042200206,2023-05-12T00:00:00,MIA vs. NYK,W,38.97,2,4,2,14,7,5,4,14,1,3,3,6,42.3,1,1,1,1,242,426,136,360,84,852,724,616,515,178,1678,1135,86,219,1,38:58
2022-23,203076,Anthony Davis,Anthony,1610612747,LAL,Los Angeles Lakers,0042200236,2023-05-12T00:00:00,LAL vs. GSW,W,39.53,4,3,2,10,7,13,5,36,2,0,3,7,57.5,1,1,1,1,214,175,228,360,200,852,1482,745,1361,61,1,1135,47,65,1,39:32
2022-23,1630559,Austin Reaves,Austin,1610612747,LAL,Los Angeles Lakers,0042200236,2023-05-12T00:00:00,LAL vs. GSW,W,39.333333333333336,3,5,5,6,10,10,8,36,0,1,2,6,36.0,1,1,1,1,224,281,78,93,426,1148,1282,1046,1361,536,1165,787,86,332,1,39:20
2022-23,1629022,Lonnie Walker IV,Lonnie,1610612747,LAL,Los Angeles Lakers,0042200236,2023-05-12T00:00:00,LAL vs. GSW,W,14.478333333333333,0,0,3,2,5,5,6,18,0,0,5,2,13.0,1,1,1,1,1219,756,687,258,859,628,724,832,648,536,1,1614,515,1079,1,14:29
2022-23,1630540,Miles McBride,Miles,1610612752,NYK,New York Knicks,0042200206,2023-05-12T00:00:00,NYK @ MIA,L,2.8466666666666667,0,0,0,0,2,2,0,4,1,0,0,0,3.0,1,857,857,857,1591,756,687,645,1176,264,277,1,183,178,1,1,1103,1455,1,2:51
2022-23,203952,Andrew Wiggins,Andrew,1610612744,GSW,Golden State Warriors,0042200236,2023-05-12T00:00:00,GSW @ LAL,L,28.255,0,0,0,2,3,6,13,30,0,1,5,3,14.4,1,857,857,857,726,756,687,645,859,423,856,1477,1116,536,1165,1614,364,1018,1,28:15
2022-23,1629656,Quentin Grimes,Quentin,1610612752,NYK,New York Knicks,0042200206,2023-05-12T00:00:00,NYK @ MIA,L,31.7,0,0,0,0,4,4,6,26,0,0,1,1,8.9,1,857,857,857,572,756,687,645,1176,516,595,832,941,536,1,405,747,1220,1,31:42
2022-23,1626172,Kevon Looney,Kevon,1610612744,GSW,Golden State Warriors,0042200236,2023-05-12T00:00:00,GSW @ LAL,L,26.138333333333332,0,2,0,6,7,2,13,26,0,0,3,1,32.6,1,857,857,857,809,756,357,645,426,852,277,1477,941,536,1,1135,747,428,1,26:08
2022-23,1629130,Duncan Robinson,Duncan,1610612748,MIA,Miami Heat,0042200206,2023-05-12T00:00:00,MIA vs. NYK,W,14.0,3,3,0,0,1,1,0,6,0,0,1,0,9.0,1,1,1,1,1233,281,228,645,1176,250,249,1,265,536,1,405,1103,1216,1,14:00
2022-23,1629020,Jarred Vanderbilt,Jarred,1610612747,LAL,Los Angeles Lakers,0042200236,2023-05-12T00:00:00,LAL vs. GSW,W,3.9616666666666664,2,0,0,2,0,2,0,4,0,0,0,0,5.0,1,1,1,1,1522,426,687,645,859,1,277,1,183,536,1,1,1103,1371,1,3:58
2022-23,1630541,Moses Moody,Moses,1610612744,GSW,Golden State Warriors,0042200236,2023-05-12T00:00:00,GSW @ LAL,L,14.65,0,3,0,0,0,3,2,12,0,0,1,1,13.5,1,857,857,857,1214,756,228,645,1176,1,492,341,451,536,1,405,747,1056,1,14:39
2022-23,1628972,Troy Brown Jr.,Troy,1610612747,LAL,Los Angeles Lakers,0042200236,2023-05-12T00:00:00,LAL vs. GSW,W,3.75,0,0,2,2,0,3,0,2,0,0,0,0,5.6,1,1,1,1,1541,756,687,360,859,1,492,1,96,536,1,1,1103,1348,1,3:45
2022-23,1628997,Caleb Martin,Caleb,1610612748,MIA,Miami Heat,0042200206,2023-05-12T00:00:00,MIA vs. NYK,W,24.38,0,0,0,2,3,3,2,14,0,1,3,1,17.5,1,1,1,1,886,756,687,645,859,423,492,341,515,536,1165,1135,747,908,1,24:23
2022-23,201935,James Harden,James,1610612755,PHI,Philadelphia 76ers,0042200216,2023-05-11T00:00:00,PHI vs. BOS,L,43.156666666666666,0,0,4,8,11,7,21,34,1,3,3,5,41.9,1,857,857,857,57,756,687,145,300,1226,966,1710,1287,178,1678,1135,138,229,1,43:09
2022-23,1626166,Cameron Payne,Cameron,1610612756,PHX,Phoenix Suns,0042200226,2023-05-11T00:00:00,PHX vs. DEN,L,41.565,7,3,5,6,18,14,14,54,1,0,3,3,40.2,1,857,857,857,120,41,228,93,426,1612,1544,1527,1713,178,1,1135,364,247,1,41:34
2022-23,203932,Aaron Gordon,Aaron,1610612743,DEN,Denver Nuggets,0042200226,2023-05-11T00:00:00,DEN @ PHX,W,34.538333333333334,4,2,2,4,12,7,14,36,0,1,3,3,17.7,1,1,1,1,452,175,357,360,612,1304,966,1527,1361,536,1165,1135,364,898,1,34:32
2022-23,1627814,Damion Lee,Damion,1610612756,PHX,Phoenix Suns,0042200226,2023-05-11T00:00:00,PHX vs. DEN,L,11.6,0,0,0,6,3,2,3,8,0,0,0,0,10.2,1,857,857,857,1320,756,687,645,426,423,277,525,329,536,1,1,1103,1182,1,11:36
2022-23,1630688,Ish Wainright,Ish,1610612756,PHX,Phoenix Suns,0042200226,2023-05-11T00:00:00,PHX vs. DEN,L,2.066666666666667,0,0,0,0,0,0,0,2,0,0,0,0,0.0,1,857,857,857,1634,756,687,645,1176,1,1,1,96,536,1,1,1103,1601,1,2:04
2022-23,1630194,Paul Reed,Paul,1610612755,PHI,Philadelphia 76ers,0042200216,2023-05-11T00:00:00,PHI vs. BOS,L,5.693333333333333,0,0,0,0,3,2,0,4,0,0,1,0,3.2,1,857,857,857,1463,756,687,645,1176,423,277,1,183,536,1,405,1103,1444,1,5:42
2022-23,202704,Reggie Jackson,Reggie,1610612743,DEN,Denver Nuggets,0042200226,2023-05-11T00:00:00,DEN @ PHX,W,2.7666666666666666,0,0,0,0,0,0,0,4,0,0,0,0,3.0,1,1,1,1,1597,756,687,645,1176,1,1,1,183,536,1,1,1103,1455,1,2:46
2022-23,1628971,Bruce Brown,Bruce,1610612743,DEN,Denver Nuggets,0042200226,2023-05-11T00:00:00,DEN @ PHX,W,30.511666666666667,0,2,2,10,13,4,10,24,1,2,4,0,24.5,1,1,1,1,622,756,357,360,200,1371,595,1250,858,178,1559,1436,1103,660,1,30:31
2022-23,1628401,Derrick White,Derrick,1610612738,BOS,Boston Celtics,0042200216,2023-05-11T00:00:00,BOS @ PHI,W,19.2,0,0,0,0,10,6,9,14,1,0,0,0,17.9,1,1,1,1,1076,756,687,645,1176,1148,856,1158,515,178,1,1,1103,887,1,19:12
2022-23,203484,Kentavious Caldwell-Pope,Kentavious,1610612743,DEN,Denver Nuggets,0042200226,2023-05-11T00:00:00,DEN @ PHX,W,35.638333333333335,9,4,9,8,17,5,7,32,1,0,3,5,40.5,1,1,1,1,418,15,136,13,300,1579,724,938,1205,178,1,1135,138,242,1,35:38
2022-23,1631212,Peyton Watson,Peyton,1610612743,DEN,Denver Nuggets,0042200226,2023-05-11T00:00:00,DEN @ PHX,W,2.183333333333333,0,0,0,2,0,0,0,4,0,0,1,0,3.2,1,1,1,1,1624,756,687,645,859,1,1,1,183,536,1,405,1103,1444,1,2:11
2022-23,203935,Marcus Smart,Marcus,1610612738,BOS,Boston Celtics,0042200216,2023-05-11T00:00:00,BOS @ PHI,W,41.7,1,0,7,10,12,2,14,24,0,0,2,4,43.9,1,1,1,1,110,715,687,32,200,1304,277,1527,858,536,1,787,244,199,1,41:42
2022-23,201145,Jeff Green,Jeff,1610612743,DEN,Denver Nuggets,0042200226,2023-05-11T00:00:00,DEN @ PHX,W,17.516666666666666,0,2,0,0,6,2,6,10,0,0,3,3,5.4,1,1,1,1,1126,756,357,645,1176,726,277,832,389,536,1,1135,364,1357,1,17:31
2022-23,1627750,Jamal Murray,Jamal,1610612743,DEN,Denver Nuggets,0042200226,2023-05-11T00:00:00,DEN @ PHX,W,34.733333333333334,6,0,6,4,12,5,14,36,0,1,1,5,45.8,1,1,1,1,448,64,687,47,612,1304,724,1527,1361,536,1165,405,138,169,1,34:44
2022-23,200782,P.J. Tucker,P.J.,1610612755,PHI,Philadelphia 76ers,0042200216,2023-05-11T00:00:00,PHI vs. BOS,L,20.406666666666666,0,0,0,2,6,5,13,22,0,0,2,1,20.9,1,857,857,857,1036,756,687,645,859,726,724,1477,794,536,1,787,747,774,1,20:24
2022-23,1628369,Jayson Tatum,Jayson,1610612738,BOS,Boston Celtics,0042200216,2023-05-11T00:00:00,BOS @ PHI,W,42.96666666666667,4,3,2,2,18,8,18,28,2,2,1,5,46.8,1,1,1,1,62,175,228,360,859,1612,1100,1673,1014,61,1559,405,138,152,1,42:58
2022-23,1629013,Landry Shamet,Landry,1610612756,PHX,Phoenix Suns,0042200226,2023-05-11T00:00:00,PHX vs. DEN,L,36.53333333333333,3,0,0,0,11,8,8,50,0,0,3,3,20.2,1,857,857,857,369,281,687,645,1176,1226,1100,1046,1686,536,1,1135,364,807,1,36:32
2022-23,1629001,De'Anthony Melton,De'Anthony,1610612755,PHI,Philadelphia 76ers,0042200216,2023-05-11T00:00:00,PHI vs. BOS,L,23.54,0,0,0,0,8,5,11,16,1,0,0,0,13.5,1,857,857,857,917,756,687,645,1176,941,724,1355,580,178,1,1,1103,1056,1,23:32
2022-23,1629057,Robert Williams III,Robert,1610612738,BOS,Boston Celtics,0042200216,2023-05-11T00:00:00,BOS @ PHI,W,27.8,2,4,2,8,10,3,10,20,2,2,2,1,27.3,1,1,1,1,749,426,136,360,300,1148,492,1250,729,61,1559,787,747,556,1,27:48
2022-23,1630178,Tyrese Maxey,Tyrese,1610612755,PHI,Philadelphia 76ers,0042200216,2023-05-11T00:00:00,PHI vs. BOS,L,40.083333333333336,10,3,9,10,6,2,24,30,0,1,0,3,45.5,1,857,857,857,184,6,228,13,200,726,277,1723,1116,536,1165,1,364,174,1,40:05
2022-23,1627759,Jaylen Brown,Jaylen,1610612738,BOS,Boston Celtics,0042200216,2023-05-11T00:00:00,BOS @ PHI,W,38.93333333333333,2,0,3,10,14,8,16,30,0,1,4,3,26.2,1,1,1,1,247,426,687,258,200,1433,1100,1626,1116,536,1165,1436,364,586,1,38:56
2022-23,1630531,Jaden Springer,Jaden,1610612755,PHI,Philadelphia 76ers,0042200216,2023-05-11T00:00:00,PHI vs. BOS,L,0.61,0,0,0,0,0,0,0,0,0,0,0,0,2.0,1,857,857,857,1682,756,687,645,1176,1,1,1,1,536,1,1,1103,1507,1,0:37
2022-23,202397,Ish Smith,Ish,1610612743,DEN,Denver Nuggets,0042200226,2023-05-11T00:00:00,DEN @ PHX,W,2.183333333333333,0,0,0,0,0,0,0,4,0,0,0,0,2.0,1,1,1,1,1624,756,687,645,1176,1,1,1,183,536,1,1,1103,1507,1,2:11
2022-23,203999,Nikola Jokić,Nikola,1610612743,DEN,Denver Nuggets,0042200226,2023-05-11T00:00:00,DEN @ PHX,W,37.56166666666667,2,8,0,24,16,5,8,36,1,0,4,4,72.0,1,1,1,1,318,426,13,645,6,1534,724,1046,1361,178,1,1436,244,12,1,37:34
2022-23,1627777,Georges Niang,Georges,1610612755,PHI,Philadelphia 76ers,0042200216,2023-05-11T00:00:00,PHI vs. BOS,L,14.906666666666666,0,3,3,0,2,2,3,8,0,0,2,0,6.0,1,857,857,857,1206,756,228,258,1176,264,277,525,329,536,1,787,1103,1332,1,14:54
2022-23,1627863,Danuel House Jr.,Danuel,1610612755,PHI,Philadelphia 76ers,0042200216,2023-05-11T00:00:00,PHI vs. BOS,L,7.636666666666667,0,0,0,0,2,0,2,4,0,1,0,0,4.4,1,857,857,857,1428,756,687,645,1176,264,1,341,183,536,1165,1,1103,1392,1,7:38
2022-23,203954,Joel Embiid,Joel,1610612755,PHI,Philadelphia 76ers,0042200216,2023-05-11T00:00:00,PHI vs. BOS,L,40.84,6,2,2,10,8,5,24,32,3,0,3,5,47.5,1,857,857,857,149,64,357,360,200,941,724,1723,1205,22,1,1135,138,142,1,40:50
2022-23,201142,Kevin Durant,Kevin,1610612756,PHX,Phoenix Suns,0042200226,2023-05-11T00:00:00,PHX vs. DEN,L,36.83833333333333,0,0,4,12,18,12,16,54,1,1,2,5,35.5,1,857,857,857,360,756,687,145,138,1612,1417,1626,1713,178,1165,787,138,347,1,36:50
2022-23,202699,Tobias Harris,Tobias,1610612755,PHI,Philadelphia 76ers,0042200216,2023-05-11T00:00:00,PHI vs. BOS,L,41.906666666666666,2,0,0,2,9,7,22,30,2,1,2,0,25.7,1,857,857,857,97,426,687,645,859,1047,966,1717,1116,61,1165,787,1103,604,1,41:54
2022-23,1631128,Christian Braun,Christian,1610612743,DEN,Denver Nuggets,0042200226,2023-05-11T00:00:00,DEN @ PHX,W,14.433333333333334,0,0,0,2,5,2,5,8,0,0,1,1,6.4,1,1,1,1,1222,756,687,645,859,628,277,745,329,536,1,405,747,1307,1,14:26
2022-23,203933,T.J. Warren,T.J.,1610612756,PHX,Phoenix Suns,0042200226,2023-05-11T00:00:00,PHX vs. DEN,L,15.568333333333333,0,0,0,0,3,4,5,14,0,0,1,0,2.4,1,857,857,857,1184,756,687,645,1176,423,595,745,515,536,1,405,1103,1494,1,15:34
2022-23,1627763,Malcolm Brogdon,Malcolm,1610612738,BOS,Boston Celtics,0042200216,2023-05-11T00:00:00,BOS @ PHI,W,30.3,0,0,8,4,10,8,5,18,0,1,2,0,25.2,1,1,1,1,630,756,687,20,612,1148,1100,745,648,536,1165,787,1103,627,1,30:18
2022-23,1628470,Torrey Craig,Torrey,1610612756,PHX,Phoenix Suns,0042200226,2023-05-11T00:00:00,PHX vs. DEN,L,13.001666666666667,2,0,0,4,3,6,5,16,0,0,2,0,7.0,1,857,857,857,1266,426,687,645,612,423,856,745,580,536,1,787,1103,1288,1,13:00
2022-23,1629008,Michael Porter Jr.,Michael,1610612743,DEN,Denver Nuggets,0042200226,2023-05-11T00:00:00,DEN @ PHX,W,23.566666666666666,0,0,0,8,4,5,6,28,0,1,2,1,16.0,1,1,1,1,915,756,687,645,300,516,724,832,1014,536,1165,787,747,970,1,23:34
2022-23,1630192,Zeke Nnaji,Zeke,1610612743,DEN,Denver Nuggets,0042200226,2023-05-11T00:00:00,DEN @ PHX,W,2.183333333333333,0,0,0,0,0,0,0,4,0,0,0,0,1.2,1,1,1,1,1624,756,687,645,1176,1,1,1,183,536,1,1,1103,1542,1,2:11
2022-23,203082,Terrence Ross,Terrence,1610612756,PHX,Phoenix Suns,0042200226,2023-05-11T00:00:00,PHX vs. DEN,L,8.765,0,0,0,0,9,8,10,10,0,0,1,0,0.2,1,857,857,857,1396,756,687,645,1176,1047,1100,1250,389,536,1,405,1103,1594,1,8:46
2022-23,201143,Al Horford,Al,1610612738,BOS,Boston Celtics,0042200216,2023-05-11T00:00:00,BOS @ PHI,W,39.1,2,0,2,2,16,5,18,26,1,1,3,0,22.7,1,1,1,1,238,426,687,360,859,1534,724,1673,941,178,1165,1135,1103,717,1,39:06
2022-23,1626164,Devin Booker,Devin,1610612756,PHX,Phoenix Suns,0042200226,2023-05-11T00:00:00,PHX vs. DEN,L,35.53333333333333,1,0,3,6,21,18,19,52,1,2,4,6,29.2,1,857,857,857,423,715,687,258,426,1686,1672,1690,1701,178,1559,1436,86,508,1,35:32
2022-23,1628427,Vlatko Čančar,Vlatko,1610612743,DEN,Denver Nuggets,0042200226,2023-05-11T00:00:00,DEN @ PHX,W,2.183333333333333,0,0,0,0,0,0,0,4,0,0,0,0,1.5,1,1,1,1,1624,756,687,645,1176,1,1,1,183,536,1,1,1103,1524,1,2:11
2022-23,1629667,Jalen McDaniels,Jalen,1610612755,PHI,Philadelphia 76ers,0042200216,2023-05-11T00:00:00,PHI vs. BOS,L,0.61,0,0,0,0,0,0,0,0,0,0,0,0,0.0,1,857,857,857,1682,756,687,645,1176,1,1,1,1,536,1,1,1103,1601,1,0:37
2022-23,202687,Bismack Biyombo,Bismack,1610612756,PHX,Phoenix Suns,0042200226,2023-05-11T00:00:00,PHX vs. DEN,L,7.678333333333334,0,2,0,2,5,12,8,12,1,0,2,1,7.4,1,857,857,857,1427,756,357,645,859,628,1417,1046,451,178,1,787,747,1270,1,7:41
2022-23,1629003,Shake Milton,Shake,1610612755,PHI,Philadelphia 76ers,0042200216,2023-05-11T00:00:00,PHI vs. BOS,L,0.61,0,0,0,0,0,0,0,0,0,0,0,0,0.0,1,857,857,857,1682,756,687,645,1176,1,1,1,1,536,1,1,1103,1601,1,0:37
2022-23,1629111,Jock Landale,Jock,1610612756,PHX,Phoenix Suns,0042200226,2023-05-11T00:00:00,PHX vs. DEN,L,30.85,4,2,2,10,14,6,7,38,1,0,4,4,22.5,1,857,857,857,612,175,357,360,200,1433,856,938,1431,178,1,1436,244,721,1,30:51
2022-23,1629622,Max Strus,Max,1610612748,MIA,Miami Heat,0042200205,2023-05-10T00:00:00,MIA @ NYK,L,26.358333333333334,6,5,0,2,3,10,9,18,0,0,1,0,17.6,1,857,857,857,804,64,78,645,859,423,1282,1158,648,536,1,405,1103,900,1,26:22
2022-23,1626156,D'Angelo Russell,D'Angelo,1610612747,LAL,Los Angeles Lakers,0042200235,2023-05-10T00:00:00,LAL @ GSW,L,30.0,5,0,2,10,13,12,11,42,1,1,3,4,26.8,1,857,857,857,648,111,687,360,200,1371,1417,1355,1538,178,1165,1135,244,568,1,30:00
2022-23,201939,Stephen Curry,Stephen,1610612744,GSW,Golden State Warriors,0042200235,2023-05-10T00:00:00,GSW vs. LAL,W,39.333333333333336,8,0,4,10,14,7,12,44,1,1,0,0,43.6,1,1,1,1,224,29,687,145,200,1433,966,1412,1602,178,1165,1,1103,201,1,39:20
2022-23,1629060,Rui Hachimura,Rui,1610612747,LAL,Los Angeles Lakers,0042200235,2023-05-10T00:00:00,LAL @ GSW,L,20.85,0,2,0,2,5,10,4,18,0,0,0,0,9.9,1,857,857,857,1019,756,357,645,859,628,1282,616,648,536,1,1,1103,1191,1,20:51
2022-23,202691,Klay Thompson,Klay,1610612744,GSW,Golden State Warriors,0042200235,2023-05-10T00:00:00,GSW vs. LAL,W,37.2,2,3,0,0,16,9,10,42,2,0,1,2,27.2,1,1,1,1,340,426,228,645,1176,1534,1190,1250,1538,61,1,405,515,557,1,37:12
2022-23,203952,Andrew Wiggins,Andrew,1610612744,GSW,Golden State Warriors,0042200235,2023-05-10T00:00:00,GSW vs. LAL,W,35.71666666666667,5,5,2,16,12,9,8,40,0,1,2,4,42.9,1,1,1,1,416,111,78,360,45,1304,1190,1046,1486,536,1165,787,244,207,1,35:43
2022-23,1628972,Troy Brown Jr.,Troy,1610612747,LAL,Los Angeles Lakers,0042200235,2023-05-10T00:00:00,LAL @ GSW,L,2.783333333333333,0,0,0,2,0,0,0,0,0,0,0,0,2.0,1,857,857,857,1592,756,687,645,859,1,1,1,1,536,1,1,1103,1507,1,2:47
2022-23,1629216,Gabe Vincent,Gabe,1610612748,MIA,Miami Heat,0042200205,2023-05-10T00:00:00,MIA @ NYK,L,23.083333333333332,0,2,0,4,2,4,3,18,0,0,4,4,16.8,1,857,857,857,941,756,357,645,612,264,595,525,648,536,1,1436,244,934,1,23:05
2022-23,200768,Kyle Lowry,Kyle,1610612748,MIA,Miami Heat,0042200205,2023-05-10T00:00:00,MIA @ NYK,L,30.95,6,0,0,0,3,10,16,26,1,0,5,1,24.7,1,857,857,857,608,64,687,645,1176,423,1282,1626,941,178,1,1614,747,651,1,30:57
2022-23,1629312,Haywood Highsmith,Haywood,1610612748,MIA,Miami Heat,0042200205,2023-05-10T00:00:00,MIA @ NYK,L,2.5833333333333335,0,0,0,0,0,0,4,8,0,0,1,0,0.0,1,857,857,857,1605,756,687,645,1176,1,1,616,329,536,1,405,1103,1601,1,2:35
2022-23,2544,LeBron James,LeBron,1610612747,LAL,Los Angeles Lakers,0042200235,2023-05-10T00:00:00,LAL @ GSW,L,39.166666666666664,3,5,2,12,20,15,13,44,1,0,3,3,45.3,1,857,857,857,232,281,78,360,138,1671,1593,1477,1602,178,1,1135,364,180,1,39:10
2022-23,1629656,Quentin Grimes,Quentin,1610612752,NYK,New York Knicks,0042200205,2023-05-10T00:00:00,NYK vs. MIA,W,48.0,0,0,2,0,29,21,9,42,2,0,3,0,28.3,1,1,1,1,1,756,687,360,1176,1726,1703,1158,1538,61,1,1135,1103,536,1,48:00
2022-23,1629011,Mitchell Robinson,Mitchell,1610612752,NYK,New York Knicks,0042200205,2023-05-10T00:00:00,NYK vs. MIA,W,26.383333333333333,0,0,0,4,15,14,0,24,0,0,3,7,25.2,1,1,1,1,802,756,687,645,612,1488,1544,1,858,536,1,1135,47,627,1,26:23
2022-23,1629130,Duncan Robinson,Duncan,1610612748,MIA,Miami Heat,0042200205,2023-05-10T00:00:00,MIA @ NYK,L,22.195,3,5,3,2,2,4,7,24,0,0,2,0,25.7,1,857,857,857,969,281,78,258,859,264,595,938,858,536,1,787,1103,604,1,22:12
2022-23,1630237,Anthony Lamb,Anthony,1610612744,GSW,Golden State Warriors,0042200235,2023-05-10T00:00:00,GSW vs. LAL,W,2.4,0,0,0,0,1,1,3,2,0,0,1,0,0.0,1,1,1,1,1612,756,687,645,1176,250,249,525,96,536,1,405,1103,1601,1,2:24
2022-23,1630541,Moses Moody,Moses,1610612744,GSW,Golden State Warriors,0042200235,2023-05-10T00:00:00,GSW vs. LAL,W,9.716666666666667,0,3,0,0,5,1,7,10,0,0,0,0,10.8,1,1,1,1,1369,756,228,645,1176,628,249,938,389,536,1,1,1103,1162,1,9:43
2022-23,1627736,Malik Beasley,Malik,1610612747,LAL,Los Angeles Lakers,0042200235,2023-05-10T00:00:00,LAL @ GSW,L,2.783333333333333,0,0,3,0,0,0,0,0,0,0,0,0,3.0,1,857,857,857,1592,756,687,258,1176,1,1,1,1,536,1,1,1103,1455,1,2:47
2022-23,1626172,Kevon Looney,Kevon,1610612744,GSW,Golden State Warriors,0042200235,2023-05-10T00:00:00,GSW vs. LAL,W,20.266666666666666,0,2,0,4,12,4,4,26,1,0,3,0,25.6,1,1,1,1,1040,756,357,645,612,1304,595,616,941,178,1,1135,1103,610,1,20:16
2022-23,201567,Kevin Love,Kevin,1610612748,MIA,Miami Heat,0042200205,2023-05-10T00:00:00,MIA @ NYK,L,16.3,0,0,0,4,2,5,0,10,0,0,3,2,12.0,1,857,857,857,1158,756,687,645,612,264,724,1,389,536,1,1135,515,1114,1,16:18
2022-23,1628404,Josh Hart,Josh,1610612752,NYK,New York Knicks,0042200205,2023-05-10T00:00:00,NYK vs. MIA,W,9.055,0,0,0,2,11,5,0,2,0,0,4,1,3.9,1,1,1,1,1390,756,687,645,859,1226,724,1,96,536,1,1436,747,1424,1,9:03
2022-23,1627885,Shaquille Harrison,Shaquille,1610612747,LAL,Los Angeles Lakers,0042200235,2023-05-10T00:00:00,LAL @ GSW,L,2.783333333333333,0,0,0,0,0,0,0,0,0,0,0,0,4.2,1,857,857,857,1592,756,687,645,1176,1,1,1,1,536,1,1,1103,1405,1,2:47
2022-23,1631108,Max Christie,Max,1610612747,LAL,Los Angeles Lakers,0042200235,2023-05-10T00:00:00,LAL @ GSW,L,2.783333333333333,0,0,0,0,0,0,0,0,0,0,0,0,0.0,1,857,857,857,1592,756,687,645,1176,1,1,1,1,536,1,1,1103,1601,1,2:47
2022-23,1628973,Jalen Brunson,Jalen,1610612752,NYK,New York Knicks,0042200205,2023-05-10T00:00:00,NYK vs. MIA,W,48.0,2,2,2,16,29,21,9,42,0,2,2,10,61.3,1,1,1,1,1,426,357,360,45,1726,1703,1158,1538,536,1559,787,8,49,1,48:00
2022-23,1628978,Donte DiVincenzo,Donte,1610612744,GSW,Golden State Warriors,0042200235,2023-05-10T00:00:00,GSW vs. LAL,W,12.833333333333334,0,0,0,0,9,1,5,12,0,0,1,0,6.4,1,1,1,1,1271,756,687,645,1176,1047,249,745,451,536,1,405,1103,1307,1,12:50
2022-23,1628389,Bam Adebayo,Bam,1610612748,MIA,Miami Heat,0042200205,2023-05-10T00:00:00,MIA @ NYK,L,38.68333333333333,6,4,4,14,3,12,12,30,1,0,5,4,34.6,1,857,857,857,263,64,136,145,84,423,1417,1412,1116,178,1,1614,244,365,1,38:41
2022-23,1630540,Miles McBride,Miles,1610612752,NYK,New York Knicks,0042200205,2023-05-10T00:00:00,NYK vs. MIA,W,0.52,0,0,0,0,0,0,0,0,0,0,0,0,0.0,1,1,1,1,1688,756,687,645,1176,1,1,1,1,536,1,1,1103,1601,1,0:31
2022-23,203076,Anthony Davis,Anthony,1610612747,LAL,Los Angeles Lakers,0042200235,2023-05-10T00:00:00,LAL @ GSW,L,32.3,2,2,6,16,20,14,9,36,0,2,4,4,35.3,1,857,857,857,547,426,357,47,45,1671,1544,1158,1361,536,1559,1436,244,350,1,32:18
2022-23,1630167,Obi Toppin,Obi,1610612752,NYK,New York Knicks,0042200205,2023-05-10T00:00:00,NYK vs. MIA,W,12.116666666666667,0,0,2,2,3,2,2,12,0,0,0,0,8.2,1,1,1,1,1296,756,687,360,859,423,277,341,451,536,1,1,1103,1237,1,12:07
2022-23,1630559,Austin Reaves,Austin,1610612747,LAL,Los Angeles Lakers,0042200235,2023-05-10T00:00:00,LAL @ GSW,L,35.6,2,0,2,2,20,14,9,32,0,2,0,3,32.9,1,857,857,857,421,426,687,360,859,1671,1544,1158,1205,536,1559,1,364,415,1,35:36
2022-23,1629020,Jarred Vanderbilt,Jarred,1610612747,LAL,Los Angeles Lakers,0042200235,2023-05-10T00:00:00,LAL @ GSW,L,10.966666666666667,0,0,0,0,10,8,5,12,1,0,3,0,7.2,1,857,857,857,1339,756,687,645,1176,1148,1100,745,451,178,1,1135,1103,1282,1,10:58
2022-23,1629673,Jordan Poole,Jordan,1610612744,GSW,Golden State Warriors,0042200235,2023-05-10T00:00:00,GSW vs. LAL,W,22.966666666666665,0,0,2,4,13,5,9,26,0,1,3,1,18.2,1,1,1,1,946,756,687,360,612,1371,724,1158,941,536,1165,1135,747,868,1,22:58
2022-23,202710,Jimmy Butler III,Jimmy,1610612748,MIA,Miami Heat,0042200205,2023-05-10T00:00:00,MIA @ NYK,L,42.71666666666667,2,4,0,8,5,12,9,32,2,4,3,6,57.9,1,857,857,857,70,426,136,645,300,628,1417,1158,1205,61,1712,1135,86,62,1,42:43
2022-23,1628997,Caleb Martin,Caleb,1610612748,MIA,Miami Heat,0042200205,2023-05-10T00:00:00,MIA @ NYK,L,27.813333333333333,5,0,2,4,3,3,16,24,0,0,3,1,20.1,1,857,857,857,748,111,687,360,612,423,492,1626,858,536,1,1135,747,812,1,27:49
2022-23,1629628,RJ Barrett,RJ,1610612752,NYK,New York Knicks,0042200205,2023-05-10T00:00:00,NYK vs. MIA,W,38.425,1,0,4,8,18,16,9,40,1,2,2,5,36.4,1,1,1,1,274,715,687,145,300,1612,1628,1158,1486,178,1559,787,138,326,1,38:26
2022-23,203469,Cody Zeller,Cody,1610612748,MIA,Miami Heat,0042200205,2023-05-10T00:00:00,MIA @ NYK,L,9.316666666666666,1,1,0,4,2,0,4,10,0,0,3,1,7.9,1,857,857,857,1379,715,660,645,612,264,1,616,389,536,1,1135,747,1255,1,9:19
2022-23,203944,Julius Randle,Julius,1610612752,NYK,New York Knicks,0042200205,2023-05-10T00:00:00,NYK vs. MIA,W,35.88333333333333,0,8,6,6,26,19,7,30,0,0,1,6,36.5,1,1,1,1,408,756,13,47,426,1723,1693,938,1116,536,1,405,86,324,1,35:53
2022-23,203471,Dennis Schröder,Dennis,1610612747,LAL,Los Angeles Lakers,0042200235,2023-05-10T00:00:00,LAL @ GSW,L,28.883333333333333,3,0,0,6,2,7,6,34,0,0,3,2,20.4,1,857,857,857,699,281,687,645,426,264,966,832,1287,536,1,1135,515,798,1,28:53
2022-23,1629022,Lonnie Walker IV,Lonnie,1610612747,LAL,Los Angeles Lakers,0042200235,2023-05-10T00:00:00,LAL @ GSW,L,28.316666666666666,4,0,0,2,10,10,8,32,0,0,1,0,9.0,1,857,857,857,723,175,687,645,859,1148,1282,1046,1205,536,1,405,1103,1216,1,28:19
2022-23,1627780,Gary Payton II,Gary,1610612744,GSW,Golden State Warriors,0042200235,2023-05-10T00:00:00,GSW vs. LAL,W,27.45,2,0,3,6,7,7,6,28,0,0,4,3,22.7,1,1,1,1,762,426,687,258,426,852,966,832,1014,536,1,1436,364,717,1,27:27
2022-23,1629117,Wenyen Gabriel,Wenyen,1610612747,LAL,Los Angeles Lakers,0042200235,2023-05-10T00:00:00,LAL @ GSW,L,2.783333333333333,1,1,0,0,0,0,0,0,1,0,0,2,7.6,1,857,857,857,1592,715,660,645,1176,1,1,1,1,178,1,1,515,1266,1,2:47
2022-23,1628392,Isaiah Hartenstein,Isaiah,1610612752,NYK,New York Knicks,0042200205,2023-05-10T00:00:00,NYK vs. MIA,W,21.616666666666667,2,2,0,2,14,7,9,18,1,0,4,1,18.7,1,1,1,1,997,426,357,645,859,1433,966,1158,648,178,1,1436,747,853,1,21:37
2022-23,1630228,Jonathan Kuminga,Jonathan,1610612744,GSW,Golden State Warriors,0042200235,2023-05-10T00:00:00,GSW vs. LAL,W,2.4,0,0,0,0,1,1,3,2,0,0,0,0,7.7,1,1,1,1,1612,756,687,645,1176,250,249,525,96,536,1,1,1103,1261,1,2:24
2022-23,203110,Draymond Green,Draymond,1610612744,GSW,Golden State Warriors,0042200235,2023-05-10T00:00:00,GSW vs. LAL,W,29.716666666666665,3,5,2,10,10,5,8,28,1,1,3,7,42.0,1,1,1,1,665,281,78,360,200,1148,724,1046,1014,178,1165,1135,47,227,1,29:43
2022-23,1626164,Devin Booker,Devin,1610612756,PHX,Phoenix Suns,0042200225,2023-05-09T00:00:00,PHX @ DEN,L,40.516666666666666,2,3,6,6,18,5,31,50,0,2,4,7,39.2,1,857,857,857,165,426,228,47,426,1612,724,1728,1686,536,1559,1436,47,262,1,40:31
2022-23,1630688,Ish Wainright,Ish,1610612756,PHX,Phoenix Suns,0042200225,2023-05-09T00:00:00,PHX @ DEN,L,4.0,0,0,0,0,0,0,0,0,0,0,0,0,0.0,1,857,857,857,1521,756,687,645,1176,1,1,1,1,536,1,1,1103,1601,1,4:00
2022-23,1629006,Josh Okogie,Josh,1610612756,PHX,Phoenix Suns,0042200225,2023-05-09T00:00:00,PHX @ DEN,L,8.216666666666667,0,0,0,0,4,2,11,12,0,0,1,2,2.5,1,857,857,857,1417,756,687,645,1176,516,277,1355,451,536,1,405,515,1491,1,8:13
2022-23,1628971,Bruce Brown,Bruce,1610612743,DEN,Denver Nuggets,0042200225,2023-05-09T00:00:00,DEN vs. PHX,W,26.738333333333333,2,2,5,8,7,5,15,24,0,1,1,5,34.5,1,1,1,1,791,426,357,93,300,852,724,1575,858,536,1165,405,138,370,1,26:44
2022-23,1629008,Michael Porter Jr.,Michael,1610612743,DEN,Denver Nuggets,0042200225,2023-05-09T00:00:00,DEN vs. PHX,W,27.705,0,0,6,4,8,4,14,28,0,0,2,1,34.6,1,1,1,1,755,756,687,47,612,941,595,1527,1014,536,1,787,747,365,1,27:42
2022-23,203488,Mike Muscala,Mike,1610612738,BOS,Boston Celtics,0042200215,2023-05-09T00:00:00,BOS vs. PHI,L,3.9166666666666665,0,0,0,0,0,2,0,2,0,0,0,0,1.2,1,857,857,857,1530,756,687,645,1176,1,277,1,96,536,1,1,1103,1542,1,3:55
2022-23,203484,Kentavious Caldwell-Pope,Kentavious,1610612743,DEN,Denver Nuggets,0042200225,2023-05-09T00:00:00,DEN vs. PHX,W,26.983333333333334,2,0,2,0,6,6,15,26,2,0,2,3,28.9,1,1,1,1,779,426,687,360,1176,726,856,1575,941,61,1,787,364,517,1,26:59
2022-23,202699,Tobias Harris,Tobias,1610612755,PHI,Philadelphia 76ers,0042200215,2023-05-09T00:00:00,PHI @ BOS,W,30.748333333333335,5,4,2,8,12,6,2,22,0,0,5,1,29.7,1,1,1,1,614,111,136,360,300,1304,856,341,794,536,1,1614,747,499,1,30:45
2022-23,1629028,Deandre Ayton,Deandre,1610612756,PHX,Phoenix Suns,0042200225,2023-05-09T00:00:00,PHX @ DEN,L,31.733333333333334,0,2,0,12,12,3,24,36,1,1,3,0,34.3,1,857,857,857,571,756,357,645,138,1304,492,1723,1361,178,1165,1135,1103,376,1,31:44
2022-23,203999,Nikola Jokić,Nikola,1610612743,DEN,Denver Nuggets,0042200225,2023-05-09T00:00:00,DEN vs. PHX,W,37.55,5,1,6,18,11,9,19,34,2,1,3,4,67.6,1,1,1,1,319,111,660,47,28,1226,1190,1690,1287,61,1165,1135,244,23,1,37:33
2022-23,1628427,Vlatko Čančar,Vlatko,1610612743,DEN,Denver Nuggets,0042200225,2023-05-09T00:00:00,DEN vs. PHX,W,2.1,0,0,0,0,0,2,4,4,0,0,0,0,1.2,1,1,1,1,1631,756,687,645,1176,1,277,616,183,536,1,1,1103,1542,1,2:06
2022-23,1627750,Jamal Murray,Jamal,1610612743,DEN,Denver Nuggets,0042200225,2023-05-09T00:00:00,DEN vs. PHX,W,36.7,3,0,7,8,9,7,12,28,0,2,1,5,35.0,1,1,1,1,363,281,687,32,300,1047,966,1412,1014,536,1559,405,138,359,1,36:42
2022-23,201142,Kevin Durant,Kevin,1610612756,PHX,Phoenix Suns,0042200225,2023-05-09T00:00:00,PHX @ DEN,L,41.82666666666667,4,2,6,12,18,5,27,46,1,1,4,5,47.7,1,857,857,857,104,175,357,47,138,1612,724,1727,1635,178,1165,1436,138,138,1,41:50
2022-23,1629111,Jock Landale,Jock,1610612756,PHX,Phoenix Suns,0042200225,2023-05-09T00:00:00,PHX @ DEN,L,16.266666666666666,2,0,4,4,6,2,7,14,0,0,1,1,9.8,1,857,857,857,1159,426,687,145,612,726,277,938,515,536,1,405,747,1194,1,16:16
2022-23,1629057,Robert Williams III,Robert,1610612738,BOS,Boston Celtics,0042200215,2023-05-09T00:00:00,BOS vs. PHI,L,18.62,0,0,0,4,4,4,8,16,0,0,2,0,6.4,1,857,857,857,1096,756,687,645,612,516,595,1046,580,536,1,787,1103,1307,1,18:37
2022-23,203935,Marcus Smart,Marcus,1610612738,BOS,Boston Celtics,0042200215,2023-05-09T00:00:00,BOS vs. PHI,L,33.666666666666664,0,2,1,0,13,9,15,28,0,1,1,6,21.6,1,857,857,857,486,756,357,622,1176,1371,1190,1575,1014,536,1165,405,86,750,1,33:40
2022-23,200782,P.J. Tucker,P.J.,1610612755,PHI,Philadelphia 76ers,0042200215,2023-05-09T00:00:00,PHI @ BOS,W,33.7,0,0,0,0,7,12,4,26,0,0,4,1,12.9,1,1,1,1,485,756,687,645,1176,852,1417,616,941,536,1,1436,747,1082,1,33:42
2022-23,201143,Al Horford,Al,1610612738,BOS,Boston Celtics,0042200215,2023-05-09T00:00:00,BOS vs. PHI,L,25.35,0,0,0,0,9,7,7,20,1,0,2,0,20.0,1,857,857,857,851,756,687,645,1176,1047,966,938,729,178,1,787,1103,816,1,25:21
2022-23,1628401,Derrick White,Derrick,1610612738,BOS,Boston Celtics,0042200215,2023-05-09T00:00:00,BOS vs. PHI,L,33.63333333333333,0,2,0,4,9,11,7,20,0,1,1,2,13.0,1,857,857,857,489,756,357,645,612,1047,1346,938,729,536,1165,405,515,1079,1,33:38
2022-23,1629003,Shake Milton,Shake,1610612755,PHI,Philadelphia 76ers,0042200215,2023-05-09T00:00:00,PHI @ BOS,W,0.55,0,0,0,0,3,0,0,0,0,0,0,0,-1.0,1,1,1,1,1685,756,687,645,1176,423,1,1,1,536,1,1,1103,1719,1,0:33
2022-23,203082,Terrence Ross,Terrence,1610612756,PHX,Phoenix Suns,0042200225,2023-05-09T00:00:00,PHX @ DEN,L,20.338333333333335,0,0,3,0,8,2,18,26,1,0,2,0,20.1,1,857,857,857,1038,756,687,258,1176,941,277,1673,941,178,1,787,1103,812,1,20:20
2022-23,202704,Reggie Jackson,Reggie,1610612743,DEN,Denver Nuggets,0042200225,2023-05-09T00:00:00,DEN vs. PHX,W,3.5166666666666666,0,0,0,0,0,2,4,6,0,0,0,0,1.2,1,1,1,1,1561,756,687,645,1176,1,277,616,265,536,1,1,1103,1542,1,3:31
2022-23,201935,James Harden,James,1610612755,PHI,Philadelphia 76ers,0042200215,2023-05-09T00:00:00,PHI @ BOS,W,39.03333333333333,0,0,0,4,12,14,3,30,0,0,2,6,45.6,1,1,1,1,240,756,687,645,612,1304,1544,525,1116,536,1,787,86,172,1,39:02
2022-23,1631212,Peyton Watson,Peyton,1610612743,DEN,Denver Nuggets,0042200225,2023-05-09T00:00:00,DEN vs. PHX,W,3.5166666666666666,0,0,0,0,0,2,4,6,0,0,1,0,-1.0,1,1,1,1,1561,756,687,645,1176,1,277,616,265,536,1,405,1103,1719,1,3:31
2022-23,1630194,Paul Reed,Paul,1610612755,PHI,Philadelphia 76ers,0042200215,2023-05-09T00:00:00,PHI @ BOS,W,6.656666666666666,0,0,0,2,0,2,1,4,0,0,1,0,5.0,1,1,1,1,1442,756,687,645,859,1,277,319,183,536,1,405,1103,1371,1,6:39
2022-23,203933,T.J. Warren,T.J.,1610612756,PHX,Phoenix Suns,0042200225,2023-05-09T00:00:00,PHX @ DEN,L,14.851666666666667,0,2,2,2,3,0,8,12,2,1,0,0,14.2,1,857,857,857,1209,756,357,360,859,423,1,1046,451,61,1165,1,1103,1033,1,14:51
2022-23,1629684,Grant Williams,Grant,1610612738,BOS,Boston Celtics,0042200215,2023-05-09T00:00:00,BOS vs. PHI,L,8.456666666666667,0,0,0,0,0,2,2,8,0,0,2,0,1.5,1,857,857,857,1407,756,687,645,1176,1,277,341,329,536,1,787,1103,1524,1,8:27
2022-23,1629013,Landry Shamet,Landry,1610612756,PHX,Phoenix Suns,0042200225,2023-05-09T00:00:00,PHX @ DEN,L,23.116666666666667,3,2,2,2,8,1,14,16,1,1,4,2,19.5,1,857,857,857,939,281,357,360,859,941,249,1527,580,178,1165,1436,515,832,1,23:07
2022-23,203932,Aaron Gordon,Aaron,1610612743,DEN,Denver Nuggets,0042200225,2023-05-09T00:00:00,DEN vs. PHX,W,35.7,0,2,3,4,9,4,12,30,2,2,1,2,32.2,1,1,1,1,417,756,357,258,612,1047,595,1412,1116,61,1559,405,515,438,1,35:42
2022-23,1628369,Jayson Tatum,Jayson,1610612738,BOS,Boston Celtics,0042200215,2023-05-09T00:00:00,BOS vs. PHI,L,39.56666666666667,4,6,2,16,11,11,13,32,0,2,2,7,59.5,1,857,857,857,212,175,46,360,45,1226,1346,1477,1205,536,1559,787,47,54,1,39:34
2022-23,1627759,Jaylen Brown,Jaylen,1610612738,BOS,Boston Celtics,0042200215,2023-05-09T00:00:00,BOS vs. PHI,L,34.17333333333333,3,4,2,8,9,11,9,26,0,1,5,8,31.2,1,857,857,857,464,281,136,360,300,1047,1346,1158,941,536,1165,1614,25,464,1,34:10
2022-23,1628470,Torrey Craig,Torrey,1610612756,PHX,Phoenix Suns,0042200225,2023-05-09T00:00:00,PHX @ DEN,L,4.3,0,0,0,2,0,0,0,0,1,0,1,0,8.0,1,857,857,857,1507,756,687,645,859,1,1,1,1,178,1,405,1103,1247,1,4:18
2022-23,1627777,Georges Niang,Georges,1610612755,PHI,Philadelphia 76ers,0042200215,2023-05-09T00:00:00,PHI @ BOS,W,11.65,0,0,0,0,0,2,1,8,0,0,1,0,0.0,1,1,1,1,1318,756,687,645,1176,1,277,319,329,536,1,405,1103,1601,1,11:39
2022-23,1630202,Payton Pritchard,Payton,1610612738,BOS,Boston Celtics,0042200215,2023-05-09T00:00:00,BOS vs. PHI,L,9.25,5,0,0,2,4,2,6,12,0,0,0,0,10.7,1,857,857,857,1382,111,687,645,859,516,277,832,451,536,1,1,1103,1165,1,9:15
2022-23,1627763,Malcolm Brogdon,Malcolm,1610612738,BOS,Boston Celtics,0042200215,2023-05-09T00:00:00,BOS vs. PHI,L,25.533333333333335,0,0,0,2,6,2,8,22,0,0,0,1,16.6,1,857,857,857,844,756,687,645,859,726,277,1046,794,536,1,1,747,947,1,25:32
2022-23,1631128,Christian Braun,Christian,1610612743,DEN,Denver Nuggets,0042200225,2023-05-09T00:00:00,DEN vs. PHX,W,19.673333333333332,4,0,2,4,3,5,7,12,0,1,2,1,8.4,1,1,1,1,1060,175,687,360,612,423,724,938,451,536,1165,787,747,1234,1,19:40
2022-23,203954,Joel Embiid,Joel,1610612755,PHI,Philadelphia 76ers,0042200215,2023-05-09T00:00:00,PHI @ BOS,W,37.42666666666667,2,5,0,4,7,12,4,30,4,1,3,6,53.9,1,1,1,1,330,426,78,645,612,852,1417,616,1116,8,1165,1135,86,87,1,37:26
2022-23,1630573,Sam Hauser,Sam,1610612738,BOS,Boston Celtics,0042200215,2023-05-09T00:00:00,BOS vs. PHI,L,3.9166666666666665,0,0,0,0,0,2,0,2,0,0,0,0,3.0,1,857,857,857,1530,756,687,645,1176,1,277,1,96,536,1,1,1103,1455,1,3:55
2022-23,1628436,Luke Kornet,Luke,1610612738,BOS,Boston Celtics,0042200215,2023-05-09T00:00:00,BOS vs. PHI,L,3.9166666666666665,0,0,0,0,0,2,0,2,0,0,1,0,0.0,1,857,857,857,1530,756,687,645,1176,1,277,1,96,536,1,405,1103,1601,1,3:55
2022-23,1626166,Cameron Payne,Cameron,1610612756,PHX,Phoenix Suns,0042200225,2023-05-09T00:00:00,PHX @ DEN,L,30.533333333333335,0,0,2,4,13,5,15,38,0,0,2,0,16.4,1,857,857,857,621,756,687,360,612,1371,724,1575,1431,536,1,787,1103,956,1,30:32
2022-23,1627814,Damion Lee,Damion,1610612756,PHX,Phoenix Suns,0042200225,2023-05-09T00:00:00,PHX @ DEN,L,4.3,0,0,0,0,0,0,0,0,0,0,0,0,2.7,1,857,857,857,1507,756,687,645,1176,1,1,1,1,536,1,1,1103,1478,1,4:18
2022-23,1627863,Danuel House Jr.,Danuel,1610612755,PHI,Philadelphia 76ers,0042200215,2023-05-09T00:00:00,PHI @ BOS,W,15.175,4,0,8,10,5,4,3,10,0,0,3,0,17.5,1,1,1,1,1195,175,687,20,200,628,595,525,389,536,1,1135,1103,908,1,15:11
2022-23,1630192,Zeke Nnaji,Zeke,1610612743,DEN,Denver Nuggets,0042200225,2023-05-09T00:00:00,DEN vs. PHX,W,2.066666666666667,0,0,0,0,0,2,4,4,0,0,0,0,0.0,1,1,1,1,1634,756,687,645,1176,1,277,616,183,536,1,1,1103,1601,1,2:04
2022-23,202397,Ish Smith,Ish,1610612743,DEN,Denver Nuggets,0042200225,2023-05-09T00:00:00,DEN vs. PHX,W,2.1,0,0,0,0,0,2,4,4,0,0,1,0,0.0,1,1,1,1,1631,756,687,645,1176,1,277,616,183,536,1,405,1103,1601,1,2:06
2022-23,1629001,De'Anthony Melton,De'Anthony,1610612755,PHI,Philadelphia 76ers,0042200215,2023-05-09T00:00:00,PHI @ BOS,W,23.25,2,2,2,4,2,6,3,18,1,0,3,0,16.3,1,1,1,1,933,426,357,360,612,264,856,525,648,178,1,1135,1103,963,1,23:15
2022-23,1630178,Tyrese Maxey,Tyrese,1610612755,PHI,Philadelphia 76ers,0042200215,2023-05-09T00:00:00,PHI @ BOS,W,41.81,0,2,3,6,12,12,4,32,0,0,2,2,41.9,1,1,1,1,107,756,357,258,426,1304,1417,616,1205,536,1,787,515,229,1,41:49
2022-23,201145,Jeff Green,Jeff,1610612743,DEN,Denver Nuggets,0042200225,2023-05-09T00:00:00,DEN vs. PHX,W,15.65,2,0,0,4,2,5,11,14,0,0,3,1,9.4,1,1,1,1,1182,426,687,645,612,264,724,1355,515,536,1,1135,747,1204,1,15:39
2022-23,2544,LeBron James,LeBron,1610612747,LAL,Los Angeles Lakers,0042200234,2023-05-08T00:00:00,LAL vs. GSW,W,42.95,4,4,0,16,17,8,17,52,1,0,3,5,46.8,1,1,1,1,63,175,136,645,45,1579,1100,1650,1701,178,1,1135,138,152,1,42:57
2022-23,1626156,D'Angelo Russell,D'Angelo,1610612747,LAL,Los Angeles Lakers,0042200234,2023-05-08T00:00:00,LAL vs. GSW,W,31.016666666666666,0,2,0,0,16,4,15,32,0,0,2,2,13.3,1,1,1,1,605,756,357,645,1176,1534,595,1575,1205,536,1,787,515,1066,1,31:01
2022-23,1629673,Jordan Poole,Jordan,1610612744,GSW,Golden State Warriors,0042200234,2023-05-08T00:00:00,GSW @ LAL,L,10.4,0,0,0,0,3,4,2,12,0,0,1,0,4.6,1,857,857,857,1350,756,687,645,1176,423,595,341,451,536,1,405,1103,1385,1,10:24
2022-23,203952,Andrew Wiggins,Andrew,1610612744,GSW,Golden State Warriors,0042200234,2023-05-08T00:00:00,GSW @ LAL,L,38.666666666666664,2,2,4,8,13,8,12,38,0,0,4,4,26.3,1,857,857,857,265,426,357,145,300,1371,1100,1412,1431,536,1,1436,244,583,1,38:40
2022-23,1628973,Jalen Brunson,Jalen,1610612752,NYK,New York Knicks,0042200204,2023-05-08T00:00:00,NYK @ MIA,L,44.483333333333334,9,0,0,12,22,15,9,42,0,0,5,8,55.3,1,857,857,857,28,15,687,645,138,1698,1593,1158,1538,536,1,1614,25,78,1,44:29
2022-23,203110,Draymond Green,Draymond,1610612744,GSW,Golden State Warriors,0042200234,2023-05-08T00:00:00,GSW @ LAL,L,37.255,2,0,0,6,9,8,14,34,1,0,3,2,31.5,1,857,857,857,337,426,687,645,426,1047,1100,1527,1287,178,1,1135,515,457,1,37:15
2022-23,1628389,Bam Adebayo,Bam,1610612748,MIA,Miami Heat,0042200204,2023-05-08T00:00:00,MIA vs. NYK,W,38.35,5,7,1,18,11,6,4,42,0,2,2,6,40.6,1,1,1,1,277,111,24,622,28,1226,856,616,1538,536,1559,787,86,241,1,38:21
2022-23,1629060,Rui Hachimura,Rui,1610612747,LAL,Los Angeles Lakers,0042200234,2023-05-08T00:00:00,LAL vs. GSW,W,13.755,0,0,0,0,5,2,2,14,0,0,1,2,4.6,1,1,1,1,1244,756,687,645,1176,628,277,341,515,536,1,405,515,1385,1,13:45
2022-23,202691,Klay Thompson,Klay,1610612744,GSW,Golden State Warriors,0042200234,2023-05-08T00:00:00,GSW @ LAL,L,41.01166666666666,0,0,0,0,6,10,14,32,0,0,2,0,20.0,1,857,857,857,141,756,687,645,1176,726,1282,1527,1205,536,1,787,1103,816,1,41:01
2022-23,1627780,Gary Payton II,Gary,1610612744,GSW,Golden State Warriors,0042200234,2023-05-08T00:00:00,GSW @ LAL,L,23.376666666666665,3,0,4,12,4,4,10,20,0,0,1,0,20.6,1,857,857,857,924,281,687,145,138,516,595,1250,729,536,1,405,1103,789,1,23:23
2022-23,1629022,Lonnie Walker IV,Lonnie,1610612747,LAL,Los Angeles Lakers,0042200234,2023-05-08T00:00:00,LAL vs. GSW,W,26.99,2,2,2,4,10,4,8,30,0,0,1,2,26.6,1,1,1,1,778,426,357,360,612,1148,595,1046,1116,536,1,405,515,572,1,26:59
2022-23,1630540,Miles McBride,Miles,1610612752,NYK,New York Knicks,0042200204,2023-05-08T00:00:00,NYK @ MIA,L,4.296666666666667,0,0,0,0,0,2,0,4,0,0,1,1,1.5,1,857,857,857,1509,756,687,645,1176,1,277,1,183,536,1,405,747,1524,1,4:18
2022-23,1629312,Haywood Highsmith,Haywood,1610612748,MIA,Miami Heat,0042200204,2023-05-08T00:00:00,MIA vs. NYK,W,6.066666666666666,0,2,0,2,0,4,0,4,0,0,1,0,4.4,1,1,1,1,1452,756,357,645,859,1,595,1,183,536,1,405,1103,1392,1,6:04
2022-23,1630167,Obi Toppin,Obi,1610612752,NYK,New York Knicks,0042200204,2023-05-08T00:00:00,NYK @ MIA,L,5.583333333333333,0,4,0,4,2,2,0,4,0,0,1,0,5.2,1,857,857,857,1465,756,136,645,612,264,277,1,183,536,1,405,1103,1364,1,5:35
2022-23,201939,Stephen Curry,Stephen,1610612744,GSW,Golden State Warriors,0042200234,2023-05-08T00:00:00,GSW @ LAL,L,41.983333333333334,4,4,5,14,13,10,12,42,0,1,5,6,71.0,1,857,857,857,91,175,136,93,84,1371,1282,1412,1538,536,1165,1614,86,18,1,41:59
2022-23,203469,Cody Zeller,Cody,1610612748,MIA,Miami Heat,0042200204,2023-05-08T00:00:00,MIA vs. NYK,W,8.323333333333334,0,0,0,2,4,1,3,6,0,1,4,2,2.2,1,1,1,1,1412,756,687,645,859,516,249,525,265,536,1165,1436,515,1503,1,8:19
2022-23,201567,Kevin Love,Kevin,1610612748,MIA,Miami Heat,0042200204,2023-05-08T00:00:00,MIA vs. NYK,W,23.476666666666667,2,0,0,0,4,2,2,32,0,0,2,1,17.0,1,1,1,1,919,426,687,645,1176,516,277,341,1205,536,1,787,747,929,1,23:29
2022-23,1628978,Donte DiVincenzo,Donte,1610612744,GSW,Golden State Warriors,0042200234,2023-05-08T00:00:00,GSW @ LAL,L,14.908333333333333,0,2,0,4,7,4,2,20,0,0,0,0,11.7,1,857,857,857,1205,756,357,645,612,852,595,341,729,536,1,1,1103,1128,1,14:55
2022-23,1628404,Josh Hart,Josh,1610612752,NYK,New York Knicks,0042200204,2023-05-08T00:00:00,NYK @ MIA,L,21.74,2,0,0,4,11,6,4,16,0,0,6,1,4.4,1,857,857,857,990,426,687,645,612,1226,856,616,580,536,1,1708,747,1392,1,21:44
2022-23,1628392,Isaiah Hartenstein,Isaiah,1610612752,NYK,New York Knicks,0042200204,2023-05-08T00:00:00,NYK @ MIA,L,14.883333333333333,0,0,0,0,5,2,3,10,2,0,0,1,11.6,1,857,857,857,1207,756,687,645,1176,628,277,525,389,61,1,1,747,1129,1,14:53
2022-23,1630541,Moses Moody,Moses,1610612744,GSW,Golden State Warriors,0042200234,2023-05-08T00:00:00,GSW @ LAL,L,19.261666666666667,7,0,4,4,6,8,2,18,1,0,4,0,16.2,1,857,857,857,1073,41,687,145,612,726,1100,341,648,178,1,1436,1103,965,1,19:16
2022-23,200768,Kyle Lowry,Kyle,1610612748,MIA,Miami Heat,0042200204,2023-05-08T00:00:00,MIA vs. NYK,W,25.866666666666667,4,2,1,0,11,5,5,18,0,0,1,4,30.0,1,1,1,1,825,175,357,622,1176,1226,724,745,648,536,1,405,244,491,1,25:52
2022-23,1629130,Duncan Robinson,Duncan,1610612748,MIA,Miami Heat,0042200204,2023-05-08T00:00:00,MIA vs. NYK,W,11.496666666666666,0,0,0,0,7,4,2,6,0,1,0,1,3.7,1,1,1,1,1322,756,687,645,1176,852,595,341,265,536,1165,1,747,1429,1,11:30
2022-23,1626172,Kevon Looney,Kevon,1610612744,GSW,Golden State Warriors,0042200234,2023-05-08T00:00:00,GSW @ LAL,L,10.87,2,0,0,4,4,4,0,12,0,0,2,3,7.6,1,857,857,857,1341,426,687,645,612,516,595,1,451,536,1,787,364,1266,1,10:52
2022-23,1629011,Mitchell Robinson,Mitchell,1610612752,NYK,New York Knicks,0042200204,2023-05-08T00:00:00,NYK @ MIA,L,33.11666666666667,0,2,0,6,17,15,6,36,2,1,2,1,22.9,1,857,857,857,505,756,357,645,426,1579,1593,832,1361,61,1165,787,747,709,1,33:07
2022-23,203944,Julius Randle,Julius,1610612752,NYK,New York Knicks,0042200204,2023-05-08T00:00:00,NYK @ MIA,L,39.28333333333333,2,1,0,12,16,11,9,40,0,0,6,5,29.3,1,857,857,857,226,426,660,645,138,1534,1346,1158,1486,536,1,1708,138,506,1,39:17
2022-23,203210,JaMychal Green,JaMychal,1610612744,GSW,Golden State Warriors,0042200234,2023-05-08T00:00:00,GSW @ LAL,L,2.2666666666666666,0,0,0,0,0,0,2,2,0,0,0,0,0.0,1,857,857,857,1620,756,687,645,1176,1,1,341,96,536,1,1,1103,1601,1,2:16
2022-23,1629622,Max Strus,Max,1610612748,MIA,Miami Heat,0042200204,2023-05-08T00:00:00,MIA vs. NYK,W,36.50333333333333,2,0,5,4,8,3,5,44,1,0,4,2,30.2,1,1,1,1,372,426,687,93,612,941,492,745,1602,178,1,1436,515,485,1,36:30
2022-23,203076,Anthony Davis,Anthony,1610612747,LAL,Los Angeles Lakers,0042200234,2023-05-08T00:00:00,LAL vs. GSW,W,43.11,3,4,2,12,20,4,17,46,0,1,3,6,50.0,1,1,1,1,59,281,136,360,138,1671,595,1650,1635,536,1165,1135,86,119,1,43:07
2022-23,1629216,Gabe Vincent,Gabe,1610612748,MIA,Miami Heat,0042200204,2023-05-08T00:00:00,MIA vs. NYK,W,22.133333333333333,0,0,0,0,4,2,2,32,0,0,3,1,16.5,1,1,1,1,971,756,687,645,1176,516,277,341,1205,536,1,1135,747,954,1,22:08
2022-23,1630559,Austin Reaves,Austin,1610612747,LAL,Los Angeles Lakers,0042200234,2023-05-08T00:00:00,LAL vs. GSW,W,34.14333333333333,0,0,8,6,12,8,9,38,0,0,2,3,30.4,1,1,1,1,466,756,687,20,426,1304,1100,1158,1431,536,1,787,364,481,1,34:09
2022-23,203471,Dennis Schröder,Dennis,1610612747,LAL,Los Angeles Lakers,0042200234,2023-05-08T00:00:00,LAL vs. GSW,W,34.833333333333336,2,0,0,8,17,6,10,32,0,1,2,1,19.1,1,1,1,1,442,426,687,645,300,1579,856,1250,1205,536,1165,787,747,839,1,34:50
2022-23,1629628,RJ Barrett,RJ,1610612752,NYK,New York Knicks,0042200204,2023-05-08T00:00:00,NYK @ MIA,L,34.79666666666667,2,0,4,12,17,17,6,36,0,2,0,3,33.3,1,857,857,857,445,426,687,145,138,1579,1663,832,1361,536,1559,1,364,402,1,34:48
2022-23,1629656,Quentin Grimes,Quentin,1610612752,NYK,New York Knicks,0042200204,2023-05-08T00:00:00,NYK @ MIA,L,41.81666666666667,0,0,3,0,20,15,8,42,0,1,2,1,22.0,1,857,857,857,105,756,687,258,1176,1671,1593,1046,1538,536,1165,787,747,734,1,41:49
2022-23,1629020,Jarred Vanderbilt,Jarred,1610612747,LAL,Los Angeles Lakers,0042200234,2023-05-08T00:00:00,LAL vs. GSW,W,11.318333333333333,2,0,2,0,3,4,7,14,0,0,1,1,8.1,1,1,1,1,1327,426,687,360,1176,423,595,938,515,536,1,405,747,1240,1,11:19
2022-23,1628997,Caleb Martin,Caleb,1610612748,MIA,Miami Heat,0042200204,2023-05-08T00:00:00,MIA vs. NYK,W,25.966666666666665,3,0,2,4,11,5,5,20,1,0,2,1,22.0,1,1,1,1,820,281,687,360,612,1226,724,745,729,178,1,787,747,734,1,25:58
2022-23,202710,Jimmy Butler III,Jimmy,1610612748,MIA,Miami Heat,0042200204,2023-05-08T00:00:00,MIA vs. NYK,W,41.81666666666667,6,6,0,16,15,3,7,46,2,0,2,5,58.2,1,1,1,1,105,64,46,645,45,1488,492,938,1635,61,1,787,138,60,1,41:49
2022-23,1629117,Wenyen Gabriel,Wenyen,1610612747,LAL,Los Angeles Lakers,0042200234,2023-05-08T00:00:00,LAL vs. GSW,W,1.8833333333333333,0,0,0,0,0,0,0,2,0,0,0,0,0.0,1,1,1,1,1643,756,687,645,1176,1,1,1,96,536,1,1,1103,1601,1,1:53
2022-23,1628401,Derrick White,Derrick,1610612738,BOS,Boston Celtics,0042200214,2023-05-07T00:00:00,BOS @ PHI,L,30.716666666666665,2,0,2,6,7,14,3,20,1,1,1,1,17.4,1,857,857,857,617,426,687,360,426,852,1544,525,729,178,1165,405,747,913,1,30:43
2022-23,1626166,Cameron Payne,Cameron,1610612756,PHX,Phoenix Suns,0042200224,2023-05-07T00:00:00,PHX vs. DEN,W,25.455,0,0,3,0,7,13,6,32,0,0,3,0,14.4,1,1,1,1,848,756,687,258,1176,852,1482,832,1205,536,1,1135,1103,1018,1,25:27
2022-23,1628369,Jayson Tatum,Jayson,1610612738,BOS,Boston Celtics,0042200214,2023-05-07T00:00:00,BOS @ PHI,L,47.233333333333334,0,2,3,14,9,19,9,36,4,1,3,5,67.6,1,857,857,857,5,756,357,258,84,1047,1693,1158,1361,8,1165,1135,138,23,1,47:14
2022-23,201142,Kevin Durant,Kevin,1610612756,PHX,Phoenix Suns,0042200224,2023-05-07T00:00:00,PHX vs. DEN,W,43.961666666666666,6,3,0,10,12,15,10,70,1,0,2,8,62.2,1,1,1,1,38,64,228,645,200,1304,1593,1250,1728,178,1,787,25,43,1,43:58
2022-23,203484,Kentavious Caldwell-Pope,Kentavious,1610612743,DEN,Denver Nuggets,0042200224,2023-05-07T00:00:00,DEN @ PHX,L,33.65,2,0,4,6,13,7,15,36,0,0,0,2,15.7,1,857,857,857,488,426,687,145,426,1371,966,1575,1361,536,1,1,515,976,1,33:39
2022-23,202699,Tobias Harris,Tobias,1610612755,PHI,Philadelphia 76ers,0042200214,2023-05-07T00:00:00,PHI vs. BOS,W,45.2,2,2,2,4,9,9,19,34,0,2,4,2,21.4,1,1,1,1,17,426,357,360,612,1047,1190,1690,1287,536,1559,1436,515,756,1,45:12
2022-23,1629013,Landry Shamet,Landry,1610612756,PHX,Phoenix Suns,0042200224,2023-05-07T00:00:00,PHX vs. DEN,W,30.205,2,0,0,2,6,4,4,40,0,0,1,1,19.0,1,1,1,1,632,426,687,645,859,726,595,616,1486,536,1,405,747,843,1,30:12
2022-23,1629111,Jock Landale,Jock,1610612756,PHX,Phoenix Suns,0042200224,2023-05-07T00:00:00,PHX vs. DEN,W,20.628333333333334,0,2,0,6,4,2,2,28,1,0,4,0,21.5,1,1,1,1,1028,756,357,645,426,516,277,341,1014,178,1,1436,1103,752,1,20:38
2022-23,1628971,Bruce Brown,Bruce,1610612743,DEN,Denver Nuggets,0042200224,2023-05-07T00:00:00,DEN @ PHX,L,21.865,0,0,2,4,4,0,9,18,0,0,3,4,16.6,1,857,857,857,983,756,687,360,612,516,1,1158,648,536,1,1135,244,947,1,21:52
2022-23,203954,Joel Embiid,Joel,1610612755,PHI,Philadelphia 76ers,0042200214,2023-05-07T00:00:00,PHI vs. BOS,W,46.2,5,7,4,14,12,8,17,38,0,4,3,10,56.6,1,1,1,1,10,111,24,145,84,1304,1100,1650,1431,536,1712,1135,8,69,1,46:12
2022-23,203932,Aaron Gordon,Aaron,1610612743,DEN,Denver Nuggets,0042200224,2023-05-07T00:00:00,DEN @ PHX,L,35.85,4,5,0,8,10,7,9,32,0,1,5,1,24.7,1,857,857,857,410,175,78,645,300,1148,966,1158,1205,536,1165,1614,747,651,1,35:51
2022-23,203999,Nikola Jokić,Nikola,1610612743,DEN,Denver Nuggets,0042200224,2023-05-07T00:00:00,DEN @ PHX,L,39.43666666666667,1,2,2,32,9,5,13,38,1,0,2,10,71.3,1,857,857,857,218,715,357,360,1,1047,724,1477,1431,178,1,787,8,17,1,39:26
2022-23,1626164,Devin Booker,Devin,1610612756,PHX,Phoenix Suns,0042200224,2023-05-07T00:00:00,PHX vs. DEN,W,40.483333333333334,2,2,15,16,14,13,10,66,0,0,5,5,59.2,1,1,1,1,167,426,357,1,45,1433,1482,1250,1727,536,1,1614,138,57,1,40:29
2022-23,201935,James Harden,James,1610612755,PHI,Philadelphia 76ers,0042200214,2023-05-07T00:00:00,PHI vs. BOS,W,47.4,2,5,3,16,12,9,22,38,1,2,2,6,79.1,1,1,1,1,4,426,78,258,45,1304,1190,1717,1431,178,1559,787,86,3,1,47:24
2022-23,1627750,Jamal Murray,Jamal,1610612743,DEN,Denver Nuggets,0042200224,2023-05-07T00:00:00,DEN @ PHX,L,42.083333333333336,4,6,2,18,13,7,16,38,0,2,2,2,47.5,1,857,857,857,88,175,46,360,28,1371,966,1626,1431,536,1559,787,515,142,1,42:05
2022-23,1628470,Torrey Craig,Torrey,1610612756,PHX,Phoenix Suns,0042200224,2023-05-07T00:00:00,PHX vs. DEN,W,0.11666666666666667,0,0,0,0,0,0,0,0,0,0,0,0,0.0,1,1,1,1,1725,756,687,645,1176,1,1,1,1,536,1,1,1103,1601,1,0:07
2022-23,1629028,Deandre Ayton,Deandre,1610612756,PHX,Phoenix Suns,0042200224,2023-05-07T00:00:00,PHX vs. DEN,W,27.1,3,0,0,6,10,13,8,44,1,1,4,3,23.6,1,1,1,1,776,281,687,645,426,1148,1482,1046,1602,178,1165,1436,364,679,1,27:06
2022-23,1629057,Robert Williams III,Robert,1610612738,BOS,Boston Celtics,0042200214,2023-05-07T00:00:00,BOS @ PHI,L,14.333333333333334,0,1,0,2,0,0,0,12,1,0,2,2,9.9,1,857,857,857,1226,756,660,645,859,1,1,1,451,178,1,787,515,1191,1,14:20
2022-23,203082,Terrence Ross,Terrence,1610612756,PHX,Phoenix Suns,0042200224,2023-05-07T00:00:00,PHX vs. DEN,W,16.8,0,0,0,0,5,0,2,24,0,0,3,0,10.4,1,1,1,1,1145,756,687,645,1176,628,1,341,858,536,1,1135,1103,1177,1,16:48
2022-23,200782,P.J. Tucker,P.J.,1610612755,PHI,Philadelphia 76ers,0042200214,2023-05-07T00:00:00,PHI vs. BOS,W,31.4,0,3,0,2,9,6,15,28,0,0,4,1,11.1,1,1,1,1,584,756,228,645,859,1047,856,1575,1014,536,1,1436,747,1153,1,31:24
2022-23,1629006,Josh Okogie,Josh,1610612756,PHX,Phoenix Suns,0042200224,2023-05-07T00:00:00,PHX vs. DEN,W,16.6,0,0,0,4,8,11,6,28,1,1,0,0,12.9,1,1,1,1,1149,756,687,645,612,941,1346,832,1014,178,1165,1,1103,1082,1,16:36
2022-23,203935,Marcus Smart,Marcus,1610612738,BOS,Boston Celtics,0042200214,2023-05-07T00:00:00,BOS @ PHI,L,42.416666666666664,3,0,3,2,9,18,9,42,0,0,3,5,32.1,1,857,857,857,79,281,687,258,859,1047,1672,1158,1538,536,1,1135,138,441,1,42:25
2022-23,203933,T.J. Warren,T.J.,1610612756,PHX,Phoenix Suns,0042200224,2023-05-07T00:00:00,PHX vs. DEN,W,18.65,2,0,2,2,4,4,2,28,0,0,2,2,9.2,1,1,1,1,1094,426,687,360,859,516,595,341,1014,536,1,787,515,1211,1,18:39
2022-23,201143,Al Horford,Al,1610612738,BOS,Boston Celtics,0042200214,2023-05-07T00:00:00,BOS @ PHI,L,37.86666666666667,2,4,0,2,6,19,9,28,5,0,3,1,45.4,1,857,857,857,305,426,136,645,859,726,1693,1158,1014,2,1,1135,747,177,1,37:52
2022-23,201145,Jeff Green,Jeff,1610612743,DEN,Denver Nuggets,0042200224,2023-05-07T00:00:00,DEN @ PHX,L,19.696666666666665,0,0,0,0,9,2,16,20,0,0,2,3,6.2,1,857,857,857,1058,756,687,645,1176,1047,277,1626,729,536,1,787,364,1317,1,19:42
2022-23,1631128,Christian Braun,Christian,1610612743,DEN,Denver Nuggets,0042200224,2023-05-07T00:00:00,DEN @ PHX,L,8.2,0,0,0,0,2,2,10,8,0,0,0,1,3.4,1,857,857,857,1418,756,687,645,1176,264,277,1250,329,536,1,1,747,1440,1,8:12
2022-23,1627759,Jaylen Brown,Jaylen,1610612738,BOS,Boston Celtics,0042200214,2023-05-07T00:00:00,BOS @ PHI,L,44.4,3,2,4,12,6,19,9,36,0,0,3,4,33.1,1,857,857,857,30,281,357,145,138,726,1693,1158,1361,536,1,1135,244,408,1,44:24
2022-23,1630178,Tyrese Maxey,Tyrese,1610612755,PHI,Philadelphia 76ers,0042200214,2023-05-07T00:00:00,PHI vs. BOS,W,44.666666666666664,0,2,0,6,12,8,17,38,1,3,1,1,33.1,1,1,1,1,22,756,357,645,426,1304,1100,1650,1431,178,1678,405,747,408,1,44:40
2022-23,1630194,Paul Reed,Paul,1610612755,PHI,Philadelphia 76ers,0042200214,2023-05-07T00:00:00,PHI vs. BOS,W,6.266666666666667,0,0,0,2,0,1,5,4,0,0,0,0,5.6,1,1,1,1,1449,756,687,645,859,1,249,745,183,536,1,1,1103,1348,1,6:16
2022-23,1629008,Michael Porter Jr.,Michael,1610612743,DEN,Denver Nuggets,0042200224,2023-05-07T00:00:00,DEN @ PHX,L,39.218333333333334,3,2,0,4,15,5,12,40,1,1,5,1,35.0,1,857,857,857,228,281,357,645,612,1488,724,1412,1486,178,1165,1614,747,359,1,39:13
2022-23,1629001,De'Anthony Melton,De'Anthony,1610612755,PHI,Philadelphia 76ers,0042200214,2023-05-07T00:00:00,PHI vs. BOS,W,24.95,0,0,0,0,3,3,8,18,0,0,4,1,7.4,1,1,1,1,865,756,687,645,1176,423,492,1046,648,536,1,1436,747,1270,1,24:57
2022-23,1627777,Georges Niang,Georges,1610612755,PHI,Philadelphia 76ers,0042200214,2023-05-07T00:00:00,PHI vs. BOS,W,18.916666666666668,0,0,0,0,3,1,7,12,1,1,5,0,12.0,1,1,1,1,1088,756,687,645,1176,423,249,938,451,178,1165,1614,1103,1114,1,18:55
2022-23,1627763,Malcolm Brogdon,Malcolm,1610612738,BOS,Boston Celtics,0042200214,2023-05-07T00:00:00,BOS @ PHI,L,35.63333333333333,2,0,10,2,5,6,6,32,0,1,5,4,29.6,1,857,857,857,419,426,687,5,859,628,856,832,1205,536,1165,1614,244,501,1,35:38
2022-23,1629684,Grant Williams,Grant,1610612738,BOS,Boston Celtics,0042200214,2023-05-07T00:00:00,BOS @ PHI,L,12.4,0,0,0,2,3,0,0,14,1,0,1,1,5.2,1,857,857,857,1286,756,687,645,859,423,1,1,515,178,1,405,747,1364,1,12:24
2022-23,1629022,Lonnie Walker IV,Lonnie,1610612747,LAL,Los Angeles Lakers,0042200233,2023-05-06T00:00:00,LAL vs. GSW,W,24.4,2,0,0,4,7,6,2,18,1,0,3,1,24.8,1,1,1,1,885,426,687,645,612,852,856,341,648,178,1,1135,747,648,1,24:24
2022-23,202684,Tristan Thompson,Tristan,1610612747,LAL,Los Angeles Lakers,0042200233,2023-05-06T00:00:00,LAL vs. GSW,W,5.733333333333333,2,0,0,2,4,4,0,10,0,0,0,0,4.6,1,1,1,1,1458,426,687,645,859,516,595,1,389,536,1,1,1103,1385,1,5:44
2022-23,1629117,Wenyen Gabriel,Wenyen,1610612747,LAL,Los Angeles Lakers,0042200233,2023-05-06T00:00:00,LAL vs. GSW,W,4.933333333333334,0,0,0,0,2,2,0,4,0,0,2,0,0.0,1,1,1,1,1483,756,687,645,1176,264,277,1,183,536,1,787,1103,1601,1,4:56
2022-23,203110,Draymond Green,Draymond,1610612744,GSW,Golden State Warriors,0042200233,2023-05-06T00:00:00,GSW @ LAL,L,22.75,0,0,0,2,7,7,5,12,1,1,5,4,16.4,1,857,857,857,949,756,687,645,859,852,966,745,451,178,1165,1614,244,956,1,22:45
2022-23,1628972,Troy Brown Jr.,Troy,1610612747,LAL,Los Angeles Lakers,0042200233,2023-05-06T00:00:00,LAL vs. GSW,W,8.55,0,0,0,0,4,4,0,12,0,0,1,0,5.9,1,1,1,1,1402,756,687,645,1176,516,595,1,451,536,1,405,1103,1337,1,8:33
2022-23,1626156,D'Angelo Russell,D'Angelo,1610612747,LAL,Los Angeles Lakers,0042200233,2023-05-06T00:00:00,LAL vs. GSW,W,29.436666666666667,6,3,5,4,7,7,2,24,0,0,3,0,30.1,1,1,1,1,683,64,228,93,612,852,966,341,858,536,1,1135,1103,487,1,29:26
2022-23,1631108,Max Christie,Max,1610612747,LAL,Los Angeles Lakers,0042200233,2023-05-06T00:00:00,LAL vs. GSW,W,5.733333333333333,0,2,0,6,4,4,0,10,0,0,0,0,11.4,1,1,1,1,1458,756,357,645,426,516,595,1,389,536,1,1,1103,1137,1,5:44
2022-23,1630541,Moses Moody,Moses,1610612744,GSW,Golden State Warriors,0042200233,2023-05-06T00:00:00,GSW @ LAL,L,20.285,2,2,0,0,13,3,4,22,0,1,3,2,11.3,1,857,857,857,1039,426,357,645,1176,1371,492,616,794,536,1165,1135,515,1145,1,20:17
2022-23,1630209,Omer Yurtseven,Omer,1610612748,MIA,Miami Heat,0042200203,2023-05-06T00:00:00,MIA vs. NYK,W,0.905,0,0,0,0,0,0,0,0,0,0,0,0,0.2,1,1,1,1,1675,756,687,645,1176,1,1,1,1,536,1,1,1103,1594,1,0:54
2022-23,1630540,Miles McBride,Miles,1610612752,NYK,New York Knicks,0042200203,2023-05-06T00:00:00,NYK @ MIA,L,0.905,0,0,0,0,0,0,0,0,0,0,0,0,0.0,1,857,857,857,1675,756,687,645,1176,1,1,1,1,536,1,1,1103,1601,1,0:54
2022-23,1629656,Quentin Grimes,Quentin,1610612752,NYK,New York Knicks,0042200203,2023-05-06T00:00:00,NYK @ MIA,L,21.64,3,0,3,4,7,8,9,20,0,0,2,1,11.2,1,857,857,857,995,281,687,258,612,852,1100,1158,729,536,1,787,747,1147,1,21:38
2022-23,1629610,DaQuan Jeffries,DaQuan,1610612752,NYK,New York Knicks,0042200203,2023-05-06T00:00:00,NYK @ MIA,L,0.905,0,0,0,0,0,0,0,0,0,0,0,0,0.0,1,857,857,857,1675,756,687,645,1176,1,1,1,1,536,1,1,1103,1601,1,0:54
2022-23,1630559,Austin Reaves,Austin,1610612747,LAL,Los Angeles Lakers,0042200233,2023-05-06T00:00:00,LAL vs. GSW,W,29.616666666666667,0,2,0,2,5,9,2,24,0,2,3,4,21.4,1,1,1,1,667,756,357,645,859,628,1190,341,858,536,1559,1135,244,756,1,29:37
2022-23,203210,JaMychal Green,JaMychal,1610612744,GSW,Golden State Warriors,0042200233,2023-05-06T00:00:00,GSW @ LAL,L,11.466666666666667,0,0,0,2,0,4,3,4,0,0,2,0,1.0,1,857,857,857,1323,756,687,645,859,1,595,525,183,536,1,787,1103,1583,1,11:28
2022-23,1628392,Isaiah Hartenstein,Isaiah,1610612752,NYK,New York Knicks,0042200203,2023-05-06T00:00:00,NYK @ MIA,L,25.966666666666665,0,0,0,0,14,11,5,26,2,0,2,2,11.1,1,857,857,857,820,756,687,645,1176,1433,1346,745,941,61,1,787,515,1153,1,25:58
2022-23,1631107,Nikola Jović,Nikola,1610612748,MIA,Miami Heat,0042200203,2023-05-06T00:00:00,MIA vs. NYK,W,0.905,0,0,0,0,0,0,0,0,0,0,0,0,0.0,1,1,1,1,1675,756,687,645,1176,1,1,1,1,536,1,1,1103,1601,1,0:54
2022-23,203952,Andrew Wiggins,Andrew,1610612744,GSW,Golden State Warriors,0042200233,2023-05-06T00:00:00,GSW @ LAL,L,27.833333333333332,0,4,2,8,19,9,7,16,1,0,2,2,35.8,1,857,857,857,746,756,136,360,300,1641,1190,938,580,178,1,787,515,339,1,27:50
2022-23,1630237,Anthony Lamb,Anthony,1610612744,GSW,Golden State Warriors,0042200233,2023-05-06T00:00:00,GSW @ LAL,L,5.733333333333333,0,0,0,0,4,2,0,14,0,0,0,0,3.0,1,857,857,857,1458,756,687,645,1176,516,277,1,515,536,1,1,1103,1455,1,5:44
2022-23,1630228,Jonathan Kuminga,Jonathan,1610612744,GSW,Golden State Warriors,0042200233,2023-05-06T00:00:00,GSW @ LAL,L,9.183333333333334,2,0,0,4,4,2,0,16,0,0,0,4,10.2,1,857,857,857,1384,426,687,645,612,516,277,1,580,536,1,1,244,1182,1,9:11
2022-23,1626172,Kevon Looney,Kevon,1610612744,GSW,Golden State Warriors,0042200233,2023-05-06T00:00:00,GSW @ LAL,L,15.888333333333334,1,0,0,2,16,2,6,18,0,0,1,1,13.8,1,857,857,857,1175,715,687,645,859,1534,277,832,648,536,1,405,747,1045,1,15:53
2022-23,1627780,Gary Payton II,Gary,1610612744,GSW,Golden State Warriors,0042200233,2023-05-06T00:00:00,GSW @ LAL,L,12.666666666666666,2,4,0,8,6,2,0,20,1,0,1,0,17.6,1,857,857,857,1277,426,136,645,300,726,277,1,729,178,1,405,1103,900,1,12:40
2022-23,1629060,Rui Hachimura,Rui,1610612747,LAL,Los Angeles Lakers,0042200233,2023-05-06T00:00:00,LAL vs. GSW,W,16.483333333333334,0,0,0,0,3,2,2,12,0,1,2,0,9.7,1,1,1,1,1153,756,687,645,1176,423,277,341,451,536,1165,787,1103,1197,1,16:29
2022-23,202691,Klay Thompson,Klay,1610612744,GSW,Golden State Warriors,0042200233,2023-05-06T00:00:00,GSW @ LAL,L,32.56,0,0,2,4,19,9,9,24,1,0,3,2,23.4,1,857,857,857,535,756,687,360,612,1641,1190,1158,858,178,1,1135,515,685,1,32:34
2022-23,202710,Jimmy Butler III,Jimmy,1610612748,MIA,Miami Heat,0042200203,2023-05-06T00:00:00,MIA vs. NYK,W,35.6,5,6,4,12,8,9,9,32,2,1,1,7,41.3,1,1,1,1,421,111,46,145,138,941,1190,1158,1205,61,1165,405,47,234,1,35:36
2022-23,1629628,RJ Barrett,RJ,1610612752,NYK,New York Knicks,0042200203,2023-05-06T00:00:00,NYK @ MIA,L,25.483333333333334,4,0,3,6,14,13,7,32,0,2,3,2,18.1,1,857,857,857,847,175,687,258,426,1433,1482,938,1205,536,1559,1135,515,875,1,25:29
2022-23,201939,Stephen Curry,Stephen,1610612744,GSW,Golden State Warriors,0042200233,2023-05-06T00:00:00,GSW @ LAL,L,32.04833333333333,7,5,0,10,19,9,11,22,1,3,2,2,35.3,1,857,857,857,557,41,78,645,200,1641,1190,1355,794,178,1678,787,515,350,1,32:03
2022-23,1629020,Jarred Vanderbilt,Jarred,1610612747,LAL,Los Angeles Lakers,0042200233,2023-05-06T00:00:00,LAL vs. GSW,W,15.23,0,2,0,0,1,5,2,14,0,1,1,4,8.0,1,1,1,1,1194,756,357,645,1176,250,724,341,515,536,1165,405,244,1247,1,15:14
2022-23,1631116,Patrick Baldwin Jr.,Patrick,1610612744,GSW,Golden State Warriors,0042200233,2023-05-06T00:00:00,GSW @ LAL,L,5.216666666666667,0,0,0,0,2,0,0,10,0,0,0,0,0.0,1,857,857,857,1472,756,687,645,1176,264,1,1,389,536,1,1,1103,1601,1,5:13
2022-23,1628404,Josh Hart,Josh,1610612752,NYK,New York Knicks,0042200203,2023-05-06T00:00:00,NYK @ MIA,L,38.28333333333333,0,3,3,6,11,14,10,40,0,1,2,6,33.4,1,857,857,857,280,756,228,258,426,1226,1544,1250,1486,536,1165,787,86,396,1,38:17
2022-23,203076,Anthony Davis,Anthony,1610612747,LAL,Los Angeles Lakers,0042200233,2023-05-06T00:00:00,LAL vs. GSW,W,33.016666666666666,6,0,0,12,7,7,4,24,4,0,2,8,63.1,1,1,1,1,511,64,687,645,138,852,966,616,858,8,1,787,25,40,1,33:01
2022-23,1628389,Bam Adebayo,Bam,1610612748,MIA,Miami Heat,0042200203,2023-05-06T00:00:00,MIA vs. NYK,W,35.95,4,1,0,14,9,10,9,28,1,0,4,3,33.4,1,1,1,1,399,175,660,645,84,1047,1282,1158,1014,178,1,1436,364,396,1,35:57
2022-23,201567,Kevin Love,Kevin,1610612748,MIA,Miami Heat,0042200203,2023-05-06T00:00:00,MIA vs. NYK,W,23.061666666666667,0,0,0,2,3,7,6,18,0,0,3,1,18.8,1,1,1,1,943,756,687,645,859,423,966,832,648,536,1,1135,747,850,1,23:04
2022-23,1628973,Jalen Brunson,Jalen,1610612752,NYK,New York Knicks,0042200203,2023-05-06T00:00:00,NYK @ MIA,L,37.538333333333334,2,0,0,8,11,12,10,40,0,1,3,6,39.2,1,857,857,857,321,426,687,645,300,1226,1417,1250,1486,536,1165,1135,86,262,1,37:32
2022-23,1628978,Donte DiVincenzo,Donte,1610612744,GSW,Golden State Warriors,0042200233,2023-05-06T00:00:00,GSW @ LAL,L,22.1,0,0,0,2,11,2,4,30,1,0,2,1,19.0,1,857,857,857,973,756,687,645,859,1226,277,616,1116,178,1,787,747,843,1,22:06
2022-23,1628997,Caleb Martin,Caleb,1610612748,MIA,Miami Heat,0042200203,2023-05-06T00:00:00,MIA vs. NYK,W,22.518333333333334,0,2,0,0,4,7,3,14,0,0,4,2,7.0,1,1,1,1,958,756,357,645,1176,516,966,525,515,536,1,1436,515,1288,1,22:31
2022-23,1629011,Mitchell Robinson,Mitchell,1610612752,NYK,New York Knicks,0042200203,2023-05-06T00:00:00,NYK @ MIA,L,14.216666666666667,0,2,0,2,2,5,4,20,0,0,4,1,7.0,1,857,857,857,1227,756,357,645,859,264,724,616,729,536,1,1436,747,1288,1,14:13
2022-23,1629130,Duncan Robinson,Duncan,1610612748,MIA,Miami Heat,0042200203,2023-05-06T00:00:00,MIA vs. NYK,W,12.683333333333334,0,0,0,0,4,5,3,8,0,0,1,0,5.7,1,1,1,1,1276,756,687,645,1176,516,724,525,329,536,1,405,1103,1342,1,12:41
2022-23,1627736,Malik Beasley,Malik,1610612747,LAL,Los Angeles Lakers,0042200233,2023-05-06T00:00:00,LAL vs. GSW,W,5.733333333333333,0,0,0,0,4,4,0,10,0,1,0,0,1.2,1,1,1,1,1458,756,687,645,1176,516,595,1,389,536,1165,1,1103,1542,1,5:44
2022-23,1629622,Max Strus,Max,1610612748,MIA,Miami Heat,0042200203,2023-05-06T00:00:00,MIA vs. NYK,W,29.606666666666666,0,5,4,8,5,7,6,22,1,1,2,2,28.6,1,1,1,1,669,756,78,145,300,628,966,832,794,178,1165,787,515,524,1,29:36
2022-23,1627885,Shaquille Harrison,Shaquille,1610612747,LAL,Los Angeles Lakers,0042200233,2023-05-06T00:00:00,LAL vs. GSW,W,8.55,2,0,0,6,4,4,0,12,0,0,2,0,15.0,1,1,1,1,1402,426,687,645,426,516,595,1,451,536,1,787,1103,999,1,8:33
2022-23,1629216,Gabe Vincent,Gabe,1610612748,MIA,Miami Heat,0042200203,2023-05-06T00:00:00,MIA vs. NYK,W,30.033333333333335,0,0,0,2,5,9,3,24,0,0,4,3,15.0,1,1,1,1,646,756,687,645,859,628,1190,525,858,536,1,1436,364,999,1,30:02
2022-23,1630193,Immanuel Quickley,Immanuel,1610612752,NYK,New York Knicks,0042200203,2023-05-06T00:00:00,NYK @ MIA,L,20.15,0,4,0,2,5,7,3,18,0,0,0,1,15.2,1,857,857,857,1044,756,136,645,859,628,966,525,648,536,1,1,747,991,1,20:09
2022-23,203469,Cody Zeller,Cody,1610612748,MIA,Miami Heat,0042200203,2023-05-06T00:00:00,MIA vs. NYK,W,12.146666666666667,0,0,2,6,0,4,0,8,0,1,4,1,12.7,1,1,1,1,1295,756,687,360,426,1,595,1,329,536,1165,1436,747,1095,1,12:09
2022-23,1630167,Obi Toppin,Obi,1610612752,NYK,New York Knicks,0042200203,2023-05-06T00:00:00,NYK @ MIA,L,16.911666666666665,0,3,0,2,5,6,7,14,1,0,2,0,13.1,1,857,857,857,1138,756,228,645,859,628,856,938,515,178,1,787,1103,1077,1,16:55
2022-23,2544,LeBron James,LeBron,1610612747,LAL,Los Angeles Lakers,0042200233,2023-05-06T00:00:00,LAL vs. GSW,W,32.38333333333333,9,2,6,8,8,11,4,30,1,1,0,4,45.6,1,1,1,1,542,15,357,47,300,941,1346,616,1116,178,1165,1,244,172,1,32:23
2022-23,203944,Julius Randle,Julius,1610612752,NYK,New York Knicks,0042200203,2023-05-06T00:00:00,NYK @ MIA,L,38.0,0,2,0,6,11,14,10,40,0,1,4,6,25.8,1,857,857,857,297,756,357,645,426,1226,1544,1250,1486,536,1165,1436,86,600,1,38:00
2022-23,1629312,Haywood Highsmith,Haywood,1610612748,MIA,Miami Heat,0042200203,2023-05-06T00:00:00,MIA vs. NYK,W,11.795,3,2,0,2,1,5,0,6,0,0,2,0,12.2,1,1,1,1,1310,281,357,645,859,250,724,1,265,536,1,787,1103,1109,1,11:48
2022-23,203471,Dennis Schröder,Dennis,1610612747,LAL,Los Angeles Lakers,0042200233,2023-05-06T00:00:00,LAL vs. GSW,W,20.2,0,0,0,2,10,6,2,16,0,0,2,1,15.5,1,1,1,1,1042,756,687,645,859,1148,856,341,580,536,1,787,747,984,1,20:12
2022-23,1629673,Jordan Poole,Jordan,1610612744,GSW,Golden State Warriors,0042200233,2023-05-06T00:00:00,GSW @ LAL,L,22.268333333333334,0,0,0,2,15,4,6,22,0,1,1,3,13.6,1,857,857,857,965,756,687,645,859,1488,595,832,794,536,1165,405,364,1050,1,22:16
2022-23,200768,Kyle Lowry,Kyle,1610612748,MIA,Miami Heat,0042200203,2023-05-06T00:00:00,MIA vs. NYK,W,24.795,4,2,3,4,6,7,6,20,1,0,0,3,26.6,1,1,1,1,870,175,357,258,612,726,966,832,729,178,1,1,364,572,1,24:48
2022-23,1631128,Christian Braun,Christian,1610612743,DEN,Denver Nuggets,0042200223,2023-05-05T00:00:00,DEN @ PHX,L,9.903333333333334,0,2,0,2,3,2,4,8,0,0,5,0,7.6,1,857,857,857,1367,756,357,645,859,423,277,616,329,536,1,1614,1103,1266,1,9:54
2022-23,1627763,Malcolm Brogdon,Malcolm,1610612738,BOS,Boston Celtics,0042200213,2023-05-05T00:00:00,BOS @ PHI,W,26.166666666666668,2,0,0,2,12,5,4,18,0,0,0,2,26.6,1,1,1,1,808,426,687,645,859,1304,724,616,648,536,1,1,515,572,1,26:10
2022-23,200782,P.J. Tucker,P.J.,1610612755,PHI,Philadelphia 76ers,0042200213,2023-05-05T00:00:00,PHI vs. BOS,L,24.595,3,0,0,0,5,5,15,18,0,0,2,1,14.2,1,857,857,857,881,281,687,645,1176,628,724,1575,648,536,1,787,747,1033,1,24:36
2022-23,202699,Tobias Harris,Tobias,1610612755,PHI,Philadelphia 76ers,0042200213,2023-05-05T00:00:00,PHI vs. BOS,L,25.333333333333332,2,2,0,6,8,8,11,16,1,1,5,1,14.3,1,857,857,857,852,426,357,645,426,941,1100,1355,580,178,1165,1614,747,1029,1,25:20
2022-23,203954,Joel Embiid,Joel,1610612755,PHI,Philadelphia 76ers,0042200213,2023-05-05T00:00:00,PHI vs. BOS,L,39.358333333333334,6,5,0,14,12,5,15,22,4,1,3,10,62.1,1,857,857,857,221,64,78,645,84,1304,724,1575,794,8,1165,1135,8,45,1,39:22
2022-23,201142,Kevin Durant,Kevin,1610612756,PHX,Phoenix Suns,0042200223,2023-05-05T00:00:00,PHX vs. DEN,W,43.35166666666667,2,4,4,14,5,14,11,48,2,2,4,11,67.8,1,1,1,1,49,426,136,145,84,628,1544,1355,1668,61,1559,1436,2,22,1,43:21
2022-23,1629013,Landry Shamet,Landry,1610612756,PHX,Phoenix Suns,0042200223,2023-05-05T00:00:00,PHX vs. DEN,W,24.966666666666665,0,0,0,4,7,15,5,30,0,1,3,1,5.4,1,1,1,1,863,756,687,645,612,852,1593,745,1116,536,1165,1135,747,1357,1,24:58
2022-23,203082,Terrence Ross,Terrence,1610612756,PHX,Phoenix Suns,0042200223,2023-05-05T00:00:00,PHX vs. DEN,W,13.87,0,0,0,0,2,10,2,20,1,0,0,0,8.0,1,1,1,1,1242,756,687,645,1176,264,1282,341,729,178,1,1,1103,1247,1,13:52
2022-23,203933,T.J. Warren,T.J.,1610612756,PHX,Phoenix Suns,0042200223,2023-05-05T00:00:00,PHX vs. DEN,W,25.748333333333335,0,0,0,0,5,10,4,34,1,0,0,1,14.1,1,1,1,1,829,756,687,645,1176,628,1282,616,1287,178,1,1,747,1037,1,25:45
2022-23,1629111,Jock Landale,Jock,1610612756,PHX,Phoenix Suns,0042200223,2023-05-05T00:00:00,PHX vs. DEN,W,22.058333333333334,0,0,2,6,5,14,2,20,0,0,4,2,18.8,1,1,1,1,976,756,687,360,426,628,1544,341,729,536,1,1436,515,850,1,22:04
2022-23,1629667,Jalen McDaniels,Jalen,1610612755,PHI,Philadelphia 76ers,0042200213,2023-05-05T00:00:00,PHI vs. BOS,L,11.433333333333334,0,0,0,0,5,0,0,10,0,0,1,0,8.1,1,857,857,857,1324,756,687,645,1176,628,1,1,389,536,1,405,1103,1240,1,11:26
2022-23,201935,James Harden,James,1610612755,PHI,Philadelphia 76ers,0042200213,2023-05-05T00:00:00,PHI vs. BOS,L,40.81666666666667,3,0,5,2,13,11,15,28,0,2,4,6,37.7,1,857,857,857,150,281,687,93,859,1371,1346,1575,1014,536,1559,1436,86,294,1,40:49
2022-23,1626166,Cameron Payne,Cameron,1610612756,PHX,Phoenix Suns,0042200223,2023-05-05T00:00:00,PHX vs. DEN,W,29.60333333333333,0,0,5,4,2,10,9,26,0,0,3,0,18.0,1,1,1,1,670,756,687,93,612,264,1282,1158,941,536,1,1135,1103,879,1,29:36
2022-23,1628470,Torrey Craig,Torrey,1610612756,PHX,Phoenix Suns,0042200223,2023-05-05T00:00:00,PHX vs. DEN,W,3.1216666666666666,0,0,0,0,2,6,0,4,0,0,0,0,1.4,1,1,1,1,1584,756,687,645,1176,264,856,1,183,536,1,1,1103,1541,1,3:07
2022-23,1629006,Josh Okogie,Josh,1610612756,PHX,Phoenix Suns,0042200223,2023-05-05T00:00:00,PHX vs. DEN,W,10.013333333333334,0,0,0,2,0,5,4,6,0,0,1,0,3.2,1,1,1,1,1363,756,687,645,859,1,724,616,265,536,1,405,1103,1444,1,10:01
2022-23,1627759,Jaylen Brown,Jaylen,1610612738,BOS,Boston Celtics,0042200213,2023-05-05T00:00:00,BOS @ PHI,W,34.025,4,2,7,10,13,2,7,14,1,2,5,5,40.9,1,1,1,1,468,175,357,32,200,1371,277,938,515,178,1559,1614,138,236,1,34:02
2022-23,1630194,Paul Reed,Paul,1610612755,PHI,Philadelphia 76ers,0042200213,2023-05-05T00:00:00,PHI vs. BOS,L,8.641666666666667,0,0,0,0,3,6,0,10,0,0,0,0,1.2,1,857,857,857,1400,756,687,645,1176,423,856,1,389,536,1,1,1103,1542,1,8:39
2022-23,1629057,Robert Williams III,Robert,1610612738,BOS,Boston Celtics,0042200213,2023-05-05T00:00:00,BOS @ PHI,W,16.046666666666667,0,0,0,2,4,3,4,12,3,0,4,3,22.0,1,1,1,1,1171,756,687,645,859,516,492,616,451,22,1,1436,364,734,1,16:03
2022-23,1627777,Georges Niang,Georges,1610612755,PHI,Philadelphia 76ers,0042200213,2023-05-05T00:00:00,PHI vs. BOS,L,19.225,0,0,0,4,5,6,2,18,0,0,1,0,10.0,1,857,857,857,1075,756,687,645,612,628,856,341,648,536,1,405,1103,1189,1,19:14
2022-23,1628401,Derrick White,Derrick,1610612738,BOS,Boston Celtics,0042200213,2023-05-05T00:00:00,BOS @ PHI,W,32.47833333333333,0,0,0,2,10,2,5,18,0,2,1,1,22.2,1,1,1,1,540,756,687,645,859,1148,277,745,648,536,1559,405,747,730,1,32:29
2022-23,201143,Al Horford,Al,1610612738,BOS,Boston Celtics,0042200213,2023-05-05T00:00:00,BOS @ PHI,W,31.096666666666668,3,3,0,2,16,4,3,14,0,0,3,0,34.4,1,1,1,1,602,281,228,645,859,1534,595,525,515,536,1,1135,1103,373,1,31:06
2022-23,1629001,De'Anthony Melton,De'Anthony,1610612755,PHI,Philadelphia 76ers,0042200213,2023-05-05T00:00:00,PHI vs. BOS,L,30.166666666666668,3,0,0,0,12,9,2,16,1,1,2,3,39.1,1,857,857,857,636,281,687,645,1176,1304,1190,341,580,178,1165,787,364,266,1,30:10
2022-23,203935,Marcus Smart,Marcus,1610612738,BOS,Boston Celtics,0042200213,2023-05-05T00:00:00,BOS @ PHI,W,34.5,3,5,3,4,15,7,5,24,0,2,4,5,31.6,1,1,1,1,455,281,78,258,612,1488,966,745,858,536,1559,1436,138,454,1,34:30
2022-23,1627863,Danuel House Jr.,Danuel,1610612755,PHI,Philadelphia 76ers,0042200213,2023-05-05T00:00:00,PHI vs. BOS,L,0.325,0,0,0,0,0,0,0,0,0,0,0,0,0.0,1,857,857,857,1717,756,687,645,1176,1,1,1,1,536,1,1,1103,1601,1,0:20
2022-23,1626164,Devin Booker,Devin,1610612756,PHX,Phoenix Suns,0042200223,2023-05-05T00:00:00,PHX vs. DEN,W,41.61666666666667,8,0,12,16,5,20,9,42,1,1,5,6,76.7,1,1,1,1,115,29,687,3,45,628,1701,1158,1538,178,1165,1614,86,4,1,41:37
2022-23,1629028,Deandre Ayton,Deandre,1610612756,PHX,Phoenix Suns,0042200223,2023-05-05T00:00:00,PHX vs. DEN,W,25.65,0,2,0,4,2,6,9,30,1,1,4,0,16.8,1,1,1,1,836,756,357,645,612,264,856,1158,1116,178,1165,1436,1103,934,1,25:39
2022-23,1630178,Tyrese Maxey,Tyrese,1610612755,PHI,Philadelphia 76ers,0042200213,2023-05-05T00:00:00,PHI vs. BOS,L,40.105,3,0,2,2,12,5,15,22,2,2,2,2,29.2,1,857,857,857,181,281,687,360,859,1304,724,1575,794,61,1559,787,515,508,1,40:06
2022-23,1629008,Michael Porter Jr.,Michael,1610612743,DEN,Denver Nuggets,0042200223,2023-05-05T00:00:00,DEN @ PHX,L,36.58,3,3,6,2,7,4,16,38,1,1,1,2,36.4,1,857,857,857,366,281,228,47,859,852,595,1626,1431,178,1165,405,515,326,1,36:35
2022-23,1627750,Jamal Murray,Jamal,1610612743,DEN,Denver Nuggets,0042200223,2023-05-05T00:00:00,DEN @ PHX,L,40.88333333333333,2,0,0,16,5,4,21,46,1,1,3,5,50.7,1,857,857,857,146,426,687,645,45,628,595,1710,1635,178,1165,1135,138,109,1,40:53
2022-23,203484,Kentavious Caldwell-Pope,Kentavious,1610612743,DEN,Denver Nuggets,0042200223,2023-05-05T00:00:00,DEN @ PHX,L,34.483333333333334,0,0,0,0,10,4,17,42,0,0,2,0,11.9,1,857,857,857,456,756,687,645,1176,1148,595,1650,1538,536,1,787,1103,1121,1,34:29
2022-23,203932,Aaron Gordon,Aaron,1610612743,DEN,Denver Nuggets,0042200223,2023-05-05T00:00:00,DEN @ PHX,L,39.11833333333333,0,2,1,4,8,2,21,40,2,2,3,4,24.9,1,857,857,857,236,756,357,622,612,941,277,1710,1486,61,1559,1135,244,643,1,39:07
2022-23,203999,Nikola Jokić,Nikola,1610612743,DEN,Denver Nuggets,0042200223,2023-05-05T00:00:00,DEN @ PHX,L,41.928333333333335,2,8,2,18,7,4,18,42,1,1,3,10,72.9,1,857,857,857,96,426,13,360,28,852,595,1673,1538,178,1165,1135,8,10,1,41:56
2022-23,1629684,Grant Williams,Grant,1610612738,BOS,Boston Celtics,0042200213,2023-05-05T00:00:00,BOS @ PHI,W,23.07,0,0,0,0,12,5,2,14,2,0,3,0,12.3,1,1,1,1,942,756,687,645,1176,1304,724,341,515,61,1,1135,1103,1106,1,23:04
2022-23,1628369,Jayson Tatum,Jayson,1610612738,BOS,Boston Celtics,0042200213,2023-05-05T00:00:00,BOS @ PHI,W,42.61666666666667,3,1,5,10,18,7,5,26,1,2,3,4,51.5,1,1,1,1,75,281,660,93,200,1612,966,745,941,178,1559,1135,244,103,1,42:37
2022-23,1628971,Bruce Brown,Bruce,1610612743,DEN,Denver Nuggets,0042200223,2023-05-05T00:00:00,DEN @ PHX,L,23.403333333333332,0,5,0,6,5,4,11,16,0,1,3,1,21.1,1,857,857,857,921,756,78,645,426,628,595,1355,580,536,1165,1135,747,769,1,23:24
2022-23,201145,Jeff Green,Jeff,1610612743,DEN,Denver Nuggets,0042200223,2023-05-05T00:00:00,DEN @ PHX,L,13.7,0,2,2,4,5,6,7,18,0,0,1,2,11.2,1,857,857,857,1246,756,357,360,612,628,856,938,648,536,1,405,515,1147,1,13:42
2022-23,202684,Tristan Thompson,Tristan,1610612747,LAL,Los Angeles Lakers,0042200232,2023-05-04T00:00:00,LAL @ GSW,L,12.0,2,3,2,4,0,7,0,6,0,0,1,4,12.8,1,857,857,857,1299,426,228,360,612,1,966,1,265,536,1,405,244,1089,1,12:00
2022-23,1629020,Jarred Vanderbilt,Jarred,1610612747,LAL,Los Angeles Lakers,0042200232,2023-05-04T00:00:00,LAL @ GSW,L,19.921666666666667,1,1,0,2,5,2,7,26,0,0,0,4,13.7,1,857,857,857,1049,715,660,645,859,628,277,938,941,536,1,1,244,1049,1,19:55
2022-23,203471,Dennis Schröder,Dennis,1610612747,LAL,Los Angeles Lakers,0042200232,2023-05-04T00:00:00,LAL @ GSW,L,18.916666666666668,0,0,0,0,9,6,10,22,0,0,3,3,15.6,1,857,857,857,1088,756,687,645,1176,1047,856,1250,794,536,1,1135,364,982,1,18:55
2022-23,1629060,Rui Hachimura,Rui,1610612747,LAL,Los Angeles Lakers,0042200232,2023-05-04T00:00:00,LAL @ GSW,L,22.316666666666666,1,0,1,8,12,6,10,22,0,1,1,1,29.0,1,857,857,857,961,715,687,622,300,1304,856,1250,794,536,1165,405,747,514,1,22:19
2022-23,1627885,Shaquille Harrison,Shaquille,1610612747,LAL,Los Angeles Lakers,0042200232,2023-05-04T00:00:00,LAL @ GSW,L,8.733333333333333,0,0,0,0,0,7,0,6,0,0,1,0,5.7,1,857,857,857,1397,756,687,645,1176,1,966,1,265,536,1,405,1103,1342,1,8:44
2022-23,202691,Klay Thompson,Klay,1610612744,GSW,Golden State Warriors,0042200232,2023-05-04T00:00:00,GSW vs. LAL,W,31.211666666666666,6,2,11,6,4,5,1,28,0,1,2,0,34.1,1,1,1,1,594,64,357,4,426,516,724,319,1014,536,1165,787,1103,380,1,31:13
2022-23,1627780,Gary Payton II,Gary,1610612744,GSW,Golden State Warriors,0042200232,2023-05-04T00:00:00,GSW vs. LAL,W,8.733333333333333,0,4,0,6,4,1,2,2,0,0,1,1,12.0,1,1,1,1,1397,756,136,645,426,516,249,341,96,536,1,405,747,1114,1,8:44
2022-23,1630228,Jonathan Kuminga,Jonathan,1610612744,GSW,Golden State Warriors,0042200232,2023-05-04T00:00:00,GSW vs. LAL,W,9.716666666666667,0,0,0,0,6,3,4,8,0,0,1,0,6.9,1,1,1,1,1369,756,687,645,1176,726,492,616,329,536,1,405,1103,1295,1,9:43
2022-23,2544,LeBron James,LeBron,1610612747,LAL,Los Angeles Lakers,0042200232,2023-05-04T00:00:00,LAL @ GSW,L,28.116666666666667,2,0,2,10,9,4,15,32,0,0,3,0,38.9,1,857,857,857,734,426,687,360,200,1047,595,1575,1205,536,1,1135,1103,269,1,28:07
2022-23,203952,Andrew Wiggins,Andrew,1610612744,GSW,Golden State Warriors,0042200232,2023-05-04T00:00:00,GSW vs. LAL,W,29.8,2,2,2,2,4,5,1,24,1,0,2,3,22.8,1,1,1,1,659,426,357,360,859,516,724,319,858,178,1,787,364,715,1,29:48
2022-23,203110,Draymond Green,Draymond,1610612744,GSW,Golden State Warriors,0042200232,2023-05-04T00:00:00,GSW vs. LAL,W,28.128333333333334,0,0,0,8,5,7,2,28,0,1,3,5,38.7,1,1,1,1,733,756,687,645,300,628,966,341,1014,536,1165,1135,138,272,1,28:08
2022-23,1629022,Lonnie Walker IV,Lonnie,1610612747,LAL,Los Angeles Lakers,0042200232,2023-05-04T00:00:00,LAL @ GSW,L,12.0,2,0,0,2,0,7,0,6,0,0,0,0,13.5,1,857,857,857,1299,426,687,645,859,1,966,1,265,536,1,1,1103,1056,1,12:00
2022-23,1630559,Austin Reaves,Austin,1610612747,LAL,Los Angeles Lakers,0042200232,2023-05-04T00:00:00,LAL @ GSW,L,24.883333333333333,0,0,0,2,10,2,12,30,0,0,1,0,12.8,1,857,857,857,868,756,687,645,859,1148,277,1412,1116,536,1,405,1103,1089,1,24:53
2022-23,203076,Anthony Davis,Anthony,1610612747,LAL,Los Angeles Lakers,0042200232,2023-05-04T00:00:00,LAL @ GSW,L,32.91166666666667,0,2,0,8,11,4,14,36,3,0,3,4,33.4,1,857,857,857,518,756,357,645,300,1226,595,1527,1361,22,1,1135,244,396,1,32:55
2022-23,1630541,Moses Moody,Moses,1610612744,GSW,Golden State Warriors,0042200232,2023-05-04T00:00:00,GSW vs. LAL,W,25.933333333333334,2,3,0,2,9,3,7,24,1,0,2,2,24.4,1,1,1,1,824,426,228,645,859,1047,492,938,858,178,1,787,515,662,1,25:56
2022-23,1626172,Kevon Looney,Kevon,1610612744,GSW,Golden State Warriors,0042200232,2023-05-04T00:00:00,GSW vs. LAL,W,11.726666666666667,0,0,0,6,3,0,3,12,0,0,0,0,15.6,1,1,1,1,1315,756,687,645,426,423,1,525,451,536,1,1,1103,982,1,11:44
2022-23,203210,JaMychal Green,JaMychal,1610612744,GSW,Golden State Warriors,0042200232,2023-05-04T00:00:00,GSW vs. LAL,W,12.533333333333333,0,0,2,6,3,3,0,12,0,0,3,0,18.2,1,1,1,1,1282,756,687,360,426,423,492,1,451,536,1,1135,1103,868,1,12:32
2022-23,1629673,Jordan Poole,Jordan,1610612744,GSW,Golden State Warriors,0042200232,2023-05-04T00:00:00,GSW vs. LAL,W,15.7,0,2,2,6,2,2,2,14,0,0,5,0,14.3,1,1,1,1,1181,756,357,360,426,264,277,341,515,536,1,1614,1103,1029,1,15:42
2022-23,1627736,Malik Beasley,Malik,1610612747,LAL,Los Angeles Lakers,0042200232,2023-05-04T00:00:00,LAL @ GSW,L,12.0,2,0,2,2,0,7,0,6,0,1,1,0,6.2,1,857,857,857,1299,426,687,360,859,1,966,1,265,536,1165,405,1103,1317,1,12:00
2022-23,1629117,Wenyen Gabriel,Wenyen,1610612747,LAL,Los Angeles Lakers,0042200232,2023-05-04T00:00:00,LAL @ GSW,L,2.716666666666667,0,0,0,0,3,2,3,4,0,0,0,0,0.0,1,857,857,857,1599,756,687,645,1176,423,277,525,183,536,1,1,1103,1601,1,2:43
2022-23,1630237,Anthony Lamb,Anthony,1610612744,GSW,Golden State Warriors,0042200232,2023-05-04T00:00:00,GSW vs. LAL,W,8.733333333333333,0,0,0,0,4,1,2,2,0,0,1,0,2.4,1,1,1,1,1397,756,687,645,1176,516,249,341,96,536,1,405,1103,1494,1,8:44
2022-23,201939,Stephen Curry,Stephen,1610612744,GSW,Golden State Warriors,0042200232,2023-05-04T00:00:00,GSW vs. LAL,W,29.538333333333334,4,0,0,4,7,5,4,28,0,1,3,2,42.8,1,1,1,1,675,175,687,645,612,852,724,616,1014,536,1165,1135,515,210,1,29:32
2022-23,1628972,Troy Brown Jr.,Troy,1610612747,LAL,Los Angeles Lakers,0042200232,2023-05-04T00:00:00,LAL @ GSW,L,8.483333333333333,0,0,0,0,2,0,0,4,0,0,0,0,4.5,1,857,857,857,1405,756,687,645,1176,264,1,1,183,536,1,1,1103,1389,1,8:29
2022-23,1626156,D'Angelo Russell,D'Angelo,1610612747,LAL,Los Angeles Lakers,0042200232,2023-05-04T00:00:00,LAL @ GSW,L,27.75,2,2,0,4,9,4,14,34,0,1,1,5,26.2,1,857,857,857,751,426,357,645,612,1047,595,1527,1287,536,1165,405,138,586,1,27:45
2022-23,1631108,Max Christie,Max,1610612747,LAL,Los Angeles Lakers,0042200232,2023-05-04T00:00:00,LAL @ GSW,L,9.25,0,0,0,0,0,7,0,6,0,0,0,2,3.2,1,857,857,857,1382,756,687,645,1176,1,966,1,265,536,1,1,515,1444,1,9:15
2022-23,1628978,Donte DiVincenzo,Donte,1610612744,GSW,Golden State Warriors,0042200232,2023-05-04T00:00:00,GSW vs. LAL,W,28.245,0,0,0,2,9,5,7,28,1,0,0,2,17.8,1,1,1,1,727,756,687,645,859,1047,724,938,1014,178,1,1,515,895,1,28:15
2022-23,1627777,Georges Niang,Georges,1610612755,PHI,Philadelphia 76ers,0042200212,2023-05-03T00:00:00,PHI @ BOS,L,13.416666666666666,0,0,0,0,0,4,9,12,0,1,1,1,2.0,1,857,857,857,1257,756,687,645,1176,1,595,1158,451,536,1165,405,747,1507,1,13:25
2022-23,1629003,Shake Milton,Shake,1610612755,PHI,Philadelphia 76ers,0042200212,2023-05-03T00:00:00,PHI @ BOS,L,8.6,0,2,0,4,4,5,0,8,0,0,0,1,11.2,1,857,857,857,1401,756,357,645,612,516,724,1,329,536,1,1,747,1147,1,8:36
2022-23,1629684,Grant Williams,Grant,1610612738,BOS,Boston Celtics,0042200212,2023-05-03T00:00:00,BOS vs. PHI,W,28.95,0,0,0,0,2,11,10,26,0,0,2,0,25.8,1,1,1,1,697,756,687,645,1176,264,1346,1250,941,536,1,787,1103,600,1,28:57
2022-23,201143,Al Horford,Al,1610612738,BOS,Boston Celtics,0042200212,2023-05-03T00:00:00,BOS vs. PHI,W,23.616666666666667,5,5,0,2,1,4,8,14,2,0,2,0,25.4,1,1,1,1,913,111,78,645,859,250,595,1046,515,61,1,787,1103,618,1,23:37
2022-23,1627788,Furkan Korkmaz,Furkan,1610612755,PHI,Philadelphia 76ers,0042200212,2023-05-03T00:00:00,PHI @ BOS,L,5.0,2,0,0,0,4,2,0,8,0,0,0,1,1.0,1,857,857,857,1478,426,687,645,1176,516,277,1,329,536,1,1,747,1583,1,5:00
2022-23,1627763,Malcolm Brogdon,Malcolm,1610612738,BOS,Boston Celtics,0042200212,2023-05-03T00:00:00,BOS vs. PHI,W,24.166666666666668,0,0,8,2,2,9,8,24,1,2,2,4,36.2,1,1,1,1,895,756,687,20,859,264,1190,1046,858,178,1559,787,244,331,1,24:10
2022-23,203954,Joel Embiid,Joel,1610612755,PHI,Philadelphia 76ers,0042200212,2023-05-03T00:00:00,PHI @ BOS,L,26.616666666666667,3,0,1,4,6,11,7,20,5,0,2,4,30.6,1,857,857,857,796,281,687,622,612,726,1346,938,729,2,1,787,244,474,1,26:37
2022-23,1629667,Jalen McDaniels,Jalen,1610612755,PHI,Philadelphia 76ers,0042200212,2023-05-03T00:00:00,PHI @ BOS,L,12.651666666666667,0,0,0,0,0,7,0,6,0,0,1,0,4.2,1,857,857,857,1278,756,687,645,1176,1,966,1,265,536,1,405,1103,1405,1,12:39
2022-23,1627759,Jaylen Brown,Jaylen,1610612738,BOS,Boston Celtics,0042200212,2023-05-03T00:00:00,BOS vs. PHI,W,30.065,2,4,0,10,1,7,12,22,0,2,1,4,39.6,1,1,1,1,643,426,136,645,200,250,966,1412,794,536,1559,405,244,256,1,30:04
2022-23,203935,Marcus Smart,Marcus,1610612738,BOS,Boston Celtics,0042200212,2023-05-03T00:00:00,BOS vs. PHI,W,27.001666666666665,0,2,0,8,3,4,8,16,1,2,0,1,26.0,1,1,1,1,777,756,357,645,300,423,595,1046,580,178,1559,1,747,593,1,27:00
2022-23,203473,Dewayne Dedmon,Dewayne,1610612755,PHI,Philadelphia 76ers,0042200212,2023-05-03T00:00:00,PHI @ BOS,L,5.0,0,0,0,0,4,2,0,8,0,0,1,0,0.2,1,857,857,857,1478,756,687,645,1176,516,277,1,329,536,1,405,1103,1594,1,5:00
2022-23,202699,Tobias Harris,Tobias,1610612755,PHI,Philadelphia 76ers,0042200212,2023-05-03T00:00:00,PHI @ BOS,L,32.515,0,7,4,6,9,12,15,24,0,1,0,0,24.4,1,857,857,857,537,756,24,145,426,1047,1417,1575,858,536,1165,1,1103,662,1,32:31
2022-23,1630202,Payton Pritchard,Payton,1610612738,BOS,Boston Celtics,0042200212,2023-05-03T00:00:00,BOS vs. PHI,W,12.0,2,3,0,2,2,5,0,8,0,0,1,0,15.9,1,1,1,1,1299,426,228,645,859,264,724,1,329,536,1,405,1103,972,1,12:00
2022-23,1627863,Danuel House Jr.,Danuel,1610612755,PHI,Philadelphia 76ers,0042200212,2023-05-03T00:00:00,PHI @ BOS,L,8.4,0,0,0,2,4,5,0,8,0,1,0,1,4.2,1,857,857,857,1409,756,687,645,859,516,724,1,329,536,1165,1,747,1405,1,8:24
2022-23,200782,P.J. Tucker,P.J.,1610612755,PHI,Philadelphia 76ers,0042200212,2023-05-03T00:00:00,PHI @ BOS,L,21.35,0,0,0,2,6,9,6,14,1,1,3,2,11.8,1,857,857,857,1006,756,687,645,859,726,1190,832,515,178,1165,1135,515,1126,1,21:21
2022-23,1629057,Robert Williams III,Robert,1610612738,BOS,Boston Celtics,0042200212,2023-05-03T00:00:00,BOS vs. PHI,W,21.583333333333332,0,2,0,2,3,7,7,16,3,0,1,0,25.4,1,1,1,1,998,756,357,645,859,423,966,938,580,22,1,405,1103,618,1,21:35
2022-23,1629001,De'Anthony Melton,De'Anthony,1610612755,PHI,Philadelphia 76ers,0042200212,2023-05-03T00:00:00,PHI @ BOS,L,17.5,0,0,0,0,3,7,11,14,0,0,1,0,9.4,1,857,857,857,1128,756,687,645,1176,423,966,1355,515,536,1,405,1103,1204,1,17:30
2022-23,1630551,Justin Champagnie,Justin,1610612738,BOS,Boston Celtics,0042200212,2023-05-03T00:00:00,BOS vs. PHI,W,5.0,0,0,0,0,2,3,0,4,0,0,1,0,0.0,1,1,1,1,1478,756,687,645,1176,264,492,1,183,536,1,405,1103,1601,1,5:00
2022-23,1628401,Derrick White,Derrick,1610612738,BOS,Boston Celtics,0042200212,2023-05-03T00:00:00,BOS vs. PHI,W,29.883333333333333,2,3,7,4,1,7,10,18,0,0,1,3,17.7,1,1,1,1,657,426,228,32,612,250,966,1250,648,536,1,405,364,898,1,29:53
2022-23,1630194,Paul Reed,Paul,1610612755,PHI,Philadelphia 76ers,0042200212,2023-05-03T00:00:00,PHI @ BOS,L,16.383333333333333,0,2,2,4,3,8,8,8,1,0,2,0,20.6,1,857,857,857,1155,756,357,360,612,423,1100,1046,329,178,1,787,1103,789,1,16:23
2022-23,1630178,Tyrese Maxey,Tyrese,1610612755,PHI,Philadelphia 76ers,0042200212,2023-05-03T00:00:00,PHI @ BOS,L,30.201666666666668,0,0,5,10,9,16,6,18,1,1,3,0,23.1,1,857,857,857,633,756,687,93,200,1047,1628,832,648,178,1165,1135,1103,701,1,30:12
2022-23,1628369,Jayson Tatum,Jayson,1610612738,BOS,Boston Celtics,0042200212,2023-05-03T00:00:00,BOS vs. PHI,W,19.333333333333332,0,0,0,0,2,2,7,6,1,2,4,4,20.9,1,1,1,1,1070,756,687,645,1176,264,277,938,265,178,1559,1436,244,774,1,19:20
2022-23,1630531,Jaden Springer,Jaden,1610612755,PHI,Philadelphia 76ers,0042200212,2023-05-03T00:00:00,PHI @ BOS,L,10.033333333333333,0,1,0,0,4,5,0,8,0,0,1,1,2.0,1,857,857,857,1361,756,660,645,1176,516,724,1,329,536,1,405,747,1507,1,10:02
2022-23,203488,Mike Muscala,Mike,1610612738,BOS,Boston Celtics,0042200212,2023-05-03T00:00:00,BOS vs. PHI,W,5.0,0,0,0,0,2,3,0,4,0,0,1,0,4.5,1,1,1,1,1478,756,687,645,1176,264,492,1,183,536,1,405,1103,1389,1,5:00
2022-23,1630573,Sam Hauser,Sam,1610612738,BOS,Boston Celtics,0042200212,2023-05-03T00:00:00,BOS vs. PHI,W,8.4,0,0,0,0,2,5,0,8,0,0,1,0,3.0,1,1,1,1,1409,756,687,645,1176,264,724,1,329,536,1,405,1103,1455,1,8:24
2022-23,201935,James Harden,James,1610612755,PHI,Philadelphia 76ers,0042200212,2023-05-03T00:00:00,PHI @ BOS,L,32.33166666666666,0,2,2,2,9,12,13,24,0,3,2,6,30.0,1,857,857,857,545,756,357,360,859,1047,1417,1477,858,536,1678,787,86,491,1,32:20
2022-23,1628436,Luke Kornet,Luke,1610612738,BOS,Boston Celtics,0042200212,2023-05-03T00:00:00,BOS vs. PHI,W,5.0,2,2,0,6,2,3,0,4,0,0,0,1,10.8,1,1,1,1,1478,426,357,645,426,264,492,1,183,536,1,1,747,1162,1,5:00
2022-23,1628389,Bam Adebayo,Bam,1610612748,MIA,Miami Heat,0042200202,2023-05-02T00:00:00,MIA @ NYK,L,38.1,4,0,0,10,9,13,2,24,1,0,5,8,35.6,1,857,857,857,289,175,687,645,200,1047,1482,341,858,178,1,1614,25,343,1,38:06
2022-23,1628392,Isaiah Hartenstein,Isaiah,1610612752,NYK,New York Knicks,0042200202,2023-05-02T00:00:00,NYK vs. MIA,W,26.0,0,0,0,2,8,5,0,12,1,0,5,5,21.3,1,1,1,1,818,756,687,645,859,941,724,1,451,178,1,1614,138,764,1,26:00
2022-23,203076,Anthony Davis,Anthony,1610612747,LAL,Los Angeles Lakers,0042200231,2023-05-02T00:00:00,LAL @ GSW,W,43.833333333333336,2,2,0,18,11,14,14,26,4,0,2,6,76.1,1,1,1,1,41,426,357,645,28,1226,1544,1527,941,8,1,787,86,6,1,43:50
2022-23,1630559,Austin Reaves,Austin,1610612747,LAL,Los Angeles Lakers,0042200231,2023-05-02T00:00:00,LAL @ GSW,W,38.53333333333333,4,3,0,2,8,12,14,22,0,0,2,1,20.5,1,1,1,1,269,175,228,645,859,941,1417,1527,794,536,1,787,747,793,1,38:32
2022-23,1626156,D'Angelo Russell,D'Angelo,1610612747,LAL,Los Angeles Lakers,0042200231,2023-05-02T00:00:00,LAL @ GSW,W,32.93333333333333,0,2,0,12,8,12,11,18,1,0,1,4,36.6,1,1,1,1,515,756,357,645,138,941,1417,1355,648,178,1,405,244,322,1,32:56
2022-23,1629622,Max Strus,Max,1610612748,MIA,Miami Heat,0042200202,2023-05-02T00:00:00,MIA @ NYK,L,25.0,2,2,0,8,3,7,0,14,0,1,5,2,19.7,1,857,857,857,861,426,357,645,300,423,966,1,515,536,1165,1614,515,822,1,25:00
2022-23,203210,JaMychal Green,JaMychal,1610612744,GSW,Golden State Warriors,0042200231,2023-05-02T00:00:00,GSW vs. LAL,L,7.751666666666667,3,0,0,0,4,3,4,10,0,0,1,0,6.0,1,857,857,857,1425,281,687,645,1176,516,492,616,389,536,1,405,1103,1332,1,7:45
2022-23,201939,Stephen Curry,Stephen,1610612744,GSW,Golden State Warriors,0042200231,2023-05-02T00:00:00,GSW vs. LAL,L,37.50833333333333,6,0,2,4,9,12,9,42,0,4,3,5,36.7,1,857,857,857,324,64,687,360,612,1047,1417,1158,1538,536,1712,1135,138,320,1,37:31
2022-23,203952,Andrew Wiggins,Andrew,1610612744,GSW,Golden State Warriors,0042200231,2023-05-02T00:00:00,GSW vs. LAL,L,33.721666666666664,0,4,3,4,9,10,7,38,0,2,3,1,20.2,1,857,857,857,483,756,136,258,612,1047,1282,938,1431,536,1559,1135,747,807,1,33:43
2022-23,202691,Klay Thompson,Klay,1610612744,GSW,Golden State Warriors,0042200231,2023-05-02T00:00:00,GSW vs. LAL,L,37.45,2,0,9,2,4,9,8,38,0,0,3,3,34.6,1,857,857,857,326,426,687,13,859,516,1190,1046,1431,536,1,1135,364,365,1,37:27
2022-23,1628978,Donte DiVincenzo,Donte,1610612744,GSW,Golden State Warriors,0042200231,2023-05-02T00:00:00,GSW vs. LAL,L,12.186666666666667,0,0,0,0,5,5,5,16,0,0,1,0,12.6,1,857,857,857,1293,756,687,645,1176,628,724,745,580,536,1,405,1103,1099,1,12:11
2022-23,1629117,Wenyen Gabriel,Wenyen,1610612747,LAL,Los Angeles Lakers,0042200231,2023-05-02T00:00:00,LAL @ GSW,W,4.166666666666667,0,0,0,0,3,0,0,2,0,0,0,0,2.4,1,1,1,1,1516,756,687,645,1176,423,1,1,96,536,1,1,1103,1494,1,4:10
2022-23,203469,Cody Zeller,Cody,1610612748,MIA,Miami Heat,0042200202,2023-05-02T00:00:00,MIA @ NYK,L,7.35,2,0,0,2,0,3,3,8,0,0,2,1,2.2,1,857,857,857,1436,426,687,645,859,1,492,525,329,536,1,787,747,1503,1,7:21
2022-23,201567,Kevin Love,Kevin,1610612748,MIA,Miami Heat,0042200202,2023-05-02T00:00:00,MIA @ NYK,L,23.633333333333333,3,0,0,0,5,6,0,16,0,0,1,2,14.7,1,857,857,857,909,281,687,645,1176,628,856,1,580,536,1,405,515,1011,1,23:38
2022-23,203944,Julius Randle,Julius,1610612752,NYK,New York Knicks,0042200202,2023-05-02T00:00:00,NYK vs. MIA,W,37.675,0,4,0,4,14,7,0,30,0,1,1,4,48.4,1,1,1,1,312,756,136,645,612,1433,966,1,1116,536,1165,405,244,129,1,37:41
2022-23,203471,Dennis Schröder,Dennis,1610612747,LAL,Los Angeles Lakers,0042200231,2023-05-02T00:00:00,LAL @ GSW,W,31.2,2,1,4,6,12,8,5,20,0,1,2,7,28.9,1,1,1,1,595,426,660,145,426,1304,1100,745,729,536,1165,787,47,517,1,31:12
2022-23,1629011,Mitchell Robinson,Mitchell,1610612752,NYK,New York Knicks,0042200202,2023-05-02T00:00:00,NYK vs. MIA,W,20.713333333333335,0,5,0,4,11,2,0,26,0,0,4,3,12.0,1,1,1,1,1026,756,78,645,612,1226,277,1,941,536,1,1436,364,1114,1,20:43
2022-23,1629628,RJ Barrett,RJ,1610612752,NYK,New York Knicks,0042200202,2023-05-02T00:00:00,NYK vs. MIA,W,38.18333333333333,3,0,0,6,17,7,0,30,0,1,1,3,29.1,1,1,1,1,287,281,687,645,426,1579,966,1,1116,536,1165,405,364,511,1,38:11
2022-23,1629020,Jarred Vanderbilt,Jarred,1610612747,LAL,Los Angeles Lakers,0042200231,2023-05-02T00:00:00,LAL @ GSW,W,25.783333333333335,1,4,1,2,5,6,9,14,2,1,4,3,29.2,1,1,1,1,827,715,136,622,859,628,856,1158,515,61,1165,1436,364,508,1,25:47
2022-23,1626172,Kevon Looney,Kevon,1610612744,GSW,Golden State Warriors,0042200231,2023-05-02T00:00:00,GSW vs. LAL,L,29.481666666666666,0,4,0,10,5,11,8,38,0,3,3,1,44.1,1,857,857,857,680,756,136,645,200,628,1346,1046,1431,536,1678,1135,747,196,1,29:29
2022-23,1628973,Jalen Brunson,Jalen,1610612752,NYK,New York Knicks,0042200202,2023-05-02T00:00:00,NYK vs. MIA,W,39.46666666666667,4,4,0,8,14,7,0,30,0,0,1,3,44.0,1,1,1,1,216,175,136,645,300,1433,966,1,1116,536,1,405,364,198,1,39:28
2022-23,200768,Kyle Lowry,Kyle,1610612748,MIA,Miami Heat,0042200202,2023-05-02T00:00:00,MIA @ NYK,L,31.116666666666667,2,0,0,6,6,12,5,22,1,0,2,0,24.8,1,857,857,857,599,426,687,645,426,726,1417,745,794,178,1,787,1103,648,1,31:07
2022-23,1630541,Moses Moody,Moses,1610612744,GSW,Golden State Warriors,0042200231,2023-05-02T00:00:00,GSW vs. LAL,L,6.066666666666666,0,0,0,0,0,2,0,6,0,0,0,0,2.7,1,857,857,857,1452,756,687,645,1176,1,277,1,265,536,1,1,1103,1478,1,6:04
2022-23,1628404,Josh Hart,Josh,1610612752,NYK,New York Knicks,0042200202,2023-05-02T00:00:00,NYK vs. MIA,W,32.5,2,3,2,4,12,7,0,24,0,0,3,5,42.7,1,1,1,1,538,426,228,360,612,1304,966,1,858,536,1,1135,138,211,1,32:30
2022-23,1628972,Troy Brown Jr.,Troy,1610612747,LAL,Los Angeles Lakers,0042200231,2023-05-02T00:00:00,LAL @ GSW,W,12.156666666666666,0,0,0,0,6,2,3,4,0,0,1,0,3.0,1,1,1,1,1294,756,687,645,1176,726,277,525,183,536,1,405,1103,1455,1,12:09
2022-23,1629216,Gabe Vincent,Gabe,1610612748,MIA,Miami Heat,0042200202,2023-05-02T00:00:00,MIA @ NYK,L,40.8,3,3,0,4,7,14,3,28,0,1,3,3,30.9,1,857,857,857,152,281,228,645,612,852,1544,525,1014,536,1165,1135,364,467,1,40:48
2022-23,1629312,Haywood Highsmith,Haywood,1610612748,MIA,Miami Heat,0042200202,2023-05-02T00:00:00,MIA @ NYK,L,15.336666666666666,3,0,0,2,2,6,2,10,0,0,2,1,10.6,1,857,857,857,1191,281,687,645,859,264,856,341,389,536,1,787,747,1171,1,15:20
2022-23,1630193,Immanuel Quickley,Immanuel,1610612752,NYK,New York Knicks,0042200202,2023-05-02T00:00:00,NYK vs. MIA,W,9.286666666666667,0,0,0,4,10,0,0,10,0,0,2,0,5.2,1,1,1,1,1380,756,687,645,612,1148,1,1,389,536,1,787,1103,1364,1,9:17
2022-23,1629656,Quentin Grimes,Quentin,1610612752,NYK,New York Knicks,0042200202,2023-05-02T00:00:00,NYK vs. MIA,W,25.85,0,0,3,2,16,0,0,20,1,0,2,1,9.6,1,1,1,1,826,756,687,258,859,1534,1,1,729,178,1,787,747,1200,1,25:51
2022-23,1627780,Gary Payton II,Gary,1610612744,GSW,Golden State Warriors,0042200231,2023-05-02T00:00:00,GSW vs. LAL,L,12.051666666666666,0,2,0,2,0,2,2,14,0,0,1,0,8.6,1,857,857,857,1298,756,357,645,859,1,277,341,515,536,1,405,1103,1227,1,12:03
2022-23,1629673,Jordan Poole,Jordan,1610612744,GSW,Golden State Warriors,0042200231,2023-05-02T00:00:00,GSW vs. LAL,L,29.915,3,0,0,2,1,6,6,36,0,1,5,1,33.0,1,857,857,857,655,281,687,645,859,250,856,832,1361,536,1165,1614,747,412,1,29:55
2022-23,1628997,Caleb Martin,Caleb,1610612748,MIA,Miami Heat,0042200202,2023-05-02T00:00:00,MIA @ NYK,L,38.03666666666667,0,2,0,6,9,12,5,30,0,0,2,1,33.1,1,857,857,857,294,756,357,645,426,1047,1417,745,1116,536,1,787,747,408,1,38:02
2022-23,203110,Draymond Green,Draymond,1610612744,GSW,Golden State Warriors,0042200231,2023-05-02T00:00:00,GSW vs. LAL,L,33.86666666666667,0,4,0,4,8,10,6,32,3,0,4,1,33.3,1,857,857,857,475,756,136,645,612,941,1282,832,1205,22,1,1436,747,402,1,33:52
2022-23,1629130,Duncan Robinson,Duncan,1610612748,MIA,Miami Heat,0042200202,2023-05-02T00:00:00,MIA @ NYK,L,20.626666666666665,3,0,0,0,4,7,5,18,0,0,2,2,13.2,1,857,857,857,1030,281,687,645,1176,516,966,745,648,536,1,787,515,1070,1,20:38
2022-23,1629060,Rui Hachimura,Rui,1610612747,LAL,Los Angeles Lakers,0042200231,2023-05-02T00:00:00,LAL @ GSW,W,11.3,0,2,0,4,6,4,0,10,0,0,0,1,7.7,1,1,1,1,1328,756,357,645,612,726,595,1,389,536,1,1,747,1261,1,11:18
2022-23,2544,LeBron James,LeBron,1610612747,LAL,Los Angeles Lakers,0042200231,2023-05-02T00:00:00,LAL @ GSW,W,40.093333333333334,0,0,6,10,11,12,14,24,3,1,0,2,46.2,1,1,1,1,183,756,687,47,200,1226,1417,1527,858,22,1165,1,515,161,1,40:06
2022-23,1630167,Obi Toppin,Obi,1610612752,NYK,New York Knicks,0042200202,2023-05-02T00:00:00,NYK vs. MIA,W,10.325,0,0,0,0,8,0,0,8,0,0,1,0,1.2,1,1,1,1,1355,756,687,645,1176,941,1,1,329,536,1,405,1103,1542,1,10:20
2022-23,1629057,Robert Williams III,Robert,1610612738,BOS,Boston Celtics,0042200211,2023-05-01T00:00:00,BOS vs. PHI,L,19.766666666666666,0,0,2,6,5,6,4,10,0,0,1,0,14.4,1,857,857,857,1055,756,687,360,426,628,856,616,389,536,1,405,1103,1018,1,19:46
2022-23,1629667,Jalen McDaniels,Jalen,1610612755,PHI,Philadelphia 76ers,0042200211,2023-05-01T00:00:00,PHI @ BOS,W,11.213333333333333,0,0,0,0,0,0,8,20,0,0,0,0,1.2,1,1,1,1,1331,756,687,645,1176,1,1,1046,729,536,1,1,1103,1542,1,11:13
2022-23,1631128,Christian Braun,Christian,1610612743,DEN,Denver Nuggets,0042200222,2023-05-01T00:00:00,DEN vs. PHX,W,15.785,0,0,0,2,3,3,0,6,0,0,3,1,5.6,1,1,1,1,1178,756,687,645,859,423,492,1,265,536,1,1135,747,1348,1,15:47
2022-23,1627777,Georges Niang,Georges,1610612755,PHI,Philadelphia 76ers,0042200211,2023-05-01T00:00:00,PHI @ BOS,W,13.445,0,0,0,0,4,0,4,18,0,0,0,0,4.7,1,1,1,1,1253,756,687,645,1176,516,1,616,648,536,1,1,1103,1379,1,13:27
2022-23,201145,Jeff Green,Jeff,1610612743,DEN,Denver Nuggets,0042200222,2023-05-01T00:00:00,DEN vs. PHX,W,15.716666666666667,0,0,0,2,3,5,0,8,2,0,3,1,13.3,1,1,1,1,1180,756,687,645,859,423,724,1,329,61,1,1135,747,1066,1,15:43
2022-23,1629008,Michael Porter Jr.,Michael,1610612743,DEN,Denver Nuggets,0042200222,2023-05-01T00:00:00,DEN vs. PHX,W,23.281666666666666,0,0,3,4,4,5,9,14,1,1,0,1,14.3,1,1,1,1,929,756,687,258,612,516,724,1158,515,178,1165,1,747,1029,1,23:17
2022-23,1630573,Sam Hauser,Sam,1610612738,BOS,Boston Celtics,0042200211,2023-05-01T00:00:00,BOS vs. PHI,L,4.55,0,0,0,0,0,3,2,6,0,0,0,0,1.5,1,857,857,857,1498,756,687,645,1176,1,492,341,265,536,1,1,1103,1524,1,4:33
2022-23,200782,P.J. Tucker,P.J.,1610612755,PHI,Philadelphia 76ers,0042200211,2023-05-01T00:00:00,PHI @ BOS,W,36.60333333333333,0,0,0,0,9,10,10,48,0,0,4,0,12.5,1,1,1,1,365,756,687,645,1176,1047,1282,1250,1668,536,1,1436,1103,1102,1,36:36
2022-23,1628470,Torrey Craig,Torrey,1610612756,PHX,Phoenix Suns,0042200222,2023-05-01T00:00:00,PHX @ DEN,L,11.215,0,0,0,0,2,0,2,10,0,0,0,0,1.2,1,857,857,857,1330,756,687,645,1176,264,1,341,389,536,1,1,1103,1542,1,11:13
2022-23,203935,Marcus Smart,Marcus,1610612738,BOS,Boston Celtics,0042200211,2023-05-01T00:00:00,BOS vs. PHI,L,35.25333333333333,3,0,0,8,17,5,6,32,0,0,3,5,20.1,1,857,857,857,432,281,687,645,300,1579,724,832,1205,536,1,1135,138,812,1,35:15
2022-23,202687,Bismack Biyombo,Bismack,1610612756,PHX,Phoenix Suns,0042200222,2023-05-01T00:00:00,PHX @ DEN,L,9.566666666666666,0,0,0,2,1,4,3,10,0,0,3,0,5.8,1,857,857,857,1375,756,687,645,859,250,595,525,389,536,1,1135,1103,1339,1,9:34
2022-23,1628401,Derrick White,Derrick,1610612738,BOS,Boston Celtics,0042200211,2023-05-01T00:00:00,BOS vs. PHI,L,27.133333333333333,0,0,0,2,14,7,6,28,0,0,2,2,11.9,1,857,857,857,774,756,687,645,859,1433,966,832,1014,536,1,787,515,1121,1,27:08
2022-23,1628971,Bruce Brown,Bruce,1610612743,DEN,Denver Nuggets,0042200222,2023-05-01T00:00:00,DEN vs. PHX,W,24.651666666666667,1,0,0,4,5,7,2,16,1,1,4,3,18.3,1,1,1,1,874,715,687,645,612,628,966,341,580,178,1165,1436,364,864,1,24:39
2022-23,1629684,Grant Williams,Grant,1610612738,BOS,Boston Celtics,0042200211,2023-05-01T00:00:00,BOS vs. PHI,L,4.013333333333334,0,0,0,0,0,2,0,4,0,0,0,1,0.0,1,857,857,857,1520,756,687,645,1176,1,277,1,183,536,1,1,747,1601,1,4:01
2022-23,1629006,Josh Okogie,Josh,1610612756,PHX,Phoenix Suns,0042200222,2023-05-01T00:00:00,PHX @ DEN,L,21.65,0,0,0,2,2,2,2,26,0,0,3,0,3.5,1,857,857,857,994,756,687,645,859,264,277,341,941,536,1,1135,1103,1434,1,21:39
2022-23,1626166,Cameron Payne,Cameron,1610612756,PHX,Phoenix Suns,0042200222,2023-05-01T00:00:00,PHX @ DEN,L,16.7,0,0,0,0,3,2,2,12,1,1,4,2,7.7,1,857,857,857,1147,756,687,645,1176,423,277,341,451,178,1165,1436,515,1261,1,16:42
2022-23,1630688,Ish Wainright,Ish,1610612756,PHX,Phoenix Suns,0042200222,2023-05-01T00:00:00,PHX @ DEN,L,2.3833333333333333,0,0,0,0,2,0,2,4,0,0,1,0,0.0,1,857,857,857,1616,756,687,645,1176,264,1,341,183,536,1,405,1103,1601,1,2:23
2022-23,1629111,Jock Landale,Jock,1610612756,PHX,Phoenix Suns,0042200222,2023-05-01T00:00:00,PHX @ DEN,L,5.416666666666667,0,0,0,0,2,0,2,6,0,0,0,4,4.2,1,857,857,857,1468,756,687,645,1176,264,1,341,265,536,1,1,244,1405,1,5:25
2022-23,1627814,Damion Lee,Damion,1610612756,PHX,Phoenix Suns,0042200222,2023-05-01T00:00:00,PHX @ DEN,L,25.618333333333332,0,0,0,0,2,4,3,26,0,1,1,1,10.2,1,857,857,857,839,756,687,645,1176,264,595,525,941,536,1165,405,747,1182,1,25:37
2022-23,1630178,Tyrese Maxey,Tyrese,1610612755,PHI,Philadelphia 76ers,0042200211,2023-05-01T00:00:00,PHI @ BOS,W,35.8,5,4,4,14,13,9,8,48,0,2,5,4,42.2,1,1,1,1,411,111,136,145,84,1371,1190,1046,1668,536,1559,1614,244,222,1,35:48
2022-23,201142,Kevin Durant,Kevin,1610612756,PHX,Phoenix Suns,0042200222,2023-05-01T00:00:00,PHX @ DEN,L,44.38333333333333,3,0,4,4,4,6,5,44,2,1,4,6,45.1,1,857,857,857,31,281,687,145,612,516,856,745,1602,61,1165,1436,86,182,1,44:23
2022-23,1629028,Deandre Ayton,Deandre,1610612756,PHX,Phoenix Suns,0042200222,2023-05-01T00:00:00,PHX @ DEN,L,33.016666666666666,0,0,2,12,3,2,2,32,1,2,5,0,28.6,1,857,857,857,511,756,687,360,138,423,277,341,1205,178,1559,1614,1103,524,1,33:01
2022-23,1626164,Devin Booker,Devin,1610612756,PHX,Phoenix Suns,0042200222,2023-05-01T00:00:00,PHX @ DEN,L,44.666666666666664,2,10,5,8,6,6,7,42,0,1,4,3,48.0,1,857,857,857,22,426,6,93,300,726,856,938,1538,536,1165,1436,364,137,1,44:40
2022-23,203999,Nikola Jokić,Nikola,1610612743,DEN,Denver Nuggets,0042200222,2023-05-01T00:00:00,DEN vs. PHX,W,41.266666666666666,0,4,2,24,4,10,11,30,1,1,2,5,71.7,1,1,1,1,132,756,136,360,6,516,1282,1355,1116,178,1165,787,138,14,1,41:16
2022-23,101108,Chris Paul,Chris,1610612756,PHX,Phoenix Suns,0042200222,2023-05-01T00:00:00,PHX @ DEN,L,25.383333333333333,2,0,0,2,3,4,5,28,0,0,0,0,23.0,1,857,857,857,849,426,687,645,859,423,595,745,1014,536,1,1,1103,705,1,25:23
2022-23,201143,Al Horford,Al,1610612738,BOS,Boston Celtics,0042200211,2023-05-01T00:00:00,BOS vs. PHI,L,30.05,4,2,0,8,17,6,8,34,3,0,0,2,29.7,1,857,857,857,644,175,357,645,300,1579,856,1046,1287,22,1,1,515,499,1,30:03
2022-23,1628369,Jayson Tatum,Jayson,1610612738,BOS,Boston Celtics,0042200211,2023-05-01T00:00:00,BOS vs. PHI,L,43.75,0,7,2,20,20,10,10,38,1,2,2,4,64.7,1,857,857,857,42,756,24,360,20,1671,1282,1250,1431,178,1559,787,244,33,1,43:45
2022-23,1629001,De'Anthony Melton,De'Anthony,1610612755,PHI,Philadelphia 76ers,0042200211,2023-05-01T00:00:00,PHI @ BOS,W,24.62,0,3,2,2,6,5,6,36,2,1,2,0,26.2,1,1,1,1,878,756,228,360,859,726,724,832,1361,61,1165,787,1103,586,1,24:37
2022-23,201935,James Harden,James,1610612755,PHI,Philadelphia 76ers,0042200211,2023-05-01T00:00:00,PHI @ BOS,W,39.35,7,5,2,10,9,12,14,52,0,0,4,4,58.2,1,1,1,1,222,41,78,360,200,1047,1417,1527,1701,536,1,1436,244,60,1,39:21
2022-23,203484,Kentavious Caldwell-Pope,Kentavious,1610612743,DEN,Denver Nuggets,0042200222,2023-05-01T00:00:00,DEN vs. PHX,W,41.09,0,2,0,2,4,10,11,28,0,0,2,3,25.0,1,1,1,1,138,756,357,645,859,516,1282,1355,1014,536,1,787,364,640,1,41:05
2022-23,1627759,Jaylen Brown,Jaylen,1610612738,BOS,Boston Celtics,0042200211,2023-05-01T00:00:00,BOS vs. PHI,L,41.63333333333333,4,3,4,10,18,9,6,34,0,1,1,5,35.2,1,857,857,857,114,175,228,145,200,1612,1190,832,1287,536,1165,405,138,354,1,41:38
2022-23,1627750,Jamal Murray,Jamal,1610612743,DEN,Denver Nuggets,0042200222,2023-05-01T00:00:00,DEN vs. PHX,W,39.19166666666667,0,0,0,4,5,5,11,26,0,1,0,4,23.8,1,1,1,1,230,756,687,645,612,628,724,1355,941,536,1165,1,244,672,1,39:12
2022-23,1630194,Paul Reed,Paul,1610612755,PHI,Philadelphia 76ers,0042200211,2023-05-01T00:00:00,PHI @ BOS,W,37.36833333333333,6,0,0,6,13,12,10,48,1,1,4,2,34.6,1,1,1,1,333,64,687,645,426,1371,1417,1250,1668,178,1165,1436,515,365,1,37:22
2022-23,1627763,Malcolm Brogdon,Malcolm,1610612738,BOS,Boston Celtics,0042200211,2023-05-01T00:00:00,BOS vs. PHI,L,33.85,2,0,6,12,9,12,8,24,0,1,1,1,27.1,1,857,857,857,477,426,687,47,138,1047,1417,1046,858,536,1165,405,747,561,1,33:51
2022-23,203932,Aaron Gordon,Aaron,1610612743,DEN,Denver Nuggets,0042200222,2023-05-01T00:00:00,DEN vs. PHX,W,39.016666666666666,5,0,2,6,7,5,11,22,1,0,2,7,25.7,1,1,1,1,241,111,687,360,426,852,724,1355,794,178,1,787,47,604,1,39:01
2022-23,202699,Tobias Harris,Tobias,1610612755,PHI,Philadelphia 76ers,0042200211,2023-05-01T00:00:00,PHI @ BOS,W,41.6,2,0,2,10,11,12,10,60,1,0,1,0,34.5,1,1,1,1,116,426,687,360,200,1226,1417,1250,1726,178,1,405,1103,370,1,41:36
2022-23,1630228,Jonathan Kuminga,Jonathan,1610612744,GSW,Golden State Warriors,0042200167,2023-04-30T00:00:00,GSW @ SAC,W,2.65,0,0,0,0,0,4,0,2,0,0,0,0,0.0,1,1,1,1,1600,756,687,645,1176,1,595,1,96,536,1,1,1103,1601,1,2:39
2022-23,1626172,Kevon Looney,Kevon,1610612744,GSW,Golden State Warriors,0042200167,2023-04-30T00:00:00,GSW @ SAC,W,30.876666666666665,0,7,0,8,2,7,0,20,0,0,4,4,42.2,1,1,1,1,611,756,24,645,300,264,966,1,729,536,1,1436,244,222,1,30:53
2022-23,1626168,Trey Lyles,Trey,1610612758,SAC,Sacramento Kings,0042200167,2023-04-30T00:00:00,SAC vs. GSW,L,20.55,2,1,0,2,9,7,0,22,0,0,1,4,14.4,1,857,857,857,1034,426,660,645,859,1047,966,1,794,536,1,405,244,1018,1,20:33
2022-23,1629130,Duncan Robinson,Duncan,1610612748,MIA,Miami Heat,0042200201,2023-04-30T00:00:00,MIA @ NYK,W,12.5,0,0,0,0,4,2,3,14,0,0,1,0,1.5,1,1,1,1,1283,756,687,645,1176,516,277,525,515,536,1,405,1103,1524,1,12:30
2022-23,203110,Draymond Green,Draymond,1610612744,GSW,Golden State Warriors,0042200167,2023-04-30T00:00:00,GSW @ SAC,W,37.96666666666667,2,2,0,4,3,9,2,32,0,1,4,2,33.2,1,1,1,1,299,426,357,645,612,423,1190,341,1205,536,1165,1436,515,406,1,37:58
2022-23,1629628,RJ Barrett,RJ,1610612752,NYK,New York Knicks,0042200201,2023-04-30T00:00:00,NYK vs. MIA,L,39.833333333333336,0,3,1,14,15,7,15,30,0,3,3,4,46.3,1,857,857,857,201,756,228,622,84,1488,966,1575,1116,536,1678,1135,244,158,1,39:50
2022-23,1629056,Terence Davis,Terence,1610612758,SAC,Sacramento Kings,0042200167,2023-04-30T00:00:00,SAC vs. GSW,L,25.69333333333333,0,0,0,2,11,10,0,26,0,1,4,1,22.1,1,857,857,857,833,756,687,645,859,1226,1282,1,941,536,1165,1436,747,731,1,25:42
2022-23,203084,Harrison Barnes,Harrison,1610612758,SAC,Sacramento Kings,0042200167,2023-04-30T00:00:00,SAC vs. GSW,L,13.56,0,0,0,0,0,6,0,8,0,0,0,3,4.0,1,857,857,857,1250,756,687,645,1176,1,856,1,329,536,1,1,364,1421,1,13:34
2022-23,1627780,Gary Payton II,Gary,1610612744,GSW,Golden State Warriors,0042200167,2023-04-30T00:00:00,GSW @ SAC,W,16.263333333333332,0,0,0,2,3,8,0,14,4,0,4,1,18.1,1,1,1,1,1161,756,687,645,859,423,1100,1,515,8,1,1436,747,875,1,16:16
2022-23,1630541,Moses Moody,Moses,1610612744,GSW,Golden State Warriors,0042200167,2023-04-30T00:00:00,GSW @ SAC,W,15.093333333333334,0,0,0,0,3,9,2,12,1,0,1,0,7.0,1,1,1,1,1198,756,687,645,1176,423,1190,341,451,178,1,405,1103,1288,1,15:06
2022-23,1629656,Quentin Grimes,Quentin,1610612752,NYK,New York Knicks,0042200201,2023-04-30T00:00:00,NYK vs. MIA,L,10.466666666666667,1,0,1,0,2,2,0,8,0,0,2,1,7.0,1,857,857,857,1348,715,687,622,1176,264,277,1,329,536,1,787,747,1288,1,10:28
2022-23,1630193,Immanuel Quickley,Immanuel,1610612752,NYK,New York Knicks,0042200201,2023-04-30T00:00:00,NYK vs. MIA,L,27.283333333333335,0,0,0,4,15,5,2,22,0,0,2,2,14.9,1,857,857,857,770,756,687,645,612,1488,724,341,794,536,1,787,515,1006,1,27:17
2022-23,1628978,Donte DiVincenzo,Donte,1610612744,GSW,Golden State Warriors,0042200167,2023-04-30T00:00:00,GSW @ SAC,W,8.428333333333333,0,0,0,0,4,8,0,6,0,0,0,0,6.9,1,1,1,1,1408,756,687,645,1176,516,1100,1,265,536,1,1,1103,1295,1,8:26
2022-23,1628973,Jalen Brunson,Jalen,1610612752,NYK,New York Knicks,0042200201,2023-04-30T00:00:00,NYK vs. MIA,L,40.05,2,4,0,20,22,5,15,34,0,1,2,3,39.5,1,857,857,857,186,426,136,645,20,1698,724,1575,1287,536,1165,787,364,260,1,40:03
2022-23,1627734,Domantas Sabonis,Domantas,1610612758,SAC,Sacramento Kings,0042200167,2023-04-30T00:00:00,SAC vs. GSW,L,37.395,2,2,2,16,9,22,0,32,2,0,4,5,47.1,1,857,857,857,331,426,357,360,45,1047,1715,1,1205,61,1,1436,138,149,1,37:24
2022-23,1631099,Keegan Murray,Keegan,1610612758,SAC,Sacramento Kings,0042200167,2023-04-30T00:00:00,SAC vs. GSW,L,27.518333333333334,0,0,0,6,9,18,0,26,0,3,3,1,24.9,1,857,857,857,761,756,687,645,426,1047,1672,1,941,536,1678,1135,747,643,1,27:31
2022-23,203469,Cody Zeller,Cody,1610612748,MIA,Miami Heat,0042200201,2023-04-30T00:00:00,MIA @ NYK,W,8.25,1,0,1,0,2,2,1,6,0,0,0,1,5.2,1,1,1,1,1416,715,687,622,1176,264,277,319,265,536,1,1,747,1364,1,8:15
2022-23,1630556,Kessler Edwards,Kessler,1610612758,SAC,Sacramento Kings,0042200167,2023-04-30T00:00:00,SAC vs. GSW,L,2.65,0,0,0,0,0,0,0,0,0,0,0,0,1.2,1,857,857,857,1600,756,687,645,1176,1,1,1,1,536,1,1,1103,1542,1,2:39
2022-23,1628408,PJ Dozier,PJ,1610612758,SAC,Sacramento Kings,0042200167,2023-04-30T00:00:00,SAC vs. GSW,L,2.65,0,3,0,2,0,0,0,0,0,0,0,0,5.0,1,857,857,857,1600,756,228,645,859,1,1,1,1,536,1,1,1103,1371,1,2:39
2022-23,1629673,Jordan Poole,Jordan,1610612744,GSW,Golden State Warriors,0042200167,2023-04-30T00:00:00,GSW @ SAC,W,19.15,0,0,0,0,3,8,0,12,1,1,2,0,16.6,1,1,1,1,1078,756,687,645,1176,423,1100,1,451,178,1165,787,1103,947,1,19:09
2022-23,203458,Alex Len,Alex,1610612758,SAC,Sacramento Kings,0042200167,2023-04-30T00:00:00,SAC vs. GSW,L,2.65,0,0,0,0,0,0,0,0,0,1,1,0,1.2,1,857,857,857,1600,756,687,645,1176,1,1,1,1,536,1165,405,1103,1542,1,2:39
2022-23,1628997,Caleb Martin,Caleb,1610612748,MIA,Miami Heat,0042200201,2023-04-30T00:00:00,MIA @ NYK,W,30.95,2,0,2,4,6,7,6,34,1,0,0,3,24.5,1,1,1,1,608,426,687,360,612,726,966,832,1287,178,1,1,364,660,1,30:57
2022-23,1630558,Davion Mitchell,Davion,1610612758,SAC,Sacramento Kings,0042200167,2023-04-30T00:00:00,SAC vs. GSW,L,8.276666666666667,0,0,0,0,0,6,0,4,0,0,0,1,1.0,1,857,857,857,1414,756,687,645,1176,1,856,1,183,536,1,1,747,1583,1,8:17
2022-23,200768,Kyle Lowry,Kyle,1610612748,MIA,Miami Heat,0042200201,2023-04-30T00:00:00,MIA @ NYK,W,29.983333333333334,5,0,0,0,6,7,5,38,4,1,3,3,46.0,1,1,1,1,649,111,687,645,1176,726,966,745,1431,8,1165,1135,364,164,1,29:59
2022-23,1628392,Isaiah Hartenstein,Isaiah,1610612752,NYK,New York Knicks,0042200201,2023-04-30T00:00:00,NYK vs. MIA,L,14.366666666666667,0,2,0,2,6,0,1,8,1,0,1,0,11.9,1,857,857,857,1224,756,357,645,859,726,1,319,329,178,1,405,1103,1121,1,14:22
2022-23,1629002,Chimezie Metu,Chimezie,1610612758,SAC,Sacramento Kings,0042200167,2023-04-30T00:00:00,SAC vs. GSW,L,2.65,0,1,0,0,0,0,0,0,0,0,0,1,2.2,1,857,857,857,1600,756,660,645,1176,1,1,1,1,536,1,1,747,1503,1,2:39
2022-23,201939,Stephen Curry,Stephen,1610612744,GSW,Golden State Warriors,0042200167,2023-04-30T00:00:00,GSW @ SAC,W,37.665,5,7,0,22,3,9,2,32,0,0,2,5,70.6,1,1,1,1,313,111,24,645,12,423,1190,341,1205,536,1,787,138,19,1,37:40
2022-23,1628370,Malik Monk,Malik,1610612758,SAC,Sacramento Kings,0042200167,2023-04-30T00:00:00,SAC vs. GSW,L,31.1,0,6,0,4,6,13,0,32,0,1,2,4,29.8,1,857,857,857,600,756,46,645,612,726,1482,1,1205,536,1165,787,244,497,1,31:06
2022-23,1629011,Mitchell Robinson,Mitchell,1610612752,NYK,New York Knicks,0042200201,2023-04-30T00:00:00,NYK vs. MIA,L,33.63333333333333,0,0,0,6,16,7,14,30,2,0,3,2,27.8,1,857,857,857,489,756,687,645,426,1534,966,1527,1116,61,1,1135,515,544,1,33:38
2022-23,201567,Kevin Love,Kevin,1610612748,MIA,Miami Heat,0042200201,2023-04-30T00:00:00,MIA @ NYK,W,16.216666666666665,0,0,0,2,2,4,7,24,0,0,1,1,21.0,1,1,1,1,1163,756,687,645,859,264,595,938,858,536,1,405,747,771,1,16:13
2022-23,1629312,Haywood Highsmith,Haywood,1610612748,MIA,Miami Heat,0042200201,2023-04-30T00:00:00,MIA @ NYK,W,4.8,0,0,0,2,1,0,1,4,0,0,0,0,2.0,1,1,1,1,1487,756,687,645,859,250,1,319,183,536,1,1,1103,1507,1,4:48
2022-23,1628404,Josh Hart,Josh,1610612752,NYK,New York Knicks,0042200201,2023-04-30T00:00:00,NYK vs. MIA,L,43.2,2,2,6,10,22,7,15,34,1,1,5,2,27.6,1,857,857,857,53,426,357,47,200,1698,966,1575,1287,178,1165,1614,515,552,1,43:12
2022-23,203952,Andrew Wiggins,Andrew,1610612744,GSW,Golden State Warriors,0042200167,2023-04-30T00:00:00,GSW @ SAC,W,37.04,4,2,0,6,2,8,2,26,0,2,4,6,30.4,1,1,1,1,350,175,357,645,426,264,1100,341,941,536,1559,1436,86,481,1,37:02
2022-23,1630167,Obi Toppin,Obi,1610612752,NYK,New York Knicks,0042200201,2023-04-30T00:00:00,NYK vs. MIA,L,31.166666666666668,3,0,5,6,12,2,13,24,0,0,3,0,30.6,1,857,857,857,598,281,687,93,426,1304,277,1477,858,536,1,1135,1103,474,1,31:10
2022-23,1629622,Max Strus,Max,1610612748,MIA,Miami Heat,0042200201,2023-04-30T00:00:00,MIA @ NYK,W,23.393333333333334,3,0,2,2,2,4,10,30,0,0,2,0,17.9,1,1,1,1,923,281,687,360,859,264,595,1250,1116,536,1,787,1103,887,1,23:24
2022-23,202710,Jimmy Butler III,Jimmy,1610612748,MIA,Miami Heat,0042200201,2023-04-30T00:00:00,MIA @ NYK,W,43.44,3,5,4,14,7,11,12,56,0,1,3,7,48.2,1,1,1,1,48,281,78,145,84,852,1346,1412,1722,536,1165,1135,47,134,1,43:26
2022-23,1629216,Gabe Vincent,Gabe,1610612748,MIA,Miami Heat,0042200201,2023-04-30T00:00:00,MIA @ NYK,W,33.233333333333334,6,0,6,0,4,9,10,52,0,1,3,4,31.9,1,1,1,1,502,64,687,47,1176,516,1190,1250,1701,536,1165,1135,244,447,1,33:14
2022-23,1628989,Kevin Huerter,Kevin,1610612758,SAC,Sacramento Kings,0042200167,2023-04-30T00:00:00,SAC vs. GSW,L,28.233333333333334,0,2,0,2,0,20,0,22,2,0,3,1,26.8,1,857,857,857,728,756,357,645,859,1,1701,1,794,61,1,1135,747,568,1,28:14
2022-23,1628389,Bam Adebayo,Bam,1610612748,MIA,Miami Heat,0042200201,2023-04-30T00:00:00,MIA @ NYK,W,37.233333333333334,2,2,0,14,6,9,10,52,0,1,1,2,26.6,1,1,1,1,338,426,357,645,84,726,1190,1250,1701,536,1165,405,515,572,1,37:14
2022-23,202691,Klay Thompson,Klay,1610612744,GSW,Golden State Warriors,0042200167,2023-04-30T00:00:00,GSW @ SAC,W,34.86666666666667,0,6,0,0,2,10,2,24,0,1,2,5,21.5,1,1,1,1,441,756,46,645,1176,264,1282,341,858,536,1165,787,138,752,1,34:52
2022-23,1628368,De'Aaron Fox,De'Aaron,1610612758,SAC,Sacramento Kings,0042200167,2023-04-30T00:00:00,SAC vs. GSW,L,37.07333333333333,1,1,0,2,11,18,0,38,1,0,5,2,26.6,1,857,857,857,347,715,660,645,859,1226,1672,1,1431,178,1,1614,515,572,1,37:04
2022-23,203082,Terrence Ross,Terrence,1610612756,PHX,Phoenix Suns,0042200221,2023-04-29T00:00:00,PHX @ DEN,L,5.15,0,0,0,0,0,2,0,4,0,0,0,0,1.2,1,857,857,857,1473,756,687,645,1176,1,277,1,183,536,1,1,1103,1542,1,5:09
2022-23,202687,Bismack Biyombo,Bismack,1610612756,PHX,Phoenix Suns,0042200221,2023-04-29T00:00:00,PHX @ DEN,L,6.331666666666667,0,0,0,0,3,3,2,4,0,0,2,0,-1.0,1,857,857,857,1447,756,687,645,1176,423,492,341,183,536,1,787,1103,1719,1,6:20
2022-23,1629111,Jock Landale,Jock,1610612756,PHX,Phoenix Suns,0042200221,2023-04-29T00:00:00,PHX @ DEN,L,10.366666666666667,0,2,0,4,1,2,1,12,0,0,1,2,9.4,1,857,857,857,1353,756,357,645,612,250,277,319,451,536,1,405,515,1204,1,10:22
2022-23,203484,Kentavious Caldwell-Pope,Kentavious,1610612743,DEN,Denver Nuggets,0042200221,2023-04-29T00:00:00,DEN vs. PHX,W,28.098333333333333,4,0,0,0,5,8,10,38,0,0,2,2,19.9,1,1,1,1,735,175,687,645,1176,628,1100,1250,1431,536,1,787,515,820,1,28:06
2022-23,1628427,Vlatko Čančar,Vlatko,1610612743,DEN,Denver Nuggets,0042200221,2023-04-29T00:00:00,DEN vs. PHX,W,3.216666666666667,0,0,0,0,0,2,5,4,0,0,0,0,1.2,1,1,1,1,1576,756,687,645,1176,1,277,745,183,536,1,1,1103,1542,1,3:13
2022-23,1629008,Michael Porter Jr.,Michael,1610612743,DEN,Denver Nuggets,0042200221,2023-04-29T00:00:00,DEN vs. PHX,W,30.846666666666668,0,0,2,6,4,8,10,36,0,1,3,0,23.6,1,1,1,1,613,756,687,360,426,516,1100,1250,1361,536,1165,1135,1103,679,1,30:51
2022-23,1631212,Peyton Watson,Peyton,1610612743,DEN,Denver Nuggets,0042200221,2023-04-29T00:00:00,DEN vs. PHX,W,3.216666666666667,0,0,0,0,0,2,5,4,1,0,0,0,8.4,1,1,1,1,1576,756,687,645,1176,1,277,745,183,178,1,1,1103,1234,1,3:13
2022-23,1628971,Bruce Brown,Bruce,1610612743,DEN,Denver Nuggets,0042200221,2023-04-29T00:00:00,DEN vs. PHX,W,24.651666666666667,2,4,4,12,3,2,8,24,0,0,3,0,29.9,1,1,1,1,874,426,136,145,138,423,277,1046,858,536,1,1135,1103,496,1,24:39
2022-23,1631128,Christian Braun,Christian,1610612743,DEN,Denver Nuggets,0042200221,2023-04-29T00:00:00,DEN vs. PHX,W,13.936666666666667,1,0,1,0,3,2,8,20,0,1,2,2,18.5,1,1,1,1,1238,715,687,622,1176,423,277,1046,729,536,1165,787,515,860,1,13:56
2022-23,101108,Chris Paul,Chris,1610612756,PHX,Phoenix Suns,0042200221,2023-04-29T00:00:00,PHX @ DEN,L,32.36666666666667,2,0,2,4,12,9,13,34,0,0,3,0,20.5,1,857,857,857,543,426,687,360,612,1304,1190,1477,1287,536,1,1135,1103,793,1,32:22
2022-23,1630192,Zeke Nnaji,Zeke,1610612743,DEN,Denver Nuggets,0042200221,2023-04-29T00:00:00,DEN vs. PHX,W,3.216666666666667,0,0,0,0,0,2,5,4,0,0,0,0,0.0,1,1,1,1,1576,756,687,645,1176,1,277,745,183,536,1,1,1103,1601,1,3:13
2022-23,1627814,Damion Lee,Damion,1610612756,PHX,Phoenix Suns,0042200221,2023-04-29T00:00:00,PHX @ DEN,L,12.233333333333333,0,0,3,0,3,2,2,16,0,1,0,0,5.7,1,857,857,857,1290,756,687,258,1176,423,277,341,580,536,1165,1,1103,1342,1,12:14
2022-23,203932,Aaron Gordon,Aaron,1610612743,DEN,Denver Nuggets,0042200221,2023-04-29T00:00:00,DEN vs. PHX,W,38.965,6,2,4,10,5,8,16,48,0,1,2,1,32.2,1,1,1,1,244,64,357,145,200,628,1100,1626,1668,536,1165,787,747,438,1,38:58
2022-23,1628470,Torrey Craig,Torrey,1610612756,PHX,Phoenix Suns,0042200221,2023-04-29T00:00:00,PHX @ DEN,L,23.983333333333334,0,0,0,0,9,10,10,24,0,0,3,0,9.3,1,857,857,857,898,756,687,645,1176,1047,1282,1250,858,536,1,1135,1103,1209,1,23:59
2022-23,1626164,Devin Booker,Devin,1610612756,PHX,Phoenix Suns,0042200221,2023-04-29T00:00:00,PHX @ DEN,L,40.1,3,2,6,20,15,12,20,42,2,0,1,7,49.8,1,857,857,857,182,281,357,47,20,1488,1417,1699,1538,61,1,405,47,122,1,40:06
2022-23,201142,Kevin Durant,Kevin,1610612756,PHX,Phoenix Suns,0042200221,2023-04-29T00:00:00,PHX @ DEN,L,36.06666666666667,0,2,7,14,16,10,20,32,3,0,1,6,52.3,1,857,857,857,392,756,357,32,84,1534,1282,1699,1205,22,1,405,86,95,1,36:04
2022-23,202704,Reggie Jackson,Reggie,1610612743,DEN,Denver Nuggets,0042200221,2023-04-29T00:00:00,DEN vs. PHX,W,3.216666666666667,0,0,0,0,0,2,5,4,0,0,0,0,0.0,1,1,1,1,1576,756,687,645,1176,1,277,745,183,536,1,1,1103,1601,1,3:13
2022-23,1629028,Deandre Ayton,Deandre,1610612756,PHX,Phoenix Suns,0042200221,2023-04-29T00:00:00,PHX @ DEN,L,30.351666666666667,2,4,0,14,14,9,15,30,0,0,4,3,21.9,1,857,857,857,628,426,136,645,84,1433,1190,1575,1116,536,1,1436,364,740,1,30:21
2022-23,1630688,Ish Wainright,Ish,1610612756,PHX,Phoenix Suns,0042200221,2023-04-29T00:00:00,PHX @ DEN,L,5.15,0,0,0,0,0,2,0,4,0,0,0,0,3.0,1,857,857,857,1473,756,687,645,1176,1,277,1,183,536,1,1,1103,1455,1,5:09
2022-23,203999,Nikola Jokić,Nikola,1610612743,DEN,Denver Nuggets,0042200221,2023-04-29T00:00:00,DEN vs. PHX,W,32.91833333333334,0,8,4,16,7,10,7,36,0,1,1,8,51.3,1,1,1,1,517,756,13,145,45,852,1282,938,1361,536,1165,405,25,106,1,32:55
2022-23,1629013,Landry Shamet,Landry,1610612756,PHX,Phoenix Suns,0042200221,2023-04-29T00:00:00,PHX @ DEN,L,13.986666666666666,0,0,0,0,8,5,7,14,0,0,2,1,3.5,1,857,857,857,1235,756,687,645,1176,941,724,938,515,536,1,787,747,1434,1,13:59
2022-23,1627750,Jamal Murray,Jamal,1610612743,DEN,Denver Nuggets,0042200221,2023-04-29T00:00:00,DEN vs. PHX,W,36.81666666666667,2,0,5,4,6,10,18,50,0,1,2,5,56.5,1,1,1,1,361,426,687,93,612,726,1282,1673,1686,536,1165,787,138,71,1,36:49
2022-23,1626166,Cameron Payne,Cameron,1610612756,PHX,Phoenix Suns,0042200221,2023-04-29T00:00:00,PHX @ DEN,L,5.15,0,0,5,2,0,2,0,4,0,0,0,0,10.1,1,857,857,857,1473,756,687,93,859,1,277,1,183,536,1,1,1103,1186,1,5:09
2022-23,202397,Ish Smith,Ish,1610612743,DEN,Denver Nuggets,0042200221,2023-04-29T00:00:00,DEN vs. PHX,W,3.216666666666667,0,0,0,0,0,2,5,4,0,0,0,0,1.5,1,1,1,1,1576,756,687,645,1176,1,277,745,183,536,1,1,1103,1524,1,3:13
2022-23,201145,Jeff Green,Jeff,1610612743,DEN,Denver Nuggets,0042200221,2023-04-29T00:00:00,DEN vs. PHX,W,17.683333333333334,3,0,0,0,2,2,13,28,0,0,4,1,9.8,1,1,1,1,1118,281,687,645,1176,264,277,1477,1014,536,1,1436,747,1194,1,17:41
2022-23,1629006,Josh Okogie,Josh,1610612756,PHX,Phoenix Suns,0042200221,2023-04-29T00:00:00,PHX @ DEN,L,18.763333333333332,0,2,0,2,9,2,10,20,0,0,2,0,7.9,1,857,857,857,1091,756,357,645,859,1047,277,1250,729,536,1,787,1103,1255,1,18:46
2022-23,1630558,Davion Mitchell,Davion,1610612758,SAC,Sacramento Kings,0042200166,2023-04-28T00:00:00,SAC @ GSW,W,11.14,3,0,0,2,0,2,2,4,0,0,0,1,17.6,1,1,1,1,1333,281,687,645,859,1,277,341,183,536,1,1,747,900,1,11:08
2022-23,1629060,Rui Hachimura,Rui,1610612747,LAL,Los Angeles Lakers,0042200156,2023-04-28T00:00:00,LAL vs. MEM,W,21.816666666666666,2,0,2,4,6,6,3,12,1,0,1,1,16.8,1,1,1,1,985,426,687,360,612,726,856,525,451,178,1,405,747,934,1,21:49
2022-23,1626156,D'Angelo Russell,D'Angelo,1610612747,LAL,Los Angeles Lakers,0042200156,2023-04-28T00:00:00,LAL vs. MEM,W,30.05,5,6,2,10,15,6,10,16,1,0,0,4,42.4,1,1,1,1,644,111,46,360,200,1488,856,1250,580,178,1,1,244,218,1,30:03
2022-23,1628978,Donte DiVincenzo,Donte,1610612744,GSW,Golden State Warriors,0042200166,2023-04-28T00:00:00,GSW vs. SAC,L,18.151666666666667,6,0,2,0,6,6,8,18,0,1,3,3,16.8,1,857,857,857,1107,64,687,360,1176,726,856,1046,648,536,1165,1135,364,934,1,18:09
2022-23,1629723,John Konchar,John,1610612763,MEM,Memphis Grizzlies,0042200156,2023-04-28T00:00:00,MEM @ LAL,L,14.966666666666667,2,0,0,2,7,2,10,10,0,0,1,0,3.7,1,857,857,857,1203,426,687,645,859,852,277,1250,389,536,1,405,1103,1429,1,14:58
2022-23,1628415,Dillon Brooks,Dillon,1610612763,MEM,Memphis Grizzlies,0042200156,2023-04-28T00:00:00,MEM @ LAL,L,26.1,3,0,3,4,8,14,11,28,0,1,1,0,16.8,1,857,857,857,814,281,687,258,612,941,1544,1355,1014,536,1165,405,1103,934,1,26:06
2022-23,1630237,Anthony Lamb,Anthony,1610612744,GSW,Golden State Warriors,0042200166,2023-04-28T00:00:00,GSW vs. SAC,L,3.75,0,0,0,0,0,0,0,0,0,0,0,0,4.4,1,857,857,857,1541,756,687,645,1176,1,1,1,1,536,1,1,1103,1392,1,3:45
2022-23,1627780,Gary Payton II,Gary,1610612744,GSW,Golden State Warriors,0042200166,2023-04-28T00:00:00,GSW vs. SAC,L,10.493333333333334,0,0,0,0,4,0,8,12,1,1,1,0,4.6,1,857,857,857,1347,756,687,645,1176,516,1,1046,451,178,1165,405,1103,1385,1,10:30
2022-23,2544,LeBron James,LeBron,1610612747,LAL,Los Angeles Lakers,0042200156,2023-04-28T00:00:00,LAL vs. MEM,W,31.25,0,2,8,10,17,2,7,18,0,0,2,4,37.0,1,1,1,1,592,756,357,20,200,1579,277,938,648,536,1,787,244,312,1,31:15
2022-23,1630217,Desmond Bane,Desmond,1610612763,MEM,Memphis Grizzlies,0042200156,2023-04-28T00:00:00,MEM @ LAL,L,37.18333333333333,6,2,5,4,14,18,16,48,0,4,2,2,25.0,1,857,857,857,341,64,357,93,612,1433,1672,1626,1668,536,1712,787,515,640,1,37:11
2022-23,1628972,Troy Brown Jr.,Troy,1610612747,LAL,Los Angeles Lakers,0042200156,2023-04-28T00:00:00,LAL vs. MEM,W,9.166666666666666,0,0,0,0,0,3,4,10,0,0,0,0,6.6,1,1,1,1,1385,756,687,645,1176,1,492,616,389,536,1,1,1103,1300,1,9:10
2022-23,1631099,Keegan Murray,Keegan,1610612758,SAC,Sacramento Kings,0042200166,2023-04-28T00:00:00,SAC @ GSW,W,45.075,4,0,6,2,15,8,9,36,1,1,2,3,34.4,1,1,1,1,19,175,687,47,859,1488,1100,1158,1361,178,1165,787,364,373,1,45:05
2022-23,1630559,Austin Reaves,Austin,1610612747,LAL,Los Angeles Lakers,0042200156,2023-04-28T00:00:00,LAL vs. MEM,W,33.666666666666664,3,3,2,8,19,4,10,20,2,1,2,0,34.2,1,1,1,1,486,281,228,360,300,1641,595,1250,729,61,1165,787,1103,378,1,33:40
2022-23,203952,Andrew Wiggins,Andrew,1610612744,GSW,Golden State Warriors,0042200166,2023-04-28T00:00:00,GSW vs. SAC,L,33.11666666666667,2,2,2,10,14,13,13,28,2,1,4,4,33.4,1,857,857,857,505,426,357,360,200,1433,1482,1477,1014,61,1165,1436,244,396,1,33:07
2022-23,1631223,David Roddy,David,1610612763,MEM,Memphis Grizzlies,0042200156,2023-04-28T00:00:00,MEM @ LAL,L,11.65,0,0,0,0,3,4,8,6,1,1,0,0,14.7,1,857,857,857,1318,756,687,645,1176,423,595,1046,265,178,1165,1,1103,1011,1,11:39
2022-23,1630214,Xavier Tillman,Xavier,1610612763,MEM,Memphis Grizzlies,0042200156,2023-04-28T00:00:00,MEM @ LAL,L,17.766666666666666,0,2,0,2,5,6,9,18,1,2,5,1,14.7,1,857,857,857,1116,756,357,645,859,628,856,1158,648,178,1559,1614,747,1011,1,17:46
2022-23,1628964,Mo Bamba,Mo,1610612747,LAL,Los Angeles Lakers,0042200156,2023-04-28T00:00:00,LAL vs. MEM,W,9.166666666666666,0,0,0,0,0,3,4,10,1,0,0,0,8.1,1,1,1,1,1385,756,687,645,1176,1,492,616,389,178,1,1,1103,1240,1,9:10
2022-23,1627736,Malik Beasley,Malik,1610612747,LAL,Los Angeles Lakers,0042200156,2023-04-28T00:00:00,LAL vs. MEM,W,9.166666666666666,0,2,5,2,0,3,4,10,0,1,1,2,14.4,1,1,1,1,1385,756,357,93,859,1,492,616,389,536,1165,405,515,1018,1,9:10
2022-23,1629056,Terence Davis,Terence,1610612758,SAC,Sacramento Kings,0042200166,2023-04-28T00:00:00,SAC @ GSW,W,19.4,4,0,5,2,11,4,3,14,0,0,6,1,14.4,1,1,1,1,1069,175,687,93,859,1226,595,525,515,536,1,1708,747,1018,1,19:24
2022-23,1630533,Ziaire Williams,Ziaire,1610612763,MEM,Memphis Grizzlies,0042200156,2023-04-28T00:00:00,MEM @ LAL,L,9.7,0,0,2,2,3,2,8,2,0,1,1,1,8.9,1,857,857,857,1371,756,687,360,859,423,277,1046,96,536,1165,405,747,1220,1,9:42
2022-23,1629630,Ja Morant,Ja,1610612763,MEM,Memphis Grizzlies,0042200156,2023-04-28T00:00:00,MEM @ LAL,L,33.86666666666667,6,0,2,2,14,18,14,44,0,3,2,4,32.0,1,857,857,857,475,64,687,360,859,1433,1672,1527,1602,536,1678,787,244,442,1,33:52
2022-23,1631254,Kenneth Lofton Jr.,Kenneth,1610612763,MEM,Memphis Grizzlies,0042200156,2023-04-28T00:00:00,MEM @ LAL,L,9.616666666666667,0,1,2,4,3,2,8,2,0,0,0,1,10.1,1,857,857,857,1374,756,660,360,612,423,277,1046,96,536,1,1,747,1186,1,9:37
2022-23,203110,Draymond Green,Draymond,1610612744,GSW,Golden State Warriors,0042200166,2023-04-28T00:00:00,GSW vs. SAC,L,25.741666666666667,2,0,0,2,10,16,5,26,2,0,5,2,31.8,1,857,857,857,830,426,687,645,859,1148,1628,745,941,61,1,1614,515,450,1,25:45
2022-23,1629022,Lonnie Walker IV,Lonnie,1610612747,LAL,Los Angeles Lakers,0042200156,2023-04-28T00:00:00,LAL vs. MEM,W,9.166666666666666,3,0,3,0,0,3,4,10,0,0,0,0,10.7,1,1,1,1,1385,281,687,258,1176,1,492,616,389,536,1,1,1103,1165,1,9:10
2022-23,1629673,Jordan Poole,Jordan,1610612744,GSW,Golden State Warriors,0042200166,2023-04-28T00:00:00,GSW vs. SAC,L,26.206666666666667,0,0,0,2,17,3,13,18,0,1,3,5,13.5,1,857,857,857,807,756,687,645,859,1579,492,1477,648,536,1165,1135,138,1056,1,26:12
2022-23,1627734,Domantas Sabonis,Domantas,1610612758,SAC,Sacramento Kings,0042200166,2023-04-28T00:00:00,SAC @ GSW,W,23.015,3,2,0,4,3,4,6,20,1,3,6,2,27.2,1,1,1,1,945,281,357,645,612,423,595,832,729,178,1678,1708,515,557,1,23:01
2022-23,1629117,Wenyen Gabriel,Wenyen,1610612747,LAL,Los Angeles Lakers,0042200156,2023-04-28T00:00:00,LAL vs. MEM,W,10.35,2,2,2,6,6,2,0,6,2,0,4,0,13.4,1,1,1,1,1354,426,357,360,426,726,277,1,265,61,1,1436,1103,1064,1,10:21
2022-23,1631108,Max Christie,Max,1610612747,LAL,Los Angeles Lakers,0042200156,2023-04-28T00:00:00,LAL vs. MEM,W,9.166666666666666,0,0,0,0,0,3,4,10,1,0,0,0,11.6,1,1,1,1,1385,756,687,645,1176,1,492,616,389,178,1,1,1103,1129,1,9:10
2022-23,1626168,Trey Lyles,Trey,1610612758,SAC,Sacramento Kings,0042200166,2023-04-28T00:00:00,SAC @ GSW,W,26.698333333333334,0,3,2,6,14,4,3,16,0,0,2,1,27.8,1,1,1,1,793,756,228,360,426,1433,595,525,580,536,1,787,747,544,1,26:42
2022-23,1626172,Kevon Looney,Kevon,1610612744,GSW,Golden State Warriors,0042200166,2023-04-28T00:00:00,GSW vs. SAC,L,27.415,0,6,0,6,16,14,13,26,0,2,1,3,28.1,1,857,857,857,763,756,46,645,426,1534,1544,1477,941,536,1559,405,364,539,1,27:25
2022-23,203084,Harrison Barnes,Harrison,1610612758,SAC,Sacramento Kings,0042200166,2023-04-28T00:00:00,SAC @ GSW,W,14.54,0,3,0,2,5,2,4,16,1,0,0,2,12.8,1,1,1,1,1218,756,228,645,859,628,277,616,580,178,1,1,515,1089,1,14:32
2022-23,201939,Stephen Curry,Stephen,1610612744,GSW,Golden State Warriors,0042200166,2023-04-28T00:00:00,GSW vs. SAC,L,36.291666666666664,3,0,1,4,20,18,12,42,1,0,2,6,45.3,1,857,857,857,383,281,687,622,612,1671,1672,1412,1538,178,1,787,86,180,1,36:18
2022-23,1629020,Jarred Vanderbilt,Jarred,1610612747,LAL,Los Angeles Lakers,0042200156,2023-04-28T00:00:00,LAL vs. MEM,W,15.283333333333333,0,3,0,0,13,0,10,8,2,0,1,2,23.1,1,1,1,1,1193,756,228,645,1176,1371,1,1250,329,61,1,405,515,701,1,15:17
2022-23,1630541,Moses Moody,Moses,1610612744,GSW,Golden State Warriors,0042200166,2023-04-28T00:00:00,GSW vs. SAC,L,16.233333333333334,4,0,0,4,9,4,2,14,0,0,1,1,20.7,1,857,857,857,1162,175,687,645,612,1047,595,341,515,536,1,405,747,784,1,16:14
2022-23,1626145,Tyus Jones,Tyus,1610612763,MEM,Memphis Grizzlies,0042200156,2023-04-28T00:00:00,MEM @ LAL,L,18.016666666666666,0,0,0,0,10,4,9,30,0,0,0,1,22.3,1,857,857,857,1111,756,687,645,1176,1148,595,1158,1116,536,1,1,747,729,1,18:01
2022-23,1629002,Chimezie Metu,Chimezie,1610612758,SAC,Sacramento Kings,0042200166,2023-04-28T00:00:00,SAC @ GSW,W,0.46,0,0,0,0,0,0,0,0,0,0,0,0,0.0,1,1,1,1,1711,756,687,645,1176,1,1,1,1,536,1,1,1103,1601,1,0:28
2022-23,1630583,Santi Aldama,Santi,1610612763,MEM,Memphis Grizzlies,0042200156,2023-04-28T00:00:00,MEM @ LAL,L,29.366666666666667,0,4,0,8,14,14,16,36,0,1,0,2,21.0,1,857,857,857,685,756,136,645,300,1433,1544,1626,1361,536,1165,1,515,771,1,29:22
2022-23,1630228,Jonathan Kuminga,Jonathan,1610612744,GSW,Golden State Warriors,0042200166,2023-04-28T00:00:00,GSW vs. SAC,L,3.75,0,0,0,0,0,0,0,0,0,0,0,0,0.2,1,857,857,857,1541,756,687,645,1176,1,1,1,1,536,1,1,1103,1594,1,3:45
2022-23,1630556,Kessler Edwards,Kessler,1610612758,SAC,Sacramento Kings,0042200166,2023-04-28T00:00:00,SAC @ GSW,W,0.51,0,0,0,0,0,0,0,0,0,0,0,0,0.0,1,1,1,1,1702,756,687,645,1176,1,1,1,1,536,1,1,1103,1601,1,0:31
2022-23,1628408,PJ Dozier,PJ,1610612758,SAC,Sacramento Kings,0042200166,2023-04-28T00:00:00,SAC @ GSW,W,0.46,0,0,0,0,0,0,0,0,0,0,0,0,0.0,1,1,1,1,1711,756,687,645,1176,1,1,1,1,536,1,1,1103,1601,1,0:28
2022-23,203076,Anthony Davis,Anthony,1610612747,LAL,Los Angeles Lakers,0042200156,2023-04-28T00:00:00,LAL vs. MEM,W,28.483333333333334,2,2,0,12,13,4,10,16,5,0,2,4,48.3,1,1,1,1,719,426,357,645,138,1371,595,1250,580,2,1,787,244,130,1,28:29
2022-23,1628991,Jaren Jackson Jr.,Jaren,1610612763,MEM,Memphis Grizzlies,0042200156,2023-04-28T00:00:00,MEM @ LAL,L,31.766666666666666,2,0,0,4,14,16,11,36,0,2,5,4,20.3,1,857,857,857,569,426,687,645,612,1433,1628,1355,1361,536,1559,1614,244,801,1,31:46
2022-23,203471,Dennis Schröder,Dennis,1610612747,LAL,Los Angeles Lakers,0042200156,2023-04-28T00:00:00,LAL vs. MEM,W,23.266666666666666,2,0,0,0,6,6,0,14,0,0,3,0,20.3,1,1,1,1,930,426,687,645,1176,726,856,1,515,536,1,1135,1103,801,1,23:16
2022-23,203210,JaMychal Green,JaMychal,1610612744,GSW,Golden State Warriors,0042200166,2023-04-28T00:00:00,GSW vs. SAC,L,3.8,0,0,0,0,0,0,0,0,0,0,0,0,1.2,1,857,857,857,1539,756,687,645,1176,1,1,1,1,536,1,1,1103,1542,1,3:48
2022-23,1628368,De'Aaron Fox,De'Aaron,1610612758,SAC,Sacramento Kings,0042200166,2023-04-28T00:00:00,SAC @ GSW,W,36.91,0,2,0,16,17,6,7,32,1,1,2,4,54.3,1,1,1,1,357,756,357,645,45,1579,856,938,1205,178,1165,787,244,84,1,36:55
2022-23,1628989,Kevin Huerter,Kevin,1610612758,SAC,Sacramento Kings,0042200166,2023-04-28T00:00:00,SAC @ GSW,W,29.441666666666666,3,6,0,0,6,4,6,22,2,0,5,4,18.2,1,1,1,1,682,281,46,645,1176,726,595,832,794,61,1,1614,244,868,1,29:27
2022-23,1628370,Malik Monk,Malik,1610612758,SAC,Sacramento Kings,0042200166,2023-04-28T00:00:00,SAC @ GSW,W,31.89,6,2,5,10,14,6,5,20,2,1,3,5,47.4,1,1,1,1,565,64,357,93,200,1433,856,745,729,61,1165,1135,138,144,1,31:53
2022-23,202691,Klay Thompson,Klay,1610612744,GSW,Golden State Warriors,0042200166,2023-04-28T00:00:00,GSW vs. SAC,L,35.05,0,0,4,8,19,16,16,36,0,2,3,2,21.4,1,857,857,857,438,756,687,145,300,1641,1628,1626,1361,536,1559,1135,515,756,1,35:03
2022-23,203458,Alex Len,Alex,1610612758,SAC,Sacramento Kings,0042200166,2023-04-28T00:00:00,SAC @ GSW,W,0.46,0,0,0,0,0,0,0,0,0,0,0,0,0.0,1,1,1,1,1711,756,687,645,1176,1,1,1,1,536,1,1,1103,1601,1,0:28
2022-23,1627763,Malcolm Brogdon,Malcolm,1610612738,BOS,Boston Celtics,0042200116,2023-04-27T00:00:00,BOS @ ATL,W,29.983333333333334,2,0,3,8,10,12,2,38,0,1,1,3,25.4,1,1,1,1,649,426,687,258,300,1148,1417,341,1431,536,1165,405,364,618,1,29:59
2022-23,1629057,Robert Williams III,Robert,1610612738,BOS,Boston Celtics,0042200116,2023-04-27T00:00:00,BOS @ ATL,W,16.583333333333332,0,0,0,4,6,8,2,22,3,0,2,0,25.2,1,1,1,1,1150,756,687,645,612,726,1100,341,794,22,1,787,1103,627,1,16:35
2022-23,203991,Clint Capela,Clint,1610612737,ATL,Atlanta Hawks,0042200116,2023-04-27T00:00:00,ATL vs. BOS,L,27.733333333333334,2,4,0,10,2,12,14,24,0,1,1,1,25.0,1,857,857,857,752,426,136,645,200,264,1417,1527,858,536,1165,405,747,640,1,27:44
2022-23,1630180,Saddiq Bey,Saddiq,1610612737,ATL,Atlanta Hawks,0042200116,2023-04-27T00:00:00,ATL vs. BOS,L,22.283333333333335,0,2,0,2,4,4,7,28,0,1,1,1,16.3,1,857,857,857,963,756,357,645,859,516,595,938,1014,536,1165,405,747,963,1,22:17
2022-23,203935,Marcus Smart,Marcus,1610612738,BOS,Boston Celtics,0042200116,2023-04-27T00:00:00,BOS @ ATL,W,32.55,4,6,5,8,8,18,2,28,0,0,0,4,33.8,1,1,1,1,536,175,46,93,300,941,1672,341,1014,536,1,1,244,388,1,32:33
2022-23,1629631,De'Andre Hunter,De'Andre,1610612737,ATL,Atlanta Hawks,0042200116,2023-04-27T00:00:00,ATL vs. BOS,L,38.65,0,7,0,6,6,18,18,42,1,2,4,1,33.7,1,857,857,857,266,756,24,645,426,726,1672,1673,1538,178,1559,1436,747,390,1,38:39
2022-23,1630552,Jalen Johnson,Jalen,1610612737,ATL,Atlanta Hawks,0042200116,2023-04-27T00:00:00,ATL vs. BOS,L,4.883333333333334,0,0,2,2,0,0,0,4,0,0,0,0,5.0,1,857,857,857,1484,756,687,360,859,1,1,1,183,536,1,1,1103,1371,1,4:53
2022-23,1629027,Trae Young,Trae,1610612737,ATL,Atlanta Hawks,0042200116,2023-04-27T00:00:00,ATL vs. BOS,L,40.31666666666667,7,2,2,6,8,18,18,46,2,3,3,6,52.6,1,857,857,857,176,41,357,360,426,941,1672,1673,1635,61,1678,1135,86,94,1,40:19
2022-23,1628401,Derrick White,Derrick,1610612738,BOS,Boston Celtics,0042200116,2023-04-27T00:00:00,BOS @ ATL,W,29.76,0,2,0,4,7,15,4,34,1,0,3,0,14.4,1,1,1,1,663,756,357,645,612,852,1593,616,1287,178,1,1135,1103,1018,1,29:46
2022-23,1630202,Payton Pritchard,Payton,1610612738,BOS,Boston Celtics,0042200116,2023-04-27T00:00:00,BOS @ ATL,W,0.043333333333333335,0,0,0,0,0,0,0,0,0,0,0,0,0.0,1,1,1,1,1728,756,687,645,1176,1,1,1,1,536,1,1,1103,1601,1,0:03
2022-23,1629684,Grant Williams,Grant,1610612738,BOS,Boston Celtics,0042200116,2023-04-27T00:00:00,BOS @ ATL,W,17.373333333333335,0,0,0,0,6,9,0,20,0,1,1,1,8.9,1,1,1,1,1131,756,687,645,1176,726,1190,1,729,536,1165,405,747,1220,1,17:22
2022-23,201143,Al Horford,Al,1610612738,BOS,Boston Celtics,0042200116,2023-04-27T00:00:00,BOS @ ATL,W,29.906666666666666,0,2,0,4,5,14,4,28,3,0,4,0,45.4,1,1,1,1,656,756,357,645,612,628,1544,616,1014,22,1,1436,1103,177,1,29:54
2022-23,1627749,Dejounte Murray,Dejounte,1610612737,ATL,Atlanta Hawks,0042200116,2023-04-27T00:00:00,ATL vs. BOS,L,37.53333333333333,0,5,0,6,4,11,16,36,0,1,1,2,40.9,1,857,857,857,322,756,78,645,426,516,1346,1626,1361,536,1165,405,515,236,1,37:32
2022-23,1628369,Jayson Tatum,Jayson,1610612738,BOS,Boston Celtics,0042200116,2023-04-27T00:00:00,BOS @ ATL,W,39.86666666666667,2,2,4,12,10,22,2,36,2,1,1,6,66.3,1,1,1,1,198,426,357,145,138,1148,1715,341,1361,61,1165,405,86,28,1,39:52
2022-23,1627759,Jaylen Brown,Jaylen,1610612738,BOS,Boston Celtics,0042200116,2023-04-27T00:00:00,BOS @ ATL,W,39.583333333333336,0,6,6,14,8,18,4,42,1,4,3,1,42.0,1,1,1,1,210,756,46,47,84,941,1672,616,1538,178,1712,1135,747,227,1,39:35
2022-23,203992,Bogdan Bogdanović,Bogdan,1610612737,ATL,Atlanta Hawks,0042200116,2023-04-27T00:00:00,ATL vs. BOS,L,19.666666666666668,4,0,0,8,6,7,2,28,0,0,1,1,13.5,1,857,857,857,1061,175,687,645,300,726,966,341,1014,536,1,405,747,1056,1,19:40
2022-23,1630573,Sam Hauser,Sam,1610612738,BOS,Boston Celtics,0042200116,2023-04-27T00:00:00,BOS @ ATL,W,4.35,0,0,0,0,5,4,0,2,0,0,1,0,3.0,1,1,1,1,1505,756,687,645,1176,628,595,1,96,536,1,405,1103,1455,1,4:21
2022-23,1628381,John Collins,John,1610612737,ATL,Atlanta Hawks,0042200116,2023-04-27T00:00:00,ATL vs. BOS,L,29.35,0,0,0,4,6,14,11,32,2,1,2,2,27.8,1,857,857,857,688,756,687,645,612,726,1544,1355,1205,61,1165,787,515,544,1,29:21
2022-23,1630168,Onyeka Okongwu,Onyeka,1610612737,ATL,Atlanta Hawks,0042200116,2023-04-27T00:00:00,ATL vs. BOS,L,19.583333333333332,0,4,0,6,4,6,4,30,2,1,2,2,27.2,1,857,857,857,1064,756,136,645,426,516,856,616,1116,61,1165,787,515,557,1,19:35
2022-23,1630171,Isaac Okoro,Isaac,1610612739,CLE,Cleveland Cavaliers,0042200135,2023-04-26T00:00:00,CLE vs. NYK,L,19.721666666666668,0,0,2,4,3,11,6,12,0,0,3,1,20.2,1,857,857,857,1056,756,687,360,612,423,1346,832,451,536,1,1135,747,807,1,19:43
2022-23,1628378,Donovan Mitchell,Donovan,1610612739,CLE,Cleveland Cavaliers,0042200135,2023-04-26T00:00:00,CLE vs. NYK,L,44.083333333333336,6,0,2,12,9,18,20,40,1,2,2,2,49.9,1,857,857,857,35,64,687,360,138,1047,1672,1699,1486,178,1559,787,515,120,1,44:05
2022-23,1628978,Donte DiVincenzo,Donte,1610612744,GSW,Golden State Warriors,0042200165,2023-04-26T00:00:00,GSW @ SAC,W,17.22,0,0,0,2,2,11,8,16,1,0,2,0,12.5,1,1,1,1,1133,756,687,645,859,264,1346,1046,580,178,1,787,1103,1102,1,17:13
2022-23,1630541,Moses Moody,Moses,1610612744,GSW,Golden State Warriors,0042200165,2023-04-26T00:00:00,GSW @ SAC,W,4.483333333333333,0,0,0,0,0,0,3,0,1,0,0,1,6.5,1,1,1,1,1502,756,687,645,1176,1,1,525,1,178,1,1,747,1304,1,4:29
2022-23,1629011,Mitchell Robinson,Mitchell,1610612752,NYK,New York Knicks,0042200135,2023-04-26T00:00:00,NYK @ CLE,W,36.215,3,11,0,12,11,3,6,28,3,0,4,3,50.1,1,1,1,1,386,281,1,645,138,1226,492,832,1014,22,1,1436,364,118,1,36:13
2022-23,1626168,Trey Lyles,Trey,1610612758,SAC,Sacramento Kings,0042200165,2023-04-26T00:00:00,SAC vs. GSW,L,13.05,0,0,0,2,6,5,2,14,0,0,1,2,12.5,1,857,857,857,1264,756,687,645,859,726,724,341,515,536,1,405,515,1102,1,13:03
2022-23,204060,Joe Ingles,Joe,1610612749,MIL,Milwaukee Bucks,0042200105,2023-04-26T00:00:00,MIL vs. MIA,L,7.921666666666667,0,0,0,0,6,2,0,10,0,0,0,0,0.5,1,857,857,857,1422,756,687,645,1176,726,277,1,389,536,1,1,1103,1590,1,7:55
2022-23,1630559,Austin Reaves,Austin,1610612747,LAL,Los Angeles Lakers,0042200155,2023-04-26T00:00:00,LAL @ MEM,L,40.03333333333333,0,2,0,2,8,14,12,44,0,1,4,5,34.6,1,857,857,857,187,756,357,645,859,941,1544,1412,1602,536,1165,1436,138,365,1,40:02
2022-23,1630533,Ziaire Williams,Ziaire,1610612763,MEM,Memphis Grizzlies,0042200155,2023-04-26T00:00:00,MEM vs. LAL,W,1.4,0,0,0,0,0,0,0,0,0,0,0,0,0.5,1,1,1,1,1648,756,687,645,1176,1,1,1,1,536,1,1,1103,1590,1,1:24
2022-23,1628370,Malik Monk,Malik,1610612758,SAC,Sacramento Kings,0042200165,2023-04-26T00:00:00,SAC vs. GSW,L,29.15,5,1,7,10,10,11,2,36,0,2,3,9,34.5,1,857,857,857,692,111,660,32,200,1148,1346,341,1361,536,1559,1135,20,370,1,29:09
2022-23,1628997,Caleb Martin,Caleb,1610612748,MIA,Miami Heat,0042200105,2023-04-26T00:00:00,MIA @ MIL,W,20.838333333333335,2,0,0,2,6,6,1,24,0,0,0,1,7.1,1,1,1,1,1021,426,687,645,859,726,856,319,858,536,1,1,747,1286,1,20:50
2022-23,203458,Alex Len,Alex,1610612758,SAC,Sacramento Kings,0042200165,2023-04-26T00:00:00,SAC vs. GSW,L,11.583333333333334,1,2,0,2,4,5,4,14,0,0,1,1,7.1,1,857,857,857,1321,715,357,645,859,516,724,616,515,536,1,405,747,1286,1,11:35
2022-23,1629020,Jarred Vanderbilt,Jarred,1610612747,LAL,Los Angeles Lakers,0042200155,2023-04-26T00:00:00,LAL @ MEM,L,17.783333333333335,2,0,4,6,6,8,6,18,0,0,4,1,12.9,1,857,857,857,1115,426,687,145,426,726,1100,832,648,536,1,1436,747,1082,1,17:47
2022-23,203944,Julius Randle,Julius,1610612752,NYK,New York Knicks,0042200135,2023-04-26T00:00:00,NYK @ CLE,W,16.205,2,2,0,8,7,3,4,16,0,0,1,4,25.8,1,1,1,1,1164,426,357,645,300,852,492,616,580,536,1,405,244,600,1,16:12
2022-23,201567,Kevin Love,Kevin,1610612748,MIA,Miami Heat,0042200105,2023-04-26T00:00:00,MIA @ MIL,W,32.13666666666666,0,3,0,0,9,7,8,28,1,0,6,3,33.9,1,1,1,1,552,756,228,645,1176,1047,966,1046,1014,178,1,1708,364,385,1,32:08
2022-23,1630556,Kessler Edwards,Kessler,1610612758,SAC,Sacramento Kings,0042200165,2023-04-26T00:00:00,SAC vs. GSW,L,0.11666666666666667,0,0,0,0,0,0,0,0,0,0,0,0,0.0,1,857,857,857,1725,756,687,645,1176,1,1,1,1,536,1,1,1103,1601,1,0:07
2022-23,1630583,Santi Aldama,Santi,1610612763,MEM,Memphis Grizzlies,0042200155,2023-04-26T00:00:00,MEM vs. LAL,W,13.883333333333333,0,4,2,4,0,3,2,6,0,0,1,0,20.5,1,1,1,1,1241,756,136,360,612,1,492,341,265,536,1,405,1103,793,1,13:53
2022-23,201980,Danny Green,Danny,1610612739,CLE,Cleveland Cavaliers,0042200135,2023-04-26T00:00:00,CLE vs. NYK,L,4.25,0,0,0,0,2,4,0,2,0,0,2,0,0.2,1,857,857,857,1510,756,687,645,1176,264,595,1,96,536,1,787,1103,1594,1,4:15
2022-23,1628386,Jarrett Allen,Jarrett,1610612739,CLE,Cleveland Cavaliers,0042200135,2023-04-26T00:00:00,CLE vs. NYK,L,35.93333333333333,0,0,0,4,8,18,12,34,0,1,4,0,14.8,1,857,857,857,401,756,687,645,612,941,1672,1412,1287,536,1165,1436,1103,1008,1,35:56
2022-23,1630217,Desmond Bane,Desmond,1610612763,MEM,Memphis Grizzlies,0042200155,2023-04-26T00:00:00,MEM vs. LAL,W,42.833333333333336,2,5,4,12,10,18,17,46,0,0,1,3,50.5,1,1,1,1,68,426,78,145,138,1148,1672,1650,1635,536,1,405,364,111,1,42:50
2022-23,1629216,Gabe Vincent,Gabe,1610612748,MIA,Miami Heat,0042200105,2023-04-26T00:00:00,MIA @ MIL,W,41.38333333333333,0,0,0,4,11,11,9,34,0,0,4,1,30.0,1,1,1,1,128,756,687,645,612,1226,1346,1158,1287,536,1,1436,747,491,1,41:23
2022-23,1629312,Haywood Highsmith,Haywood,1610612748,MIA,Miami Heat,0042200105,2023-04-26T00:00:00,MIA @ MIL,W,3.455,2,0,0,2,0,2,0,4,0,0,2,0,8.0,1,1,1,1,1565,426,687,645,859,1,277,1,183,536,1,787,1103,1247,1,3:27
2022-23,1629117,Wenyen Gabriel,Wenyen,1610612747,LAL,Los Angeles Lakers,0042200155,2023-04-26T00:00:00,LAL @ MEM,L,8.033333333333333,0,0,0,2,2,0,6,14,0,0,1,1,11.4,1,857,857,857,1420,756,687,645,859,264,1,832,515,536,1,405,747,1137,1,8:02
2022-23,1631223,David Roddy,David,1610612763,MEM,Memphis Grizzlies,0042200155,2023-04-26T00:00:00,MEM vs. LAL,W,1.4,0,0,0,0,0,0,0,0,0,0,0,0,0.0,1,1,1,1,1648,756,687,645,1176,1,1,1,1,536,1,1,1103,1601,1,1:24
2022-23,1629060,Rui Hachimura,Rui,1610612747,LAL,Los Angeles Lakers,0042200155,2023-04-26T00:00:00,LAL @ MEM,L,21.183333333333334,0,0,2,4,0,9,7,28,0,0,3,1,11.4,1,857,857,857,1012,756,687,360,612,1,1190,938,1014,536,1,1135,747,1137,1,21:11
2022-23,1630540,Miles McBride,Miles,1610612752,NYK,New York Knicks,0042200135,2023-04-26T00:00:00,NYK @ CLE,W,0.245,0,0,0,0,0,0,0,0,0,0,0,0,0.0,1,1,1,1,1719,756,687,645,1176,1,1,1,1,536,1,1,1103,1601,1,0:15
2022-23,200768,Kyle Lowry,Kyle,1610612748,MIA,Miami Heat,0042200105,2023-04-26T00:00:00,MIA @ MIL,W,18.208333333333332,5,0,0,2,5,2,1,14,0,0,6,0,13.2,1,1,1,1,1104,111,687,645,859,628,277,319,515,536,1,1708,1103,1070,1,18:13
2022-23,203076,Anthony Davis,Anthony,1610612747,LAL,Los Angeles Lakers,0042200155,2023-04-26T00:00:00,LAL @ MEM,L,35.166666666666664,6,7,2,22,6,15,6,36,2,0,3,3,63.3,1,857,857,857,434,64,24,360,12,726,1593,832,1361,61,1,1135,364,39,1,35:10
2022-23,1628389,Bam Adebayo,Bam,1610612748,MIA,Miami Heat,0042200105,2023-04-26T00:00:00,MIA @ MIL,W,39.58833333333333,6,6,2,14,9,10,9,34,1,0,6,4,53.0,1,1,1,1,209,64,46,360,84,1047,1282,1158,1287,178,1,1708,244,91,1,39:35
2022-23,1629628,RJ Barrett,RJ,1610612752,NYK,New York Knicks,0042200135,2023-04-26T00:00:00,NYK @ CLE,W,35.93333333333333,2,0,9,10,11,0,6,24,0,0,3,3,30.8,1,1,1,1,401,426,687,13,200,1226,1,832,858,536,1,1135,364,469,1,35:56
2022-23,1626156,D'Angelo Russell,D'Angelo,1610612747,LAL,Los Angeles Lakers,0042200155,2023-04-26T00:00:00,LAL @ MEM,L,30.43166666666667,0,2,6,4,6,13,6,32,0,0,1,2,32.8,1,857,857,857,623,756,357,47,612,726,1482,832,1205,536,1,405,515,420,1,30:26
2022-23,1626224,Cedi Osman,Cedi,1610612739,CLE,Cleveland Cavaliers,0042200135,2023-04-26T00:00:00,CLE vs. NYK,L,14.45,0,0,0,0,3,11,8,16,0,0,2,1,8.7,1,857,857,857,1220,756,687,645,1176,423,1346,1046,580,536,1,787,747,1226,1,14:27
2022-23,202710,Jimmy Butler III,Jimmy,1610612748,MIA,Miami Heat,0042200105,2023-04-26T00:00:00,MIA @ MIL,W,46.083333333333336,9,4,7,24,14,13,8,46,1,1,2,8,61.6,1,1,1,1,11,15,136,32,6,1433,1482,1046,1635,178,1165,787,25,47,1,46:05
2022-23,1630558,Davion Mitchell,Davion,1610612758,SAC,Sacramento Kings,0042200165,2023-04-26T00:00:00,SAC vs. GSW,L,24.226666666666667,2,3,0,4,11,7,9,32,0,0,1,0,10.7,1,857,857,857,892,426,228,645,612,1226,966,1158,1205,536,1,405,1103,1165,1,24:14
2022-23,202083,Wesley Matthews,Wesley,1610612749,MIL,Milwaukee Bucks,0042200105,2023-04-26T00:00:00,MIL vs. MIA,L,23.658333333333335,0,0,0,0,9,8,7,30,0,1,1,1,9.0,1,857,857,857,908,756,687,645,1176,1047,1100,938,1116,536,1165,405,747,1216,1,23:40
2022-23,1629630,Ja Morant,Ja,1610612763,MEM,Memphis Grizzlies,0042200155,2023-04-26T00:00:00,MEM vs. LAL,W,37.55,6,2,6,22,10,12,19,44,0,0,2,9,54.5,1,1,1,1,319,64,357,47,12,1148,1417,1690,1602,536,1,787,20,82,1,37:33
2022-23,1629673,Jordan Poole,Jordan,1610612744,GSW,Golden State Warriors,0042200165,2023-04-26T00:00:00,GSW @ SAC,W,23.266666666666666,0,0,2,6,6,4,9,28,1,3,1,3,31.6,1,1,1,1,930,756,687,360,426,726,595,1158,1014,178,1678,405,364,454,1,23:16
2022-23,1628415,Dillon Brooks,Dillon,1610612763,MEM,Memphis Grizzlies,0042200155,2023-04-26T00:00:00,MEM vs. LAL,W,29.566666666666666,0,0,0,2,10,15,13,30,0,2,4,0,9.4,1,1,1,1,672,756,687,645,859,1148,1593,1477,1116,536,1559,1436,1103,1204,1,29:34
2022-23,1628392,Isaiah Hartenstein,Isaiah,1610612752,NYK,New York Knicks,0042200135,2023-04-26T00:00:00,NYK @ CLE,W,11.785,0,0,0,0,2,0,2,6,1,0,1,1,9.4,1,1,1,1,1311,756,687,645,1176,264,1,341,265,178,1,405,747,1204,1,11:47
2022-23,1629022,Lonnie Walker IV,Lonnie,1610612747,LAL,Los Angeles Lakers,0042200155,2023-04-26T00:00:00,LAL @ MEM,L,4.666666666666667,0,0,0,0,0,0,2,8,0,0,0,0,0.0,1,857,857,857,1496,756,687,645,1176,1,1,341,329,536,1,1,1103,1601,1,4:40
2022-23,1627780,Gary Payton II,Gary,1610612744,GSW,Golden State Warriors,0042200165,2023-04-26T00:00:00,GSW @ SAC,W,15.62,0,4,0,8,7,3,3,16,0,0,1,0,21.2,1,1,1,1,1183,756,136,645,300,852,492,525,580,536,1,405,1103,768,1,15:37
2022-23,203507,Giannis Antetokounmpo,Giannis,1610612749,MIL,Milwaukee Bucks,0042200105,2023-04-26T00:00:00,MIL vs. MIA,L,42.15833333333333,5,6,4,26,19,18,4,44,0,1,4,14,59.5,1,857,857,857,84,111,46,145,3,1641,1672,616,1602,536,1165,1436,1,54,1,42:10
2022-23,1627747,Caris LeVert,Caris,1610612739,CLE,Cleveland Cavaliers,0042200135,2023-04-26T00:00:00,CLE vs. NYK,L,37.45,3,3,2,4,10,11,14,36,0,0,3,4,32.0,1,857,857,857,326,281,228,360,612,1148,1346,1527,1361,536,1,1135,244,442,1,37:27
2022-23,1630214,Xavier Tillman,Xavier,1610612763,MEM,Memphis Grizzlies,0042200155,2023-04-26T00:00:00,MEM vs. LAL,W,31.1,0,0,2,8,8,7,17,40,0,0,1,1,20.2,1,1,1,1,600,756,687,360,300,941,966,1650,1486,536,1,405,747,807,1,31:06
2022-23,203109,Jae Crowder,Jae,1610612749,MIL,Milwaukee Bucks,0042200105,2023-04-26T00:00:00,MIL vs. MIA,L,0.30833333333333335,0,0,0,0,0,0,0,0,0,0,0,0,0.0,1,857,857,857,1718,756,687,645,1176,1,1,1,1,536,1,1,1103,1601,1,0:19
2022-23,1626192,Pat Connaughton,Pat,1610612749,MIL,Milwaukee Bucks,0042200105,2023-04-26T00:00:00,MIL vs. MIA,L,16.62,0,2,0,4,13,7,0,18,0,0,4,2,13.6,1,857,857,857,1148,756,357,645,612,1371,966,1,648,536,1,1436,515,1050,1,16:37
2022-23,203469,Cody Zeller,Cody,1610612748,MIA,Miami Heat,0042200105,2023-04-26T00:00:00,MIA @ MIL,W,10.25,0,2,0,4,6,1,0,8,0,0,0,0,6.4,1,1,1,1,1357,756,357,645,612,726,249,1,329,536,1,1,1103,1307,1,10:15
2022-23,1628972,Troy Brown Jr.,Troy,1610612747,LAL,Los Angeles Lakers,0042200155,2023-04-26T00:00:00,LAL @ MEM,L,11.683333333333334,0,0,0,0,2,5,7,14,0,0,0,0,6.3,1,857,857,857,1316,756,687,645,1176,264,724,938,515,536,1,1,1103,1316,1,11:41
2022-23,1628404,Josh Hart,Josh,1610612752,NYK,New York Knicks,0042200135,2023-04-26T00:00:00,NYK @ CLE,W,46.766666666666666,0,0,0,2,13,3,8,34,1,0,2,2,23.4,1,1,1,1,7,756,687,645,859,1371,492,1046,1287,178,1,787,515,685,1,46:46
2022-23,1631254,Kenneth Lofton Jr.,Kenneth,1610612763,MEM,Memphis Grizzlies,0042200155,2023-04-26T00:00:00,MEM vs. LAL,W,1.4,0,0,0,2,0,0,0,0,0,0,0,0,2.0,1,1,1,1,1648,756,687,645,859,1,1,1,1,536,1,1,1103,1507,1,1:24
2022-23,1630167,Obi Toppin,Obi,1610612752,NYK,New York Knicks,0042200135,2023-04-26T00:00:00,NYK @ CLE,W,21.9,0,0,4,4,2,0,2,12,0,1,1,0,17.9,1,1,1,1,980,756,687,145,612,264,1,341,451,536,1165,405,1103,887,1,21:54
2022-23,1629622,Max Strus,Max,1610612748,MIA,Miami Heat,0042200105,2023-04-26T00:00:00,MIA @ MIL,W,38.0,0,0,0,0,14,11,8,36,2,0,4,3,23.6,1,1,1,1,297,756,687,645,1176,1433,1346,1046,1361,61,1,1436,364,679,1,38:00
2022-23,1626172,Kevon Looney,Kevon,1610612744,GSW,Golden State Warriors,0042200165,2023-04-26T00:00:00,GSW @ SAC,W,34.53666666666667,0,0,0,4,9,14,8,48,1,0,4,1,42.9,1,1,1,1,453,756,687,645,612,1047,1544,1046,1668,178,1,1436,747,207,1,34:32
2022-23,1627734,Domantas Sabonis,Domantas,1610612758,SAC,Sacramento Kings,0042200165,2023-04-26T00:00:00,SAC vs. GSW,L,36.3,4,4,0,14,15,13,8,46,1,1,5,4,46.0,1,857,857,857,380,175,136,645,84,1488,1482,1046,1635,178,1165,1614,244,164,1,36:18
2022-23,1630205,Lamar Stevens,Lamar,1610612739,CLE,Cleveland Cavaliers,0042200135,2023-04-26T00:00:00,CLE vs. NYK,L,5.133333333333334,0,0,0,0,2,0,8,6,0,0,0,0,3.0,1,857,857,857,1476,756,687,645,1176,264,1,1046,265,536,1,1,1103,1455,1,5:08
2022-23,1629636,Darius Garland,Darius,1610612739,CLE,Cleveland Cavaliers,0042200135,2023-04-26T00:00:00,CLE vs. NYK,L,40.06166666666667,4,0,2,6,12,16,14,36,0,0,6,7,23.4,1,857,857,857,185,175,687,360,426,1304,1628,1527,1361,536,1,1708,47,685,1,40:04
2022-23,203114,Khris Middleton,Khris,1610612749,MIL,Milwaukee Bucks,0042200105,2023-04-26T00:00:00,MIL vs. MIA,L,41.00833333333333,4,0,0,6,15,16,4,42,0,1,5,4,46.2,1,857,857,857,142,175,687,645,426,1488,1628,616,1538,536,1165,1614,244,161,1,41:01
2022-23,1628960,Grayson Allen,Grayson,1610612749,MIL,Milwaukee Bucks,0042200105,2023-04-26T00:00:00,MIL vs. MIA,L,26.381666666666668,4,0,3,0,9,5,7,16,0,2,3,1,17.3,1,857,857,857,803,175,687,258,1176,1047,724,938,580,536,1559,1135,747,917,1,26:23
2022-23,1631099,Keegan Murray,Keegan,1610612758,SAC,Sacramento Kings,0042200165,2023-04-26T00:00:00,SAC vs. GSW,L,34.61666666666667,0,0,4,4,15,16,8,42,0,1,1,0,17.2,1,857,857,857,450,756,687,145,612,1488,1628,1046,1538,536,1165,405,1103,922,1,34:37
2022-23,201939,Stephen Curry,Stephen,1610612744,GSW,Golden State Warriors,0042200165,2023-04-26T00:00:00,GSW @ SAC,W,41.95666666666666,8,3,4,14,14,16,11,54,0,0,2,5,40.4,1,1,1,1,93,29,228,145,84,1433,1628,1355,1713,536,1,787,138,243,1,41:57
2022-23,1631108,Max Christie,Max,1610612747,LAL,Los Angeles Lakers,0042200155,2023-04-26T00:00:00,LAL @ MEM,L,1.9666666666666666,0,0,0,0,0,0,2,4,0,0,0,0,1.5,1,857,857,857,1641,756,687,645,1176,1,1,341,183,536,1,1,1103,1524,1,1:58
2022-23,1629723,John Konchar,John,1610612763,MEM,Memphis Grizzlies,0042200155,2023-04-26T00:00:00,MEM vs. LAL,W,10.148333333333333,0,0,0,0,0,6,6,12,0,0,2,0,3.6,1,1,1,1,1360,756,687,645,1176,1,856,832,451,536,1,787,1103,1432,1,10:09
2022-23,1626145,Tyus Jones,Tyus,1610612763,MEM,Memphis Grizzlies,0042200155,2023-04-26T00:00:00,MEM vs. LAL,W,15.116666666666667,0,0,0,0,2,8,2,8,0,0,0,1,12.7,1,1,1,1,1197,756,687,645,1176,264,1100,341,329,536,1,1,747,1095,1,15:07
2022-23,1628989,Kevin Huerter,Kevin,1610612758,SAC,Sacramento Kings,0042200165,2023-04-26T00:00:00,SAC vs. GSW,L,16.116666666666667,0,0,0,6,7,7,8,20,0,1,2,0,16.8,1,857,857,857,1169,756,687,645,426,852,966,1046,729,536,1165,787,1103,934,1,16:07
2022-23,1627885,Shaquille Harrison,Shaquille,1610612747,LAL,Los Angeles Lakers,0042200155,2023-04-26T00:00:00,LAL @ MEM,L,1.9666666666666666,0,0,0,0,0,0,2,4,0,1,0,0,4.2,1,857,857,857,1641,756,687,645,1176,1,1,341,183,536,1165,1,1103,1405,1,1:58
2022-23,1628973,Jalen Brunson,Jalen,1610612752,NYK,New York Knicks,0042200135,2023-04-26T00:00:00,NYK @ CLE,W,41.55,5,2,5,8,11,3,8,34,0,1,2,4,37.8,1,1,1,1,121,111,357,93,300,1226,492,1046,1287,536,1165,787,244,289,1,41:33
2022-23,1629130,Duncan Robinson,Duncan,1610612748,MIA,Miami Heat,0042200105,2023-04-26T00:00:00,MIA @ MIL,W,15.056666666666667,0,3,0,0,1,2,1,12,0,0,1,1,4.7,1,1,1,1,1200,756,228,645,1176,250,277,319,451,536,1,405,747,1379,1,15:03
2022-23,1626171,Bobby Portis,Bobby,1610612749,MIL,Milwaukee Bucks,0042200105,2023-04-26T00:00:00,MIL vs. MIA,L,16.78,0,0,0,0,8,3,5,16,0,0,0,1,4.8,1,857,857,857,1146,756,687,645,1176,941,492,745,580,536,1,1,747,1378,1,16:47
2022-23,203110,Draymond Green,Draymond,1610612744,GSW,Golden State Warriors,0042200165,2023-04-26T00:00:00,GSW @ SAC,W,31.75,4,2,0,12,8,13,10,30,1,0,4,7,48.3,1,1,1,1,570,175,357,645,138,941,1482,1250,1116,178,1,1436,47,130,1,31:45
2022-23,1628368,De'Aaron Fox,De'Aaron,1610612758,SAC,Sacramento Kings,0042200165,2023-04-26T00:00:00,SAC vs. GSW,L,41.723333333333336,0,4,3,10,14,15,9,50,1,2,3,3,48.9,1,857,857,857,108,756,136,258,200,1433,1593,1158,1686,178,1559,1135,364,125,1,41:43
2022-23,1628379,Luke Kennard,Luke,1610612763,MEM,Memphis Grizzlies,0042200155,2023-04-26T00:00:00,MEM vs. LAL,W,17.651666666666667,0,0,3,0,0,3,4,14,0,0,3,0,16.5,1,1,1,1,1119,756,687,258,1176,1,492,616,515,536,1,1135,1103,954,1,17:39
2022-23,1628991,Jaren Jackson Jr.,Jaren,1610612763,MEM,Memphis Grizzlies,0042200155,2023-04-26T00:00:00,MEM vs. LAL,W,37.95,0,6,0,6,10,18,15,40,2,1,5,3,37.0,1,1,1,1,301,756,46,645,426,1148,1672,1575,1486,61,1165,1614,364,312,1,37:57
2022-23,1630193,Immanuel Quickley,Immanuel,1610612752,NYK,New York Knicks,0042200135,2023-04-26T00:00:00,NYK @ CLE,W,29.4,0,5,2,0,8,3,4,16,0,0,3,5,22.9,1,1,1,1,684,756,78,360,1176,941,492,616,580,536,1,1135,138,709,1,29:24
2022-23,201950,Jrue Holiday,Jrue,1610612749,MIL,Milwaukee Bucks,0042200105,2023-04-26T00:00:00,MIL vs. MIA,L,46.61666666666667,2,2,2,4,20,16,9,42,0,0,1,5,36.8,1,857,857,857,9,426,357,360,612,1671,1628,1158,1538,536,1,405,138,316,1,46:37
2022-23,2544,LeBron James,LeBron,1610612747,LAL,Los Angeles Lakers,0042200155,2023-04-26T00:00:00,LAL @ MEM,L,36.95,2,4,5,8,6,12,15,38,1,0,1,5,35.5,1,857,857,857,354,426,136,93,300,726,1417,1575,1431,178,1,405,138,347,1,36:57
2022-23,202691,Klay Thompson,Klay,1610612744,GSW,Golden State Warriors,0042200165,2023-04-26T00:00:00,GSW @ SAC,W,32.413333333333334,2,7,3,4,11,12,6,44,0,0,5,1,24.9,1,1,1,1,541,426,24,258,612,1226,1417,832,1602,536,1,1614,747,643,1,32:25
2022-23,1627736,Malik Beasley,Malik,1610612747,LAL,Los Angeles Lakers,0042200155,2023-04-26T00:00:00,LAL @ MEM,L,11.133333333333333,0,3,0,0,2,0,7,18,0,0,0,0,6.2,1,857,857,857,1334,756,228,645,1176,264,1,938,648,536,1,1,1103,1317,1,11:08
2022-23,203084,Harrison Barnes,Harrison,1610612758,SAC,Sacramento Kings,0042200165,2023-04-26T00:00:00,SAC vs. GSW,L,33.11666666666667,2,2,0,4,13,11,10,46,1,0,1,5,25.1,1,857,857,857,505,426,357,645,612,1371,1346,1250,1635,178,1,405,138,635,1,33:07
2022-23,203471,Dennis Schröder,Dennis,1610612747,LAL,Los Angeles Lakers,0042200155,2023-04-26T00:00:00,LAL @ MEM,L,19.001666666666665,0,0,0,0,2,9,7,22,0,0,0,1,5.7,1,857,857,857,1085,756,687,645,1176,264,1190,938,794,536,1,1,747,1342,1,19:00
2022-23,1630596,Evan Mobley,Evan,1610612739,CLE,Cleveland Cavaliers,0042200135,2023-04-26T00:00:00,CLE vs. NYK,L,38.916666666666664,0,0,0,4,11,11,18,38,1,2,0,2,22.8,1,857,857,857,249,756,687,645,612,1226,1346,1673,1431,178,1559,1,515,715,1,38:55
2022-23,201572,Brook Lopez,Brook,1610612749,MIL,Milwaukee Bucks,0042200105,2023-04-26T00:00:00,MIL vs. MIA,L,43.54666666666667,0,3,0,8,21,15,9,42,1,0,3,3,35.5,1,857,857,857,47,756,228,645,300,1686,1593,1158,1538,178,1,1135,364,347,1,43:33
2022-23,203952,Andrew Wiggins,Andrew,1610612744,GSW,Golden State Warriors,0042200165,2023-04-26T00:00:00,GSW @ SAC,W,38.75333333333333,5,2,3,10,13,7,12,44,2,0,5,0,35.8,1,1,1,1,261,111,357,258,200,1371,966,1412,1602,61,1,1614,1103,339,1,38:45
2022-23,1626157,Karl-Anthony Towns,Karl-Anthony,1610612750,MIN,Minnesota Timberwolves,0042200145,2023-04-25T00:00:00,MIN @ DEN,L,38.38166666666667,3,2,2,16,15,14,20,32,1,1,6,10,46.7,1,857,857,857,276,281,357,360,45,1488,1544,1699,1205,178,1165,1708,8,154,1,38:23
2022-23,1627826,Ivica Zubac,Ivica,1610612746,LAC,LA Clippers,0042200175,2023-04-25T00:00:00,LAC @ PHX,L,23.866666666666667,0,2,2,10,10,8,15,28,1,0,2,4,32.0,1,857,857,857,902,756,357,360,200,1148,1100,1575,1014,178,1,787,244,442,1,23:52
2022-23,203991,Clint Capela,Clint,1610612737,ATL,Atlanta Hawks,0042200115,2023-04-25T00:00:00,ATL @ BOS,W,20.746666666666666,0,0,0,4,6,2,14,28,1,1,0,1,16.9,1,1,1,1,1024,756,687,645,612,726,277,1527,1014,178,1165,1,747,932,1,20:45
2022-23,203497,Rudy Gobert,Rudy,1610612750,MIN,Minnesota Timberwolves,0042200145,2023-04-25T00:00:00,MIN @ DEN,L,40.45166666666667,2,7,0,10,14,16,16,36,0,0,6,5,40.0,1,857,857,857,168,426,24,645,200,1433,1628,1626,1361,536,1,1708,138,252,1,40:27
2022-23,202694,Marcus Morris Sr.,Marcus,1610612746,LAC,LA Clippers,0042200175,2023-04-25T00:00:00,LAC @ PHX,L,23.921666666666667,2,4,0,6,9,8,17,32,0,0,0,1,18.0,1,857,857,857,900,426,136,645,426,1047,1100,1650,1205,536,1,1,747,879,1,23:55
2022-23,1629638,Nickeil Alexander-Walker,Nickeil,1610612750,MIN,Minnesota Timberwolves,0042200145,2023-04-25T00:00:00,MIN @ DEN,L,38.166666666666664,3,0,0,4,14,9,13,30,0,0,3,2,22.7,1,857,857,857,288,281,687,645,612,1433,1190,1477,1116,536,1,1135,515,717,1,38:10
2022-23,1627752,Taurean Prince,Taurean,1610612750,MIN,Minnesota Timberwolves,0042200145,2023-04-25T00:00:00,MIN @ DEN,L,22.268333333333334,8,0,2,4,9,12,7,16,1,1,2,0,19.0,1,857,857,857,965,29,687,360,612,1047,1417,938,580,178,1165,787,1103,843,1,22:16
2022-23,1628381,John Collins,John,1610612737,ATL,Atlanta Hawks,0042200115,2023-04-25T00:00:00,ATL @ BOS,W,30.641666666666666,2,2,2,10,6,6,17,36,0,1,3,2,26.9,1,1,1,1,618,426,357,360,200,726,856,1650,1361,536,1165,1135,515,565,1,30:39
2022-23,1630538,Bones Hyland,Bones,1610612746,LAC,LA Clippers,0042200175,2023-04-25T00:00:00,LAC @ PHX,L,15.15,0,0,0,4,6,7,3,12,0,0,1,0,12.0,1,857,857,857,1196,756,687,645,612,726,966,525,451,536,1,405,1103,1114,1,15:09
2022-23,1628369,Jayson Tatum,Jayson,1610612738,BOS,Boston Celtics,0042200115,2023-04-25T00:00:00,BOS vs. ATL,L,38.2,6,4,4,12,12,10,5,30,1,0,2,4,41.6,1,857,857,857,285,64,136,145,138,1304,1282,745,1116,178,1,787,244,232,1,38:12
2022-23,203992,Bogdan Bogdanović,Bogdan,1610612737,ATL,Atlanta Hawks,0042200115,2023-04-25T00:00:00,ATL @ BOS,W,34.785,0,2,3,4,4,10,12,40,2,0,2,3,41.7,1,1,1,1,446,756,357,258,612,516,1282,1412,1486,61,1,787,364,231,1,34:47
2022-23,1629013,Landry Shamet,Landry,1610612756,PHX,Phoenix Suns,0042200175,2023-04-25T00:00:00,PHX vs. LAC,W,8.945,0,0,0,0,6,10,0,12,0,0,1,0,3.0,1,1,1,1,1394,756,687,645,1176,726,1282,1,451,536,1,405,1103,1455,1,8:57
2022-23,201933,Blake Griffin,Blake,1610612738,BOS,Boston Celtics,0042200115,2023-04-25T00:00:00,BOS vs. ATL,L,5.883333333333334,0,0,0,0,2,2,3,8,0,0,2,0,2.4,1,857,857,857,1456,756,687,645,1176,264,277,525,329,536,1,787,1103,1494,1,5:53
2022-23,203085,Austin Rivers,Austin,1610612750,MIN,Minnesota Timberwolves,0042200145,2023-04-25T00:00:00,MIN @ DEN,L,13.931666666666667,0,0,0,2,6,12,7,12,0,0,1,0,6.2,1,857,857,857,1240,756,687,645,859,726,1417,938,451,536,1,405,1103,1317,1,13:56
2022-23,1628470,Torrey Craig,Torrey,1610612756,PHX,Phoenix Suns,0042200175,2023-04-25T00:00:00,PHX vs. LAC,W,16.888333333333332,0,0,0,0,0,16,0,16,0,0,3,0,2.4,1,1,1,1,1140,756,687,645,1176,1,1628,1,580,536,1,1135,1103,1494,1,16:53
2022-23,201587,Nicolas Batum,Nicolas,1610612746,LAC,LA Clippers,0042200175,2023-04-25T00:00:00,LAC @ PHX,L,26.588333333333335,5,10,3,4,11,9,7,18,0,1,1,1,35.2,1,857,857,857,797,111,6,258,612,1226,1190,938,648,536,1165,405,747,354,1,26:35
2022-23,201143,Al Horford,Al,1610612738,BOS,Boston Celtics,0042200115,2023-04-25T00:00:00,BOS vs. ATL,L,33.06666666666667,0,0,0,0,14,6,8,24,5,0,2,0,34.7,1,857,857,857,509,756,687,645,1176,1433,856,1046,858,2,1,787,1103,364,1,33:04
2022-23,201566,Russell Westbrook,Russell,1610612746,LAC,LA Clippers,0042200175,2023-04-25T00:00:00,LAC @ PHX,L,39.46666666666667,0,4,0,4,16,15,20,38,0,1,4,6,30.6,1,857,857,857,216,756,136,645,612,1534,1593,1699,1431,536,1165,1436,86,474,1,39:28
2022-23,1629006,Josh Okogie,Josh,1610612756,PHX,Phoenix Suns,0042200175,2023-04-25T00:00:00,PHX vs. LAC,W,32.75333333333333,2,0,2,4,13,23,10,38,0,0,3,1,23.9,1,1,1,1,528,426,687,360,612,1371,1720,1250,1431,536,1,1135,747,668,1,32:45
2022-23,1629611,Terance Mann,Terance,1610612746,LAC,LA Clippers,0042200175,2023-04-25T00:00:00,LAC @ PHX,L,27.4,0,3,0,4,11,9,7,18,0,1,2,2,18.0,1,857,857,857,765,756,228,645,612,1226,1190,938,648,536,1165,787,515,879,1,27:24
2022-23,1626166,Cameron Payne,Cameron,1610612756,PHX,Phoenix Suns,0042200175,2023-04-25T00:00:00,PHX vs. LAC,W,3.2666666666666666,0,0,0,0,0,0,0,6,0,0,0,0,3.0,1,1,1,1,1574,756,687,645,1176,1,1,1,265,536,1,1,1103,1455,1,3:16
2022-23,1629027,Trae Young,Trae,1610612737,ATL,Atlanta Hawks,0042200115,2023-04-25T00:00:00,ATL @ BOS,W,44.108333333333334,12,2,3,8,6,10,24,50,0,4,4,4,64.3,1,1,1,1,34,2,357,258,300,726,1282,1723,1686,536,1712,1436,244,34,1,44:07
2022-23,201569,Eric Gordon,Eric,1610612746,LAC,LA Clippers,0042200175,2023-04-25T00:00:00,LAC @ PHX,L,20.833333333333332,0,0,0,0,9,8,15,26,0,0,2,0,6.5,1,857,857,857,1022,756,687,645,1176,1047,1100,1575,941,536,1,787,1103,1304,1,20:50
2022-23,1629669,Jaylen Nowell,Jaylen,1610612750,MIN,Minnesota Timberwolves,0042200145,2023-04-25T00:00:00,MIN @ DEN,L,8.32,0,0,0,2,4,10,4,4,0,0,3,0,1.0,1,857,857,857,1413,756,687,645,859,516,1282,616,183,536,1,1135,1103,1583,1,8:19
2022-23,203484,Kentavious Caldwell-Pope,Kentavious,1610612743,DEN,Denver Nuggets,0042200145,2023-04-25T00:00:00,DEN vs. MIN,W,26.036666666666665,3,0,2,4,11,7,10,38,0,0,4,4,17.9,1,1,1,1,817,281,687,360,612,1226,966,1250,1431,536,1,1436,244,887,1,26:02
2022-23,1629057,Robert Williams III,Robert,1610612738,BOS,Boston Celtics,0042200115,2023-04-25T00:00:00,BOS vs. ATL,L,27.266666666666666,0,2,0,10,10,13,2,22,0,0,4,1,21.4,1,857,857,857,771,756,357,645,200,1148,1482,341,794,536,1,1436,747,756,1,27:16
2022-23,1630552,Jalen Johnson,Jalen,1610612737,ATL,Atlanta Hawks,0042200115,2023-04-25T00:00:00,ATL @ BOS,W,13.5,0,3,0,0,2,4,5,20,0,0,1,0,9.6,1,1,1,1,1251,756,228,645,1176,264,595,745,729,536,1,405,1103,1200,1,13:30
2022-23,1628971,Bruce Brown,Bruce,1610612743,DEN,Denver Nuggets,0042200145,2023-04-25T00:00:00,DEN vs. MIN,W,29.883333333333333,6,4,2,6,15,8,4,28,0,1,0,4,22.0,1,1,1,1,657,64,136,360,426,1488,1100,616,1014,536,1165,1,244,734,1,29:53
2022-23,101108,Chris Paul,Chris,1610612756,PHX,Phoenix Suns,0042200175,2023-04-25T00:00:00,PHX vs. LAC,W,37.45,2,5,0,2,7,24,10,32,0,0,2,0,36.5,1,1,1,1,326,426,78,645,859,852,1723,1250,1205,536,1,787,1103,324,1,37:27
2022-23,203999,Nikola Jokić,Nikola,1610612743,DEN,Denver Nuggets,0042200145,2023-04-25T00:00:00,DEN vs. MIN,W,41.905,2,8,4,10,18,11,8,52,2,2,4,8,76.4,1,1,1,1,98,426,13,145,200,1612,1346,1046,1701,61,1559,1436,25,5,1,41:54
2022-23,1629008,Michael Porter Jr.,Michael,1610612743,DEN,Denver Nuggets,0042200145,2023-04-25T00:00:00,DEN vs. MIN,W,38.913333333333334,0,3,0,2,15,11,6,48,0,0,3,0,26.0,1,1,1,1,251,756,228,645,859,1488,1346,832,1668,536,1,1135,1103,593,1,38:55
2022-23,202687,Bismack Biyombo,Bismack,1610612756,PHX,Phoenix Suns,0042200175,2023-04-25T00:00:00,PHX vs. LAC,W,12.383333333333333,1,0,0,4,11,8,2,16,3,0,5,3,28.6,1,1,1,1,1288,715,687,645,612,1226,1100,341,580,22,1,1614,364,524,1,12:23
2022-23,201144,Mike Conley,Mike,1610612750,MIN,Minnesota Timberwolves,0042200145,2023-04-25T00:00:00,MIN @ DEN,L,38.38333333333333,2,2,2,2,12,11,13,34,0,1,3,2,28.3,1,857,857,857,275,426,357,360,859,1304,1346,1477,1287,536,1165,1135,515,536,1,38:23
2022-23,203935,Marcus Smart,Marcus,1610612738,BOS,Boston Celtics,0042200115,2023-04-25T00:00:00,BOS vs. ATL,L,26.506666666666668,0,0,3,4,12,5,5,18,0,1,4,3,14.6,1,857,857,857,799,756,687,258,612,1304,724,745,648,536,1165,1436,364,1014,1,26:30
2022-23,1630573,Sam Hauser,Sam,1610612738,BOS,Boston Celtics,0042200115,2023-04-25T00:00:00,BOS vs. ATL,L,13.5,0,0,3,0,0,8,0,8,1,0,0,0,16.4,1,857,857,857,1251,756,687,258,1176,1,1100,1,329,178,1,1,1103,956,1,13:30
2022-23,1626164,Devin Booker,Devin,1610612756,PHX,Phoenix Suns,0042200175,2023-04-25T00:00:00,PHX vs. LAC,W,41.65,9,5,10,14,8,28,8,44,0,1,4,6,74.6,1,1,1,1,113,15,78,5,84,941,1728,1046,1602,536,1165,1436,86,9,1,41:39
2022-23,1626181,Norman Powell,Norman,1610612746,LAC,LA Clippers,0042200175,2023-04-25T00:00:00,LAC @ PHX,L,38.87833333333333,2,0,3,6,18,12,19,40,0,1,5,6,32.9,1,857,857,857,253,426,687,258,426,1612,1417,1690,1486,536,1165,1614,86,415,1,38:53
2022-23,1627763,Malcolm Brogdon,Malcolm,1610612738,BOS,Boston Celtics,0042200115,2023-04-25T00:00:00,BOS vs. ATL,L,25.75,2,0,5,6,4,15,3,20,0,1,2,1,22.1,1,857,857,857,828,426,687,93,426,516,1593,525,729,536,1165,787,747,731,1,25:45
2022-23,1627814,Damion Lee,Damion,1610612756,PHX,Phoenix Suns,0042200175,2023-04-25T00:00:00,PHX vs. LAC,W,6.8133333333333335,0,0,0,0,5,9,2,8,0,0,3,0,0.2,1,1,1,1,1440,756,687,645,1176,628,1190,341,329,536,1,1135,1103,1594,1,6:49
2022-23,201145,Jeff Green,Jeff,1610612743,DEN,Denver Nuggets,0042200145,2023-04-25T00:00:00,DEN vs. MIN,W,18.716666666666665,0,0,0,0,9,2,4,12,1,0,2,1,7.2,1,1,1,1,1093,756,687,645,1176,1047,277,616,451,178,1,787,747,1282,1,18:43
2022-23,203932,Aaron Gordon,Aaron,1610612743,DEN,Denver Nuggets,0042200145,2023-04-25T00:00:00,DEN vs. MIN,W,33.845,2,4,4,8,17,13,8,52,0,1,5,4,26.2,1,1,1,1,478,426,136,145,300,1579,1482,1046,1701,536,1165,1614,244,586,1,33:51
2022-23,201142,Kevin Durant,Kevin,1610612756,PHX,Phoenix Suns,0042200175,2023-04-25T00:00:00,PHX vs. LAC,W,44.233333333333334,6,2,10,6,13,26,10,44,1,0,3,7,49.2,1,1,1,1,32,64,357,5,426,1371,1726,1250,1602,178,1,1135,47,123,1,44:14
2022-23,1630162,Anthony Edwards,Anthony,1610612750,MIN,Minnesota Timberwolves,0042200145,2023-04-25T00:00:00,MIN @ DEN,L,39.916666666666664,4,2,4,18,16,21,20,36,2,0,3,2,54.1,1,857,857,857,196,175,357,145,28,1534,1703,1699,1361,61,1,1135,515,86,1,39:55
2022-23,1631128,Christian Braun,Christian,1610612743,DEN,Denver Nuggets,0042200145,2023-04-25T00:00:00,DEN vs. MIN,W,9.566666666666666,0,0,0,0,5,0,2,8,0,0,1,0,4.4,1,1,1,1,1375,756,687,645,1176,628,1,341,329,536,1,405,1103,1392,1,9:34
2022-23,1627750,Jamal Murray,Jamal,1610612743,DEN,Denver Nuggets,0042200145,2023-04-25T00:00:00,DEN vs. MIN,W,41.13333333333333,5,2,8,10,20,13,8,52,0,0,2,6,48.3,1,1,1,1,136,111,357,20,200,1671,1482,1046,1701,536,1,787,86,130,1,41:08
2022-23,1629028,Deandre Ayton,Deandre,1610612756,PHX,Phoenix Suns,0042200175,2023-04-25T00:00:00,PHX vs. LAC,W,35.61666666666667,0,5,0,16,2,26,8,34,0,0,3,4,38.7,1,1,1,1,420,756,78,645,45,264,1726,1046,1287,536,1,1135,244,272,1,35:37
2022-23,1630180,Saddiq Bey,Saddiq,1610612737,ATL,Atlanta Hawks,0042200115,2023-04-25T00:00:00,ATL @ BOS,W,23.62,0,2,0,4,6,6,17,36,0,2,1,2,16.8,1,1,1,1,912,756,357,645,612,726,856,1650,1361,536,1559,405,515,934,1,23:37
2022-23,1629631,De'Andre Hunter,De'Andre,1610612737,ATL,Atlanta Hawks,0042200115,2023-04-25T00:00:00,ATL @ BOS,W,41.83166666666666,0,3,0,2,6,10,21,48,0,0,3,5,17.8,1,1,1,1,103,756,228,645,859,726,1282,1710,1668,536,1,1135,138,895,1,41:50
2022-23,203486,Mason Plumlee,Mason,1610612746,LAC,LA Clippers,0042200175,2023-04-25T00:00:00,LAC @ PHX,L,23.895,4,11,2,12,10,9,7,18,0,0,4,7,39.5,1,857,857,857,901,175,1,360,138,1148,1190,938,648,536,1,1436,47,260,1,23:54
2022-23,1628401,Derrick White,Derrick,1610612738,BOS,Boston Celtics,0042200115,2023-04-25T00:00:00,BOS vs. ATL,L,31.36,0,4,3,8,2,14,6,28,2,1,1,4,36.0,1,857,857,857,588,756,136,258,300,264,1544,832,1014,61,1165,405,244,332,1,31:22
2022-23,1627759,Jaylen Brown,Jaylen,1610612738,BOS,Boston Celtics,0042200115,2023-04-25T00:00:00,BOS vs. ATL,L,38.46666666666667,0,2,6,20,14,12,8,32,0,1,3,3,46.9,1,857,857,857,272,756,357,47,20,1433,1417,1046,1205,536,1165,1135,364,150,1,38:28
2022-23,1630233,Nathan Knight,Nathan,1610612750,MIN,Minnesota Timberwolves,0042200145,2023-04-25T00:00:00,MIN @ DEN,L,0.18,0,0,0,0,0,0,0,0,0,0,0,0,0.0,1,857,857,857,1723,756,687,645,1176,1,1,1,1,536,1,1,1103,1601,1,0:11
2022-23,1628988,Aaron Holiday,Aaron,1610612737,ATL,Atlanta Hawks,0042200115,2023-04-25T00:00:00,ATL @ BOS,W,3.8833333333333333,0,0,0,0,2,2,0,10,0,0,0,0,0.5,1,1,1,1,1534,756,687,645,1176,264,277,1,389,536,1,1,1103,1590,1,3:53
2022-23,1630168,Onyeka Okongwu,Onyeka,1610612737,ATL,Atlanta Hawks,0042200115,2023-04-25T00:00:00,ATL @ BOS,W,26.883333333333333,0,3,0,6,2,10,10,32,1,1,2,3,23.3,1,1,1,1,782,756,228,645,426,264,1282,1250,1205,178,1165,787,364,691,1,26:53
2022-23,202710,Jimmy Butler III,Jimmy,1610612748,MIA,Miami Heat,0042200104,2023-04-24T00:00:00,MIA vs. MIL,W,40.75,10,3,10,22,17,14,13,46,1,2,0,11,71.8,1,1,1,1,156,6,228,5,12,1579,1544,1477,1635,178,1559,1,2,13,1,40:45
2022-23,1628991,Jaren Jackson Jr.,Jaren,1610612763,MEM,Memphis Grizzlies,0042200154,2023-04-24T00:00:00,MEM @ LAL,L,42.03333333333333,2,8,0,10,10,12,10,42,5,2,4,4,43.3,1,857,857,857,90,426,13,645,200,1148,1417,1250,1538,2,1559,1436,244,204,1,42:02
2022-23,1628379,Luke Kennard,Luke,1610612763,MEM,Memphis Grizzlies,0042200154,2023-04-24T00:00:00,MEM @ LAL,L,13.631666666666666,0,6,0,0,2,2,7,12,0,0,2,0,12.3,1,857,857,857,1247,756,46,645,1176,264,277,938,451,536,1,787,1103,1106,1,13:38
2022-23,1628972,Troy Brown Jr.,Troy,1610612747,LAL,Los Angeles Lakers,0042200154,2023-04-24T00:00:00,LAL vs. MEM,W,21.816666666666666,0,2,2,6,3,11,4,26,0,0,0,0,12.3,1,1,1,1,985,756,357,360,426,423,1346,616,941,536,1,1,1103,1106,1,21:49
2022-23,1626145,Tyus Jones,Tyus,1610612763,MEM,Memphis Grizzlies,0042200154,2023-04-24T00:00:00,MEM @ LAL,L,8.966666666666667,0,0,0,2,2,5,5,8,0,0,0,0,6.2,1,857,857,857,1393,756,687,645,859,264,724,745,329,536,1,1,1103,1317,1,8:58
2022-23,1629630,Ja Morant,Ja,1610612763,MEM,Memphis Grizzlies,0042200154,2023-04-24T00:00:00,MEM @ LAL,L,44.03333333333333,5,0,4,14,15,7,11,46,1,2,3,5,42.3,1,857,857,857,37,111,687,145,84,1488,966,1355,1635,178,1559,1135,138,219,1,44:02
2022-23,203076,Anthony Davis,Anthony,1610612747,LAL,Los Angeles Lakers,0042200154,2023-04-24T00:00:00,LAL vs. MEM,W,41.9,5,3,0,6,16,21,14,44,4,1,3,5,42.2,1,1,1,1,99,111,228,645,426,1534,1703,1527,1602,8,1165,1135,138,222,1,41:54
2022-23,1630214,Xavier Tillman,Xavier,1610612763,MEM,Memphis Grizzlies,0042200154,2023-04-24T00:00:00,MEM @ LAL,L,41.51833333333333,2,0,4,10,15,10,11,44,1,2,5,1,35.6,1,857,857,857,124,426,687,145,200,1488,1282,1355,1602,178,1559,1614,747,343,1,41:31
2022-23,204060,Joe Ingles,Joe,1610612749,MIL,Milwaukee Bucks,0042200104,2023-04-24T00:00:00,MIL @ MIA,L,18.086666666666666,0,0,0,0,8,3,2,18,0,0,2,0,11.4,1,857,857,857,1109,756,687,645,1176,941,492,341,648,536,1,787,1103,1137,1,18:05
2022-23,1628997,Caleb Martin,Caleb,1610612748,MIA,Miami Heat,0042200104,2023-04-24T00:00:00,MIA vs. MIL,W,24.906666666666666,2,2,4,2,7,10,1,28,0,0,2,1,30.3,1,1,1,1,866,426,357,145,859,852,1282,319,1014,536,1,787,747,483,1,24:54
2022-23,1628975,Jevon Carter,Jevon,1610612749,MIL,Milwaukee Bucks,0042200104,2023-04-24T00:00:00,MIL @ MIA,L,0.14666666666666667,0,0,0,0,0,0,0,0,0,0,0,0,0.0,1,857,857,857,1724,756,687,645,1176,1,1,1,1,536,1,1,1103,1601,1,0:09
2022-23,1628389,Bam Adebayo,Bam,1610612748,MIA,Miami Heat,0042200104,2023-04-24T00:00:00,MIA vs. MIL,W,30.415,3,0,0,6,12,10,10,38,1,2,3,4,30.6,1,1,1,1,626,281,687,645,426,1304,1282,1250,1431,178,1559,1135,244,474,1,30:25
2022-23,201572,Brook Lopez,Brook,1610612749,MIL,Milwaukee Bucks,0042200104,2023-04-24T00:00:00,MIL @ MIA,L,38.765,4,6,0,16,22,5,20,34,3,1,2,4,62.2,1,857,857,857,260,175,46,645,45,1698,724,1699,1287,22,1165,787,244,43,1,38:46
2022-23,1629020,Jarred Vanderbilt,Jarred,1610612747,LAL,Los Angeles Lakers,0042200154,2023-04-24T00:00:00,LAL vs. MEM,W,19.633333333333333,3,4,2,8,9,9,10,30,3,0,0,1,30.7,1,1,1,1,1062,281,136,360,300,1047,1190,1250,1116,22,1,1,747,471,1,19:38
2022-23,1627736,Malik Beasley,Malik,1610612747,LAL,Los Angeles Lakers,0042200154,2023-04-24T00:00:00,LAL vs. MEM,W,9.033333333333333,0,0,0,0,2,5,2,16,0,0,0,0,3.0,1,1,1,1,1391,756,687,645,1176,264,724,341,580,536,1,1,1103,1455,1,9:02
2022-23,2544,LeBron James,LeBron,1610612747,LAL,Los Angeles Lakers,0042200154,2023-04-24T00:00:00,LAL vs. MEM,W,45.46666666666667,2,0,3,12,13,16,14,50,2,1,3,6,61.5,1,1,1,1,13,426,687,258,138,1371,1628,1527,1686,61,1165,1135,86,48,1,45:28
2022-23,1626171,Bobby Portis,Bobby,1610612749,MIL,Milwaukee Bucks,0042200104,2023-04-24T00:00:00,MIL @ MIA,L,12.736666666666666,0,0,0,2,5,3,4,10,0,0,0,0,7.8,1,857,857,857,1275,756,687,645,859,628,492,616,389,536,1,1,1103,1259,1,12:44
2022-23,203507,Giannis Antetokounmpo,Giannis,1610612749,MIL,Milwaukee Bucks,0042200104,2023-04-24T00:00:00,MIL @ MIA,L,38.45,6,4,4,24,18,2,20,34,2,1,3,6,60.5,1,857,857,857,273,64,136,145,6,1612,277,1699,1287,61,1165,1135,86,53,1,38:27
2022-23,1629312,Haywood Highsmith,Haywood,1610612748,MIA,Miami Heat,0042200104,2023-04-24T00:00:00,MIA vs. MIL,W,14.366666666666667,3,0,0,0,3,2,5,12,0,1,1,0,9.6,1,1,1,1,1224,281,687,645,1176,423,277,745,451,536,1165,405,1103,1200,1,14:22
2022-23,1630583,Santi Aldama,Santi,1610612763,MEM,Memphis Grizzlies,0042200154,2023-04-24T00:00:00,MEM @ LAL,L,7.416666666666667,0,0,0,2,5,0,2,4,0,0,1,1,9.2,1,857,857,857,1432,756,687,645,859,628,1,341,183,536,1,405,747,1211,1,7:25
2022-23,201950,Jrue Holiday,Jrue,1610612749,MIL,Milwaukee Bucks,0042200104,2023-04-24T00:00:00,MIL @ MIA,L,40.583333333333336,0,0,2,6,24,5,18,30,1,2,4,1,36.4,1,857,857,857,161,756,687,360,426,1714,724,1673,1116,178,1559,1436,747,326,1,40:35
2022-23,203114,Khris Middleton,Khris,1610612749,MIL,Milwaukee Bucks,0042200104,2023-04-24T00:00:00,MIL @ MIA,L,37.29,3,2,3,4,19,5,17,30,0,1,6,3,33.2,1,857,857,857,335,281,357,258,612,1641,724,1650,1116,536,1165,1708,364,406,1,37:17
2022-23,1629622,Max Strus,Max,1610612748,MIA,Miami Heat,0042200104,2023-04-24T00:00:00,MIA vs. MIL,W,17.046666666666667,0,0,0,0,10,6,10,20,0,0,3,1,-2.0,1,1,1,1,1136,756,687,645,1176,1148,856,1250,729,536,1,1135,747,1728,1,17:03
2022-23,1630217,Desmond Bane,Desmond,1610612763,MEM,Memphis Grizzlies,0042200154,2023-04-24T00:00:00,MEM @ LAL,L,46.78333333333333,5,7,4,12,17,12,14,52,0,3,4,4,48.9,1,857,857,857,6,111,24,145,138,1579,1417,1527,1701,536,1678,1436,244,125,1,46:47
2022-23,1630559,Austin Reaves,Austin,1610612747,LAL,Los Angeles Lakers,0042200154,2023-04-24T00:00:00,LAL vs. MEM,W,41.6,0,3,4,8,13,19,12,38,0,2,4,7,36.8,1,1,1,1,116,756,228,145,300,1371,1693,1412,1431,536,1559,1436,47,316,1,41:36
2022-23,203469,Cody Zeller,Cody,1610612748,MIA,Miami Heat,0042200104,2023-04-24T00:00:00,MIA vs. MIL,W,7.385,0,0,0,2,2,4,0,8,0,1,1,1,3.2,1,1,1,1,1434,756,687,645,859,264,595,1,329,536,1165,405,747,1444,1,7:23
2022-23,1629216,Gabe Vincent,Gabe,1610612748,MIA,Miami Heat,0042200104,2023-04-24T00:00:00,MIA vs. MIL,W,28.91,3,0,3,4,12,12,12,34,0,0,4,0,25.4,1,1,1,1,698,281,687,258,612,1304,1417,1412,1287,536,1,1436,1103,618,1,28:55
2022-23,1628415,Dillon Brooks,Dillon,1610612763,MEM,Memphis Grizzlies,0042200154,2023-04-24T00:00:00,MEM @ LAL,L,40.916666666666664,2,0,4,6,17,7,9,44,0,1,5,1,22.0,1,857,857,857,145,426,687,145,426,1579,966,1158,1602,536,1165,1614,747,734,1,40:55
2022-23,1629060,Rui Hachimura,Rui,1610612747,LAL,Los Angeles Lakers,0042200154,2023-04-24T00:00:00,LAL vs. MEM,W,26.316666666666666,2,0,0,0,5,9,8,28,0,2,0,1,15.7,1,1,1,1,805,426,687,645,1176,628,1190,1046,1014,536,1559,1,747,976,1,26:19
2022-23,1631223,David Roddy,David,1610612763,MEM,Memphis Grizzlies,0042200154,2023-04-24T00:00:00,MEM @ LAL,L,19.7,0,3,0,2,2,5,11,18,0,1,2,1,18.0,1,857,857,857,1057,756,228,645,859,264,724,1355,648,536,1165,787,747,879,1,19:42
2022-23,201567,Kevin Love,Kevin,1610612748,MIA,Miami Heat,0042200104,2023-04-24T00:00:00,MIA vs. MIL,W,22.213333333333335,0,0,0,0,10,6,10,24,2,0,4,0,26.4,1,1,1,1,968,756,687,645,1176,1148,856,1250,858,61,1,1436,1103,580,1,22:13
2022-23,200768,Kyle Lowry,Kyle,1610612748,MIA,Miami Heat,0042200104,2023-04-24T00:00:00,MIA vs. MIL,W,23.7,0,0,2,4,5,8,1,26,1,0,1,1,21.3,1,1,1,1,906,756,687,360,612,628,1100,319,941,178,1,405,747,764,1,23:42
2022-23,1626156,D'Angelo Russell,D'Angelo,1610612747,LAL,Los Angeles Lakers,0042200154,2023-04-24T00:00:00,LAL vs. MEM,W,28.85,3,0,5,8,12,18,10,32,0,0,6,1,20.7,1,1,1,1,702,281,687,93,300,1304,1672,1250,1205,536,1,1708,747,784,1,28:51
2022-23,1628960,Grayson Allen,Grayson,1610612749,MIL,Milwaukee Bucks,0042200104,2023-04-24T00:00:00,MIL @ MIA,L,33.31333333333333,3,0,3,0,11,2,15,28,0,0,1,3,14.0,1,857,857,857,500,281,687,258,1176,1226,277,1575,1014,536,1,405,364,1041,1,33:19
2022-23,1626192,Pat Connaughton,Pat,1610612749,MIL,Milwaukee Bucks,0042200104,2023-04-24T00:00:00,MIL @ MIA,L,20.628333333333334,1,4,1,2,13,0,14,16,0,0,2,3,19.7,1,857,857,857,1028,715,136,622,859,1371,1,1527,580,536,1,787,364,822,1,20:38
2022-23,1629130,Duncan Robinson,Duncan,1610612748,MIA,Miami Heat,0042200104,2023-04-24T00:00:00,MIA vs. MIL,W,30.30666666666667,3,0,3,0,7,8,3,34,0,0,1,1,17.3,1,1,1,1,629,281,687,258,1176,852,1100,525,1287,536,1,405,747,917,1,30:18
2022-23,203471,Dennis Schröder,Dennis,1610612747,LAL,Los Angeles Lakers,0042200154,2023-04-24T00:00:00,LAL vs. MEM,W,30.383333333333333,2,0,0,6,7,12,6,26,2,1,1,5,22.5,1,1,1,1,627,426,687,645,426,852,1417,832,941,61,1165,405,138,721,1,30:23
2022-23,1629011,Mitchell Robinson,Mitchell,1610612752,NYK,New York Knicks,0042200134,2023-04-23T00:00:00,NYK vs. CLE,W,27.366666666666667,0,8,0,10,9,5,7,32,2,0,2,2,32.7,1,1,1,1,767,756,13,645,200,1047,724,938,1205,61,1,787,515,424,1,27:22
2022-23,203992,Bogdan Bogdanović,Bogdan,1610612737,ATL,Atlanta Hawks,0042200114,2023-04-23T00:00:00,ATL vs. BOS,L,19.266666666666666,2,0,0,2,2,0,3,20,0,0,6,0,10.4,1,857,857,857,1072,426,687,645,859,264,1,525,729,536,1,1708,1103,1177,1,19:16
2022-23,1629684,Grant Williams,Grant,1610612738,BOS,Boston Celtics,0042200114,2023-04-23T00:00:00,BOS @ ATL,W,0.935,0,0,0,0,0,2,0,2,0,0,0,0,0.0,1,1,1,1,1674,756,687,645,1176,1,277,1,96,536,1,1,1103,1601,1,0:56
2022-23,1630540,Miles McBride,Miles,1610612752,NYK,New York Knicks,0042200134,2023-04-23T00:00:00,NYK vs. CLE,W,5.0633333333333335,3,0,0,0,2,2,0,6,0,0,0,1,4.2,1,1,1,1,1477,281,687,645,1176,264,277,1,265,536,1,1,747,1405,1,5:04
2022-23,1627747,Caris LeVert,Caris,1610612739,CLE,Cleveland Cavaliers,0042200134,2023-04-23T00:00:00,CLE @ NYK,L,38.766666666666666,1,5,1,4,11,21,3,42,1,0,2,5,32.8,1,857,857,857,259,715,78,622,612,1226,1703,525,1538,178,1,787,138,420,1,38:46
2022-23,1631099,Keegan Murray,Keegan,1610612758,SAC,Sacramento Kings,0042200164,2023-04-23T00:00:00,SAC @ GSW,L,32.88166666666667,4,5,2,6,10,11,17,36,0,1,3,1,32.9,1,857,857,857,521,175,78,360,426,1148,1346,1650,1361,536,1165,1135,747,415,1,32:53
2022-23,1629673,Jordan Poole,Jordan,1610612744,GSW,Golden State Warriors,0042200164,2023-04-23T00:00:00,GSW vs. SAC,W,26.133333333333333,2,0,2,12,6,11,11,36,0,0,2,5,31.4,1,1,1,1,810,426,687,360,138,726,1346,1355,1361,536,1,787,138,461,1,26:08
2022-23,1626224,Cedi Osman,Cedi,1610612739,CLE,Cleveland Cavaliers,0042200134,2023-04-23T00:00:00,CLE @ NYK,L,21.033333333333335,2,0,2,2,8,6,9,28,0,0,3,3,18.0,1,857,857,857,1015,426,687,360,859,941,856,1158,1014,536,1,1135,364,879,1,21:02
2022-23,201980,Danny Green,Danny,1610612739,CLE,Cleveland Cavaliers,0042200134,2023-04-23T00:00:00,CLE @ NYK,L,3.5166666666666666,0,0,0,0,3,3,0,4,0,0,1,0,0.0,1,857,857,857,1561,756,687,645,1176,423,492,1,183,536,1,405,1103,1601,1,3:31
2022-23,203952,Andrew Wiggins,Andrew,1610612744,GSW,Golden State Warriors,0042200164,2023-04-23T00:00:00,GSW vs. SAC,W,37.516666666666666,3,4,0,12,16,13,13,38,4,1,3,3,44.1,1,1,1,1,323,281,136,645,138,1534,1482,1477,1431,8,1165,1135,364,196,1,37:31
2022-23,1630168,Onyeka Okongwu,Onyeka,1610612737,ATL,Atlanta Hawks,0042200114,2023-04-23T00:00:00,ATL vs. BOS,L,18.466666666666665,0,4,0,4,2,2,0,22,0,0,5,3,10.8,1,857,857,857,1098,756,136,645,612,264,277,1,794,536,1,1614,364,1162,1,18:28
2022-23,1629669,Jaylen Nowell,Jaylen,1610612750,MIN,Minnesota Timberwolves,0042200144,2023-04-23T00:00:00,MIN vs. DEN,W,3.6333333333333333,0,0,0,0,0,2,2,10,0,0,0,0,3.6,1,1,1,1,1560,756,687,645,1176,1,277,341,389,536,1,1,1103,1432,1,3:38
2022-23,201937,Ricky Rubio,Ricky,1610612739,CLE,Cleveland Cavaliers,0042200134,2023-04-23T00:00:00,CLE @ NYK,L,6.1,0,0,0,0,3,3,1,2,0,0,1,0,4.4,1,857,857,857,1451,756,687,645,1176,423,492,319,96,536,1,405,1103,1392,1,6:06
2022-23,1630556,Kessler Edwards,Kessler,1610612758,SAC,Sacramento Kings,0042200164,2023-04-23T00:00:00,SAC @ GSW,L,0.39166666666666666,0,0,0,0,0,0,0,0,0,0,0,0,0.0,1,857,857,857,1714,756,687,645,1176,1,1,1,1,536,1,1,1103,1601,1,0:24
2022-23,203458,Alex Len,Alex,1610612758,SAC,Sacramento Kings,0042200164,2023-04-23T00:00:00,SAC @ GSW,L,10.591666666666667,0,2,2,4,2,0,0,8,0,0,3,2,11.0,1,857,857,857,1345,756,357,360,612,264,1,1,329,536,1,1135,515,1158,1,10:36
2022-23,1629628,RJ Barrett,RJ,1610612752,NYK,New York Knicks,0042200134,2023-04-23T00:00:00,NYK vs. CLE,W,37.5,0,2,2,18,11,12,7,46,1,0,2,7,32.9,1,1,1,1,325,756,357,360,28,1226,1417,938,1635,178,1,787,47,415,1,37:30
2022-23,1629162,Jordan McLaughlin,Jordan,1610612750,MIN,Minnesota Timberwolves,0042200144,2023-04-23T00:00:00,MIN vs. DEN,W,3.8,0,0,0,0,7,0,2,4,0,0,0,0,1.5,1,1,1,1,1539,756,687,645,1176,852,1,341,183,536,1,1,1103,1524,1,3:48
2022-23,1628378,Donovan Mitchell,Donovan,1610612739,CLE,Cleveland Cavaliers,0042200134,2023-04-23T00:00:00,CLE @ NYK,L,41.975,2,0,2,6,16,21,9,42,0,2,4,1,20.3,1,857,857,857,92,426,687,360,426,1534,1703,1158,1538,536,1559,1436,747,801,1,41:59
2022-23,1630228,Jonathan Kuminga,Jonathan,1610612744,GSW,Golden State Warriors,0042200164,2023-04-23T00:00:00,GSW vs. SAC,W,2.85,0,0,0,0,2,2,0,2,0,0,0,0,1.2,1,1,1,1,1590,756,687,645,1176,264,277,1,96,536,1,1,1103,1542,1,2:51
2022-23,1628392,Isaiah Hartenstein,Isaiah,1610612752,NYK,New York Knicks,0042200134,2023-04-23T00:00:00,NYK vs. CLE,W,20.633333333333333,0,0,0,0,4,7,0,20,2,0,5,3,23.6,1,1,1,1,1027,756,687,645,1176,516,966,1,729,61,1,1614,364,679,1,20:38
2022-23,203937,Kyle Anderson,Kyle,1610612750,MIN,Minnesota Timberwolves,0042200144,2023-04-23T00:00:00,MIN vs. DEN,W,22.12,4,0,4,8,7,5,5,20,1,0,3,0,32.7,1,1,1,1,972,175,687,145,300,852,724,745,729,178,1,1135,1103,424,1,22:07
2022-23,203484,Kentavious Caldwell-Pope,Kentavious,1610612743,DEN,Denver Nuggets,0042200144,2023-04-23T00:00:00,DEN @ MIN,L,39.666666666666664,0,0,3,2,17,2,6,34,1,0,2,2,19.6,1,857,857,857,205,756,687,258,859,1579,277,832,1287,178,1,787,515,830,1,39:40
2022-23,1628971,Bruce Brown,Bruce,1610612743,DEN,Denver Nuggets,0042200144,2023-04-23T00:00:00,DEN @ MIN,L,25.995,4,0,4,8,13,11,8,34,0,1,3,1,23.2,1,857,857,857,819,175,687,145,300,1371,1346,1046,1287,536,1165,1135,747,697,1,25:60
2022-23,1630193,Immanuel Quickley,Immanuel,1610612752,NYK,New York Knicks,0042200134,2023-04-23T00:00:00,NYK vs. CLE,W,19.241666666666667,0,0,0,0,4,7,0,14,0,0,1,2,3.9,1,1,1,1,1074,756,687,645,1176,516,966,1,515,536,1,405,515,1424,1,19:15
2022-23,1630573,Sam Hauser,Sam,1610612738,BOS,Boston Celtics,0042200114,2023-04-23T00:00:00,BOS @ ATL,W,9.906666666666666,0,0,0,0,2,0,0,14,0,0,1,0,5.4,1,1,1,1,1366,756,687,645,1176,264,1,1,515,536,1,405,1103,1357,1,9:54
2022-23,1631128,Christian Braun,Christian,1610612743,DEN,Denver Nuggets,0042200144,2023-04-23T00:00:00,DEN @ MIN,L,13.025,0,0,0,0,2,6,4,18,0,1,2,0,3.9,1,857,857,857,1265,756,687,645,1176,264,856,616,648,536,1165,787,1103,1424,1,13:02
2022-23,1627752,Taurean Prince,Taurean,1610612750,MIN,Minnesota Timberwolves,0042200144,2023-04-23T00:00:00,MIN vs. DEN,W,23.333333333333332,3,1,0,0,13,2,8,28,0,1,0,2,8.6,1,1,1,1,926,281,660,645,1176,1371,277,1046,1014,536,1165,1,515,1227,1,23:20
2022-23,1628973,Jalen Brunson,Jalen,1610612752,NYK,New York Knicks,0042200134,2023-04-23T00:00:00,NYK vs. CLE,W,42.93666666666667,8,6,0,6,11,10,7,46,1,1,1,3,47.2,1,1,1,1,64,29,46,645,426,1226,1282,938,1635,178,1165,405,364,147,1,42:56
2022-23,203085,Austin Rivers,Austin,1610612750,MIN,Minnesota Timberwolves,0042200144,2023-04-23T00:00:00,MIN vs. DEN,W,10.541666666666666,0,3,2,2,4,0,2,6,0,0,0,0,6.2,1,1,1,1,1346,756,228,360,859,516,1,341,265,536,1,1,1103,1317,1,10:33
2022-23,1630180,Saddiq Bey,Saddiq,1610612737,ATL,Atlanta Hawks,0042200114,2023-04-23T00:00:00,ATL vs. BOS,L,21.416666666666668,0,0,2,4,9,3,2,24,0,0,0,1,8.6,1,857,857,857,1003,756,687,360,612,1047,492,341,858,536,1,1,747,1227,1,21:25
2022-23,1627750,Jamal Murray,Jamal,1610612743,DEN,Denver Nuggets,0042200144,2023-04-23T00:00:00,DEN @ MIN,L,40.766666666666666,5,2,2,10,7,9,6,42,0,1,1,2,31.9,1,857,857,857,155,111,357,360,200,852,1190,832,1538,536,1165,405,515,447,1,40:46
2022-23,203991,Clint Capela,Clint,1610612737,ATL,Atlanta Hawks,0042200114,2023-04-23T00:00:00,ATL vs. BOS,L,29.533333333333335,2,4,0,6,10,9,18,34,1,2,2,3,24.4,1,857,857,857,676,426,136,645,426,1148,1190,1673,1287,178,1559,787,364,662,1,29:32
2022-23,1626157,Karl-Anthony Towns,Karl-Anthony,1610612750,MIN,Minnesota Timberwolves,0042200144,2023-04-23T00:00:00,MIN vs. DEN,W,36.31333333333333,5,3,2,10,13,7,10,36,1,1,6,10,37.2,1,1,1,1,379,111,228,360,200,1371,966,1250,1361,178,1165,1708,8,306,1,36:19
2022-23,203488,Mike Muscala,Mike,1610612738,BOS,Boston Celtics,0042200114,2023-04-23T00:00:00,BOS @ ATL,W,1.2833333333333334,0,0,0,0,0,2,0,0,0,0,0,0,0.0,1,1,1,1,1652,756,687,645,1176,1,277,1,1,536,1,1,1103,1601,1,1:17
2022-23,201143,Al Horford,Al,1610612738,BOS,Boston Celtics,0042200114,2023-04-23T00:00:00,BOS @ ATL,W,34.016666666666666,0,0,0,0,9,7,8,30,0,0,3,1,24.7,1,1,1,1,469,756,687,645,1176,1047,966,1046,1116,536,1,1135,747,651,1,34:01
2022-23,203084,Harrison Barnes,Harrison,1610612758,SAC,Sacramento Kings,0042200164,2023-04-23T00:00:00,SAC @ GSW,L,30.575,3,0,0,2,12,11,15,34,0,0,2,1,14.1,1,857,857,857,620,281,687,645,859,1304,1346,1575,1287,536,1,787,747,1037,1,30:35
2022-23,1630552,Jalen Johnson,Jalen,1610612737,ATL,Atlanta Hawks,0042200114,2023-04-23T00:00:00,ATL vs. BOS,L,5.716666666666667,0,0,0,2,2,0,0,6,0,0,0,0,8.9,1,857,857,857,1462,756,687,645,859,264,1,1,265,536,1,1,1103,1220,1,5:43
2022-23,201144,Mike Conley,Mike,1610612750,MIN,Minnesota Timberwolves,0042200144,2023-04-23T00:00:00,MIN vs. DEN,W,42.6,3,0,0,6,15,2,12,46,0,0,4,3,32.4,1,1,1,1,76,281,687,645,426,1488,277,1412,1635,536,1,1436,364,434,1,42:36
2022-23,1629027,Trae Young,Trae,1610612737,ATL,Atlanta Hawks,0042200114,2023-04-23T00:00:00,ATL vs. BOS,L,40.55,4,0,2,12,12,11,15,50,0,1,2,11,66.1,1,857,857,857,162,175,687,360,138,1304,1346,1575,1686,536,1165,787,2,29,1,40:33
2022-23,1628370,Malik Monk,Malik,1610612758,SAC,Sacramento Kings,0042200164,2023-04-23T00:00:00,SAC @ GSW,L,28.341666666666665,4,4,0,4,10,0,6,28,0,1,2,4,32.5,1,857,857,857,722,175,136,645,612,1148,1,832,1014,536,1165,787,244,431,1,28:21
2022-23,1628369,Jayson Tatum,Jayson,1610612738,BOS,Boston Celtics,0042200114,2023-04-23T00:00:00,BOS @ ATL,W,38.77333333333333,5,1,2,6,9,14,6,32,3,1,2,7,51.4,1,1,1,1,258,111,660,360,426,1047,1544,832,1205,22,1165,787,47,105,1,38:46
2022-23,1629631,De'Andre Hunter,De'Andre,1610612737,ATL,Atlanta Hawks,0042200114,2023-04-23T00:00:00,ATL vs. BOS,L,40.4,0,4,2,8,10,11,18,48,1,0,3,3,43.4,1,857,857,857,172,756,136,360,300,1148,1346,1673,1668,178,1,1135,364,203,1,40:24
2022-23,1628978,Donte DiVincenzo,Donte,1610612744,GSW,Golden State Warriors,0042200164,2023-04-23T00:00:00,GSW vs. SAC,W,16.083333333333332,0,0,0,0,4,9,6,18,0,0,1,0,14.4,1,1,1,1,1170,756,687,645,1176,516,1190,832,648,536,1,405,1103,1018,1,16:05
2022-23,1628381,John Collins,John,1610612737,ATL,Atlanta Hawks,0042200114,2023-04-23T00:00:00,ATL vs. BOS,L,24.816666666666666,3,2,0,0,3,8,16,28,1,1,2,1,14.5,1,857,857,857,869,281,357,645,1176,423,1100,1626,1014,178,1165,787,747,1016,1,24:49
2022-23,1626172,Kevon Looney,Kevon,1610612744,GSW,Golden State Warriors,0042200164,2023-04-23T00:00:00,GSW vs. SAC,W,32.00833333333333,0,0,0,8,16,10,8,40,1,0,4,1,37.8,1,1,1,1,561,756,687,645,300,1534,1282,1046,1486,178,1,1436,747,289,1,32:01
2022-23,1630171,Isaac Okoro,Isaac,1610612739,CLE,Cleveland Cavaliers,0042200134,2023-04-23T00:00:00,CLE @ NYK,L,17.126666666666665,2,3,0,6,8,5,4,16,2,1,1,0,15.0,1,857,857,857,1134,426,228,645,426,941,724,616,580,61,1165,405,1103,999,1,17:08
2022-23,1626168,Trey Lyles,Trey,1610612758,SAC,Sacramento Kings,0042200164,2023-04-23T00:00:00,SAC @ GSW,L,11.925,0,0,2,2,2,0,0,12,0,0,1,1,12.8,1,857,857,857,1309,756,687,360,859,264,1,1,451,536,1,405,747,1089,1,11:56
2022-23,1630167,Obi Toppin,Obi,1610612752,NYK,New York Knicks,0042200134,2023-04-23T00:00:00,NYK vs. CLE,W,20.008333333333333,0,5,0,2,6,7,0,18,0,0,1,0,16.1,1,1,1,1,1048,756,78,645,859,726,966,1,648,536,1,405,1103,968,1,20:01
2022-23,1627780,Gary Payton II,Gary,1610612744,GSW,Golden State Warriors,0042200164,2023-04-23T00:00:00,GSW vs. SAC,W,7.225,0,0,0,2,0,5,2,10,0,1,0,0,2.0,1,1,1,1,1437,756,687,645,859,1,724,341,389,536,1165,1,1103,1507,1,7:14
2022-23,201145,Jeff Green,Jeff,1610612743,DEN,Denver Nuggets,0042200144,2023-04-23T00:00:00,DEN @ MIN,L,18.383333333333333,0,0,0,0,7,4,4,20,1,0,4,1,7.4,1,857,857,857,1099,756,687,645,1176,852,595,616,729,178,1,1436,747,1270,1,18:23
2022-23,1628368,De'Aaron Fox,De'Aaron,1610612758,SAC,Sacramento Kings,0042200164,2023-04-23T00:00:00,SAC @ GSW,L,39.88333333333333,5,7,3,12,15,11,13,42,0,2,4,7,56.3,1,857,857,857,197,111,24,258,138,1488,1346,1477,1538,536,1559,1436,47,73,1,39:53
2022-23,1630541,Moses Moody,Moses,1610612744,GSW,Golden State Warriors,0042200164,2023-04-23T00:00:00,GSW vs. SAC,W,5.366666666666666,0,0,0,0,0,2,6,6,0,0,1,0,3.0,1,1,1,1,1470,756,687,645,1176,1,277,832,265,536,1,405,1103,1455,1,5:22
2022-23,1630596,Evan Mobley,Evan,1610612739,CLE,Cleveland Cavaliers,0042200134,2023-04-23T00:00:00,CLE @ NYK,L,35.31666666666667,0,2,2,10,13,17,6,32,2,1,6,2,28.9,1,857,857,857,431,756,357,360,200,1371,1663,832,1205,61,1165,1708,515,517,1,35:19
2022-23,203944,Julius Randle,Julius,1610612752,NYK,New York Knicks,0042200134,2023-04-23T00:00:00,NYK vs. CLE,W,27.3,0,0,0,4,7,5,7,34,1,0,1,2,12.9,1,1,1,1,769,756,687,645,612,852,724,938,1287,178,1,405,515,1082,1,27:18
2022-23,203932,Aaron Gordon,Aaron,1610612743,DEN,Denver Nuggets,0042200144,2023-04-23T00:00:00,DEN @ MIN,L,42.708333333333336,2,5,2,8,7,11,6,42,1,3,6,1,28.9,1,857,857,857,71,426,78,360,300,852,1346,832,1538,178,1678,1708,747,517,1,42:43
2022-23,202691,Klay Thompson,Klay,1610612744,GSW,Golden State Warriors,0042200164,2023-04-23T00:00:00,GSW vs. SAC,W,39.125,5,5,2,4,16,14,9,40,0,0,1,2,33.9,1,1,1,1,235,111,78,360,612,1534,1544,1158,1486,536,1,405,515,385,1,39:08
2022-23,1627749,Dejounte Murray,Dejounte,1610612737,ATL,Atlanta Hawks,0042200114,2023-04-23T00:00:00,ATL vs. BOS,L,39.833333333333336,0,2,2,6,10,11,18,48,1,1,4,1,45.8,1,857,857,857,201,756,357,360,426,1148,1346,1673,1668,178,1165,1436,747,169,1,39:50
2022-23,201599,DeAndre Jordan,DeAndre,1610612743,DEN,Denver Nuggets,0042200144,2023-04-23T00:00:00,DEN @ MIN,L,4.083333333333333,0,0,0,0,0,2,0,2,0,0,0,1,5.8,1,857,857,857,1518,756,687,645,1176,1,277,1,96,536,1,1,747,1339,1,4:05
2022-23,1627734,Domantas Sabonis,Domantas,1610612758,SAC,Sacramento Kings,0042200164,2023-04-23T00:00:00,SAC @ GSW,L,37.016666666666666,0,0,0,12,13,11,17,42,2,1,4,2,41.4,1,857,857,857,351,756,687,645,138,1371,1346,1650,1538,61,1165,1436,515,233,1,37:01
2022-23,203999,Nikola Jokić,Nikola,1610612743,DEN,Denver Nuggets,0042200144,2023-04-23T00:00:00,DEN @ MIN,L,39.13333333333333,7,0,0,20,17,5,8,38,0,1,3,10,67.2,1,857,857,857,234,41,687,645,20,1579,724,1046,1431,536,1165,1135,8,25,1,39:08
2022-23,1629057,Robert Williams III,Robert,1610612738,BOS,Boston Celtics,0042200114,2023-04-23T00:00:00,BOS @ ATL,W,28.86,0,3,0,8,7,9,6,26,2,0,5,4,45.5,1,1,1,1,701,756,228,645,300,852,1190,832,941,61,1,1614,244,174,1,28:52
2022-23,1628401,Derrick White,Derrick,1610612738,BOS,Boston Celtics,0042200114,2023-04-23T00:00:00,BOS @ ATL,W,31.548333333333332,0,0,7,6,6,12,4,28,0,0,3,2,21.4,1,1,1,1,579,756,687,32,426,726,1417,616,1014,536,1,1135,515,756,1,31:33
2022-23,201939,Stephen Curry,Stephen,1610612744,GSW,Golden State Warriors,0042200164,2023-04-23T00:00:00,GSW vs. SAC,W,42.7,3,0,13,8,18,11,13,42,0,1,3,5,46.0,1,1,1,1,72,281,687,2,300,1612,1346,1477,1538,536,1165,1135,138,164,1,42:42
2022-23,1629638,Nickeil Alexander-Walker,Nickeil,1610612750,MIN,Minnesota Timberwolves,0042200144,2023-04-23T00:00:00,MIN vs. DEN,W,37.95,0,0,0,2,15,7,9,42,0,0,1,2,15.3,1,1,1,1,301,756,687,645,859,1488,966,1158,1538,536,1,405,515,988,1,37:57
2022-23,1627759,Jaylen Brown,Jaylen,1610612738,BOS,Boston Celtics,0042200114,2023-04-23T00:00:00,BOS @ ATL,W,42.46666666666667,3,5,9,18,11,16,8,40,0,3,4,5,38.3,1,1,1,1,77,281,78,13,28,1226,1628,1046,1486,536,1678,1436,138,281,1,42:28
2022-23,203935,Marcus Smart,Marcus,1610612738,BOS,Boston Celtics,0042200114,2023-04-23T00:00:00,BOS @ ATL,W,29.366666666666667,2,2,0,10,9,10,6,30,0,0,4,4,27.8,1,1,1,1,685,426,357,645,200,1047,1282,832,1116,536,1,1436,244,544,1,29:22
2022-23,1630558,Davion Mitchell,Davion,1610612758,SAC,Sacramento Kings,0042200164,2023-04-23T00:00:00,SAC @ GSW,L,28.476666666666667,2,0,6,6,8,6,4,30,0,1,1,1,16.7,1,857,857,857,721,426,687,47,426,941,856,616,1116,536,1165,405,747,943,1,28:29
2022-23,1628989,Kevin Huerter,Kevin,1610612758,SAC,Sacramento Kings,0042200164,2023-04-23T00:00:00,SAC @ GSW,L,19.916666666666668,0,0,0,2,3,5,13,18,1,0,1,0,11.6,1,857,857,857,1050,756,687,645,859,423,724,1477,648,178,1,405,1103,1129,1,19:55
2022-23,1630202,Payton Pritchard,Payton,1610612738,BOS,Boston Celtics,0042200114,2023-04-23T00:00:00,BOS @ ATL,W,0.22666666666666666,0,0,0,0,0,0,0,0,0,0,0,0,0.0,1,1,1,1,1720,756,687,645,1176,1,1,1,1,536,1,1,1103,1601,1,0:14
2022-23,1629008,Michael Porter Jr.,Michael,1610612743,DEN,Denver Nuggets,0042200144,2023-04-23T00:00:00,DEN @ MIN,L,41.23833333333334,4,0,3,6,15,5,8,40,2,0,2,1,30.0,1,857,857,857,135,175,687,258,426,1488,724,1046,1486,61,1,787,747,491,1,41:14
2022-23,203110,Draymond Green,Draymond,1610612744,GSW,Golden State Warriors,0042200164,2023-04-23T00:00:00,GSW vs. SAC,W,30.991666666666667,2,2,0,4,12,13,7,18,1,0,4,5,42.5,1,1,1,1,606,426,357,645,612,1304,1482,938,648,178,1,1436,138,215,1,30:60
2022-23,1628404,Josh Hart,Josh,1610612752,NYK,New York Knicks,0042200134,2023-04-23T00:00:00,NYK vs. CLE,W,39.95,5,0,8,10,11,5,7,44,0,4,2,3,33.4,1,1,1,1,193,111,687,20,200,1226,724,938,1602,536,1712,787,364,396,1,39:57
2022-23,1630162,Anthony Edwards,Anthony,1610612750,MIN,Minnesota Timberwolves,0042200144,2023-04-23T00:00:00,MIN vs. DEN,W,45.36666666666667,0,0,2,12,18,5,10,40,3,1,1,5,61.7,1,1,1,1,15,756,687,360,138,1612,724,1250,1486,22,1165,405,138,46,1,45:22
2022-23,1629636,Darius Garland,Darius,1610612739,CLE,Cleveland Cavaliers,0042200134,2023-04-23T00:00:00,CLE @ NYK,L,36.151666666666664,4,0,0,10,5,13,8,42,0,0,4,3,40.4,1,857,857,857,387,175,687,645,200,628,1482,1046,1538,536,1,1436,364,243,1,36:09
2022-23,1627763,Malcolm Brogdon,Malcolm,1610612738,BOS,Boston Celtics,0042200114,2023-04-23T00:00:00,BOS @ ATL,W,22.616666666666667,2,0,0,8,2,8,2,18,0,0,1,1,21.8,1,1,1,1,954,426,687,645,300,264,1100,341,648,536,1,405,747,745,1,22:37
2022-23,1628386,Jarrett Allen,Jarrett,1610612739,CLE,Cleveland Cavaliers,0042200134,2023-04-23T00:00:00,CLE @ NYK,L,40.013333333333335,2,2,0,14,13,16,10,42,0,3,1,1,20.8,1,857,857,857,190,426,357,645,84,1371,1628,1250,1538,536,1678,405,747,781,1,40:01
2022-23,203497,Rudy Gobert,Rudy,1610612750,MIN,Minnesota Timberwolves,0042200144,2023-04-23T00:00:00,MIN vs. DEN,W,39.34166666666667,2,4,0,14,18,5,10,38,2,2,4,1,38.5,1,1,1,1,223,426,136,645,84,1612,724,1250,1431,61,1559,1436,747,279,1,39:21
2022-23,1630217,Desmond Bane,Desmond,1610612763,MEM,Memphis Grizzlies,0042200153,2023-04-22T00:00:00,MEM @ LAL,L,32.88333333333333,2,2,3,6,18,13,10,36,0,0,3,0,26.0,1,857,857,857,519,426,357,258,426,1612,1482,1250,1361,536,1,1135,1103,593,1,32:53
2022-23,1626145,Tyus Jones,Tyus,1610612763,MEM,Memphis Grizzlies,0042200153,2023-04-22T00:00:00,MEM @ LAL,L,16.53,0,0,0,0,8,7,8,20,0,0,0,0,7.3,1,857,857,857,1152,756,687,645,1176,941,966,1046,729,536,1,1,1103,1281,1,16:32
2022-23,1628991,Jaren Jackson Jr.,Jaren,1610612763,MEM,Memphis Grizzlies,0042200153,2023-04-22T00:00:00,MEM @ LAL,L,31.65,2,4,0,6,16,11,12,34,0,3,4,4,19.0,1,857,857,857,574,426,136,645,426,1534,1346,1412,1287,536,1678,1436,244,843,1,31:39
2022-23,1629001,De'Anthony Melton,De'Anthony,1610612755,PHI,Philadelphia 76ers,0042200124,2023-04-22T00:00:00,PHI @ BKN,W,27.816666666666666,0,10,0,2,9,4,7,24,0,0,1,1,20.4,1,1,1,1,747,756,6,645,859,1047,595,938,858,536,1,405,747,798,1,27:49
2022-23,201935,James Harden,James,1610612755,PHI,Philadelphia 76ers,0042200124,2023-04-22T00:00:00,PHI @ BKN,W,40.36666666666667,2,0,2,4,14,10,14,32,1,2,3,5,46.1,1,1,1,1,173,426,687,360,612,1433,1282,1527,1205,178,1559,1135,138,163,1,40:22
2022-23,203648,Thanasis Antetokounmpo,Thanasis,1610612749,MIL,Milwaukee Bucks,0042200103,2023-04-22T00:00:00,MIL @ MIA,L,3.933333333333333,0,0,0,0,0,2,0,2,0,0,0,0,0.0,1,857,857,857,1523,756,687,645,1176,1,277,1,96,536,1,1,1103,1601,1,3:56
2022-23,1627826,Ivica Zubac,Ivica,1610612746,LAC,LA Clippers,0042200174,2023-04-22T00:00:00,LAC vs. PHX,L,24.416666666666668,2,2,2,4,6,12,8,26,0,1,1,2,18.3,1,857,857,857,884,426,357,360,612,726,1417,1046,941,536,1165,405,515,864,1,24:25
2022-23,1629060,Rui Hachimura,Rui,1610612747,LAL,Los Angeles Lakers,0042200153,2023-04-22T00:00:00,LAL vs. MEM,W,22.1,5,2,4,8,2,9,2,22,0,0,1,1,23.0,1,1,1,1,973,111,357,145,300,264,1190,341,794,536,1,405,747,705,1,22:06
2022-23,1629028,Deandre Ayton,Deandre,1610612756,PHX,Phoenix Suns,0042200174,2023-04-22T00:00:00,PHX @ LAC,W,35.91833333333334,0,5,0,14,14,15,12,44,2,0,2,2,39.1,1,1,1,1,406,756,78,645,84,1433,1593,1412,1602,61,1,787,515,266,1,35:55
2022-23,1628389,Bam Adebayo,Bam,1610612748,MIA,Miami Heat,0042200103,2023-04-22T00:00:00,MIA vs. MIL,W,30.128333333333334,0,4,2,6,6,5,8,16,1,0,4,5,38.7,1,1,1,1,640,756,136,360,426,726,724,1046,580,178,1,1436,138,272,1,30:08
2022-23,203925,Joe Harris,Joe,1610612751,BKN,Brooklyn Nets,0042200124,2023-04-22T00:00:00,BKN vs. PHI,L,13.356666666666667,0,0,0,2,6,4,2,8,0,0,3,1,6.4,1,857,857,857,1261,756,687,645,859,726,595,341,329,536,1,1135,747,1307,1,13:21
2022-23,1626156,D'Angelo Russell,D'Angelo,1610612747,LAL,Los Angeles Lakers,0042200153,2023-04-22T00:00:00,LAL vs. MEM,W,31.183333333333334,2,0,2,6,12,7,15,20,0,0,1,4,33.3,1,1,1,1,596,426,687,360,426,1304,966,1575,729,536,1,405,244,402,1,31:11
2022-23,1628379,Luke Kennard,Luke,1610612763,MEM,Memphis Grizzlies,0042200153,2023-04-22T00:00:00,MEM @ LAL,L,25.311666666666667,0,2,0,4,11,6,10,28,0,0,2,0,15.1,1,857,857,857,854,756,357,645,612,1226,856,1250,1014,536,1,787,1103,996,1,25:19
2022-23,201572,Brook Lopez,Brook,1610612749,MIL,Milwaukee Bucks,0042200103,2023-04-22T00:00:00,MIL @ MIA,L,29.916666666666668,2,0,0,4,19,11,14,34,1,0,1,0,16.6,1,857,857,857,654,426,687,645,612,1641,1346,1527,1287,178,1,405,1103,947,1,29:55
2022-23,200768,Kyle Lowry,Kyle,1610612748,MIA,Miami Heat,0042200103,2023-04-22T00:00:00,MIA vs. MIL,W,27.561666666666667,0,0,0,2,8,7,5,16,1,1,2,3,25.7,1,1,1,1,760,756,687,645,859,941,966,745,580,178,1165,787,364,604,1,27:34
2022-23,204060,Joe Ingles,Joe,1610612749,MIL,Milwaukee Bucks,0042200103,2023-04-22T00:00:00,MIL @ MIA,L,22.381666666666668,0,0,0,2,6,2,6,28,1,0,1,2,6.5,1,857,857,857,959,756,687,645,859,726,277,832,1014,178,1,405,515,1304,1,22:23
2022-23,1630583,Santi Aldama,Santi,1610612763,MEM,Memphis Grizzlies,0042200153,2023-04-22T00:00:00,MEM @ LAL,L,11.283333333333333,0,3,0,0,8,8,6,20,0,0,3,2,7.4,1,857,857,857,1329,756,228,645,1176,941,1100,832,729,536,1,1135,515,1270,1,11:17
2022-23,2544,LeBron James,LeBron,1610612747,LAL,Los Angeles Lakers,0042200153,2023-04-22T00:00:00,LAL vs. MEM,W,36.0,11,5,6,16,14,9,17,32,1,1,3,5,46.3,1,1,1,1,395,5,78,47,45,1433,1190,1650,1205,178,1165,1135,138,158,1,36:00
2022-23,1629723,John Konchar,John,1610612763,MEM,Memphis Grizzlies,0042200153,2023-04-22T00:00:00,MEM @ LAL,L,8.871666666666666,0,0,0,0,4,0,2,12,0,0,2,0,7.8,1,857,857,857,1395,756,687,645,1176,516,1,341,451,536,1,787,1103,1259,1,8:52
2022-23,1626149,Montrezl Harrell,Montrezl,1610612755,PHI,Philadelphia 76ers,0042200124,2023-04-22T00:00:00,PHI @ BKN,W,4.866666666666666,0,0,0,0,2,0,0,0,0,0,0,0,1.2,1,1,1,1,1485,756,687,645,1176,264,1,1,1,536,1,1,1103,1542,1,4:52
2022-23,1628975,Jevon Carter,Jevon,1610612749,MIL,Milwaukee Bucks,0042200103,2023-04-22T00:00:00,MIL @ MIA,L,12.39,0,0,0,0,6,2,1,12,0,0,0,0,3.0,1,857,857,857,1287,756,687,645,1176,726,277,319,451,536,1,1,1103,1455,1,12:23
2022-23,202687,Bismack Biyombo,Bismack,1610612756,PHX,Phoenix Suns,0042200174,2023-04-22T00:00:00,PHX @ LAC,W,12.081666666666667,0,3,2,2,7,5,2,6,1,0,1,1,7.4,1,1,1,1,1297,756,228,360,859,852,724,341,265,178,1,405,747,1270,1,12:05
2022-23,1626220,Royce O'Neale,Royce,1610612751,BKN,Brooklyn Nets,0042200124,2023-04-22T00:00:00,BKN vs. PHI,L,24.626666666666665,0,0,3,0,4,10,2,18,0,0,1,1,14.4,1,857,857,857,877,756,687,258,1176,516,1282,341,648,536,1,405,747,1018,1,24:38
2022-23,203076,Anthony Davis,Anthony,1610612747,LAL,Los Angeles Lakers,0042200153,2023-04-22T00:00:00,LAL vs. MEM,W,38.65,4,4,6,16,12,11,19,30,3,0,3,6,66.4,1,1,1,1,266,175,136,47,45,1304,1346,1690,1116,22,1,1135,86,27,1,38:39
2022-23,203471,Dennis Schröder,Dennis,1610612747,LAL,Los Angeles Lakers,0042200153,2023-04-22T00:00:00,LAL vs. MEM,W,23.983333333333334,2,0,0,2,7,6,7,24,0,0,1,0,16.7,1,1,1,1,898,426,687,645,859,852,856,938,858,536,1,405,1103,943,1,23:59
2022-23,1626192,Pat Connaughton,Pat,1610612749,MIL,Milwaukee Bucks,0042200103,2023-04-22T00:00:00,MIL @ MIA,L,25.966666666666665,3,3,3,2,11,6,3,24,0,0,2,0,25.9,1,857,857,857,820,281,228,258,859,1226,856,525,858,536,1,787,1103,597,1,25:58
2022-23,200782,P.J. Tucker,P.J.,1610612755,PHI,Philadelphia 76ers,0042200124,2023-04-22T00:00:00,PHI @ BKN,W,29.456666666666667,0,3,0,0,7,8,10,24,0,0,4,2,15.3,1,1,1,1,681,756,228,645,1176,852,1100,1250,858,536,1,1436,515,988,1,29:27
2022-23,1629003,Shake Milton,Shake,1610612755,PHI,Philadelphia 76ers,0042200124,2023-04-22T00:00:00,PHI @ BKN,W,4.083333333333333,0,0,0,0,0,4,3,4,0,0,3,1,4.4,1,1,1,1,1518,756,687,645,1176,1,595,525,183,536,1,1135,747,1392,1,4:05
2022-23,1629013,Landry Shamet,Landry,1610612756,PHX,Phoenix Suns,0042200174,2023-04-22T00:00:00,PHX @ LAC,W,4.843333333333334,0,0,0,0,2,3,2,6,0,0,1,0,1.2,1,1,1,1,1486,756,687,645,1176,264,492,341,265,536,1,405,1103,1542,1,4:51
2022-23,203114,Khris Middleton,Khris,1610612749,MIL,Milwaukee Bucks,0042200103,2023-04-22T00:00:00,MIL @ MIA,L,33.995,3,0,2,8,16,9,18,36,0,1,3,6,39.0,1,857,857,857,472,281,687,360,300,1534,1190,1673,1361,536,1165,1135,86,268,1,33:60
2022-23,1629611,Terance Mann,Terance,1610612746,LAC,LA Clippers,0042200174,2023-04-22T00:00:00,LAC vs. PHX,L,30.033333333333335,2,5,0,4,11,7,9,28,1,1,3,1,26.4,1,857,857,857,646,426,78,645,612,1226,966,1158,1014,178,1165,1135,747,580,1,30:02
2022-23,1627814,Damion Lee,Damion,1610612756,PHX,Phoenix Suns,0042200174,2023-04-22T00:00:00,PHX @ LAC,W,13.783333333333333,0,0,0,0,5,6,0,6,0,0,2,0,5.7,1,1,1,1,1243,756,687,645,1176,628,856,1,265,536,1,787,1103,1342,1,13:47
2022-23,1626164,Devin Booker,Devin,1610612756,PHX,Phoenix Suns,0042200174,2023-04-22T00:00:00,PHX @ LAC,W,41.45,0,3,2,12,19,18,14,48,0,0,1,6,56.3,1,1,1,1,127,756,228,360,138,1641,1672,1527,1668,536,1,405,86,73,1,41:27
2022-23,1629020,Jarred Vanderbilt,Jarred,1610612747,LAL,Los Angeles Lakers,0042200153,2023-04-22T00:00:00,LAL vs. MEM,W,21.245,0,0,0,0,7,5,10,14,3,0,5,1,16.2,1,1,1,1,1011,756,687,645,1176,852,724,1250,515,22,1,1614,747,965,1,21:15
2022-23,1627777,Georges Niang,Georges,1610612755,PHI,Philadelphia 76ers,0042200124,2023-04-22T00:00:00,PHI @ BKN,W,9.943333333333333,2,2,0,4,2,2,3,8,0,0,0,0,5.5,1,1,1,1,1364,426,357,645,612,264,277,525,329,536,1,1,1103,1354,1,9:57
2022-23,1628960,Grayson Allen,Grayson,1610612749,MIL,Milwaukee Bucks,0042200103,2023-04-22T00:00:00,MIL @ MIA,L,27.116666666666667,0,0,2,2,16,9,18,28,0,1,1,1,20.8,1,857,857,857,775,756,687,360,859,1534,1190,1673,1014,536,1165,405,747,781,1,27:07
2022-23,202710,Jimmy Butler III,Jimmy,1610612748,MIA,Miami Heat,0042200103,2023-04-22T00:00:00,MIA vs. MIL,W,28.183333333333334,5,3,4,14,6,3,10,22,0,1,2,2,46.0,1,1,1,1,730,111,228,145,84,726,492,1250,794,536,1165,787,515,164,1,28:11
2022-23,101108,Chris Paul,Chris,1610612756,PHX,Phoenix Suns,0042200174,2023-04-22T00:00:00,PHX @ LAC,W,38.035,4,2,0,4,17,13,12,40,3,3,0,3,55.3,1,1,1,1,295,175,357,645,612,1579,1482,1412,1486,22,1678,1,364,78,1,38:02
2022-23,1630194,Paul Reed,Paul,1610612755,PHI,Philadelphia 76ers,0042200124,2023-04-22T00:00:00,PHI @ BKN,W,31.916666666666668,0,2,0,10,14,8,11,30,1,2,3,0,36.0,1,1,1,1,564,756,357,645,200,1433,1100,1355,1116,178,1559,1135,1103,332,1,31:55
2022-23,1629117,Wenyen Gabriel,Wenyen,1610612747,LAL,Los Angeles Lakers,0042200153,2023-04-22T00:00:00,LAL vs. MEM,W,1.1833333333333333,0,0,0,0,0,0,0,0,0,0,0,0,0.0,1,1,1,1,1656,756,687,645,1176,1,1,1,1,536,1,1,1103,1601,1,1:11
2022-23,1631223,David Roddy,David,1610612763,MEM,Memphis Grizzlies,0042200153,2023-04-22T00:00:00,MEM @ LAL,L,13.416666666666666,0,0,2,2,10,4,10,18,0,0,1,0,5.8,1,857,857,857,1257,756,687,360,859,1148,595,1250,648,536,1,405,1103,1339,1,13:25
2022-23,1629006,Josh Okogie,Josh,1610612756,PHX,Phoenix Suns,0042200174,2023-04-22T00:00:00,PHX @ LAC,W,24.598333333333333,2,0,6,4,8,14,2,20,1,0,2,2,17.1,1,1,1,1,880,426,687,47,612,941,1544,341,729,178,1,787,515,925,1,24:36
2022-23,1629667,Jalen McDaniels,Jalen,1610612755,PHI,Philadelphia 76ers,0042200124,2023-04-22T00:00:00,PHI @ BKN,W,14.983333333333333,2,2,0,2,2,2,3,12,0,0,0,0,5.4,1,1,1,1,1202,426,357,645,859,264,277,525,451,536,1,1,1103,1357,1,14:59
2022-23,1628972,Troy Brown Jr.,Troy,1610612747,LAL,Los Angeles Lakers,0042200153,2023-04-22T00:00:00,LAL vs. MEM,W,16.816666666666666,0,0,0,2,2,6,4,22,1,0,1,0,11.6,1,1,1,1,1142,756,687,645,859,264,856,616,794,178,1,405,1103,1129,1,16:49
2022-23,1629661,Cameron Johnson,Cameron,1610612751,BKN,Brooklyn Nets,0042200124,2023-04-22T00:00:00,BKN vs. PHI,L,39.93333333333333,2,0,4,6,13,22,7,44,0,2,1,6,30.0,1,857,857,857,194,426,687,145,426,1371,1715,938,1602,536,1559,405,86,491,1,39:56
2022-23,201567,Kevin Love,Kevin,1610612748,MIA,Miami Heat,0042200103,2023-04-22T00:00:00,MIA vs. MIL,W,20.571666666666665,0,0,0,0,3,0,7,18,1,0,0,0,23.4,1,1,1,1,1033,756,687,645,1176,423,1,938,648,178,1,1,1103,685,1,20:34
2022-23,1628415,Dillon Brooks,Dillon,1610612763,MEM,Memphis Grizzlies,0042200153,2023-04-22T00:00:00,MEM @ LAL,L,19.166666666666668,0,0,2,4,14,6,6,26,0,2,2,1,11.4,1,857,857,857,1077,756,687,360,612,1433,856,832,941,536,1559,787,747,1137,1,19:10
2022-23,201587,Nicolas Batum,Nicolas,1610612746,LAC,LA Clippers,0042200174,2023-04-22T00:00:00,LAC vs. PHX,L,5.6,0,0,0,0,7,0,5,8,0,0,2,0,0.0,1,857,857,857,1464,756,687,645,1176,852,1,745,329,536,1,787,1103,1601,1,5:36
2022-23,1626171,Bobby Portis,Bobby,1610612749,MIL,Milwaukee Bucks,0042200103,2023-04-22T00:00:00,MIL @ MIA,L,23.155,2,2,0,6,8,3,13,22,0,0,6,1,27.5,1,857,857,857,936,426,357,645,426,941,492,1477,794,536,1,1708,747,553,1,23:09
2022-23,1630178,Tyrese Maxey,Tyrese,1610612755,PHI,Philadelphia 76ers,0042200124,2023-04-22T00:00:00,PHI @ BKN,W,39.18333333333333,7,0,5,8,16,4,8,34,0,2,3,2,30.1,1,1,1,1,231,41,687,93,300,1534,595,1046,1287,536,1559,1135,515,487,1,39:11
2022-23,1629630,Ja Morant,Ja,1610612763,MEM,Memphis Grizzlies,0042200153,2023-04-22T00:00:00,MEM @ LAL,L,41.50333333333333,10,2,10,14,20,15,12,48,0,2,2,11,72.3,1,857,857,857,125,6,357,5,84,1671,1593,1412,1668,536,1559,787,2,11,1,41:30
2022-23,203506,Victor Oladipo,Victor,1610612748,MIA,Miami Heat,0042200103,2023-04-22T00:00:00,MIA vs. MIL,W,19.105,4,0,4,8,5,4,2,14,1,0,3,1,20.9,1,1,1,1,1081,175,687,145,300,628,595,341,515,178,1,1135,747,774,1,19:06
2022-23,1626181,Norman Powell,Norman,1610612746,LAC,LA Clippers,0042200174,2023-04-22T00:00:00,LAC vs. PHX,L,36.7,3,2,0,4,15,14,15,36,0,3,5,4,20.3,1,857,857,857,363,281,357,645,612,1488,1544,1575,1361,536,1678,1614,244,801,1,36:42
2022-23,201950,Jrue Holiday,Jrue,1610612749,MIL,Milwaukee Bucks,0042200103,2023-04-22T00:00:00,MIL @ MIA,L,35.9,0,2,3,8,18,11,17,36,1,2,1,5,27.5,1,857,857,857,407,756,357,258,300,1612,1346,1650,1361,178,1559,405,138,553,1,35:54
2022-23,1630699,MarJon Beauchamp,MarJon,1610612749,MIL,Milwaukee Bucks,0042200103,2023-04-22T00:00:00,MIL @ MIA,L,3.933333333333333,0,0,3,0,0,2,0,2,0,0,0,1,6.2,1,857,857,857,1523,756,687,258,1176,1,277,1,96,536,1,1,747,1317,1,3:56
2022-23,203552,Seth Curry,Seth,1610612751,BKN,Brooklyn Nets,0042200124,2023-04-22T00:00:00,BKN vs. PHI,L,21.51,2,2,0,2,13,9,7,28,0,0,0,0,11.1,1,857,857,857,1000,426,357,645,859,1371,1190,938,1014,536,1,1,1103,1153,1,21:31
2022-23,2617,Udonis Haslem,Udonis,1610612748,MIA,Miami Heat,0042200103,2023-04-22T00:00:00,MIA vs. MIL,W,2.466666666666667,0,0,0,0,2,0,3,2,0,0,0,0,1.2,1,1,1,1,1610,756,687,645,1176,264,1,525,96,536,1,1,1103,1542,1,2:28
2022-23,201609,Goran Dragic,Goran,1610612749,MIL,Milwaukee Bucks,0042200103,2023-04-22T00:00:00,MIL @ MIA,L,3.933333333333333,0,2,0,0,0,2,0,2,0,0,0,1,3.5,1,857,857,857,1523,756,357,645,1176,1,277,1,96,536,1,1,747,1434,1,3:56
2022-23,203086,Meyers Leonard,Meyers,1610612749,MIL,Milwaukee Bucks,0042200103,2023-04-22T00:00:00,MIL @ MIA,L,3.933333333333333,0,0,0,0,0,2,0,2,0,0,0,0,1.2,1,857,857,857,1523,756,687,645,1176,1,277,1,96,536,1,1,1103,1542,1,3:56
2022-23,1629622,Max Strus,Max,1610612748,MIA,Miami Heat,0042200103,2023-04-22T00:00:00,MIA vs. MIL,W,23.266666666666666,6,0,4,6,8,5,8,20,0,0,0,0,15.0,1,1,1,1,930,64,687,145,426,941,724,1046,729,536,1,1,1103,999,1,23:16
2022-23,202694,Marcus Morris Sr.,Marcus,1610612746,LAC,LA Clippers,0042200174,2023-04-22T00:00:00,LAC vs. PHX,L,24.7,5,0,3,2,13,12,11,26,1,1,2,2,17.6,1,857,857,857,872,111,687,258,859,1371,1417,1355,941,178,1165,787,515,900,1,24:42
2022-23,202699,Tobias Harris,Tobias,1610612755,PHI,Philadelphia 76ers,0042200124,2023-04-22T00:00:00,PHI @ BKN,W,37.38333333333333,2,6,0,16,14,8,11,32,1,0,2,3,46.9,1,1,1,1,332,426,46,645,45,1433,1100,1355,1205,178,1,787,364,150,1,37:23
2022-23,203109,Jae Crowder,Jae,1610612749,MIL,Milwaukee Bucks,0042200103,2023-04-22T00:00:00,MIL @ MIA,L,13.445,3,0,0,4,5,4,0,12,0,0,0,1,10.7,1,857,857,857,1253,281,687,645,612,628,595,1,451,536,1,1,747,1165,1,13:27
2022-23,1628470,Torrey Craig,Torrey,1610612756,PHX,Phoenix Suns,0042200174,2023-04-22T00:00:00,PHX @ LAC,W,24.74,2,2,2,6,14,8,12,34,1,0,2,0,17.0,1,1,1,1,871,426,357,360,426,1433,1100,1412,1287,178,1,787,1103,929,1,24:44
2022-23,1629651,Nic Claxton,Nic,1610612751,BKN,Brooklyn Nets,0042200124,2023-04-22T00:00:00,BKN vs. PHI,L,37.913333333333334,4,8,3,16,11,25,5,34,4,0,2,5,44.9,1,857,857,857,303,175,13,258,45,1226,1724,745,1287,8,1,787,138,184,1,37:55
2022-23,201988,Patty Mills,Patty,1610612751,BKN,Brooklyn Nets,0042200124,2023-04-22T00:00:00,BKN vs. PHI,L,5.3,0,0,0,0,0,0,0,0,0,0,1,1,0.0,1,857,857,857,1471,756,687,645,1176,1,1,1,1,536,1,405,747,1601,1,5:18
2022-23,1627736,Malik Beasley,Malik,1610612747,LAL,Los Angeles Lakers,0042200153,2023-04-22T00:00:00,LAL vs. MEM,W,13.421666666666667,0,0,0,0,0,6,6,14,0,0,1,0,2.4,1,1,1,1,1256,756,687,645,1176,1,856,832,515,536,1,405,1103,1494,1,13:25
2022-23,203915,Spencer Dinwiddie,Spencer,1610612751,BKN,Brooklyn Nets,0042200124,2023-04-22T00:00:00,BKN vs. PHI,L,39.53666666666667,0,0,2,8,13,25,5,40,1,0,3,2,31.6,1,857,857,857,213,756,687,360,300,1371,1724,745,1486,178,1,1135,515,454,1,39:32
2022-23,201569,Eric Gordon,Eric,1610612746,LAC,LA Clippers,0042200174,2023-04-22T00:00:00,LAC vs. PHX,L,32.05,0,3,3,4,6,14,6,32,1,0,0,0,21.4,1,857,857,857,556,756,228,258,612,726,1544,832,1205,178,1,1,1103,756,1,32:03
2022-23,201566,Russell Westbrook,Russell,1610612746,LAC,LA Clippers,0042200174,2023-04-22T00:00:00,LAC vs. PHX,L,40.45,7,4,4,26,8,17,10,38,1,1,3,2,52.2,1,857,857,857,169,41,136,145,3,941,1663,1250,1431,178,1165,1135,515,97,1,40:27
2022-23,1630209,Omer Yurtseven,Omer,1610612748,MIA,Miami Heat,0042200103,2023-04-22T00:00:00,MIA vs. MIL,W,3.4166666666666665,0,0,0,0,2,2,3,4,0,0,0,0,1.5,1,1,1,1,1566,756,687,645,1176,264,277,525,183,536,1,1,1103,1524,1,3:25
2022-23,1630214,Xavier Tillman,Xavier,1610612763,MEM,Memphis Grizzlies,0042200153,2023-04-22T00:00:00,MEM @ LAL,L,39.38333333333333,0,0,2,6,21,15,14,48,2,1,3,0,32.4,1,857,857,857,219,756,687,360,426,1686,1593,1527,1668,61,1165,1135,1103,434,1,39:23
2022-23,203486,Mason Plumlee,Mason,1610612746,LAC,LA Clippers,0042200174,2023-04-22T00:00:00,LAC vs. PHX,L,19.416666666666668,2,2,2,6,7,3,7,18,1,1,3,2,20.7,1,857,857,857,1068,426,357,360,426,852,492,938,648,178,1165,1135,515,784,1,19:25
2022-23,1630538,Bones Hyland,Bones,1610612746,LAC,LA Clippers,0042200174,2023-04-22T00:00:00,LAC vs. PHX,L,18.3,0,2,0,0,2,3,2,16,0,0,1,1,10.0,1,857,857,857,1102,756,357,645,1176,264,492,341,580,536,1,405,747,1189,1,18:18
2022-23,1629216,Gabe Vincent,Gabe,1610612748,MIA,Miami Heat,0042200103,2023-04-22T00:00:00,MIA vs. MIL,W,17.8,0,0,0,2,5,0,5,18,0,1,2,1,6.2,1,1,1,1,1114,756,687,645,859,628,1,745,648,536,1165,787,747,1317,1,17:48
2022-23,1629312,Haywood Highsmith,Haywood,1610612748,MIA,Miami Heat,0042200103,2023-04-22T00:00:00,MIA vs. MIL,W,3.933333333333333,0,0,0,2,2,2,3,4,0,0,1,0,5.2,1,1,1,1,1523,756,687,645,859,264,277,525,183,536,1,405,1103,1364,1,3:56
2022-23,1629130,Duncan Robinson,Duncan,1610612748,MIA,Miami Heat,0042200103,2023-04-22T00:00:00,MIA vs. MIL,W,23.55,5,0,3,4,3,4,5,12,0,0,0,0,24.6,1,1,1,1,916,111,687,258,612,423,595,745,451,536,1,1,1103,658,1,23:33
2022-23,1627827,Dorian Finney-Smith,Dorian,1610612751,BKN,Brooklyn Nets,0042200124,2023-04-22T00:00:00,BKN vs. PHI,L,19.133333333333333,5,0,2,2,6,9,2,22,1,0,1,0,15.7,1,857,857,857,1079,111,687,360,859,726,1190,341,794,178,1,405,1103,976,1,19:08
2022-23,1630559,Austin Reaves,Austin,1610612747,LAL,Los Angeles Lakers,0042200153,2023-04-22T00:00:00,LAL vs. MEM,W,35.416666666666664,2,6,0,8,14,6,15,32,0,1,2,5,25.2,1,1,1,1,426,426,46,645,300,1433,856,1575,1205,536,1165,787,138,627,1,35:25
2022-23,203469,Cody Zeller,Cody,1610612748,MIA,Miami Heat,0042200103,2023-04-22T00:00:00,MIA vs. MIL,W,7.416666666666667,0,0,0,0,6,4,3,10,0,0,0,0,4.2,1,1,1,1,1432,756,687,645,1176,726,595,525,389,536,1,1,1103,1405,1,7:25
2022-23,201142,Kevin Durant,Kevin,1610612756,PHX,Phoenix Suns,0042200174,2023-04-22T00:00:00,PHX @ LAC,W,44.55,7,2,3,4,19,18,14,46,0,2,3,8,50.2,1,1,1,1,25,41,357,258,612,1641,1672,1527,1635,536,1559,1135,25,115,1,44:33
2022-23,1628997,Caleb Martin,Caleb,1610612748,MIA,Miami Heat,0042200103,2023-04-22T00:00:00,MIA vs. MIL,W,32.6,1,6,1,4,9,9,3,24,0,0,4,3,32.2,1,1,1,1,534,715,46,622,612,1047,1190,525,858,536,1,1436,364,438,1,32:36
2022-23,1628969,Mikal Bridges,Mikal,1610612751,BKN,Brooklyn Nets,0042200124,2023-04-22T00:00:00,BKN vs. PHI,L,38.69,3,0,0,4,9,21,5,36,0,1,2,3,26.5,1,857,857,857,262,281,687,645,612,1047,1703,745,1361,536,1165,787,364,579,1,38:41
2022-23,203496,Robert Covington,Robert,1610612746,LAC,LA Clippers,0042200174,2023-04-22T00:00:00,LAC vs. PHX,L,8.333333333333334,0,0,0,0,0,3,2,2,0,0,2,0,4.2,1,857,857,857,1411,756,687,645,1176,1,492,341,96,536,1,787,1103,1405,1,8:20
2022-23,1630205,Lamar Stevens,Lamar,1610612739,CLE,Cleveland Cavaliers,0042200133,2023-04-21T00:00:00,CLE @ NYK,L,3.683333333333333,0,0,0,0,3,1,0,2,0,0,0,1,5.6,1,857,857,857,1553,756,687,645,1176,423,249,1,96,536,1,1,747,1348,1,3:41
2022-23,201144,Mike Conley,Mike,1610612750,MIN,Minnesota Timberwolves,0042200143,2023-04-21T00:00:00,MIN vs. DEN,L,39.05,0,0,0,2,11,5,13,38,0,0,4,4,22.9,1,857,857,857,239,756,687,645,859,1226,724,1477,1431,536,1,1436,244,709,1,39:03
2022-23,1628973,Jalen Brunson,Jalen,1610612752,NYK,New York Knicks,0042200133,2023-04-21T00:00:00,NYK vs. CLE,W,37.905,4,0,2,18,6,7,3,40,0,0,2,3,37.8,1,1,1,1,304,175,687,360,28,726,966,525,1486,536,1,787,364,289,1,37:54
2022-23,1630168,Onyeka Okongwu,Onyeka,1610612737,ATL,Atlanta Hawks,0042200113,2023-04-21T00:00:00,ATL vs. BOS,W,23.323333333333334,0,0,0,4,16,7,3,16,3,0,5,0,18.5,1,1,1,1,928,756,687,645,612,1534,966,525,580,22,1,1614,1103,860,1,23:19
2022-23,1627747,Caris LeVert,Caris,1610612739,CLE,Cleveland Cavaliers,0042200133,2023-04-21T00:00:00,CLE @ NYK,L,35.361666666666665,0,0,0,8,19,13,13,42,0,0,3,3,25.3,1,857,857,857,429,756,687,645,300,1641,1482,1477,1538,536,1,1135,364,624,1,35:22
2022-23,1630162,Anthony Edwards,Anthony,1610612750,MIN,Minnesota Timberwolves,0042200143,2023-04-21T00:00:00,MIN vs. DEN,L,43.94833333333333,7,0,10,14,13,7,11,58,1,1,1,8,60.9,1,857,857,857,39,41,687,5,84,1371,966,1355,1724,178,1165,405,25,51,1,43:57
2022-23,1628971,Bruce Brown,Bruce,1610612743,DEN,Denver Nuggets,0042200143,2023-04-21T00:00:00,DEN @ MIN,W,23.766666666666666,4,0,4,12,9,6,3,22,1,0,3,0,25.6,1,1,1,1,905,175,687,145,138,1047,856,525,794,178,1,1135,1103,610,1,23:46
2022-23,1628401,Derrick White,Derrick,1610612738,BOS,Boston Celtics,0042200113,2023-04-21T00:00:00,BOS @ ATL,L,30.133333333333333,0,0,0,0,7,15,7,28,0,1,5,3,22.4,1,857,857,857,638,756,687,645,1176,852,1593,938,1014,536,1165,1614,364,726,1,30:08
2022-23,203526,Raul Neto,Raul,1610612739,CLE,Cleveland Cavaliers,0042200133,2023-04-21T00:00:00,CLE @ NYK,L,3.683333333333333,0,0,0,0,3,1,0,2,0,0,0,1,0.5,1,857,857,857,1553,756,687,645,1176,423,249,1,96,536,1,1,747,1590,1,3:41
2022-23,203991,Clint Capela,Clint,1610612737,ATL,Atlanta Hawks,0042200113,2023-04-21T00:00:00,ATL vs. BOS,W,24.676666666666666,0,4,2,10,13,2,7,24,0,0,2,1,25.2,1,1,1,1,873,756,136,360,200,1371,277,938,858,536,1,787,747,627,1,24:41
2022-23,201145,Jeff Green,Jeff,1610612743,DEN,Denver Nuggets,0042200143,2023-04-21T00:00:00,DEN @ MIN,W,26.766666666666666,3,0,0,4,11,6,9,30,0,0,2,4,16.4,1,1,1,1,788,281,687,645,612,1226,856,1158,1116,536,1,787,244,956,1,26:46
2022-23,1628392,Isaiah Hartenstein,Isaiah,1610612752,NYK,New York Knicks,0042200133,2023-04-21T00:00:00,NYK vs. CLE,W,17.571666666666665,3,1,0,6,2,5,4,14,1,0,1,1,22.5,1,1,1,1,1123,281,660,645,426,264,724,616,515,178,1,405,747,721,1,17:34
2022-23,1629684,Grant Williams,Grant,1610612738,BOS,Boston Celtics,0042200113,2023-04-21T00:00:00,BOS @ ATL,L,17.698333333333334,2,2,0,0,8,9,4,24,0,0,2,3,22.4,1,857,857,857,1117,426,357,645,1176,941,1190,616,858,536,1,787,364,726,1,17:42
2022-23,1629669,Jaylen Nowell,Jaylen,1610612750,MIN,Minnesota Timberwolves,0042200143,2023-04-21T00:00:00,MIN vs. DEN,L,12.426666666666666,0,0,0,0,5,2,0,24,0,0,0,0,2.7,1,857,857,857,1285,756,687,645,1176,628,277,1,858,536,1,1,1103,1478,1,12:26
2022-23,1626224,Cedi Osman,Cedi,1610612739,CLE,Cleveland Cavaliers,0042200133,2023-04-21T00:00:00,CLE @ NYK,L,16.171666666666667,0,0,0,0,10,0,6,26,0,0,1,1,5.4,1,857,857,857,1168,756,687,645,1176,1148,1,832,941,536,1,405,747,1357,1,16:10
2022-23,201980,Danny Green,Danny,1610612739,CLE,Cleveland Cavaliers,0042200133,2023-04-21T00:00:00,CLE @ NYK,L,11.966666666666667,0,0,0,0,2,0,2,6,1,1,1,0,6.9,1,857,857,857,1308,756,687,645,1176,264,1,341,265,178,1165,405,1103,1295,1,11:58
2022-23,201577,Robin Lopez,Robin,1610612739,CLE,Cleveland Cavaliers,0042200133,2023-04-21T00:00:00,CLE @ NYK,L,3.683333333333333,0,2,0,2,3,1,0,2,0,0,2,1,4.2,1,857,857,857,1553,756,357,645,859,423,249,1,96,536,1,787,747,1405,1,3:41
2022-23,203932,Aaron Gordon,Aaron,1610612743,DEN,Denver Nuggets,0042200143,2023-04-21T00:00:00,DEN @ MIN,W,30.726666666666667,0,0,0,4,9,8,7,32,0,1,4,3,23.4,1,1,1,1,616,756,687,645,612,1047,1100,938,1205,536,1165,1436,364,685,1,30:44
2022-23,1630573,Sam Hauser,Sam,1610612738,BOS,Boston Celtics,0042200113,2023-04-21T00:00:00,BOS @ ATL,L,9.451666666666666,0,0,0,0,3,6,4,16,0,0,1,0,1.2,1,857,857,857,1377,756,687,645,1176,423,856,616,580,536,1,405,1103,1542,1,9:27
2022-23,1631128,Christian Braun,Christian,1610612743,DEN,Denver Nuggets,0042200143,2023-04-21T00:00:00,DEN @ MIN,W,13.953333333333333,2,0,4,6,9,6,2,10,0,0,2,0,11.0,1,1,1,1,1237,426,687,145,426,1047,856,341,389,536,1,787,1103,1158,1,13:57
2022-23,1630167,Obi Toppin,Obi,1610612752,NYK,New York Knicks,0042200133,2023-04-21T00:00:00,NYK vs. CLE,W,15.066666666666666,5,0,3,4,2,7,4,14,1,0,2,1,27.1,1,1,1,1,1199,111,687,258,612,264,966,616,515,178,1,787,747,561,1,15:04
2022-23,1628381,John Collins,John,1610612737,ATL,Atlanta Hawks,0042200113,2023-04-21T00:00:00,ATL vs. BOS,W,20.616666666666667,0,5,0,2,13,2,7,18,0,0,2,1,13.5,1,1,1,1,1031,756,78,645,859,1371,277,938,648,536,1,787,747,1056,1,20:37
2022-23,1629008,Michael Porter Jr.,Michael,1610612743,DEN,Denver Nuggets,0042200143,2023-04-21T00:00:00,DEN @ MIN,W,39.58,0,2,0,12,10,4,13,44,1,0,3,2,44.8,1,1,1,1,211,756,357,645,138,1148,595,1477,1602,178,1,1135,515,186,1,39:35
2022-23,1627749,Dejounte Murray,Dejounte,1610612737,ATL,Atlanta Hawks,0042200113,2023-04-21T00:00:00,ATL vs. BOS,W,37.166666666666664,4,2,0,10,23,4,7,36,0,0,0,3,40.7,1,1,1,1,342,175,357,645,200,1708,595,938,1361,536,1,1,364,240,1,37:10
2022-23,1629731,Dean Wade,Dean,1610612739,CLE,Cleveland Cavaliers,0042200133,2023-04-21T00:00:00,CLE @ NYK,L,3.683333333333333,0,0,0,0,3,1,0,2,0,0,0,1,2.4,1,857,857,857,1553,756,687,645,1176,423,249,1,96,536,1,1,747,1494,1,3:41
2022-23,1630540,Miles McBride,Miles,1610612752,NYK,New York Knicks,0042200133,2023-04-21T00:00:00,NYK vs. CLE,W,3.9116666666666666,0,0,0,0,0,2,2,4,0,0,0,0,1.2,1,1,1,1,1533,756,687,645,1176,1,277,341,183,536,1,1,1103,1542,1,3:55
2022-23,1629011,Mitchell Robinson,Mitchell,1610612752,NYK,New York Knicks,0042200133,2023-04-21T00:00:00,NYK vs. CLE,W,30.428333333333335,0,3,0,6,6,6,3,34,2,2,0,2,31.9,1,1,1,1,624,756,228,645,426,726,856,525,1287,61,1559,1,515,447,1,30:26
2022-23,1627759,Jaylen Brown,Jaylen,1610612738,BOS,Boston Celtics,0042200113,2023-04-21T00:00:00,BOS @ ATL,L,33.31666666666667,7,0,3,12,10,23,7,36,0,1,5,1,26.7,1,857,857,857,499,41,687,258,138,1148,1720,938,1361,536,1165,1614,747,571,1,33:19
2022-23,1630180,Saddiq Bey,Saddiq,1610612737,ATL,Atlanta Hawks,0042200113,2023-04-21T00:00:00,ATL vs. BOS,W,26.716666666666665,3,5,3,4,14,7,3,22,0,0,0,1,26.6,1,1,1,1,792,281,78,258,612,1433,966,525,794,536,1,1,747,572,1,26:43
2022-23,1629631,De'Andre Hunter,De'Andre,1610612737,ATL,Atlanta Hawks,0042200113,2023-04-21T00:00:00,ATL vs. BOS,W,35.416666666666664,1,0,0,6,19,2,7,34,0,0,3,3,12.9,1,1,1,1,426,715,687,645,426,1641,277,938,1287,536,1,1135,364,1082,1,35:25
2022-23,203935,Marcus Smart,Marcus,1610612738,BOS,Boston Celtics,0042200113,2023-04-21T00:00:00,BOS @ ATL,L,32.68333333333333,9,3,2,8,7,17,10,38,0,1,0,1,47.6,1,857,857,857,531,15,228,360,300,852,1663,1250,1431,536,1165,1,747,140,1,32:41
2022-23,1629610,DaQuan Jeffries,DaQuan,1610612752,NYK,New York Knicks,0042200133,2023-04-21T00:00:00,NYK vs. CLE,W,3.683333333333333,0,0,0,0,0,2,2,4,0,0,2,1,0.0,1,1,1,1,1553,756,687,645,1176,1,277,341,183,536,1,787,747,1601,1,3:41
2022-23,1629638,Nickeil Alexander-Walker,Nickeil,1610612750,MIN,Minnesota Timberwolves,0042200143,2023-04-21T00:00:00,MIN vs. DEN,L,21.55666666666667,3,0,0,2,2,2,5,28,0,0,2,0,11.9,1,857,857,857,999,281,687,645,859,264,277,745,1014,536,1,787,1103,1121,1,21:33
2022-23,1628404,Josh Hart,Josh,1610612752,NYK,New York Knicks,0042200133,2023-04-21T00:00:00,NYK vs. CLE,W,28.666666666666668,4,2,4,4,7,5,5,26,0,0,3,5,23.7,1,1,1,1,709,175,357,145,612,852,724,745,941,536,1,1135,138,675,1,28:40
2022-23,1630193,Immanuel Quickley,Immanuel,1610612752,NYK,New York Knicks,0042200133,2023-04-21T00:00:00,NYK vs. CLE,W,23.153333333333332,2,3,0,4,3,7,2,18,0,0,0,2,14.2,1,1,1,1,937,426,228,645,612,423,966,341,648,536,1,1,515,1033,1,23:09
2022-23,1627750,Jamal Murray,Jamal,1610612743,DEN,Denver Nuggets,0042200143,2023-04-21T00:00:00,DEN @ MIN,W,38.2,0,0,0,6,13,10,15,44,1,0,3,6,44.7,1,1,1,1,285,756,687,645,426,1371,1282,1575,1602,178,1,1135,86,188,1,38:12
2022-23,1630552,Jalen Johnson,Jalen,1610612737,ATL,Atlanta Hawks,0042200113,2023-04-21T00:00:00,ATL vs. BOS,W,13.25,2,0,2,2,12,7,3,6,0,0,1,1,17.2,1,1,1,1,1262,426,687,360,859,1304,966,525,265,536,1,405,747,922,1,13:15
2022-23,1628386,Jarrett Allen,Jarrett,1610612739,CLE,Cleveland Cavaliers,0042200133,2023-04-21T00:00:00,CLE @ NYK,L,36.888333333333335,0,2,0,6,21,13,13,44,2,0,0,2,19.5,1,857,857,857,358,756,357,645,426,1686,1482,1477,1602,61,1,1,515,832,1,36:53
2022-23,1630596,Evan Mobley,Evan,1610612739,CLE,Cleveland Cavaliers,0042200133,2023-04-21T00:00:00,CLE @ NYK,L,36.51166666666666,0,4,0,10,21,13,15,44,1,0,3,0,23.5,1,857,857,857,371,756,136,645,200,1686,1482,1575,1602,178,1,1135,1103,684,1,36:31
2022-23,203937,Kyle Anderson,Kyle,1610612750,MIN,Minnesota Timberwolves,0042200143,2023-04-21T00:00:00,MIN vs. DEN,L,28.7,0,2,0,2,7,2,5,32,0,1,5,0,17.4,1,857,857,857,706,756,357,645,859,852,277,745,1205,536,1165,1614,1103,913,1,28:42
2022-23,1627763,Malcolm Brogdon,Malcolm,1610612738,BOS,Boston Celtics,0042200113,2023-04-21T00:00:00,BOS @ ATL,L,28.516666666666666,5,0,2,6,11,8,10,36,0,1,1,1,23.7,1,857,857,857,716,111,687,360,426,1226,1100,1250,1361,536,1165,405,747,675,1,28:31
2022-23,203992,Bogdan Bogdanović,Bogdan,1610612737,ATL,Atlanta Hawks,0042200113,2023-04-21T00:00:00,ATL vs. BOS,W,22.316666666666666,3,2,3,4,10,7,3,12,1,0,1,2,26.3,1,1,1,1,961,281,357,258,612,1148,966,525,451,178,1,405,515,583,1,22:19
2022-23,203085,Austin Rivers,Austin,1610612750,MIN,Minnesota Timberwolves,0042200143,2023-04-21T00:00:00,MIN vs. DEN,L,5.568333333333333,0,0,0,0,4,0,4,4,0,0,0,0,1.5,1,857,857,857,1466,756,687,645,1176,516,1,616,183,536,1,1,1103,1524,1,5:34
2022-23,1626157,Karl-Anthony Towns,Karl-Anthony,1610612750,MIN,Minnesota Timberwolves,0042200143,2023-04-21T00:00:00,MIN vs. DEN,L,41.53333333333333,2,0,4,16,10,7,13,54,1,1,2,5,38.9,1,857,857,857,123,426,687,145,45,1148,966,1477,1713,178,1165,787,138,269,1,41:32
2022-23,203944,Julius Randle,Julius,1610612752,NYK,New York Knicks,0042200133,2023-04-21T00:00:00,NYK vs. CLE,W,32.93333333333333,3,3,0,2,6,4,3,34,0,1,2,2,26.1,1,1,1,1,515,281,228,645,859,726,595,525,1287,536,1165,787,515,592,1,32:56
2022-23,1629027,Trae Young,Trae,1610612737,ATL,Atlanta Hawks,0042200113,2023-04-21T00:00:00,ATL vs. BOS,W,36.516666666666666,2,5,4,14,25,7,10,32,2,0,1,5,57.7,1,1,1,1,370,426,78,145,84,1718,966,1250,1205,61,1,405,138,63,1,36:31
2022-23,1628369,Jayson Tatum,Jayson,1610612738,BOS,Boston Celtics,0042200113,2023-04-21T00:00:00,BOS @ ATL,L,40.2,6,2,3,8,14,14,14,46,0,2,1,5,50.5,1,857,857,857,178,64,357,258,300,1433,1544,1527,1635,536,1559,405,138,111,1,40:12
2022-23,201599,DeAndre Jordan,DeAndre,1610612743,DEN,Denver Nuggets,0042200143,2023-04-21T00:00:00,DEN @ MIN,W,0.4666666666666667,0,0,0,0,2,2,2,2,0,0,0,0,0.0,1,1,1,1,1710,756,687,645,1176,264,277,341,96,536,1,1,1103,1601,1,0:28
2022-23,203484,Kentavious Caldwell-Pope,Kentavious,1610612743,DEN,Denver Nuggets,0042200143,2023-04-21T00:00:00,DEN @ MIN,W,28.5,2,3,5,2,7,4,12,36,1,1,5,1,21.9,1,1,1,1,718,426,228,93,859,852,595,1412,1361,178,1165,1614,747,740,1,28:30
2022-23,203497,Rudy Gobert,Rudy,1610612750,MIN,Minnesota Timberwolves,0042200143,2023-04-21T00:00:00,MIN vs. DEN,L,32.35,2,8,1,14,11,5,8,40,0,1,6,7,33.5,1,857,857,857,544,426,13,622,84,1226,724,1046,1486,536,1165,1708,47,393,1,32:21
2022-23,1629057,Robert Williams III,Robert,1610612738,BOS,Boston Celtics,0042200113,2023-04-21T00:00:00,BOS @ ATL,L,19.483333333333334,0,2,0,4,8,11,7,26,0,0,1,0,12.5,1,857,857,857,1065,756,357,645,612,941,1346,938,941,536,1,405,1103,1102,1,19:29
2022-23,201565,Derrick Rose,Derrick,1610612752,NYK,New York Knicks,0042200133,2023-04-21T00:00:00,NYK vs. CLE,W,2.5,0,0,0,0,0,2,2,4,0,0,0,0,1.5,1,1,1,1,1609,756,687,645,1176,1,277,341,183,536,1,1,1103,1524,1,2:30
2022-23,203999,Nikola Jokić,Nikola,1610612743,DEN,Denver Nuggets,0042200143,2023-04-21T00:00:00,DEN @ MIN,W,38.04,2,2,0,14,10,4,12,40,0,0,4,5,50.2,1,1,1,1,293,426,357,645,84,1148,595,1412,1486,536,1,1436,138,115,1,38:02
2022-23,1628378,Donovan Mitchell,Donovan,1610612739,CLE,Cleveland Cavaliers,0042200133,2023-04-21T00:00:00,CLE @ NYK,L,37.961666666666666,5,1,3,14,19,13,13,42,0,2,3,4,37.9,1,857,857,857,300,111,660,258,84,1641,1482,1477,1538,536,1559,1135,244,286,1,37:58
2022-23,1629636,Darius Garland,Darius,1610612739,CLE,Cleveland Cavaliers,0042200133,2023-04-21T00:00:00,CLE @ NYK,L,32.733333333333334,3,2,0,6,23,13,11,44,0,2,2,1,25.9,1,857,857,857,529,281,357,645,426,1708,1482,1355,1602,536,1559,787,747,597,1,32:44
2022-23,201937,Ricky Rubio,Ricky,1610612739,CLE,Cleveland Cavaliers,0042200133,2023-04-21T00:00:00,CLE @ NYK,L,5.4,0,0,0,0,2,0,0,4,0,0,2,0,1.9,1,857,857,857,1469,756,687,645,1176,264,1,1,183,536,1,787,1103,1520,1,5:24
2022-23,1630171,Isaac Okoro,Isaac,1610612739,CLE,Cleveland Cavaliers,0042200133,2023-04-21T00:00:00,CLE @ NYK,L,12.271666666666667,0,0,4,2,11,1,2,20,0,0,1,2,7.4,1,857,857,857,1289,756,687,145,859,1226,249,341,729,536,1,405,515,1270,1,12:16
2022-23,201143,Al Horford,Al,1610612738,BOS,Boston Celtics,0042200113,2023-04-21T00:00:00,BOS @ ATL,L,28.516666666666666,0,0,0,2,7,12,7,30,0,0,1,1,17.3,1,857,857,857,716,756,687,645,859,852,1417,938,1116,536,1,405,747,917,1,28:31
2022-23,1629656,Quentin Grimes,Quentin,1610612752,NYK,New York Knicks,0042200133,2023-04-21T00:00:00,NYK vs. CLE,W,13.433333333333334,0,2,0,2,0,2,0,16,1,1,1,0,7.4,1,1,1,1,1255,756,357,645,859,1,277,1,580,178,1165,405,1103,1270,1,13:26
2022-23,1629628,RJ Barrett,RJ,1610612752,NYK,New York Knicks,0042200133,2023-04-21T00:00:00,NYK vs. CLE,W,30.746666666666666,7,0,6,10,8,6,5,32,0,0,4,1,34.1,1,1,1,1,615,41,687,47,200,941,856,745,1205,536,1,1436,747,380,1,30:45
2022-23,1627752,Taurean Prince,Taurean,1610612750,MIN,Minnesota Timberwolves,0042200143,2023-04-21T00:00:00,MIN vs. DEN,L,14.866666666666667,2,0,0,2,2,5,6,22,0,0,1,2,12.7,1,857,857,857,1208,426,687,645,859,264,724,832,794,536,1,405,515,1095,1,14:52
2022-23,1627827,Dorian Finney-Smith,Dorian,1610612751,BKN,Brooklyn Nets,0042200123,2023-04-20T00:00:00,BKN vs. PHI,L,36.35,0,0,0,0,8,11,7,38,1,0,3,0,17.3,1,857,857,857,377,756,687,645,1176,941,1346,938,1431,178,1,1135,1103,917,1,36:21
2022-23,203486,Mason Plumlee,Mason,1610612746,LAC,LA Clippers,0042200173,2023-04-20T00:00:00,LAC vs. PHX,L,16.266666666666666,0,0,0,4,6,3,4,26,1,0,4,0,17.5,1,857,857,857,1159,756,687,645,612,726,492,616,941,178,1,1436,1103,908,1,16:16
2022-23,1629001,De'Anthony Melton,De'Anthony,1610612755,PHI,Philadelphia 76ers,0042200123,2023-04-20T00:00:00,PHI @ BKN,W,30.133333333333333,3,3,5,6,8,5,4,22,0,0,1,2,23.9,1,1,1,1,638,281,228,93,426,941,724,616,794,536,1,405,515,668,1,30:08
2022-23,202699,Tobias Harris,Tobias,1610612755,PHI,Philadelphia 76ers,0042200123,2023-04-20T00:00:00,PHI @ BKN,W,35.92666666666667,3,6,0,8,16,7,10,34,0,2,1,1,23.9,1,1,1,1,405,281,46,645,300,1534,966,1250,1287,536,1559,405,747,668,1,35:56
2022-23,1629002,Chimezie Metu,Chimezie,1610612758,SAC,Sacramento Kings,0042200163,2023-04-20T00:00:00,SAC @ GSW,L,3.0166666666666666,0,0,0,0,2,0,0,2,0,0,0,0,0.0,1,857,857,857,1585,756,687,645,1176,264,1,1,96,536,1,1,1103,1601,1,3:01
2022-23,1628408,PJ Dozier,PJ,1610612758,SAC,Sacramento Kings,0042200163,2023-04-20T00:00:00,SAC @ GSW,L,3.0166666666666666,0,0,0,0,2,0,0,2,0,0,0,1,5.4,1,857,857,857,1585,756,687,645,1176,264,1,1,96,536,1,1,747,1357,1,3:01
2022-23,1631099,Keegan Murray,Keegan,1610612758,SAC,Sacramento Kings,0042200163,2023-04-20T00:00:00,SAC @ GSW,L,21.816666666666666,0,0,1,0,9,8,8,18,1,0,5,1,17.0,1,857,857,857,985,756,687,622,1176,1047,1100,1046,648,178,1,1614,747,929,1,21:49
2022-23,1627734,Domantas Sabonis,Domantas,1610612758,SAC,Sacramento Kings,0042200163,2023-04-20T00:00:00,SAC @ GSW,L,34.71666666666667,2,0,4,14,16,22,10,28,0,2,1,1,40.2,1,857,857,857,449,426,687,145,84,1534,1715,1250,1014,536,1559,405,747,247,1,34:43
2022-23,203915,Spencer Dinwiddie,Spencer,1610612751,BKN,Brooklyn Nets,0042200123,2023-04-20T00:00:00,BKN vs. PHI,L,42.21666666666667,0,3,0,6,11,14,7,46,0,1,1,6,37.1,1,857,857,857,83,756,228,645,426,1226,1544,938,1635,536,1165,405,86,308,1,42:13
2022-23,1626172,Kevon Looney,Kevon,1610612744,GSW,Golden State Warriors,0042200163,2023-04-20T00:00:00,GSW vs. SAC,W,30.933333333333334,2,2,0,4,7,1,14,30,0,0,1,0,42.5,1,1,1,1,610,426,357,645,612,852,249,1527,1116,536,1,405,1103,215,1,30:56
2022-23,200782,P.J. Tucker,P.J.,1610612755,PHI,Philadelphia 76ers,0042200123,2023-04-20T00:00:00,PHI @ BKN,W,29.283333333333335,0,0,0,2,14,7,10,30,1,0,3,3,20.6,1,1,1,1,689,756,687,645,859,1433,966,1250,1116,178,1,1135,364,789,1,29:17
2022-23,1629611,Terance Mann,Terance,1610612746,LAC,LA Clippers,0042200173,2023-04-20T00:00:00,LAC vs. PHX,L,25.666666666666668,0,3,0,4,6,12,6,40,0,0,5,0,23.1,1,857,857,857,835,756,228,645,612,726,1417,832,1486,536,1,1614,1103,701,1,25:40
2022-23,1629013,Landry Shamet,Landry,1610612756,PHX,Phoenix Suns,0042200173,2023-04-20T00:00:00,PHX @ LAC,W,3.7333333333333334,0,0,0,0,0,0,0,2,0,0,0,0,4.2,1,1,1,1,1552,756,687,645,1176,1,1,1,96,536,1,1,1103,1405,1,3:44
2022-23,201566,Russell Westbrook,Russell,1610612746,LAC,LA Clippers,0042200173,2023-04-20T00:00:00,LAC vs. PHX,L,39.81666666666667,0,0,7,16,25,14,13,42,1,1,4,5,63.6,1,857,857,857,204,756,687,32,45,1718,1544,1477,1538,178,1165,1436,138,36,1,39:49
2022-23,203496,Robert Covington,Robert,1610612746,LAC,LA Clippers,0042200173,2023-04-20T00:00:00,LAC vs. PHX,L,3.65,0,0,0,0,0,0,0,2,1,0,0,0,4.2,1,857,857,857,1558,756,687,645,1176,1,1,1,96,178,1,1,1103,1405,1,3:39
2022-23,1630549,Day'Ron Sharpe,Day'Ron,1610612751,BKN,Brooklyn Nets,0042200123,2023-04-20T00:00:00,BKN vs. PHI,L,2.25,0,0,0,0,3,3,0,2,0,0,0,0,1.5,1,857,857,857,1621,756,687,645,1176,423,492,1,96,536,1,1,1103,1524,1,2:15
2022-23,203933,T.J. Warren,T.J.,1610612756,PHX,Phoenix Suns,0042200173,2023-04-20T00:00:00,PHX @ LAC,W,3.65,0,0,0,0,0,0,0,0,0,0,1,0,0.0,1,1,1,1,1558,756,687,645,1176,1,1,1,1,536,1,405,1103,1601,1,3:39
2022-23,101108,Chris Paul,Chris,1610612756,PHX,Phoenix Suns,0042200173,2023-04-20T00:00:00,PHX @ LAC,W,40.69,0,2,0,6,16,2,15,50,1,2,4,3,37.7,1,1,1,1,158,756,357,645,426,1534,277,1575,1686,178,1559,1436,364,294,1,40:41
2022-23,201142,Kevin Durant,Kevin,1610612756,PHX,Phoenix Suns,0042200173,2023-04-20T00:00:00,PHX @ LAC,W,41.5,6,0,10,14,16,5,16,52,0,1,0,7,42.7,1,1,1,1,126,64,687,5,84,1534,724,1626,1701,536,1165,1,47,211,1,41:30
2022-23,203084,Harrison Barnes,Harrison,1610612758,SAC,Sacramento Kings,0042200163,2023-04-20T00:00:00,SAC @ GSW,L,34.361666666666665,3,1,5,6,16,22,7,34,0,0,1,2,18.2,1,857,857,857,458,281,660,93,426,1534,1715,938,1287,536,1,405,515,868,1,34:22
2022-23,1630541,Moses Moody,Moses,1610612744,GSW,Golden State Warriors,0042200163,2023-04-20T00:00:00,GSW vs. SAC,W,15.783333333333333,0,0,0,4,0,8,0,6,0,0,3,2,16.6,1,1,1,1,1179,756,687,645,612,1,1100,1,265,536,1,1135,515,947,1,15:47
2022-23,1631116,Patrick Baldwin Jr.,Patrick,1610612744,GSW,Golden State Warriors,0042200163,2023-04-20T00:00:00,GSW vs. SAC,W,2.5166666666666666,0,0,0,0,0,0,0,0,0,0,0,0,1.2,1,1,1,1,1608,756,687,645,1176,1,1,1,1,536,1,1,1103,1542,1,2:31
2022-23,1630556,Kessler Edwards,Kessler,1610612758,SAC,Sacramento Kings,0042200163,2023-04-20T00:00:00,SAC @ GSW,L,3.145,0,0,0,0,2,0,0,2,0,0,0,0,0.0,1,857,857,857,1583,756,687,645,1176,264,1,1,96,536,1,1,1103,1601,1,3:09
2022-23,1626168,Trey Lyles,Trey,1610612758,SAC,Sacramento Kings,0042200163,2023-04-20T00:00:00,SAC @ GSW,L,12.75,0,2,0,0,4,2,3,10,0,1,1,1,8.0,1,857,857,857,1274,756,357,645,1176,516,277,525,389,536,1165,405,747,1247,1,12:45
2022-23,202691,Klay Thompson,Klay,1610612744,GSW,Golden State Warriors,0042200163,2023-04-20T00:00:00,GSW vs. SAC,W,34.531666666666666,3,3,3,0,7,4,16,34,1,1,0,2,26.0,1,1,1,1,454,281,228,258,1176,852,595,1626,1287,178,1165,1,515,593,1,34:32
2022-23,202687,Bismack Biyombo,Bismack,1610612756,PHX,Phoenix Suns,0042200173,2023-04-20T00:00:00,PHX @ LAC,W,11.116666666666667,0,0,0,2,4,0,7,16,1,0,2,3,14.8,1,1,1,1,1335,756,687,645,859,516,1,938,580,178,1,787,364,1008,1,11:07
2022-23,201935,James Harden,James,1610612755,PHI,Philadelphia 76ers,0042200123,2023-04-20T00:00:00,PHI @ BKN,W,29.356666666666666,0,2,0,6,12,4,6,28,0,0,2,4,31.0,1,1,1,1,687,756,357,645,426,1304,595,832,1014,536,1,787,244,466,1,29:21
2022-23,1630560,Cam Thomas,Cam,1610612751,BKN,Brooklyn Nets,0042200123,2023-04-20T00:00:00,BKN vs. PHI,L,11.196666666666667,0,0,0,4,5,5,0,10,0,0,2,0,7.7,1,857,857,857,1332,756,687,645,612,628,724,1,389,536,1,787,1103,1261,1,11:12
2022-23,1629006,Josh Okogie,Josh,1610612756,PHX,Phoenix Suns,0042200173,2023-04-20T00:00:00,PHX @ LAC,W,20.84,1,0,0,2,6,5,7,26,0,1,1,3,20.9,1,1,1,1,1020,715,687,645,859,726,724,938,941,536,1165,405,364,774,1,20:50
2022-23,203954,Joel Embiid,Joel,1610612755,PHI,Philadelphia 76ers,0042200123,2023-04-20T00:00:00,PHI @ BKN,W,37.625,0,0,0,8,16,9,10,34,2,1,5,3,33.0,1,1,1,1,315,756,687,645,300,1534,1190,1250,1287,61,1165,1614,364,412,1,37:38
2022-23,203458,Alex Len,Alex,1610612758,SAC,Sacramento Kings,0042200163,2023-04-20T00:00:00,SAC @ GSW,L,7.846666666666667,0,0,0,0,4,2,0,4,1,0,4,2,7.6,1,857,857,857,1424,756,687,645,1176,516,277,1,183,178,1,1436,515,1266,1,7:51
2022-23,203952,Andrew Wiggins,Andrew,1610612744,GSW,Golden State Warriors,0042200163,2023-04-20T00:00:00,GSW vs. SAC,W,34.16833333333334,2,2,0,8,3,9,12,28,1,0,3,5,33.9,1,1,1,1,465,426,357,645,300,423,1190,1412,1014,178,1,1135,138,385,1,34:10
2022-23,1628470,Torrey Craig,Torrey,1610612756,PHX,Phoenix Suns,0042200173,2023-04-20T00:00:00,PHX @ LAC,W,27.266666666666666,3,4,0,0,12,0,11,36,0,0,5,3,21.8,1,1,1,1,771,281,136,645,1176,1304,1,1355,1361,536,1,1614,364,745,1,27:16
2022-23,1628989,Kevin Huerter,Kevin,1610612758,SAC,Sacramento Kings,0042200163,2023-04-20T00:00:00,SAC @ GSW,L,28.675,2,0,2,6,19,14,7,28,1,0,5,0,25.8,1,857,857,857,708,426,687,360,426,1641,1544,938,1014,178,1,1614,1103,600,1,28:41
2022-23,1628368,De'Aaron Fox,De'Aaron,1610612758,SAC,Sacramento Kings,0042200163,2023-04-20T00:00:00,SAC @ GSW,L,37.70166666666667,0,6,4,8,19,21,7,34,0,0,3,8,52.3,1,857,857,857,309,756,46,145,300,1641,1703,938,1287,536,1,1135,25,95,1,37:42
2022-23,203210,JaMychal Green,JaMychal,1610612744,GSW,Golden State Warriors,0042200163,2023-04-20T00:00:00,GSW vs. SAC,W,10.166666666666666,0,0,0,0,0,8,2,8,1,0,3,0,8.1,1,1,1,1,1359,756,687,645,1176,1,1100,341,329,178,1,1135,1103,1240,1,10:10
2022-23,1627826,Ivica Zubac,Ivica,1610612746,LAC,LA Clippers,0042200173,2023-04-20T00:00:00,LAC vs. PHX,L,22.333333333333332,2,0,0,6,19,2,9,14,0,0,1,0,13.6,1,857,857,857,960,426,687,645,426,1641,277,1158,515,536,1,405,1103,1050,1,22:20
2022-23,1629028,Deandre Ayton,Deandre,1610612756,PHX,Phoenix Suns,0042200173,2023-04-20T00:00:00,PHX @ LAC,W,35.32,5,3,0,6,12,3,9,34,0,1,1,6,26.2,1,1,1,1,430,111,228,645,426,1304,492,1158,1287,536,1165,405,86,586,1,35:19
2022-23,201569,Eric Gordon,Eric,1610612746,LAC,LA Clippers,0042200173,2023-04-20T00:00:00,LAC vs. PHX,L,31.383333333333333,1,0,1,4,19,11,11,28,1,0,3,2,22.4,1,857,857,857,585,715,687,622,612,1641,1346,1355,1014,178,1,1135,515,726,1,31:23
2022-23,1628370,Malik Monk,Malik,1610612758,SAC,Sacramento Kings,0042200163,2023-04-20T00:00:00,SAC @ GSW,L,24.575,0,0,0,2,6,12,3,18,0,2,0,3,13.6,1,857,857,857,882,756,687,645,859,726,1417,525,648,536,1559,1,364,1050,1,24:35
2022-23,1630558,Davion Mitchell,Davion,1610612758,SAC,Sacramento Kings,0042200163,2023-04-20T00:00:00,SAC @ GSW,L,17.561666666666667,0,0,0,2,8,13,5,10,0,0,0,0,6.7,1,857,857,857,1125,756,687,645,859,941,1482,745,389,536,1,1,1103,1299,1,17:34
2022-23,1629667,Jalen McDaniels,Jalen,1610612755,PHI,Philadelphia 76ers,0042200123,2023-04-20T00:00:00,PHI @ BKN,W,11.683333333333334,2,2,0,4,2,2,0,8,0,0,1,0,6.6,1,1,1,1,1316,426,357,645,612,264,277,1,329,536,1,405,1103,1300,1,11:41
2022-23,1630178,Tyrese Maxey,Tyrese,1610612755,PHI,Philadelphia 76ers,0042200123,2023-04-20T00:00:00,PHI @ BKN,W,36.29333333333334,2,3,2,10,16,9,10,34,0,0,4,0,35.1,1,1,1,1,382,426,228,360,200,1534,1190,1250,1287,536,1,1436,1103,357,1,36:18
2022-23,1626164,Devin Booker,Devin,1610612756,PHX,Phoenix Suns,0042200173,2023-04-20T00:00:00,PHX @ LAC,W,44.516666666666666,10,5,5,24,18,5,18,58,2,2,2,5,71.7,1,1,1,1,27,6,78,93,6,1612,724,1673,1724,61,1559,787,138,14,1,44:31
2022-23,1627777,Georges Niang,Georges,1610612755,PHI,Philadelphia 76ers,0042200123,2023-04-20T00:00:00,PHI @ BKN,W,19.323333333333334,0,0,0,2,4,2,0,12,0,0,0,0,6.4,1,1,1,1,1071,756,687,645,859,516,277,1,451,536,1,1,1103,1307,1,19:19
2022-23,1626220,Royce O'Neale,Royce,1610612751,BKN,Brooklyn Nets,0042200123,2023-04-20T00:00:00,BKN vs. PHI,L,29.966666666666665,4,2,2,2,12,13,7,28,1,0,2,2,19.7,1,857,857,857,651,175,357,360,859,1304,1482,938,1014,178,1,787,515,822,1,29:58
2022-23,1630237,Anthony Lamb,Anthony,1610612744,GSW,Golden State Warriors,0042200163,2023-04-20T00:00:00,GSW vs. SAC,W,7.1,0,0,0,0,2,3,2,2,1,0,0,0,2.0,1,1,1,1,1438,756,687,645,1176,264,492,341,96,178,1,1,1103,1507,1,7:06
2022-23,1628969,Mikal Bridges,Mikal,1610612751,BKN,Brooklyn Nets,0042200123,2023-04-20T00:00:00,BKN vs. PHI,L,43.163333333333334,7,2,6,8,8,14,4,42,1,2,1,2,45.7,1,857,857,857,56,41,357,47,300,941,1544,616,1538,178,1559,405,515,171,1,43:10
2022-23,1630538,Bones Hyland,Bones,1610612746,LAC,LA Clippers,0042200173,2023-04-20T00:00:00,LAC vs. PHX,L,21.383333333333333,8,0,6,8,2,10,4,30,0,2,4,4,25.2,1,857,857,857,1004,29,687,47,300,264,1282,616,1116,536,1559,1436,244,627,1,21:23
2022-23,1630194,Paul Reed,Paul,1610612755,PHI,Philadelphia 76ers,0042200123,2023-04-20T00:00:00,PHI @ BKN,W,10.375,2,0,0,2,2,0,0,8,0,0,0,0,9.2,1,1,1,1,1352,426,687,645,859,264,1,1,329,536,1,1,1103,1211,1,10:23
2022-23,201587,Nicolas Batum,Nicolas,1610612746,LAC,LA Clippers,0042200173,2023-04-20T00:00:00,LAC vs. PHX,L,19.1,0,0,0,0,19,2,9,10,2,0,3,0,10.1,1,857,857,857,1082,756,687,645,1176,1641,277,1158,389,61,1,1135,1103,1186,1,19:06
2022-23,1629056,Terence Davis,Terence,1610612758,SAC,Sacramento Kings,0042200163,2023-04-20T00:00:00,SAC @ GSW,L,10.816666666666666,0,3,0,0,3,4,0,10,0,0,2,0,9.3,1,857,857,857,1344,756,228,645,1176,423,595,1,389,536,1,787,1103,1209,1,10:49
2022-23,1626181,Norman Powell,Norman,1610612746,LAC,LA Clippers,0042200173,2023-04-20T00:00:00,LAC vs. PHX,L,40.55,7,2,4,16,23,13,15,48,1,1,3,7,51.5,1,857,857,857,162,41,357,145,45,1708,1482,1575,1668,178,1165,1135,47,103,1,40:33
2022-23,1629661,Cameron Johnson,Cameron,1610612751,BKN,Brooklyn Nets,0042200123,2023-04-20T00:00:00,BKN vs. PHI,L,43.733333333333334,3,2,0,6,8,16,7,40,0,0,3,3,29.0,1,857,857,857,43,281,357,645,426,941,1628,938,1486,536,1,1135,364,514,1,43:44
2022-23,201939,Stephen Curry,Stephen,1610612744,GSW,Golden State Warriors,0042200163,2023-04-20T00:00:00,GSW vs. SAC,W,36.95,8,8,3,10,5,12,12,30,1,1,4,5,55.7,1,1,1,1,354,29,13,258,200,628,1417,1412,1116,178,1165,1436,138,76,1,36:57
2022-23,1629651,Nic Claxton,Nic,1610612751,BKN,Brooklyn Nets,0042200123,2023-04-20T00:00:00,BKN vs. PHI,L,27.616666666666667,4,0,2,16,5,2,0,30,0,0,1,4,28.8,1,857,857,857,759,175,687,360,45,628,277,1,1116,536,1,405,244,521,1,27:37
2022-23,203925,Joe Harris,Joe,1610612751,BKN,Brooklyn Nets,0042200123,2023-04-20T00:00:00,BKN vs. PHI,L,3.506666666666667,0,0,0,0,0,2,3,4,0,0,0,0,0.0,1,857,857,857,1564,756,687,645,1176,1,277,525,183,536,1,1,1103,1601,1,3:30
2022-23,1629673,Jordan Poole,Jordan,1610612744,GSW,Golden State Warriors,0042200163,2023-04-20T00:00:00,GSW vs. SAC,W,27.85,4,2,4,6,5,1,11,28,0,1,2,6,36.0,1,1,1,1,745,175,357,145,426,628,249,1355,1014,536,1165,787,86,332,1,27:51
2022-23,1630228,Jonathan Kuminga,Jonathan,1610612744,GSW,Golden State Warriors,0042200163,2023-04-20T00:00:00,GSW vs. SAC,W,13.216666666666667,2,2,0,6,2,3,5,6,0,0,2,1,12.9,1,1,1,1,1263,426,357,645,426,264,492,745,265,536,1,787,747,1082,1,13:13
2022-23,202694,Marcus Morris Sr.,Marcus,1610612746,LAC,LA Clippers,0042200173,2023-04-20T00:00:00,LAC vs. PHX,L,19.85,0,0,0,0,6,3,4,30,0,0,4,0,9.8,1,857,857,857,1051,756,687,645,1176,726,492,616,1116,536,1,1436,1103,1194,1,19:51
2022-23,1628978,Donte DiVincenzo,Donte,1610612744,GSW,Golden State Warriors,0042200163,2023-04-20T00:00:00,GSW vs. SAC,W,26.783333333333335,1,5,0,2,4,11,6,18,0,0,1,1,36.4,1,1,1,1,784,715,78,645,859,516,1346,832,648,536,1,405,747,326,1,26:47
2022-23,1627814,Damion Lee,Damion,1610612756,PHX,Phoenix Suns,0042200173,2023-04-20T00:00:00,PHX @ LAC,W,11.366666666666667,0,0,0,0,6,5,7,16,0,0,2,1,8.0,1,1,1,1,1326,756,687,645,1176,726,724,938,580,536,1,787,747,1247,1,11:22
2022-23,2544,LeBron James,LeBron,1610612747,LAL,Los Angeles Lakers,0042200152,2023-04-19T00:00:00,LAL @ MEM,L,38.87,4,7,6,20,16,11,8,40,1,0,1,4,51.9,1,857,857,857,254,175,24,47,20,1534,1346,1046,1486,178,1,405,244,100,1,38:52
2022-23,201572,Brook Lopez,Brook,1610612749,MIL,Milwaukee Bucks,0042200102,2023-04-19T00:00:00,MIL vs. MIA,W,33.6,2,5,0,24,11,2,9,34,1,1,2,3,39.8,1,1,1,1,492,426,78,645,6,1226,277,1158,1287,178,1165,787,364,254,1,33:36
2022-23,1629022,Lonnie Walker IV,Lonnie,1610612747,LAL,Los Angeles Lakers,0042200152,2023-04-19T00:00:00,LAL @ MEM,L,0.5133333333333333,0,0,0,0,0,0,0,0,0,0,0,0,0.0,1,857,857,857,1689,756,687,645,1176,1,1,1,1,536,1,1,1103,1601,1,0:31
2022-23,204060,Joe Ingles,Joe,1610612749,MIL,Milwaukee Bucks,0042200102,2023-04-19T00:00:00,MIL vs. MIA,W,25.106666666666666,6,3,6,2,6,3,3,18,0,0,1,0,31.8,1,1,1,1,859,64,228,47,859,726,492,525,648,536,1,405,1103,450,1,25:06
2022-23,203484,Kentavious Caldwell-Pope,Kentavious,1610612743,DEN,Denver Nuggets,0042200142,2023-04-19T00:00:00,DEN vs. MIN,W,39.233333333333334,2,0,2,2,3,8,14,34,0,2,1,3,17.6,1,1,1,1,227,426,687,360,859,423,1100,1527,1287,536,1559,405,364,900,1,39:14
2022-23,1628975,Jevon Carter,Jevon,1610612749,MIL,Milwaukee Bucks,0042200102,2023-04-19T00:00:00,MIL vs. MIA,W,14.086666666666666,0,0,0,0,4,5,6,8,0,0,0,0,9.9,1,1,1,1,1231,756,687,645,1176,516,724,832,329,536,1,1,1103,1191,1,14:05
2022-23,203471,Dennis Schröder,Dennis,1610612747,LAL,Los Angeles Lakers,0042200152,2023-04-19T00:00:00,LAL @ MEM,L,15.961666666666666,0,0,0,0,13,2,2,20,0,1,2,1,3.7,1,857,857,857,1173,756,687,645,1176,1371,277,341,729,536,1165,787,747,1429,1,15:58
2022-23,1626145,Tyus Jones,Tyus,1610612763,MEM,Memphis Grizzlies,0042200152,2023-04-19T00:00:00,MEM vs. LAL,W,36.28666666666667,2,2,2,8,5,15,12,40,0,0,3,3,31.2,1,1,1,1,384,426,357,360,300,628,1593,1412,1486,536,1,1135,364,464,1,36:17
2022-23,1628997,Caleb Martin,Caleb,1610612748,MIA,Miami Heat,0042200102,2023-04-19T00:00:00,MIA @ MIL,L,28.983333333333334,2,0,6,4,16,0,2,22,0,1,1,2,27.2,1,857,857,857,696,426,687,47,612,1534,1,341,794,536,1165,405,515,557,1,28:59
2022-23,201144,Mike Conley,Mike,1610612750,MIN,Minnesota Timberwolves,0042200142,2023-04-19T00:00:00,MIN @ DEN,L,37.766666666666666,1,0,0,4,12,9,13,40,0,0,0,6,24.7,1,857,857,857,307,715,687,645,612,1304,1190,1477,1486,536,1,1,86,651,1,37:46
2022-23,1629117,Wenyen Gabriel,Wenyen,1610612747,LAL,Los Angeles Lakers,0042200152,2023-04-19T00:00:00,LAL @ MEM,L,0.5133333333333333,0,0,0,0,0,0,0,0,0,0,1,0,-1.0,1,857,857,857,1689,756,687,645,1176,1,1,1,1,536,1,405,1103,1719,1,0:31
2022-23,1627750,Jamal Murray,Jamal,1610612743,DEN,Denver Nuggets,0042200142,2023-04-19T00:00:00,DEN vs. MIN,W,38.955,2,0,5,8,7,6,14,40,0,1,3,6,53.1,1,1,1,1,245,426,687,93,300,852,856,1527,1486,536,1165,1135,86,90,1,38:57
2022-23,200768,Kyle Lowry,Kyle,1610612748,MIA,Miami Heat,0042200102,2023-04-19T00:00:00,MIA @ MIL,L,18.383333333333333,0,0,0,0,18,3,10,22,0,1,1,1,13.3,1,857,857,857,1099,756,687,645,1176,1612,492,1250,794,536,1165,405,747,1066,1,18:23
2022-23,1629638,Nickeil Alexander-Walker,Nickeil,1610612750,MIN,Minnesota Timberwolves,0042200142,2023-04-19T00:00:00,MIN @ DEN,L,26.633333333333333,2,0,2,2,6,8,8,32,0,0,2,2,11.4,1,857,857,857,795,426,687,360,859,726,1100,1046,1205,536,1,787,515,1137,1,26:38
2022-23,1630583,Santi Aldama,Santi,1610612763,MEM,Memphis Grizzlies,0042200152,2023-04-19T00:00:00,MEM vs. LAL,W,14.393333333333333,0,0,0,0,0,2,7,14,0,0,0,0,11.4,1,1,1,1,1223,756,687,645,1176,1,277,938,515,536,1,1,1103,1137,1,14:24
2022-23,201609,Goran Dragic,Goran,1610612749,MIL,Milwaukee Bucks,0042200102,2023-04-19T00:00:00,MIL vs. MIA,W,3.3333333333333335,0,0,0,0,0,3,0,4,0,0,0,1,2.0,1,1,1,1,1569,756,687,645,1176,1,492,1,183,536,1,1,747,1507,1,3:20
2022-23,1631223,David Roddy,David,1610612763,MEM,Memphis Grizzlies,0042200152,2023-04-19T00:00:00,MEM vs. LAL,W,20.926666666666666,3,0,0,0,2,4,7,20,1,0,3,0,13.2,1,1,1,1,1017,281,687,645,1176,264,595,938,729,178,1,1135,1103,1070,1,20:56
2022-23,1627885,Shaquille Harrison,Shaquille,1610612747,LAL,Los Angeles Lakers,0042200152,2023-04-19T00:00:00,LAL @ MEM,L,0.5133333333333333,0,0,0,0,0,0,0,0,0,0,0,0,0.0,1,857,857,857,1689,756,687,645,1176,1,1,1,1,536,1,1,1103,1601,1,0:31
2022-23,1627752,Taurean Prince,Taurean,1610612750,MIN,Minnesota Timberwolves,0042200142,2023-04-19T00:00:00,MIN @ DEN,L,18.183333333333334,1,0,3,2,8,5,15,26,0,0,5,1,17.1,1,857,857,857,1106,715,687,258,859,941,724,1575,941,536,1,1614,747,925,1,18:11
2022-23,203076,Anthony Davis,Anthony,1610612747,LAL,Los Angeles Lakers,0042200152,2023-04-19T00:00:00,LAL @ MEM,L,37.61666666666667,2,2,0,6,16,9,8,34,5,4,3,5,41.3,1,857,857,857,316,426,357,645,426,1534,1190,1046,1287,2,1712,1135,138,234,1,37:37
2022-23,1626171,Bobby Portis,Bobby,1610612749,MIL,Milwaukee Bucks,0042200102,2023-04-19T00:00:00,MIL vs. MIA,W,27.95,8,0,2,4,11,7,0,26,2,0,5,0,46.5,1,1,1,1,742,29,687,360,612,1226,966,1,941,61,1,1614,1103,155,1,27:57
2022-23,201950,Jrue Holiday,Jrue,1610612749,MIL,Milwaukee Bucks,0042200102,2023-04-19T00:00:00,MIL vs. MIA,W,32.81666666666667,0,3,5,10,11,5,3,30,0,0,3,0,46.5,1,1,1,1,525,756,228,93,200,1226,724,525,1116,536,1,1135,1103,155,1,32:49
2022-23,1629020,Jarred Vanderbilt,Jarred,1610612747,LAL,Los Angeles Lakers,0042200152,2023-04-19T00:00:00,LAL @ MEM,L,21.625,2,2,0,6,9,2,6,24,1,0,3,2,23.4,1,857,857,857,996,426,357,645,426,1047,277,832,858,178,1,1135,515,685,1,21:38
2022-23,1630214,Xavier Tillman,Xavier,1610612763,MEM,Memphis Grizzlies,0042200152,2023-04-19T00:00:00,MEM vs. LAL,W,31.656666666666666,4,2,4,18,5,13,7,34,0,0,1,2,42.1,1,1,1,1,573,175,357,145,28,628,1482,938,1287,536,1,405,515,225,1,31:39
2022-23,1629669,Jaylen Nowell,Jaylen,1610612750,MIN,Minnesota Timberwolves,0042200142,2023-04-19T00:00:00,MIN @ DEN,L,15.85,0,0,0,2,6,9,8,24,0,0,0,1,2.0,1,857,857,857,1176,756,687,645,859,726,1190,1046,858,536,1,1,747,1507,1,15:51
2022-23,203932,Aaron Gordon,Aaron,1610612743,DEN,Denver Nuggets,0042200142,2023-04-19T00:00:00,DEN vs. MIN,W,32.65,0,2,2,12,3,8,14,28,0,1,5,2,28.5,1,1,1,1,532,756,357,360,138,423,1100,1527,1014,536,1165,1614,515,531,1,32:39
2022-23,1629622,Max Strus,Max,1610612748,MIA,Miami Heat,0042200102,2023-04-19T00:00:00,MIA @ MIL,L,31.433333333333334,0,0,0,0,22,16,20,40,0,0,1,0,17.5,1,857,857,857,582,756,687,645,1176,1698,1628,1699,1486,536,1,405,1103,908,1,31:26
2022-23,1628971,Bruce Brown,Bruce,1610612743,DEN,Denver Nuggets,0042200142,2023-04-19T00:00:00,DEN vs. MIN,W,29.783333333333335,4,0,6,6,6,6,7,28,0,0,4,0,22.1,1,1,1,1,661,175,687,47,426,726,856,938,1014,536,1,1436,1103,731,1,29:47
2022-23,1628415,Dillon Brooks,Dillon,1610612763,MEM,Memphis Grizzlies,0042200152,2023-04-19T00:00:00,MEM vs. LAL,W,22.573333333333334,0,5,2,4,6,9,4,24,0,1,5,1,15.7,1,1,1,1,957,756,78,360,612,726,1190,616,858,536,1165,1614,747,976,1,22:34
2022-23,203497,Rudy Gobert,Rudy,1610612750,MIN,Minnesota Timberwolves,0042200142,2023-04-19T00:00:00,MIN @ DEN,L,38.9,0,2,2,14,10,13,15,46,1,0,5,4,35.6,1,857,857,857,252,756,357,360,84,1148,1482,1575,1635,178,1,1614,244,343,1,38:54
2022-23,1631254,Kenneth Lofton Jr.,Kenneth,1610612763,MEM,Memphis Grizzlies,0042200152,2023-04-19T00:00:00,MEM vs. LAL,W,0.3433333333333333,0,0,0,0,0,0,0,0,0,0,0,0,0.0,1,1,1,1,1715,756,687,645,1176,1,1,1,1,536,1,1,1103,1601,1,0:21
2022-23,1630559,Austin Reaves,Austin,1610612747,LAL,Los Angeles Lakers,0042200152,2023-04-19T00:00:00,LAL @ MEM,L,37.153333333333336,1,2,3,8,12,9,8,36,0,1,2,4,23.0,1,857,857,857,343,715,357,258,300,1304,1190,1046,1361,536,1165,787,244,705,1,37:09
2022-23,1628960,Grayson Allen,Grayson,1610612749,MIL,Milwaukee Bucks,0042200102,2023-04-19T00:00:00,MIL vs. MIA,W,31.085,6,3,0,2,11,5,6,30,0,0,0,4,18.9,1,1,1,1,603,64,228,645,859,1226,724,832,1116,536,1,1,244,848,1,31:05
2022-23,203506,Victor Oladipo,Victor,1610612748,MIA,Miami Heat,0042200102,2023-04-19T00:00:00,MIA @ MIL,L,26.3,2,0,3,2,16,6,11,22,0,0,2,2,20.5,1,857,857,857,806,426,687,258,859,1534,856,1355,794,536,1,787,515,793,1,26:18
2022-23,1630699,MarJon Beauchamp,MarJon,1610612749,MIL,Milwaukee Bucks,0042200102,2023-04-19T00:00:00,MIL vs. MIA,W,1.2666666666666666,0,0,0,0,0,3,0,0,0,0,0,0,0.0,1,1,1,1,1653,756,687,645,1176,1,492,1,1,536,1,1,1103,1601,1,1:16
2022-23,1628991,Jaren Jackson Jr.,Jaren,1610612763,MEM,Memphis Grizzlies,0042200152,2023-04-19T00:00:00,MEM vs. LAL,W,39.82333333333333,5,0,0,8,9,15,8,40,3,2,3,10,43.3,1,1,1,1,203,111,687,645,300,1047,1593,1046,1486,22,1559,1135,8,204,1,39:49
2022-23,1626157,Karl-Anthony Towns,Karl-Anthony,1610612750,MIN,Minnesota Timberwolves,0042200142,2023-04-19T00:00:00,MIN @ DEN,L,34.2,0,2,0,2,10,8,13,36,1,1,5,4,25.4,1,857,857,857,463,756,357,645,859,1148,1100,1477,1361,178,1165,1614,244,618,1,34:12
2022-23,203937,Kyle Anderson,Kyle,1610612750,MIN,Minnesota Timberwolves,0042200142,2023-04-19T00:00:00,MIN @ DEN,L,26.75,2,4,2,8,8,10,8,30,0,0,4,1,25.4,1,857,857,857,789,426,136,360,300,941,1282,1046,1116,536,1,1436,747,618,1,26:45
2022-23,1628389,Bam Adebayo,Bam,1610612748,MIA,Miami Heat,0042200102,2023-04-19T00:00:00,MIA @ MIL,L,24.9,0,2,0,16,12,13,10,32,0,1,1,1,25.5,1,857,857,857,867,756,357,645,45,1304,1482,1250,1205,536,1165,405,747,615,1,24:54
2022-23,203999,Nikola Jokić,Nikola,1610612743,DEN,Denver Nuggets,0042200142,2023-04-19T00:00:00,DEN vs. MIN,W,37.233333333333334,4,11,0,16,7,4,11,38,0,1,4,8,48.3,1,1,1,1,338,175,1,645,45,852,595,1355,1431,536,1165,1436,25,130,1,37:14
2022-23,1627736,Malik Beasley,Malik,1610612747,LAL,Los Angeles Lakers,0042200152,2023-04-19T00:00:00,LAL @ MEM,L,12.583333333333334,0,0,0,2,4,4,2,18,0,0,1,1,7.0,1,857,857,857,1280,756,687,645,859,516,595,341,648,536,1,405,747,1288,1,12:35
2022-23,1629130,Duncan Robinson,Duncan,1610612748,MIA,Miami Heat,0042200102,2023-04-19T00:00:00,MIA @ MIL,L,25.6,0,3,0,0,9,10,4,22,0,0,2,1,22.5,1,857,857,857,841,756,228,645,1176,1047,1282,616,794,536,1,787,747,721,1,25:36
2022-23,1630217,Desmond Bane,Desmond,1610612763,MEM,Memphis Grizzlies,0042200152,2023-04-19T00:00:00,MEM vs. LAL,W,35.09,2,0,2,8,9,13,5,34,0,2,4,2,18.3,1,1,1,1,437,426,687,360,300,1047,1482,745,1287,536,1559,1436,515,864,1,35:05
2022-23,1628972,Troy Brown Jr.,Troy,1610612747,LAL,Los Angeles Lakers,0042200152,2023-04-19T00:00:00,LAL @ MEM,L,11.433333333333334,0,0,0,0,6,4,4,18,0,0,0,0,7.2,1,857,857,857,1324,756,687,645,1176,726,595,616,648,536,1,1,1103,1282,1,11:26
2022-23,201145,Jeff Green,Jeff,1610612743,DEN,Denver Nuggets,0042200142,2023-04-19T00:00:00,DEN vs. MIN,W,26.116666666666667,0,0,2,8,6,4,7,22,1,0,3,3,15.0,1,1,1,1,812,756,687,360,300,726,595,938,794,178,1,1135,364,999,1,26:07
2022-23,203648,Thanasis Antetokounmpo,Thanasis,1610612749,MIL,Milwaukee Bucks,0042200102,2023-04-19T00:00:00,MIL vs. MIA,W,1.2666666666666666,0,0,0,0,0,3,0,0,0,0,0,0,0.0,1,1,1,1,1653,756,687,645,1176,1,492,1,1,536,1,1,1103,1601,1,1:16
2022-23,1631108,Max Christie,Max,1610612747,LAL,Los Angeles Lakers,0042200152,2023-04-19T00:00:00,LAL @ MEM,L,0.5133333333333333,0,0,0,0,0,0,0,0,0,0,0,0,0.0,1,857,857,857,1689,756,687,645,1176,1,1,1,1,536,1,1,1103,1601,1,0:31
2022-23,1629312,Haywood Highsmith,Haywood,1610612748,MIA,Miami Heat,0042200102,2023-04-19T00:00:00,MIA @ MIL,L,12.0,2,0,0,2,6,0,0,4,1,0,0,0,14.9,1,857,857,857,1299,426,687,645,859,726,1,1,183,178,1,1,1103,1006,1,12:00
2022-23,202710,Jimmy Butler III,Jimmy,1610612748,MIA,Miami Heat,0042200102,2023-04-19T00:00:00,MIA @ MIL,L,28.3,6,5,0,10,21,16,20,46,0,0,0,6,38.1,1,857,857,857,724,64,78,645,200,1686,1628,1699,1635,536,1,1,86,283,1,28:18
2022-23,1626192,Pat Connaughton,Pat,1610612749,MIL,Milwaukee Bucks,0042200102,2023-04-19T00:00:00,MIL vs. MIA,W,25.15,5,0,5,4,6,4,9,20,1,0,2,0,36.3,1,1,1,1,857,111,687,93,612,726,595,1158,729,178,1,787,1103,330,1,25:09
2022-23,1630162,Anthony Edwards,Anthony,1610612750,MIN,Minnesota Timberwolves,0042200142,2023-04-19T00:00:00,MIN @ DEN,L,41.71666666666667,2,0,7,10,10,13,15,46,3,0,4,6,63.4,1,857,857,857,109,426,687,32,200,1148,1482,1575,1635,22,1,1436,86,38,1,41:43
2022-23,203086,Meyers Leonard,Meyers,1610612749,MIL,Milwaukee Bucks,0042200102,2023-04-19T00:00:00,MIL vs. MIA,W,1.2666666666666666,0,0,0,0,0,3,0,0,0,0,0,0,0.0,1,1,1,1,1653,756,687,645,1176,1,492,1,1,536,1,1,1103,1601,1,1:16
2022-23,203109,Jae Crowder,Jae,1610612749,MIL,Milwaukee Bucks,0042200102,2023-04-19T00:00:00,MIL vs. MIA,W,15.411666666666667,0,0,0,0,6,3,3,14,0,0,3,0,8.1,1,1,1,1,1188,756,687,645,1176,726,492,525,515,536,1,1135,1103,1240,1,15:25
2022-23,1631128,Christian Braun,Christian,1610612743,DEN,Denver Nuggets,0042200142,2023-04-19T00:00:00,DEN vs. MIN,W,7.361666666666666,0,0,2,2,3,2,2,10,0,0,1,0,4.4,1,1,1,1,1435,756,687,360,859,423,277,341,389,536,1,405,1103,1392,1,7:22
2022-23,1629008,Michael Porter Jr.,Michael,1610612743,DEN,Denver Nuggets,0042200142,2023-04-19T00:00:00,DEN vs. MIN,W,28.666666666666668,2,2,0,2,5,2,11,20,0,0,4,3,26.2,1,1,1,1,709,426,357,645,859,628,277,1355,729,536,1,1436,364,586,1,28:40
2022-23,1626156,D'Angelo Russell,D'Angelo,1610612747,LAL,Los Angeles Lakers,0042200152,2023-04-19T00:00:00,LAL @ MEM,L,30.186666666666667,0,2,0,0,11,7,8,28,0,0,5,0,16.4,1,857,857,857,634,756,357,645,1176,1226,966,1046,1014,536,1,1614,1103,956,1,30:11
2022-23,203114,Khris Middleton,Khris,1610612749,MIL,Milwaukee Bucks,0042200102,2023-04-19T00:00:00,MIL vs. MIA,W,27.66,3,2,2,6,9,4,6,26,0,1,0,1,32.7,1,1,1,1,758,281,357,360,426,1047,595,832,941,536,1165,1,747,424,1,27:40
2022-23,1630533,Ziaire Williams,Ziaire,1610612763,MEM,Memphis Grizzlies,0042200152,2023-04-19T00:00:00,MEM vs. LAL,W,0.3433333333333333,0,0,0,0,0,0,0,0,0,0,0,0,0.0,1,1,1,1,1715,756,687,645,1176,1,1,1,1,536,1,1,1103,1601,1,0:21
2022-23,1629723,John Konchar,John,1610612763,MEM,Memphis Grizzlies,0042200152,2023-04-19T00:00:00,MEM vs. LAL,W,14.185,0,2,0,2,4,2,2,14,2,1,1,0,17.9,1,1,1,1,1228,756,357,645,859,516,277,341,515,61,1165,405,1103,887,1,14:11
2022-23,1629216,Gabe Vincent,Gabe,1610612748,MIA,Miami Heat,0042200102,2023-04-19T00:00:00,MIA @ MIL,L,21.0,3,0,0,4,12,13,13,30,0,1,0,1,19.5,1,857,857,857,1016,281,687,645,612,1304,1482,1477,1116,536,1165,1,747,832,1,21:00
2022-23,203469,Cody Zeller,Cody,1610612748,MIA,Miami Heat,0042200102,2023-04-19T00:00:00,MIA @ MIL,L,12.0,0,0,0,4,6,0,0,4,0,0,1,0,16.1,1,857,857,857,1299,756,687,645,612,726,1,1,183,536,1,405,1103,968,1,12:00
2022-23,201567,Kevin Love,Kevin,1610612748,MIA,Miami Heat,0042200102,2023-04-19T00:00:00,MIA @ MIL,L,11.1,0,0,0,0,12,3,10,16,1,0,0,2,14.1,1,857,857,857,1336,756,687,645,1176,1304,492,1250,580,178,1,1,515,1037,1,11:06
2022-23,1629060,Rui Hachimura,Rui,1610612747,LAL,Los Angeles Lakers,0042200152,2023-04-19T00:00:00,LAL @ MEM,L,32.00333333333333,0,0,3,8,13,7,4,32,0,0,1,3,32.0,1,857,857,857,562,756,687,258,300,1371,966,616,1205,536,1,405,364,442,1,32:00
2022-23,1628964,Mo Bamba,Mo,1610612747,LAL,Los Angeles Lakers,0042200152,2023-04-19T00:00:00,LAL @ MEM,L,0.5133333333333333,0,0,0,0,0,0,0,0,0,0,0,0,0.0,1,857,857,857,1689,756,687,645,1176,1,1,1,1,536,1,1,1103,1601,1,0:31
2022-23,1628379,Luke Kennard,Luke,1610612763,MEM,Memphis Grizzlies,0042200152,2023-04-19T00:00:00,MEM vs. LAL,W,24.378333333333334,4,0,0,2,5,2,8,30,0,1,0,1,24.7,1,1,1,1,887,175,687,645,859,628,277,1046,1116,536,1165,1,747,651,1,24:23
2022-23,1628378,Donovan Mitchell,Donovan,1610612739,CLE,Cleveland Cavaliers,0042200132,2023-04-18T00:00:00,CLE vs. NYK,W,38.916666666666664,2,0,5,4,22,11,12,30,1,1,4,2,45.9,1,1,1,1,249,426,687,93,612,1698,1346,1412,1116,178,1165,1436,515,168,1,38:55
2022-23,1629656,Quentin Grimes,Quentin,1610612752,NYK,New York Knicks,0042200132,2023-04-18T00:00:00,NYK @ CLE,L,21.916666666666668,2,0,2,0,12,6,10,20,0,0,1,2,17.6,1,857,857,857,979,426,687,360,1176,1304,856,1250,729,536,1,405,515,900,1,21:55
2022-23,201587,Nicolas Batum,Nicolas,1610612746,LAC,LA Clippers,0042200172,2023-04-18T00:00:00,LAC @ PHX,L,19.033333333333335,0,0,0,0,8,5,6,14,0,0,3,0,2.7,1,857,857,857,1083,756,687,645,1176,941,724,832,515,536,1,1135,1103,1478,1,19:02
2022-23,1628386,Jarrett Allen,Jarrett,1610612739,CLE,Cleveland Cavaliers,0042200132,2023-04-18T00:00:00,CLE vs. NYK,W,34.83,5,2,0,8,23,7,12,26,3,1,2,2,42.5,1,1,1,1,443,111,357,645,300,1708,966,1412,941,22,1165,787,515,215,1,34:50
2022-23,1628973,Jalen Brunson,Jalen,1610612752,NYK,New York Knicks,0042200132,2023-04-18T00:00:00,NYK @ CLE,L,36.295,4,0,4,6,24,13,16,30,0,0,1,8,45.0,1,857,857,857,381,175,687,145,426,1714,1482,1626,1116,536,1,405,25,183,1,36:18
2022-23,201142,Kevin Durant,Kevin,1610612756,PHX,Phoenix Suns,0042200172,2023-04-18T00:00:00,PHX vs. LAC,W,44.43,6,0,2,6,13,21,12,44,2,1,2,11,43.7,1,1,1,1,29,64,687,360,426,1371,1703,1412,1602,61,1165,787,2,200,1,44:26
2022-23,1630552,Jalen Johnson,Jalen,1610612737,ATL,Atlanta Hawks,0042200112,2023-04-18T00:00:00,ATL @ BOS,L,4.75,0,0,0,0,6,0,3,6,0,0,0,0,2.6,1,857,857,857,1489,756,687,645,1176,726,1,525,265,536,1,1,1103,1488,1,4:45
2022-23,201566,Russell Westbrook,Russell,1610612746,LAC,LA Clippers,0042200172,2023-04-18T00:00:00,LAC @ PHX,L,36.096666666666664,9,3,4,14,10,11,8,30,2,1,2,5,44.5,1,857,857,857,389,15,228,145,84,1148,1346,1046,1116,61,1165,787,138,189,1,36:06
2022-23,1629011,Mitchell Robinson,Mitchell,1610612752,NYK,New York Knicks,0042200132,2023-04-18T00:00:00,NYK @ CLE,L,21.25,0,0,0,2,14,7,8,14,4,1,3,1,18.0,1,857,857,857,1010,756,687,645,859,1433,966,1046,515,8,1165,1135,747,879,1,21:15
2022-23,1629636,Darius Garland,Darius,1610612739,CLE,Cleveland Cavaliers,0042200132,2023-04-18T00:00:00,CLE vs. NYK,W,36.35,10,3,8,4,16,11,8,26,0,0,2,7,42.1,1,1,1,1,377,6,228,20,612,1534,1346,1046,941,536,1,787,47,225,1,36:21
2022-23,1629028,Deandre Ayton,Deandre,1610612756,PHX,Phoenix Suns,0042200172,2023-04-18T00:00:00,PHX vs. LAC,W,31.596666666666668,2,2,0,6,11,8,8,28,0,0,5,2,28.6,1,1,1,1,578,426,357,645,426,1226,1100,1046,1014,536,1,1614,515,524,1,31:36
2022-23,1630527,Brandon Boston,Brandon,1610612746,LAC,LA Clippers,0042200172,2023-04-18T00:00:00,LAC @ PHX,L,0.97,0,0,0,0,2,2,0,2,0,0,0,0,-1.0,1,857,857,857,1666,756,687,645,1176,264,277,1,96,536,1,1,1103,1719,1,0:58
2022-23,1627814,Damion Lee,Damion,1610612756,PHX,Phoenix Suns,0042200172,2023-04-18T00:00:00,PHX vs. LAC,W,3.203333333333333,0,0,0,0,0,2,2,6,0,0,0,0,0.0,1,1,1,1,1582,756,687,645,1176,1,277,341,265,536,1,1,1103,1601,1,3:12
2022-23,201980,Danny Green,Danny,1610612739,CLE,Cleveland Cavaliers,0042200132,2023-04-18T00:00:00,CLE vs. NYK,W,19.803333333333335,3,0,3,0,13,8,8,18,0,0,3,0,12.8,1,1,1,1,1053,281,687,258,1176,1371,1100,1046,648,536,1,1135,1103,1089,1,19:48
2022-23,1626181,Norman Powell,Norman,1610612746,LAC,LA Clippers,0042200172,2023-04-18T00:00:00,LAC @ PHX,L,27.996666666666666,0,2,2,8,6,8,2,22,1,2,3,3,28.8,1,857,857,857,741,756,357,360,300,726,1100,341,794,178,1559,1135,364,521,1,27:60
2022-23,203991,Clint Capela,Clint,1610612737,ATL,Atlanta Hawks,0042200112,2023-04-18T00:00:00,ATL @ BOS,L,21.95,2,2,0,4,6,0,12,30,1,1,0,1,21.4,1,857,857,857,978,426,357,645,612,726,1,1412,1116,178,1165,1,747,756,1,21:57
2022-23,1629599,Amir Coffey,Amir,1610612746,LAC,LA Clippers,0042200172,2023-04-18T00:00:00,LAC @ PHX,L,0.97,0,0,0,0,2,2,0,2,0,0,0,0,0.0,1,857,857,857,1666,756,687,645,1176,264,277,1,96,536,1,1,1103,1601,1,0:58
2022-23,201143,Al Horford,Al,1610612738,BOS,Boston Celtics,0042200112,2023-04-18T00:00:00,BOS vs. ATL,W,32.03333333333333,2,0,0,2,11,9,7,24,3,0,0,0,29.3,1,1,1,1,559,426,687,645,859,1226,1190,938,858,22,1,1,1103,506,1,32:02
2022-23,1630554,Jason Preston,Jason,1610612746,LAC,LA Clippers,0042200172,2023-04-18T00:00:00,LAC @ PHX,L,0.97,0,0,0,0,2,2,0,2,0,0,0,0,0.0,1,857,857,857,1666,756,687,645,1176,264,277,1,96,536,1,1,1103,1601,1,0:58
2022-23,1628470,Torrey Craig,Torrey,1610612756,PHX,Phoenix Suns,0042200172,2023-04-18T00:00:00,PHX vs. LAC,W,31.63,0,3,0,2,11,13,8,28,0,0,2,0,29.6,1,1,1,1,576,756,228,645,859,1226,1482,1046,1014,536,1,787,1103,501,1,31:38
2022-23,1628404,Josh Hart,Josh,1610612752,NYK,New York Knicks,0042200132,2023-04-18T00:00:00,NYK @ CLE,L,26.783333333333335,0,0,2,2,30,11,15,28,0,1,2,1,11.8,1,857,857,857,784,756,687,360,859,1728,1346,1575,1014,536,1165,787,747,1126,1,26:47
2022-23,203526,Raul Neto,Raul,1610612739,CLE,Cleveland Cavaliers,0042200132,2023-04-18T00:00:00,CLE vs. NYK,W,3.216666666666667,0,0,0,0,7,0,4,4,0,0,2,0,0.0,1,1,1,1,1576,756,687,645,1176,852,1,616,183,536,1,787,1103,1601,1,3:13
2022-23,202695,Kawhi Leonard,Kawhi,1610612746,LAC,LA Clippers,0042200172,2023-04-18T00:00:00,LAC @ PHX,L,38.83,6,5,4,12,12,7,8,28,0,0,1,5,57.1,1,857,857,857,255,64,78,145,138,1304,966,1046,1014,536,1,405,138,67,1,38:50
2022-23,203944,Julius Randle,Julius,1610612752,NYK,New York Knicks,0042200132,2023-04-18T00:00:00,NYK @ CLE,L,33.013333333333335,10,7,2,10,27,16,16,30,0,4,2,3,30.1,1,857,857,857,514,6,24,360,200,1724,1628,1626,1116,536,1712,787,364,487,1,33:01
2022-23,1627749,Dejounte Murray,Dejounte,1610612737,ATL,Atlanta Hawks,0042200112,2023-04-18T00:00:00,ATL @ BOS,L,39.93333333333333,5,0,0,6,8,4,14,52,0,3,1,0,54.2,1,857,857,857,194,111,687,645,426,941,595,1527,1701,536,1678,405,1103,85,1,39:56
2022-23,1630193,Immanuel Quickley,Immanuel,1610612752,NYK,New York Knicks,0042200132,2023-04-18T00:00:00,NYK @ CLE,L,23.1,5,2,2,4,14,8,5,20,0,0,3,2,19.7,1,857,857,857,940,111,357,360,612,1433,1100,745,729,536,1,1135,515,822,1,23:06
2022-23,1630167,Obi Toppin,Obi,1610612752,NYK,New York Knicks,0042200132,2023-04-18T00:00:00,NYK @ CLE,L,14.986666666666666,0,0,0,2,5,1,2,12,1,0,1,0,13.5,1,857,857,857,1201,756,687,645,859,628,249,341,451,178,1,405,1103,1056,1,14:59
2022-23,1626164,Devin Booker,Devin,1610612756,PHX,Phoenix Suns,0042200172,2023-04-18T00:00:00,PHX vs. LAC,W,44.79666666666667,2,2,6,14,15,19,10,38,0,3,4,5,52.7,1,1,1,1,21,426,357,47,84,1488,1693,1250,1431,536,1678,1436,138,92,1,44:48
2022-23,1627747,Caris LeVert,Caris,1610612739,CLE,Cleveland Cavaliers,0042200132,2023-04-18T00:00:00,CLE vs. NYK,W,39.85,9,5,2,8,22,10,12,32,0,1,1,2,31.3,1,1,1,1,200,15,78,360,300,1698,1282,1412,1205,536,1165,405,515,463,1,39:51
2022-23,1629006,Josh Okogie,Josh,1610612756,PHX,Phoenix Suns,0042200172,2023-04-18T00:00:00,PHX vs. LAC,W,15.303333333333333,0,0,0,2,4,8,4,18,0,0,3,1,13.6,1,1,1,1,1192,756,687,645,859,516,1100,616,648,536,1,1135,747,1050,1,15:18
2022-23,203992,Bogdan Bogdanović,Bogdan,1610612737,ATL,Atlanta Hawks,0042200112,2023-04-18T00:00:00,ATL @ BOS,L,33.016666666666666,4,5,2,6,8,6,7,42,0,0,4,0,31.4,1,857,857,857,511,175,78,360,426,941,856,938,1538,536,1,1436,1103,461,1,33:01
2022-23,1630171,Isaac Okoro,Isaac,1610612739,CLE,Cleveland Cavaliers,0042200132,2023-04-18T00:00:00,CLE vs. NYK,W,2.75,0,0,0,0,2,0,0,0,0,0,2,1,-0.8,1,1,1,1,1598,756,687,645,1176,264,1,1,1,536,1,787,747,1717,1,2:45
2022-23,1630538,Bones Hyland,Bones,1610612746,LAC,LA Clippers,0042200172,2023-04-18T00:00:00,LAC @ PHX,L,14.103333333333333,0,0,2,4,4,10,2,12,1,0,2,2,10.4,1,857,857,857,1230,756,687,360,612,516,1282,341,451,178,1,787,515,1177,1,14:06
2022-23,1629611,Terance Mann,Terance,1610612746,LAC,LA Clippers,0042200172,2023-04-18T00:00:00,LAC @ PHX,L,25.616666666666667,0,3,0,2,8,10,2,22,0,0,4,1,10.4,1,857,857,857,840,756,228,645,859,941,1282,341,794,536,1,1436,747,1177,1,25:37
2022-23,1628369,Jayson Tatum,Jayson,1610612738,BOS,Boston Celtics,0042200112,2023-04-18T00:00:00,BOS vs. ATL,W,39.516666666666666,4,0,6,14,22,11,11,32,1,1,1,2,52.0,1,1,1,1,215,175,687,47,84,1698,1346,1355,1205,178,1165,405,515,99,1,39:31
2022-23,1630688,Ish Wainright,Ish,1610612756,PHX,Phoenix Suns,0042200172,2023-04-18T00:00:00,PHX vs. LAC,W,0.6866666666666666,0,0,0,0,0,0,0,0,0,0,0,0,0.0,1,1,1,1,1681,756,687,645,1176,1,1,1,1,536,1,1,1103,1601,1,0:41
2022-23,1628436,Luke Kornet,Luke,1610612738,BOS,Boston Celtics,0042200112,2023-04-18T00:00:00,BOS vs. ATL,W,0.8133333333333334,0,0,0,0,5,0,0,2,0,0,0,0,0.0,1,1,1,1,1680,756,687,645,1176,628,1,1,96,536,1,1,1103,1601,1,0:49
2022-23,203933,T.J. Warren,T.J.,1610612756,PHX,Phoenix Suns,0042200172,2023-04-18T00:00:00,PHX vs. LAC,W,2.15,0,0,0,0,2,0,0,0,0,0,1,0,0.0,1,1,1,1,1630,756,687,645,1176,264,1,1,1,536,1,405,1103,1601,1,2:09
2022-23,1630540,Miles McBride,Miles,1610612752,NYK,New York Knicks,0042200132,2023-04-18T00:00:00,NYK @ CLE,L,2.5416666666666665,0,0,0,0,0,0,0,4,0,0,0,0,0.0,1,857,857,857,1606,756,687,645,1176,1,1,1,183,536,1,1,1103,1601,1,2:33
2022-23,1630168,Onyeka Okongwu,Onyeka,1610612737,ATL,Atlanta Hawks,0042200112,2023-04-18T00:00:00,ATL @ BOS,L,23.783333333333335,0,2,0,8,8,6,5,34,2,0,1,0,26.3,1,857,857,857,904,756,357,645,300,941,856,745,1287,61,1,405,1103,583,1,23:47
2022-23,1629631,De'Andre Hunter,De'Andre,1610612737,ATL,Atlanta Hawks,0042200112,2023-04-18T00:00:00,ATL @ BOS,L,38.35,2,2,2,4,8,2,12,50,0,1,3,1,32.9,1,857,857,857,277,426,357,360,612,941,277,1412,1686,536,1165,1135,747,415,1,38:21
2022-23,1629628,RJ Barrett,RJ,1610612752,NYK,New York Knicks,0042200132,2023-04-18T00:00:00,NYK @ CLE,L,33.36333333333334,6,2,4,8,16,13,8,24,0,0,1,4,20.6,1,857,857,857,498,64,357,145,300,1534,1482,1046,858,536,1,405,244,789,1,33:22
2022-23,1626224,Cedi Osman,Cedi,1610612739,CLE,Cleveland Cavaliers,0042200132,2023-04-18T00:00:00,CLE vs. NYK,W,22.75,3,0,0,2,20,7,14,24,1,1,3,0,15.2,1,1,1,1,949,281,687,645,859,1671,966,1527,858,178,1165,1135,1103,991,1,22:45
2022-23,1630573,Sam Hauser,Sam,1610612738,BOS,Boston Celtics,0042200112,2023-04-18T00:00:00,BOS vs. ATL,W,14.83,0,0,0,0,2,4,2,16,0,0,1,0,6.6,1,1,1,1,1211,756,687,645,1176,264,595,341,580,536,1,405,1103,1300,1,14:50
2022-23,1629027,Trae Young,Trae,1610612737,ATL,Atlanta Hawks,0042200112,2023-04-18T00:00:00,ATL @ BOS,L,33.833333333333336,9,2,7,10,12,4,17,42,0,4,0,5,37.6,1,857,857,857,479,15,357,32,200,1304,595,1650,1538,536,1712,1,138,298,1,33:50
2022-23,1628381,John Collins,John,1610612737,ATL,Atlanta Hawks,0042200112,2023-04-18T00:00:00,ATL @ BOS,L,29.55,0,0,0,2,6,6,12,40,1,3,1,1,15.7,1,857,857,857,674,756,687,645,859,726,856,1412,1486,178,1678,405,747,976,1,29:33
2022-23,1627759,Jaylen Brown,Jaylen,1610612738,BOS,Boston Celtics,0042200112,2023-04-18T00:00:00,BOS vs. ATL,W,35.95,3,2,3,10,18,8,7,30,2,2,0,2,35.6,1,1,1,1,399,281,357,258,200,1612,1100,938,1116,61,1559,1,515,343,1,35:57
2022-23,1629013,Landry Shamet,Landry,1610612756,PHX,Phoenix Suns,0042200172,2023-04-18T00:00:00,PHX vs. LAC,W,13.996666666666666,0,0,0,0,2,5,2,16,0,0,0,0,6.0,1,1,1,1,1234,756,687,645,1176,264,724,341,580,536,1,1,1103,1332,1,13:60
2022-23,201569,Eric Gordon,Eric,1610612746,LAC,LA Clippers,0042200172,2023-04-18T00:00:00,LAC @ PHX,L,32.33,0,6,0,0,12,5,6,24,0,1,4,0,16.4,1,857,857,857,546,756,46,645,1176,1304,724,832,858,536,1165,1436,1103,956,1,32:20
2022-23,203935,Marcus Smart,Marcus,1610612738,BOS,Boston Celtics,0042200112,2023-04-18T00:00:00,BOS vs. ATL,W,32.15,3,0,2,8,18,7,9,28,0,0,1,2,37.0,1,1,1,1,551,281,687,360,300,1612,966,1158,1014,536,1,405,515,312,1,32:09
2022-23,1629057,Robert Williams III,Robert,1610612738,BOS,Boston Celtics,0042200112,2023-04-18T00:00:00,BOS vs. ATL,W,22.886666666666667,0,2,2,8,8,4,4,16,2,0,2,0,20.5,1,1,1,1,948,756,357,360,300,941,595,616,580,61,1,787,1103,793,1,22:53
2022-23,202687,Bismack Biyombo,Bismack,1610612756,PHX,Phoenix Suns,0042200172,2023-04-18T00:00:00,PHX vs. LAC,W,14.553333333333333,4,4,0,6,4,13,4,12,3,0,2,0,23.0,1,1,1,1,1216,175,136,645,426,516,1482,616,451,22,1,787,1103,705,1,14:33
2022-23,101108,Chris Paul,Chris,1610612756,PHX,Phoenix Suns,0042200172,2023-04-18T00:00:00,PHX vs. LAC,W,37.653333333333336,2,4,0,2,13,16,10,30,1,0,3,1,37.8,1,1,1,1,314,426,136,645,859,1371,1628,1250,1116,178,1,1135,747,289,1,37:39
2022-23,1627763,Malcolm Brogdon,Malcolm,1610612738,BOS,Boston Celtics,0042200112,2023-04-18T00:00:00,BOS vs. ATL,W,28.066666666666666,0,2,0,4,6,9,4,22,1,0,2,4,38.4,1,1,1,1,737,756,357,645,612,726,1190,616,794,178,1,787,244,280,1,28:04
2022-23,1630596,Evan Mobley,Evan,1610612739,CLE,Cleveland Cavaliers,0042200132,2023-04-18T00:00:00,CLE vs. NYK,W,39.166666666666664,0,7,0,12,18,11,10,30,2,1,3,4,38.6,1,1,1,1,232,756,24,645,138,1612,1346,1250,1116,61,1165,1135,244,275,1,39:10
2022-23,1630180,Saddiq Bey,Saddiq,1610612737,ATL,Atlanta Hawks,0042200112,2023-04-18T00:00:00,ATL @ BOS,L,14.833333333333334,0,0,0,0,8,2,3,24,0,0,1,0,1.2,1,857,857,857,1210,756,687,645,1176,941,277,525,858,536,1,405,1103,1542,1,14:50
2022-23,1627826,Ivica Zubac,Ivica,1610612746,LAC,LA Clippers,0042200172,2023-04-18T00:00:00,LAC @ PHX,L,29.483333333333334,0,2,0,4,12,7,6,24,0,2,1,5,18.2,1,857,857,857,679,756,357,645,612,1304,966,832,858,536,1559,405,138,868,1,29:29
2022-23,201577,Robin Lopez,Robin,1610612739,CLE,Cleveland Cavaliers,0042200132,2023-04-18T00:00:00,CLE vs. NYK,W,2.3666666666666667,0,0,0,4,2,0,0,0,0,0,0,0,4.0,1,1,1,1,1617,756,687,645,612,264,1,1,1,536,1,1,1103,1421,1,2:22
2022-23,203486,Mason Plumlee,Mason,1610612746,LAC,LA Clippers,0042200172,2023-04-18T00:00:00,LAC @ PHX,L,13.6,0,0,0,0,2,6,0,8,0,0,0,1,3.4,1,857,857,857,1248,756,687,645,1176,264,856,1,329,536,1,1,747,1440,1,13:36
2022-23,1628401,Derrick White,Derrick,1610612738,BOS,Boston Celtics,0042200112,2023-04-18T00:00:00,BOS vs. ATL,W,33.75333333333333,2,0,4,18,20,13,11,30,3,1,1,1,46.4,1,1,1,1,482,426,687,145,28,1671,1482,1355,1116,22,1165,405,747,157,1,33:45
2022-23,1628392,Isaiah Hartenstein,Isaiah,1610612752,NYK,New York Knicks,0042200132,2023-04-18T00:00:00,NYK @ CLE,L,26.75,2,2,0,4,18,10,10,28,0,1,4,1,20.9,1,857,857,857,789,426,357,645,612,1612,1282,1250,1014,536,1165,1436,747,774,1,26:45
2022-23,1629001,De'Anthony Melton,De'Anthony,1610612755,PHI,Philadelphia 76ers,0042200122,2023-04-17T00:00:00,PHI vs. BKN,W,21.283333333333335,0,0,3,2,12,0,2,10,2,0,3,2,19.4,1,1,1,1,1008,756,687,258,859,1304,1,341,389,61,1,1135,515,836,1,21:17
2022-23,1627827,Dorian Finney-Smith,Dorian,1610612751,BKN,Brooklyn Nets,0042200122,2023-04-17T00:00:00,BKN @ PHI,L,27.401666666666667,3,0,0,2,8,14,8,30,0,0,2,0,21.9,1,857,857,857,764,281,687,645,859,941,1544,1046,1116,536,1,787,1103,740,1,27:24
2022-23,203954,Joel Embiid,Joel,1610612755,PHI,Philadelphia 76ers,0042200122,2023-04-17T00:00:00,PHI vs. BKN,W,37.00333333333333,2,6,2,10,17,0,6,18,3,1,2,10,57.3,1,1,1,1,353,426,46,360,200,1579,1,832,648,22,1165,787,8,66,1,37:00
2022-23,203110,Draymond Green,Draymond,1610612744,GSW,Golden State Warriors,0042200162,2023-04-17T00:00:00,GSW @ SAC,L,31.3,2,0,2,4,19,12,15,30,0,1,5,4,18.3,1,857,857,857,590,426,687,360,612,1641,1417,1575,1116,536,1165,1614,244,864,1,31:18
2022-23,1630228,Jonathan Kuminga,Jonathan,1610612744,GSW,Golden State Warriors,0042200162,2023-04-17T00:00:00,GSW @ SAC,L,3.933333333333333,0,0,0,0,0,6,3,4,0,0,0,0,1.2,1,857,857,857,1523,756,687,645,1176,1,856,525,183,536,1,1,1103,1542,1,3:56
2022-23,1627863,Danuel House Jr.,Danuel,1610612755,PHI,Philadelphia 76ers,0042200122,2023-04-17T00:00:00,PHI vs. BKN,W,2.1633333333333336,0,0,0,0,0,0,2,2,0,0,0,0,1.2,1,1,1,1,1629,756,687,645,1176,1,1,341,96,536,1,1,1103,1542,1,2:10
2022-23,203552,Seth Curry,Seth,1610612751,BKN,Brooklyn Nets,0042200122,2023-04-17T00:00:00,BKN @ PHI,L,20.245,3,0,0,0,4,8,5,18,0,0,2,2,15.0,1,857,857,857,1041,281,687,645,1176,516,1100,745,648,536,1,787,515,999,1,20:15
2022-23,1629651,Nic Claxton,Nic,1610612751,BKN,Brooklyn Nets,0042200122,2023-04-17T00:00:00,BKN @ PHI,L,20.918333333333333,0,0,0,0,8,9,7,32,0,0,3,1,9.2,1,857,857,857,1018,756,687,645,1176,941,1190,938,1205,536,1,1135,747,1211,1,20:55
2022-23,200782,P.J. Tucker,P.J.,1610612755,PHI,Philadelphia 76ers,0042200122,2023-04-17T00:00:00,PHI vs. BKN,W,22.18,0,0,0,0,5,0,4,10,0,0,1,0,14.1,1,1,1,1,970,756,687,645,1176,628,1,616,389,536,1,405,1103,1037,1,22:11
2022-23,1628969,Mikal Bridges,Mikal,1610612751,BKN,Brooklyn Nets,0042200122,2023-04-17T00:00:00,BKN @ PHI,L,41.12,7,0,0,4,10,16,13,40,0,1,2,7,37.5,1,857,857,857,137,41,687,645,612,1148,1628,1477,1486,536,1165,787,47,299,1,41:07
2022-23,1631099,Keegan Murray,Keegan,1610612758,SAC,Sacramento Kings,0042200162,2023-04-17T00:00:00,SAC vs. GSW,W,16.316666666666666,0,2,0,0,6,2,2,12,0,0,2,1,9.1,1,1,1,1,1156,756,357,645,1176,726,277,341,451,536,1,787,747,1215,1,16:19
2022-23,1627734,Domantas Sabonis,Domantas,1610612758,SAC,Sacramento Kings,0042200162,2023-04-17T00:00:00,SAC vs. GSW,W,39.626666666666665,8,11,0,14,7,7,10,32,0,1,5,11,37.8,1,1,1,1,207,29,1,645,84,852,966,1250,1205,536,1165,1614,2,289,1,39:38
2022-23,202691,Klay Thompson,Klay,1610612744,GSW,Golden State Warriors,0042200162,2023-04-17T00:00:00,GSW @ SAC,L,37.7,0,4,3,2,19,18,15,44,0,1,2,2,32.5,1,857,857,857,310,756,136,258,859,1641,1672,1575,1602,536,1165,787,515,431,1,37:42
2022-23,201939,Stephen Curry,Stephen,1610612744,GSW,Golden State Warriors,0042200162,2023-04-17T00:00:00,GSW @ SAC,L,40.77166666666667,2,0,5,8,23,14,14,50,1,0,2,10,38.6,1,857,857,857,154,426,687,93,300,1708,1544,1527,1686,178,1,787,8,275,1,40:46
2022-23,1630558,Davion Mitchell,Davion,1610612758,SAC,Sacramento Kings,0042200162,2023-04-17T00:00:00,SAC vs. GSW,W,28.288333333333334,2,0,2,2,5,5,8,22,0,0,2,3,26.9,1,1,1,1,725,426,687,360,859,628,724,1046,794,536,1,787,364,565,1,28:17
2022-23,1630556,Kessler Edwards,Kessler,1610612758,SAC,Sacramento Kings,0042200162,2023-04-17T00:00:00,SAC vs. GSW,W,0.18666666666666668,0,0,0,0,0,0,0,0,0,0,0,0,0.0,1,1,1,1,1722,756,687,645,1176,1,1,1,1,536,1,1,1103,1601,1,0:11
2022-23,1626168,Trey Lyles,Trey,1610612758,SAC,Sacramento Kings,0042200162,2023-04-17T00:00:00,SAC vs. GSW,W,14.615,0,0,0,0,2,4,4,18,0,0,3,1,4.3,1,1,1,1,1215,756,687,645,1176,264,595,616,648,536,1,1135,747,1404,1,14:37
2022-23,1628370,Malik Monk,Malik,1610612758,SAC,Sacramento Kings,0042200162,2023-04-17T00:00:00,SAC vs. GSW,W,31.38,0,3,5,6,3,9,10,28,1,0,1,3,31.7,1,1,1,1,587,756,228,93,426,423,1190,1250,1014,178,1,405,364,453,1,31:23
2022-23,203210,JaMychal Green,JaMychal,1610612744,GSW,Golden State Warriors,0042200162,2023-04-17T00:00:00,GSW @ SAC,L,0.8333333333333334,0,0,0,0,0,1,0,0,0,0,1,0,0.0,1,857,857,857,1679,756,687,645,1176,1,249,1,1,536,1,405,1103,1601,1,0:50
2022-23,1627777,Georges Niang,Georges,1610612755,PHI,Philadelphia 76ers,0042200122,2023-04-17T00:00:00,PHI vs. BKN,W,12.853333333333333,0,0,0,0,9,0,0,6,0,0,3,0,-0.8,1,1,1,1,1270,756,687,645,1176,1047,1,1,265,536,1,1135,1103,1717,1,12:51
2022-23,201935,James Harden,James,1610612755,PHI,Philadelphia 76ers,0042200122,2023-04-17T00:00:00,PHI vs. BKN,W,38.483333333333334,3,3,0,2,17,0,4,18,0,0,2,1,31.5,1,1,1,1,271,281,228,645,859,1579,1,616,648,536,1,787,747,457,1,38:29
2022-23,1630194,Paul Reed,Paul,1610612755,PHI,Philadelphia 76ers,0042200122,2023-04-17T00:00:00,PHI vs. BKN,W,10.996666666666666,2,2,0,6,5,0,0,4,1,0,1,2,10.6,1,1,1,1,1338,426,357,645,426,628,1,1,183,178,1,405,515,1171,1,10:60
2022-23,1630178,Tyrese Maxey,Tyrese,1610612755,PHI,Philadelphia 76ers,0042200122,2023-04-17T00:00:00,PHI vs. BKN,W,40.22,1,5,4,14,20,0,6,20,1,0,2,2,39.6,1,1,1,1,177,715,78,145,84,1671,1,832,729,178,1,787,515,256,1,40:13
2022-23,1629673,Jordan Poole,Jordan,1610612744,GSW,Golden State Warriors,0042200162,2023-04-17T00:00:00,GSW @ SAC,L,15.5,0,0,0,2,6,8,5,16,0,1,2,3,11.1,1,857,857,857,1187,756,687,645,859,726,1100,745,580,536,1165,787,364,1153,1,15:30
2022-23,203084,Harrison Barnes,Harrison,1610612758,SAC,Sacramento Kings,0042200162,2023-04-17T00:00:00,SAC vs. GSW,W,33.971666666666664,7,0,4,10,7,7,8,24,0,0,1,5,30.7,1,1,1,1,473,41,687,145,200,852,966,1046,858,536,1,405,138,471,1,33:58
2022-23,1627780,Gary Payton II,Gary,1610612744,GSW,Golden State Warriors,0042200162,2023-04-17T00:00:00,GSW @ SAC,L,26.78,1,3,0,6,14,7,6,28,0,0,0,2,24.2,1,857,857,857,787,715,228,645,426,1433,966,832,1014,536,1,1,515,667,1,26:47
2022-23,1628368,De'Aaron Fox,De'Aaron,1610612758,SAC,Sacramento Kings,0042200162,2023-04-17T00:00:00,SAC vs. GSW,W,35.88333333333333,6,0,6,12,5,11,9,34,1,0,3,1,56.5,1,1,1,1,408,64,687,47,138,628,1346,1158,1287,178,1,1135,747,71,1,35:53
2022-23,202699,Tobias Harris,Tobias,1610612755,PHI,Philadelphia 76ers,0042200122,2023-04-17T00:00:00,PHI vs. BKN,W,32.78333333333333,4,2,4,12,15,0,4,14,0,0,4,2,40.4,1,1,1,1,526,175,357,145,138,1488,1,616,515,536,1,1436,515,243,1,32:47
2022-23,203915,Spencer Dinwiddie,Spencer,1610612751,BKN,Brooklyn Nets,0042200122,2023-04-17T00:00:00,BKN @ PHI,L,41.25,2,0,0,6,10,14,10,38,0,3,2,5,27.8,1,857,857,857,133,426,687,645,426,1148,1544,1250,1431,536,1678,787,138,544,1,41:15
2022-23,1630541,Moses Moody,Moses,1610612744,GSW,Golden State Warriors,0042200162,2023-04-17T00:00:00,GSW @ SAC,L,8.466666666666667,0,4,0,4,4,3,2,10,0,0,2,0,11.5,1,857,857,857,1406,756,136,645,612,516,492,341,389,536,1,787,1103,1133,1,8:28
2022-23,203458,Alex Len,Alex,1610612758,SAC,Sacramento Kings,0042200162,2023-04-17T00:00:00,SAC vs. GSW,W,8.268333333333333,0,0,0,4,2,4,2,8,1,0,3,0,6.2,1,1,1,1,1415,756,687,645,612,264,595,341,329,178,1,1135,1103,1317,1,8:16
2022-23,1628989,Kevin Huerter,Kevin,1610612758,SAC,Sacramento Kings,0042200162,2023-04-17T00:00:00,SAC vs. GSW,W,29.73,2,4,0,6,8,6,7,20,2,1,5,1,28.0,1,1,1,1,664,426,136,645,426,941,856,938,729,61,1165,1614,747,542,1,29:44
2022-23,203925,Joe Harris,Joe,1610612751,BKN,Brooklyn Nets,0042200122,2023-04-17T00:00:00,BKN @ PHI,L,12.785,0,0,0,0,2,0,0,6,0,0,1,0,6.2,1,857,857,857,1272,756,687,645,1176,264,1,1,265,536,1,405,1103,1317,1,12:47
2022-23,1629661,Cameron Johnson,Cameron,1610612751,BKN,Brooklyn Nets,0042200122,2023-04-17T00:00:00,BKN @ PHI,L,40.78,7,0,6,10,10,16,13,40,1,2,3,5,42.3,1,857,857,857,153,41,687,47,200,1148,1628,1477,1486,178,1559,1135,138,219,1,40:47
2022-23,1626220,Royce O'Neale,Royce,1610612751,BKN,Brooklyn Nets,0042200122,2023-04-17T00:00:00,BKN @ PHI,L,35.5,0,0,0,0,8,13,9,26,0,1,5,2,23.7,1,857,857,857,424,756,687,645,1176,941,1482,1158,941,536,1165,1614,515,675,1,35:30
2022-23,203952,Andrew Wiggins,Andrew,1610612744,GSW,Golden State Warriors,0042200162,2023-04-17T00:00:00,GSW @ SAC,L,39.11666666666667,2,0,2,8,21,16,14,42,0,1,5,4,29.0,1,857,857,857,237,426,687,360,300,1686,1628,1527,1538,536,1165,1614,244,514,1,39:07
2022-23,1629056,Terence Davis,Terence,1610612758,SAC,Sacramento Kings,0042200162,2023-04-17T00:00:00,SAC vs. GSW,W,1.7333333333333334,0,0,0,0,0,0,0,2,0,0,0,0,-1.0,1,1,1,1,1645,756,687,645,1176,1,1,1,96,536,1,1,1103,1719,1,1:44
2022-23,1629667,Jalen McDaniels,Jalen,1610612755,PHI,Philadelphia 76ers,0042200122,2023-04-17T00:00:00,PHI vs. BKN,W,22.033333333333335,0,0,0,0,10,0,2,8,0,0,4,1,7.4,1,1,1,1,977,756,687,645,1176,1148,1,341,329,536,1,1436,747,1270,1,22:02
2022-23,1626172,Kevon Looney,Kevon,1610612744,GSW,Golden State Warriors,0042200162,2023-04-17T00:00:00,GSW @ SAC,L,22.948333333333334,2,0,0,6,15,7,8,32,1,1,5,0,17.9,1,857,857,857,947,426,687,645,426,1488,966,1046,1205,178,1165,1614,1103,887,1,22:57
2022-23,1628978,Donte DiVincenzo,Donte,1610612744,GSW,Golden State Warriors,0042200162,2023-04-17T00:00:00,GSW @ SAC,L,12.65,0,0,0,0,4,8,3,14,0,0,2,0,1.9,1,857,857,857,1279,756,687,645,1176,516,1100,525,515,536,1,787,1103,1520,1,12:39
2022-23,1628972,Troy Brown Jr.,Troy,1610612747,LAL,Los Angeles Lakers,0042200151,2023-04-16T00:00:00,LAL @ MEM,W,16.866666666666667,3,0,0,0,6,0,6,24,0,0,1,1,8.1,1,1,1,1,1141,281,687,645,1176,726,1,832,858,536,1,405,747,1240,1,16:52
2022-23,1630192,Zeke Nnaji,Zeke,1610612743,DEN,Denver Nuggets,0042200141,2023-04-16T00:00:00,DEN vs. MIN,W,4.25,0,2,0,2,2,0,0,2,0,0,0,0,8.2,1,1,1,1,1510,756,357,645,859,264,1,1,96,536,1,1,1103,1237,1,4:15
2022-23,1629020,Jarred Vanderbilt,Jarred,1610612747,LAL,Los Angeles Lakers,0042200151,2023-04-16T00:00:00,LAL @ MEM,W,23.361666666666668,0,2,0,2,11,8,13,30,0,0,4,3,8.8,1,1,1,1,925,756,357,645,859,1226,1100,1477,1116,536,1,1436,364,1225,1,23:22
2022-23,201145,Jeff Green,Jeff,1610612743,DEN,Denver Nuggets,0042200141,2023-04-16T00:00:00,DEN vs. MIN,W,22.683333333333334,0,0,0,0,8,3,0,22,1,0,3,0,8.9,1,1,1,1,951,756,687,645,1176,941,492,1,794,178,1,1135,1103,1220,1,22:41
2022-23,1631108,Max Christie,Max,1610612747,LAL,Los Angeles Lakers,0042200151,2023-04-16T00:00:00,LAL @ MEM,W,0.5116666666666667,0,0,0,0,0,0,0,0,0,0,0,0,0.0,1,1,1,1,1694,756,687,645,1176,1,1,1,1,536,1,1,1103,1601,1,0:31
2022-23,1631169,Josh Minott,Josh,1610612750,MIN,Minnesota Timberwolves,0042200141,2023-04-16T00:00:00,MIN @ DEN,L,6.316666666666666,0,0,0,0,0,2,2,6,1,0,1,0,8.0,1,857,857,857,1448,756,687,645,1176,1,277,341,265,178,1,405,1103,1247,1,6:19
2022-23,1628991,Jaren Jackson Jr.,Jaren,1610612763,MEM,Memphis Grizzlies,0042200151,2023-04-16T00:00:00,MEM vs. LAL,L,37.126666666666665,4,2,0,22,16,17,21,50,2,4,3,6,51.0,1,857,857,857,345,175,357,645,12,1534,1663,1710,1686,61,1712,1135,86,108,1,37:08
2022-23,1629013,Landry Shamet,Landry,1610612756,PHX,Phoenix Suns,0042200171,2023-04-16T00:00:00,PHX vs. LAC,L,23.678333333333335,0,0,4,4,5,5,4,32,0,0,0,0,7.9,1,857,857,857,907,756,687,145,612,628,724,616,1205,536,1,1,1103,1255,1,23:41
2022-23,1628964,Mo Bamba,Mo,1610612747,LAL,Los Angeles Lakers,0042200151,2023-04-16T00:00:00,LAL @ MEM,W,0.5116666666666667,0,0,0,0,0,0,0,0,0,0,0,0,0.0,1,1,1,1,1694,756,687,645,1176,1,1,1,1,536,1,1,1103,1601,1,0:31
2022-23,1629639,Tyler Herro,Tyler,1610612748,MIA,Miami Heat,0042200101,2023-04-16T00:00:00,MIA @ MIL,W,19.466666666666665,2,0,0,4,10,9,0,18,1,0,1,0,19.4,1,1,1,1,1066,426,687,645,612,1148,1190,1,648,178,1,405,1103,836,1,19:28
2022-23,1631254,Kenneth Lofton Jr.,Kenneth,1610612763,MEM,Memphis Grizzlies,0042200151,2023-04-16T00:00:00,MEM vs. LAL,L,0.5116666666666667,0,0,0,0,0,0,0,0,0,0,0,0,0.0,1,857,857,857,1694,756,687,645,1176,1,1,1,1,536,1,1,1103,1601,1,0:31
2022-23,203076,Anthony Davis,Anthony,1610612747,LAL,Los Angeles Lakers,0042200151,2023-04-16T00:00:00,LAL @ MEM,W,36.538333333333334,4,4,8,16,7,10,11,36,7,1,1,3,67.9,1,1,1,1,368,175,136,20,45,852,1282,1355,1361,1,1165,405,364,21,1,36:32
2022-23,1626157,Karl-Anthony Towns,Karl-Anthony,1610612750,MIN,Minnesota Timberwolves,0042200141,2023-04-16T00:00:00,MIN @ DEN,L,29.566666666666666,4,0,0,8,8,5,12,24,0,0,2,5,22.0,1,857,857,857,672,175,687,645,300,941,724,1412,858,536,1,787,138,734,1,29:34
2022-23,1629117,Wenyen Gabriel,Wenyen,1610612747,LAL,Los Angeles Lakers,0042200151,2023-04-16T00:00:00,LAL @ MEM,W,0.5116666666666667,0,0,0,0,0,0,0,0,0,0,0,0,0.0,1,1,1,1,1694,756,687,645,1176,1,1,1,1,536,1,1,1103,1601,1,0:31
2022-23,201950,Jrue Holiday,Jrue,1610612749,MIL,Milwaukee Bucks,0042200101,2023-04-16T00:00:00,MIL vs. MIA,L,34.81666666666667,2,3,0,6,12,3,12,46,0,0,3,1,50.4,1,857,857,857,444,426,228,645,426,1304,492,1412,1635,536,1,1135,747,113,1,34:49
2022-23,203507,Giannis Antetokounmpo,Giannis,1610612749,MIL,Milwaukee Bucks,0042200101,2023-04-16T00:00:00,MIL vs. MIA,L,10.833333333333334,0,0,0,4,7,0,6,16,0,0,2,2,8.6,1,857,857,857,1343,756,687,645,612,852,1,832,580,536,1,787,515,1227,1,10:50
2022-23,200768,Kyle Lowry,Kyle,1610612748,MIA,Miami Heat,0042200101,2023-04-16T00:00:00,MIA @ MIL,W,18.5,2,0,0,2,9,3,2,18,0,0,2,1,9.7,1,1,1,1,1097,426,687,645,859,1047,492,341,648,536,1,787,747,1197,1,18:30
2022-23,2544,LeBron James,LeBron,1610612747,LAL,Los Angeles Lakers,0042200151,2023-04-16T00:00:00,LAL @ MEM,W,34.005,8,3,4,10,15,8,14,46,3,0,1,5,51.7,1,1,1,1,470,29,228,145,200,1488,1100,1527,1635,22,1,405,138,102,1,34:00
2022-23,1629723,John Konchar,John,1610612763,MEM,Memphis Grizzlies,0042200151,2023-04-16T00:00:00,MEM vs. LAL,L,0.5116666666666667,0,0,0,0,0,0,0,0,0,0,0,0,0.0,1,857,857,857,1694,756,687,645,1176,1,1,1,1,536,1,1,1103,1601,1,0:31
2022-23,1626145,Tyus Jones,Tyus,1610612763,MEM,Memphis Grizzlies,0042200151,2023-04-16T00:00:00,MEM vs. LAL,L,25.355,0,0,2,6,15,9,10,28,0,0,2,1,17.9,1,857,857,857,850,756,687,360,426,1488,1190,1250,1014,536,1,787,747,887,1,25:21
2022-23,1629111,Jock Landale,Jock,1610612756,PHX,Phoenix Suns,0042200171,2023-04-16T00:00:00,PHX vs. LAC,L,7.55,0,0,0,2,0,2,0,10,1,0,1,2,10.9,1,857,857,857,1429,756,687,645,859,1,277,1,389,178,1,405,515,1161,1,7:33
2022-23,1631128,Christian Braun,Christian,1610612743,DEN,Denver Nuggets,0042200141,2023-04-16T00:00:00,DEN vs. MIN,W,19.45,1,0,2,2,8,2,1,18,1,0,0,1,11.1,1,1,1,1,1067,715,687,360,859,941,277,319,648,178,1,1,747,1153,1,19:27
2022-23,1628415,Dillon Brooks,Dillon,1610612763,MEM,Memphis Grizzlies,0042200151,2023-04-16T00:00:00,MEM vs. LAL,L,28.871666666666666,2,0,4,6,11,12,17,38,0,0,3,2,21.8,1,857,857,857,700,426,687,145,426,1226,1417,1650,1431,536,1,1135,515,745,1,28:52
2022-23,1626171,Bobby Portis,Bobby,1610612749,MIL,Milwaukee Bucks,0042200101,2023-04-16T00:00:00,MIL vs. MIA,L,26.666666666666668,2,0,2,14,10,5,6,32,0,0,4,5,30.6,1,857,857,857,794,426,687,360,84,1148,724,832,1205,536,1,1436,138,474,1,26:40
2022-23,1629638,Nickeil Alexander-Walker,Nickeil,1610612750,MIN,Minnesota Timberwolves,0042200141,2023-04-16T00:00:00,MIN @ DEN,L,23.5,0,0,0,0,6,3,9,16,1,0,1,2,11.2,1,857,857,857,918,756,687,645,1176,726,492,1158,580,178,1,405,515,1147,1,23:30
2022-23,1628470,Torrey Craig,Torrey,1610612756,PHX,Phoenix Suns,0042200171,2023-04-16T00:00:00,PHX vs. LAC,L,26.905,9,2,8,12,0,9,8,24,0,0,5,2,30.3,1,857,857,857,781,15,357,20,138,1,1190,1046,858,536,1,1614,515,483,1,26:54
2022-23,1630533,Ziaire Williams,Ziaire,1610612763,MEM,Memphis Grizzlies,0042200151,2023-04-16T00:00:00,MEM vs. LAL,L,0.5116666666666667,0,0,0,0,0,0,0,0,0,0,0,0,-1.0,1,857,857,857,1694,756,687,645,1176,1,1,1,1,536,1,1,1103,1719,1,0:31
2022-23,1630214,Xavier Tillman,Xavier,1610612763,MEM,Memphis Grizzlies,0042200151,2023-04-16T00:00:00,MEM vs. LAL,L,21.861666666666668,0,0,0,2,11,7,12,20,0,3,2,0,13.1,1,857,857,857,984,756,687,645,859,1226,966,1412,729,536,1678,787,1103,1077,1,21:52
2022-23,1629028,Deandre Ayton,Deandre,1610612756,PHX,Phoenix Suns,0042200171,2023-04-16T00:00:00,PHX vs. LAC,L,33.138333333333335,0,0,2,16,3,9,11,32,1,2,4,1,29.6,1,857,857,857,504,756,687,360,45,423,1190,1355,1205,178,1559,1436,747,501,1,33:08
2022-23,1628379,Luke Kennard,Luke,1610612763,MEM,Memphis Grizzlies,0042200151,2023-04-16T00:00:00,MEM vs. LAL,L,25.7,0,2,0,2,11,13,11,24,0,0,1,1,12.9,1,857,857,857,832,756,357,645,859,1226,1482,1355,858,536,1,405,747,1082,1,25:42
2022-23,201567,Kevin Love,Kevin,1610612748,MIA,Miami Heat,0042200101,2023-04-16T00:00:00,MIA @ MIL,W,22.616666666666667,3,2,0,2,10,7,0,28,0,0,2,4,29.1,1,1,1,1,954,281,357,645,859,1148,966,1,1014,536,1,787,244,511,1,22:37
2022-23,204060,Joe Ingles,Joe,1610612749,MIL,Milwaukee Bucks,0042200101,2023-04-16T00:00:00,MIL vs. MIA,L,15.353333333333333,0,0,0,0,5,1,4,16,0,0,3,1,12.0,1,857,857,857,1190,756,687,645,1176,628,249,616,580,536,1,1135,747,1114,1,15:21
2022-23,1629022,Lonnie Walker IV,Lonnie,1610612747,LAL,Los Angeles Lakers,0042200151,2023-04-16T00:00:00,LAL @ MEM,W,0.5116666666666667,0,0,0,0,0,0,0,0,0,0,0,0,0.0,1,1,1,1,1694,756,687,645,1176,1,1,1,1,536,1,1,1103,1601,1,0:31
2022-23,202695,Kawhi Leonard,Kawhi,1610612746,LAC,LA Clippers,0042200171,2023-04-16T00:00:00,LAC @ PHX,W,41.55,0,3,3,12,15,7,18,44,1,0,4,7,54.5,1,1,1,1,121,756,228,258,138,1488,966,1673,1602,178,1,1436,47,82,1,41:33
2022-23,203471,Dennis Schröder,Dennis,1610612747,LAL,Los Angeles Lakers,0042200151,2023-04-16T00:00:00,LAL @ MEM,W,20.116666666666667,0,0,0,2,6,2,4,28,0,0,3,1,12.2,1,1,1,1,1046,756,687,645,859,726,277,616,1014,536,1,1135,747,1109,1,20:07
2022-23,1629630,Ja Morant,Ja,1610612763,MEM,Memphis Grizzlies,0042200151,2023-04-16T00:00:00,MEM vs. LAL,L,30.116666666666667,4,3,4,10,14,16,18,36,0,0,3,5,28.2,1,857,857,857,641,175,228,145,200,1433,1628,1673,1361,536,1,1135,138,538,1,30:07
2022-23,1631111,Wendell Moore Jr.,Wendell,1610612750,MIN,Minnesota Timberwolves,0042200141,2023-04-16T00:00:00,MIN @ DEN,L,2.066666666666667,0,0,0,0,0,2,0,2,0,0,0,0,-1.0,1,857,857,857,1634,756,687,645,1176,1,277,1,96,536,1,1,1103,1719,1,2:04
2022-23,1626181,Norman Powell,Norman,1610612746,LAC,LA Clippers,0042200171,2023-04-16T00:00:00,LAC @ PHX,W,23.211666666666666,1,3,0,4,0,5,9,16,0,2,0,2,20.0,1,1,1,1,934,715,228,645,612,1,724,1158,580,536,1559,1,515,816,1,23:13
2022-23,203497,Rudy Gobert,Rudy,1610612750,MIN,Minnesota Timberwolves,0042200141,2023-04-16T00:00:00,MIN @ DEN,L,25.716666666666665,0,2,0,6,15,8,9,26,2,0,3,4,28.6,1,857,857,857,831,756,357,645,426,1488,1100,1158,941,61,1,1135,244,524,1,25:43
2022-23,1627826,Ivica Zubac,Ivica,1610612746,LAC,LA Clippers,0042200171,2023-04-16T00:00:00,LAC @ PHX,W,29.69333333333333,0,4,0,10,15,4,16,38,0,1,3,3,27.0,1,1,1,1,666,756,136,645,200,1488,595,1626,1431,536,1165,1135,364,563,1,29:42
2022-23,1627736,Malik Beasley,Malik,1610612747,LAL,Los Angeles Lakers,0042200151,2023-04-16T00:00:00,LAL @ MEM,W,10.378333333333334,0,0,0,0,4,0,4,16,0,0,2,0,0.2,1,1,1,1,1351,756,687,645,1176,516,1,616,580,536,1,787,1103,1594,1,10:23
2022-23,1631223,David Roddy,David,1610612763,MEM,Memphis Grizzlies,0042200151,2023-04-16T00:00:00,MEM vs. LAL,L,8.528333333333334,0,0,0,0,2,3,4,6,0,0,0,0,2.7,1,857,857,857,1404,756,687,645,1176,264,492,616,265,536,1,1,1103,1478,1,8:32
2022-23,203484,Kentavious Caldwell-Pope,Kentavious,1610612743,DEN,Denver Nuggets,0042200141,2023-04-16T00:00:00,DEN vs. MIN,W,31.383333333333333,3,0,5,4,4,5,3,24,0,0,0,0,20.3,1,1,1,1,585,281,687,93,612,516,724,525,858,536,1,1,1103,801,1,31:23
2022-23,1628389,Bam Adebayo,Bam,1610612748,MIA,Miami Heat,0042200101,2023-04-16T00:00:00,MIA @ MIL,W,32.70333333333333,2,2,2,20,13,5,6,28,0,0,4,4,44.3,1,1,1,1,530,426,357,360,20,1371,724,832,1014,536,1,1436,244,193,1,32:42
2022-23,1627752,Taurean Prince,Taurean,1610612750,MIN,Minnesota Timberwolves,0042200141,2023-04-16T00:00:00,MIN @ DEN,L,21.283333333333335,0,0,0,0,9,7,4,28,0,0,1,0,3.0,1,857,857,857,1008,756,687,645,1176,1047,966,616,1014,536,1,405,1103,1455,1,21:17
2022-23,201144,Mike Conley,Mike,1610612750,MIN,Minnesota Timberwolves,0042200141,2023-04-16T00:00:00,MIN @ DEN,L,24.956666666666667,0,0,0,2,8,3,10,14,0,1,0,1,17.3,1,857,857,857,864,756,687,645,859,941,492,1250,515,536,1165,1,747,917,1,24:57
2022-23,203109,Jae Crowder,Jae,1610612749,MIL,Milwaukee Bucks,0042200101,2023-04-16T00:00:00,MIL vs. MIA,L,11.766666666666667,0,0,0,0,10,2,4,16,0,0,2,0,2.5,1,857,857,857,1312,756,687,645,1176,1148,277,616,580,536,1,787,1103,1491,1,11:46
2022-23,202083,Wesley Matthews,Wesley,1610612749,MIL,Milwaukee Bucks,0042200101,2023-04-16T00:00:00,MIL vs. MIA,L,17.608333333333334,3,0,0,0,9,3,6,24,1,0,2,1,17.1,1,857,857,857,1121,281,687,645,1176,1047,492,832,858,178,1,787,747,925,1,17:37
2022-23,203999,Nikola Jokić,Nikola,1610612743,DEN,Denver Nuggets,0042200141,2023-04-16T00:00:00,DEN vs. MIN,W,28.483333333333334,0,2,0,12,6,5,3,24,0,2,6,5,40.8,1,1,1,1,719,756,357,645,138,726,724,525,858,536,1559,1708,138,238,1,28:29
2022-23,201569,Eric Gordon,Eric,1610612746,LAC,LA Clippers,0042200171,2023-04-16T00:00:00,LAC @ PHX,W,32.5,0,0,5,6,15,4,16,40,0,1,3,2,23.2,1,1,1,1,538,756,687,93,426,1488,595,1626,1486,536,1165,1135,515,697,1,32:30
2022-23,202704,Reggie Jackson,Reggie,1610612743,DEN,Denver Nuggets,0042200141,2023-04-16T00:00:00,DEN vs. MIN,W,4.25,0,0,0,0,2,0,0,2,0,0,0,0,3.5,1,1,1,1,1510,756,687,645,1176,264,1,1,96,536,1,1,1103,1434,1,4:15
2022-23,203486,Mason Plumlee,Mason,1610612746,LAC,LA Clippers,0042200171,2023-04-16T00:00:00,LAC @ PHX,W,17.566666666666666,0,0,0,6,0,3,9,10,0,0,4,1,23.2,1,1,1,1,1124,756,687,645,426,1,492,1158,389,536,1,1436,747,697,1,17:34
2022-23,1629006,Josh Okogie,Josh,1610612756,PHX,Phoenix Suns,0042200171,2023-04-16T00:00:00,PHX vs. LAC,L,6.616666666666666,0,0,0,0,2,1,1,4,0,0,2,0,1.2,1,857,857,857,1443,756,687,645,1176,264,249,319,183,536,1,787,1103,1542,1,6:37
2022-23,101108,Chris Paul,Chris,1610612756,PHX,Phoenix Suns,0042200171,2023-04-16T00:00:00,PHX vs. LAC,L,38.68333333333333,2,0,0,0,3,9,11,36,0,0,4,1,40.2,1,857,857,857,263,426,687,645,1176,423,1190,1355,1361,536,1,1436,747,247,1,38:41
2022-23,201599,DeAndre Jordan,DeAndre,1610612743,DEN,Denver Nuggets,0042200141,2023-04-16T00:00:00,DEN vs. MIN,W,5.94,2,0,0,4,4,0,0,4,0,0,2,0,3.5,1,1,1,1,1455,426,687,645,612,516,1,1,183,536,1,787,1103,1434,1,5:56
2022-23,1629162,Jordan McLaughlin,Jordan,1610612750,MIN,Minnesota Timberwolves,0042200141,2023-04-16T00:00:00,MIN @ DEN,L,10.31,0,0,0,0,0,2,6,12,0,1,2,1,3.9,1,857,857,857,1356,756,687,645,1176,1,277,832,451,536,1165,787,747,1424,1,10:19
2022-23,1628960,Grayson Allen,Grayson,1610612749,MIL,Milwaukee Bucks,0042200101,2023-04-16T00:00:00,MIL vs. MIA,L,31.421666666666667,0,0,3,6,9,4,6,42,0,0,2,2,16.9,1,857,857,857,583,756,687,258,426,1047,595,832,1538,536,1,787,515,932,1,31:25
2022-23,201566,Russell Westbrook,Russell,1610612746,LAC,LA Clippers,0042200171,2023-04-16T00:00:00,LAC @ PHX,W,36.46666666666667,0,2,0,4,13,2,23,44,3,2,2,5,47.2,1,1,1,1,373,756,357,645,612,1371,277,1722,1602,22,1559,787,138,147,1,36:28
2022-23,202397,Ish Smith,Ish,1610612743,DEN,Denver Nuggets,0042200141,2023-04-16T00:00:00,DEN vs. MIN,W,4.25,0,0,0,0,2,0,0,2,0,0,1,0,1.2,1,1,1,1,1510,756,687,645,1176,264,1,1,96,536,1,405,1103,1542,1,4:15
2022-23,1629216,Gabe Vincent,Gabe,1610612748,MIA,Miami Heat,0042200101,2023-04-16T00:00:00,MIA @ MIL,W,33.43833333333333,2,1,2,0,14,7,6,32,0,0,4,2,24.4,1,1,1,1,497,426,660,360,1176,1433,966,832,1205,536,1,1436,515,662,1,33:26
2022-23,1630688,Ish Wainright,Ish,1610612756,PHX,Phoenix Suns,0042200171,2023-04-16T00:00:00,PHX vs. LAC,L,6.695,0,0,0,0,2,1,1,6,1,0,1,0,4.2,1,857,857,857,1441,756,687,645,1176,264,249,319,265,178,1,405,1103,1405,1,6:42
2022-23,1629130,Duncan Robinson,Duncan,1610612748,MIA,Miami Heat,0042200101,2023-04-16T00:00:00,MIA @ MIL,W,6.446666666666666,3,0,0,0,4,3,3,8,0,0,0,0,4.2,1,1,1,1,1446,281,687,645,1176,516,492,525,329,536,1,1,1103,1405,1,6:27
2022-23,203114,Khris Middleton,Khris,1610612749,MIL,Milwaukee Bucks,0042200101,2023-04-16T00:00:00,MIL vs. MIA,L,33.09166666666667,12,6,1,8,10,2,8,42,0,0,1,7,44.8,1,857,857,857,508,2,46,622,300,1148,277,1046,1538,536,1,405,47,186,1,33:06
2022-23,1629611,Terance Mann,Terance,1610612746,LAC,LA Clippers,0042200171,2023-04-16T00:00:00,LAC @ PHX,W,24.266666666666666,4,0,4,6,7,3,14,20,0,0,3,5,16.8,1,1,1,1,891,175,687,145,426,852,492,1527,729,536,1,1135,138,934,1,24:16
2022-23,1627750,Jamal Murray,Jamal,1610612743,DEN,Denver Nuggets,0042200141,2023-04-16T00:00:00,DEN vs. MIN,W,33.15,3,3,2,10,6,2,3,20,1,2,3,3,47.6,1,1,1,1,503,281,228,360,200,726,277,525,729,178,1559,1135,364,140,1,33:09
2022-23,201142,Kevin Durant,Kevin,1610612756,PHX,Phoenix Suns,0042200171,2023-04-16T00:00:00,PHX vs. LAC,L,44.528333333333336,0,3,4,2,3,11,11,46,2,1,4,8,62.3,1,857,857,857,26,756,228,145,859,423,1346,1355,1635,61,1165,1436,25,42,1,44:32
2022-23,1626164,Devin Booker,Devin,1610612756,PHX,Phoenix Suns,0042200171,2023-04-16T00:00:00,PHX vs. LAC,L,43.321666666666665,4,2,6,14,5,12,12,46,3,1,3,5,47.7,1,857,857,857,50,175,357,47,84,628,1417,1412,1635,22,1165,1135,138,138,1,43:19
2022-23,1630583,Santi Aldama,Santi,1610612763,MEM,Memphis Grizzlies,0042200151,2023-04-16T00:00:00,MEM vs. LAL,L,24.333333333333332,0,0,0,2,13,16,15,32,0,0,0,0,18.2,1,857,857,857,888,756,687,645,859,1371,1628,1575,1205,536,1,1,1103,868,1,24:20
2022-23,1630559,Austin Reaves,Austin,1610612747,LAL,Los Angeles Lakers,0042200151,2023-04-16T00:00:00,LAL @ MEM,W,30.621666666666666,2,2,5,10,9,10,11,32,1,1,1,2,38.6,1,1,1,1,619,426,357,93,200,1047,1282,1355,1205,178,1165,405,515,275,1,30:37
2022-23,1627885,Shaquille Harrison,Shaquille,1610612747,LAL,Los Angeles Lakers,0042200151,2023-04-16T00:00:00,LAL @ MEM,W,0.5116666666666667,0,0,0,0,0,0,0,0,0,0,0,0,0.0,1,1,1,1,1694,756,687,645,1176,1,1,1,1,536,1,1,1103,1601,1,0:31
2022-23,202710,Jimmy Butler III,Jimmy,1610612748,MIA,Miami Heat,0042200101,2023-04-16T00:00:00,MIA @ MIL,W,42.891666666666666,2,0,6,28,15,10,6,42,0,4,4,8,63.5,1,1,1,1,66,426,687,47,2,1488,1282,832,1538,536,1712,1436,25,37,1,42:54
2022-23,1628971,Bruce Brown,Bruce,1610612743,DEN,Denver Nuggets,0042200141,2023-04-16T00:00:00,DEN vs. MIN,W,25.333333333333332,2,0,2,6,10,3,0,24,1,0,1,2,21.1,1,1,1,1,852,426,687,360,426,1148,492,1,858,178,1,405,515,769,1,25:20
2022-23,1628997,Caleb Martin,Caleb,1610612748,MIA,Miami Heat,0042200101,2023-04-16T00:00:00,MIA @ MIL,W,25.67,3,0,4,4,7,5,1,22,0,0,4,3,16.6,1,1,1,1,834,281,687,145,612,852,724,319,794,536,1,1436,364,947,1,25:40
2022-23,203082,Terrence Ross,Terrence,1610612756,PHX,Phoenix Suns,0042200171,2023-04-16T00:00:00,PHX vs. LAC,L,4.233333333333333,0,0,0,0,0,0,0,2,0,0,0,0,1.2,1,857,857,857,1515,756,687,645,1176,1,1,1,96,536,1,1,1103,1542,1,4:14
2022-23,1629008,Michael Porter Jr.,Michael,1610612743,DEN,Denver Nuggets,0042200141,2023-04-16T00:00:00,DEN vs. MIN,W,31.183333333333334,0,2,3,6,4,5,3,22,0,1,1,1,37.2,1,1,1,1,596,756,357,258,426,516,724,525,794,536,1165,405,747,306,1,31:11
2022-23,203085,Austin Rivers,Austin,1610612750,MIN,Minnesota Timberwolves,0042200141,2023-04-16T00:00:00,MIN @ DEN,L,16.2,0,0,0,0,9,5,2,14,0,0,0,1,5.6,1,857,857,857,1165,756,687,645,1176,1047,724,341,515,536,1,1,747,1348,1,16:12
2022-23,1629060,Rui Hachimura,Rui,1610612747,LAL,Los Angeles Lakers,0042200151,2023-04-16T00:00:00,LAL @ MEM,W,29.788333333333334,2,9,6,10,8,4,9,32,0,0,2,2,36.7,1,1,1,1,660,426,11,47,200,941,595,1158,1205,536,1,787,515,320,1,29:47
2022-23,1630233,Nathan Knight,Nathan,1610612750,MIN,Minnesota Timberwolves,0042200141,2023-04-16T00:00:00,MIN @ DEN,L,4.55,2,0,0,2,0,0,2,4,0,0,0,0,2.2,1,857,857,857,1498,426,687,645,859,1,1,341,183,536,1,1,1103,1503,1,4:33
2022-23,1630217,Desmond Bane,Desmond,1610612763,MEM,Memphis Grizzlies,0042200151,2023-04-16T00:00:00,MEM vs. LAL,L,36.571666666666665,5,3,7,6,17,17,22,46,0,4,5,3,36.0,1,857,857,857,367,111,228,32,426,1579,1663,1717,1635,536,1712,1614,364,332,1,36:34
2022-23,1628975,Jevon Carter,Jevon,1610612749,MIL,Milwaukee Bucks,0042200101,2023-04-16T00:00:00,MIL vs. MIA,L,22.675,0,0,0,0,12,2,6,30,0,1,1,2,5.9,1,857,857,857,952,756,687,645,1176,1304,277,832,1116,536,1165,405,515,1337,1,22:41
2022-23,1629622,Max Strus,Max,1610612748,MIA,Miami Heat,0042200101,2023-04-16T00:00:00,MIA @ MIL,W,38.266666666666666,0,0,0,2,18,11,6,34,0,0,3,0,16.0,1,1,1,1,281,756,687,645,859,1612,1346,832,1287,536,1,1135,1103,970,1,38:16
2022-23,1628427,Vlatko Čančar,Vlatko,1610612743,DEN,Denver Nuggets,0042200141,2023-04-16T00:00:00,DEN vs. MIN,W,2.066666666666667,0,0,0,0,0,0,0,0,0,0,0,0,1.2,1,1,1,1,1634,756,687,645,1176,1,1,1,1,536,1,1,1103,1542,1,2:04
2022-23,1630162,Anthony Edwards,Anthony,1610612750,MIN,Minnesota Timberwolves,0042200141,2023-04-16T00:00:00,MIN @ DEN,L,27.683333333333334,4,0,3,8,8,7,9,34,1,1,4,4,35.9,1,857,857,857,756,175,687,258,300,941,966,1158,1287,178,1165,1436,244,337,1,27:41
2022-23,203932,Aaron Gordon,Aaron,1610612743,DEN,Denver Nuggets,0042200141,2023-04-16T00:00:00,DEN vs. MIN,W,23.326666666666668,6,3,2,2,2,0,2,14,0,1,3,3,22.5,1,1,1,1,927,64,228,360,859,264,1,341,515,536,1165,1135,364,721,1,23:20
2022-23,201587,Nicolas Batum,Nicolas,1610612746,LAC,LA Clippers,0042200171,2023-04-16T00:00:00,LAC @ PHX,W,21.361666666666668,0,0,0,0,10,4,13,30,0,0,1,0,6.2,1,1,1,1,1005,756,687,645,1176,1148,595,1477,1116,536,1,405,1103,1317,1,21:22
2022-23,201572,Brook Lopez,Brook,1610612749,MIL,Milwaukee Bucks,0042200101,2023-04-16T00:00:00,MIL vs. MIA,L,35.766666666666666,1,3,0,8,11,3,12,46,3,0,2,3,25.3,1,857,857,857,413,715,228,645,300,1226,492,1412,1635,22,1,787,364,624,1,35:46
2022-23,202687,Bismack Biyombo,Bismack,1610612756,PHX,Phoenix Suns,0042200171,2023-04-16T00:00:00,PHX vs. LAC,L,4.65,0,0,1,0,2,1,1,2,1,0,1,2,6.4,1,857,857,857,1497,756,687,622,1176,264,249,319,96,178,1,405,515,1307,1,4:39
2022-23,1626156,D'Angelo Russell,D'Angelo,1610612747,LAL,Los Angeles Lakers,0042200151,2023-04-16T00:00:00,LAL @ MEM,W,35.765,3,2,3,6,9,8,13,36,0,0,3,2,35.3,1,1,1,1,415,281,357,258,426,1047,1100,1477,1361,536,1,1135,515,350,1,35:46
2022-23,1629669,Jaylen Nowell,Jaylen,1610612750,MIN,Minnesota Timberwolves,0042200141,2023-04-16T00:00:00,MIN @ DEN,L,21.9,0,3,0,2,11,9,5,30,0,0,1,1,15.2,1,857,857,857,980,756,228,645,859,1226,1190,745,1116,536,1,405,747,991,1,21:54
2022-23,203937,Kyle Anderson,Kyle,1610612750,MIN,Minnesota Timberwolves,0042200141,2023-04-16T00:00:00,MIN @ DEN,L,25.95,2,0,0,8,11,7,10,30,1,1,1,1,25.7,1,857,857,857,823,426,687,645,300,1226,966,1250,1116,178,1165,405,747,604,1,25:57
2022-23,1630538,Bones Hyland,Bones,1610612746,LAC,LA Clippers,0042200171,2023-04-16T00:00:00,LAC @ PHX,W,13.383333333333333,0,0,0,0,0,3,7,8,0,3,1,0,7.2,1,1,1,1,1260,756,687,645,1176,1,492,938,329,536,1678,405,1103,1282,1,13:23
2022-23,1631212,Peyton Watson,Peyton,1610612743,DEN,Denver Nuggets,0042200141,2023-04-16T00:00:00,DEN vs. MIN,W,4.25,0,0,0,0,2,0,0,2,0,0,0,1,2.7,1,1,1,1,1510,756,687,645,1176,264,1,1,96,536,1,1,747,1478,1,4:15
2022-23,1627788,Furkan Korkmaz,Furkan,1610612755,PHI,Philadelphia 76ers,0042200121,2023-04-15T00:00:00,PHI vs. BKN,W,2.4,0,0,0,0,0,0,2,2,0,0,0,0,0.0,1,1,1,1,1612,756,687,645,1176,1,1,341,96,536,1,1,1103,1601,1,2:24
2022-23,1626149,Montrezl Harrell,Montrezl,1610612755,PHI,Philadelphia 76ers,0042200121,2023-04-15T00:00:00,PHI vs. BKN,W,2.0833333333333335,0,0,0,0,0,0,2,2,0,0,0,0,0.0,1,1,1,1,1633,756,687,645,1176,1,1,341,96,536,1,1,1103,1601,1,2:05
2022-23,1630549,Day'Ron Sharpe,Day'Ron,1610612751,BKN,Brooklyn Nets,0042200121,2023-04-15T00:00:00,BKN @ PHI,L,17.398333333333333,0,2,0,4,13,2,5,22,1,0,3,1,20.2,1,857,857,857,1130,756,357,645,612,1371,277,745,794,178,1,1135,747,807,1,17:24
2022-23,1630180,Saddiq Bey,Saddiq,1610612737,ATL,Atlanta Hawks,0042200111,2023-04-15T00:00:00,ATL @ BOS,L,23.85,0,1,0,2,7,13,2,34,0,0,0,2,20.3,1,857,857,857,903,756,660,645,859,852,1482,341,1287,536,1,1,515,801,1,23:51
2022-23,1629001,De'Anthony Melton,De'Anthony,1610612755,PHI,Philadelphia 76ers,0042200121,2023-04-15T00:00:00,PHI vs. BKN,W,22.27,3,0,0,0,6,0,5,16,0,1,1,1,20.1,1,1,1,1,964,281,687,645,1176,726,1,745,580,536,1165,405,747,812,1,22:16
2022-23,1628378,Donovan Mitchell,Donovan,1610612739,CLE,Cleveland Cavaliers,0042200131,2023-04-15T00:00:00,CLE vs. NYK,L,43.63333333333333,4,2,10,12,22,21,17,40,1,1,1,5,66.0,1,857,857,857,46,175,357,5,138,1698,1703,1650,1486,178,1165,405,138,30,1,43:38
2022-23,1629636,Darius Garland,Darius,1610612739,CLE,Cleveland Cavaliers,0042200131,2023-04-15T00:00:00,CLE vs. NYK,L,43.225,1,2,1,4,21,23,13,40,1,0,3,4,28.5,1,857,857,857,52,715,357,622,612,1686,1720,1477,1486,178,1,1135,244,531,1,43:14
2022-23,1630560,Cam Thomas,Cam,1610612751,BKN,Brooklyn Nets,0042200121,2023-04-15T00:00:00,BKN @ PHI,L,4.45,0,0,0,0,4,0,2,6,0,0,0,0,0.0,1,857,857,857,1503,756,687,645,1176,516,1,341,265,536,1,1,1103,1601,1,4:27
2022-23,1628370,Malik Monk,Malik,1610612758,SAC,Sacramento Kings,0042200161,2023-04-15T00:00:00,SAC vs. GSW,W,28.835,7,2,0,12,3,12,5,22,0,1,4,7,36.6,1,1,1,1,703,41,357,645,138,423,1417,745,794,536,1165,1436,47,322,1,28:50
2022-23,1630596,Evan Mobley,Evan,1610612739,CLE,Cleveland Cavaliers,0042200131,2023-04-15T00:00:00,CLE vs. NYK,L,37.705,2,2,2,6,19,17,11,30,0,0,1,2,25.2,1,857,857,857,308,426,357,360,426,1641,1663,1355,1116,536,1,405,515,627,1,37:42
2022-23,1628386,Jarrett Allen,Jarrett,1610612739,CLE,Cleveland Cavaliers,0042200131,2023-04-15T00:00:00,CLE vs. NYK,L,42.85,0,4,0,12,19,21,17,40,0,0,3,2,35.8,1,857,857,857,67,756,136,645,138,1641,1703,1650,1486,536,1,1135,515,339,1,42:51
2022-23,1627827,Dorian Finney-Smith,Dorian,1610612751,BKN,Brooklyn Nets,0042200121,2023-04-15T00:00:00,BKN @ PHI,L,17.633333333333333,0,0,0,0,3,8,5,10,0,1,1,0,6.2,1,857,857,857,1120,756,687,645,1176,423,1100,745,389,536,1165,405,1103,1317,1,17:38
2022-23,201939,Stephen Curry,Stephen,1610612744,GSW,Golden State Warriors,0042200161,2023-04-15T00:00:00,GSW @ SAC,L,37.431666666666665,0,3,0,6,13,16,12,50,0,0,3,3,35.2,1,857,857,857,329,756,228,645,426,1371,1628,1412,1686,536,1,1135,364,354,1,37:26
2022-23,1629656,Quentin Grimes,Quentin,1610612752,NYK,New York Knicks,0042200131,2023-04-15T00:00:00,NYK @ CLE,W,26.95,0,2,0,0,4,10,5,26,1,0,3,2,15.5,1,1,1,1,780,756,357,645,1176,516,1282,745,941,178,1,1135,515,984,1,26:57
2022-23,1630193,Immanuel Quickley,Immanuel,1610612752,NYK,New York Knicks,0042200131,2023-04-15T00:00:00,NYK @ CLE,W,23.606666666666666,0,0,2,0,4,4,6,12,0,0,0,3,6.6,1,1,1,1,914,756,687,360,1176,516,595,832,451,536,1,1,364,1300,1,23:36
2022-23,1631099,Keegan Murray,Keegan,1610612758,SAC,Sacramento Kings,0042200161,2023-04-15T00:00:00,SAC vs. GSW,W,15.833333333333334,0,2,0,2,0,5,6,22,0,1,2,0,6.8,1,1,1,1,1177,756,357,645,859,1,724,832,794,536,1165,787,1103,1298,1,15:50
2022-23,203952,Andrew Wiggins,Andrew,1610612744,GSW,Golden State Warriors,0042200161,2023-04-15T00:00:00,GSW @ SAC,L,28.2,4,6,0,8,9,15,8,30,4,1,3,3,34.1,1,857,857,857,729,175,46,645,300,1047,1593,1046,1116,8,1165,1135,364,380,1,28:12
2022-23,202699,Tobias Harris,Tobias,1610612755,PHI,Philadelphia 76ers,0042200121,2023-04-15T00:00:00,PHI vs. BKN,W,28.7,7,3,6,12,2,3,7,24,1,1,1,1,33.8,1,1,1,1,706,41,228,47,138,264,492,938,858,178,1165,405,747,388,1,28:42
2022-23,1630178,Tyrese Maxey,Tyrese,1610612755,PHI,Philadelphia 76ers,0042200121,2023-04-15T00:00:00,PHI vs. BKN,W,32.63333333333333,6,0,6,0,8,3,12,28,0,0,2,2,33.7,1,1,1,1,533,64,687,47,1176,941,492,1412,1014,536,1,787,515,390,1,32:38
2022-23,203084,Harrison Barnes,Harrison,1610612758,SAC,Sacramento Kings,0042200161,2023-04-15T00:00:00,SAC vs. GSW,W,36.40833333333333,2,2,4,8,4,12,6,36,0,0,0,1,33.4,1,1,1,1,375,426,357,145,300,516,1417,832,1361,536,1,1,747,396,1,36:25
2022-23,1627777,Georges Niang,Georges,1610612755,PHI,Philadelphia 76ers,0042200121,2023-04-15T00:00:00,PHI vs. BKN,W,19.831666666666667,3,3,0,2,9,0,10,16,0,0,3,0,8.0,1,1,1,1,1052,281,228,645,859,1047,1,1250,580,536,1,1135,1103,1247,1,19:50
2022-23,1628404,Josh Hart,Josh,1610612752,NYK,New York Knicks,0042200131,2023-04-15T00:00:00,NYK @ CLE,W,32.88333333333333,2,6,4,14,8,6,11,20,0,0,4,1,33.0,1,1,1,1,519,426,46,145,84,941,856,1355,729,536,1,1436,747,412,1,32:53
2022-23,1630167,Obi Toppin,Obi,1610612752,NYK,New York Knicks,0042200131,2023-04-15T00:00:00,NYK @ CLE,W,14.446666666666667,7,2,4,4,2,4,3,12,0,0,0,1,14.3,1,1,1,1,1221,41,357,145,612,264,595,525,451,536,1,1,747,1029,1,14:27
2022-23,1629027,Trae Young,Trae,1610612737,ATL,Atlanta Hawks,0042200111,2023-04-15T00:00:00,ATL @ BOS,L,34.75,4,2,2,8,9,14,4,40,0,1,1,5,32.6,1,857,857,857,447,175,357,360,300,1047,1544,616,1486,536,1165,405,138,428,1,34:45
2022-23,1630168,Onyeka Okongwu,Onyeka,1610612737,ATL,Atlanta Hawks,0042200111,2023-04-15T00:00:00,ATL @ BOS,L,19.116666666666667,0,2,0,0,4,9,2,28,0,0,3,2,9.0,1,857,857,857,1080,756,357,645,1176,516,1190,341,1014,536,1,1135,515,1216,1,19:07
2022-23,1630558,Davion Mitchell,Davion,1610612758,SAC,Sacramento Kings,0042200161,2023-04-15T00:00:00,SAC vs. GSW,W,21.798333333333332,0,0,0,0,2,7,2,18,1,1,3,0,14.2,1,1,1,1,988,756,687,645,1176,264,966,341,648,178,1165,1135,1103,1033,1,21:48
2022-23,200782,P.J. Tucker,P.J.,1610612755,PHI,Philadelphia 76ers,0042200121,2023-04-15T00:00:00,PHI vs. BKN,W,24.996666666666666,0,0,0,0,2,3,5,20,0,0,0,2,32.4,1,1,1,1,862,756,687,645,1176,264,492,745,729,536,1,1,515,434,1,24:60
2022-23,1627763,Malcolm Brogdon,Malcolm,1610612738,BOS,Boston Celtics,0042200111,2023-04-15T00:00:00,BOS vs. ATL,W,21.438333333333333,0,0,0,2,4,8,6,24,0,0,2,4,14.0,1,1,1,1,1001,756,687,645,859,516,1100,832,858,536,1,787,244,1041,1,21:26
2022-23,1628392,Isaiah Hartenstein,Isaiah,1610612752,NYK,New York Knicks,0042200131,2023-04-15T00:00:00,NYK @ CLE,W,21.89666666666667,2,2,0,2,3,4,3,14,0,0,3,2,14.0,1,1,1,1,982,426,357,645,859,423,595,525,515,536,1,1135,515,1041,1,21:54
2022-23,201143,Al Horford,Al,1610612738,BOS,Boston Celtics,0042200111,2023-04-15T00:00:00,BOS vs. ATL,W,38.086666666666666,0,0,0,0,17,7,15,42,2,0,2,1,26.8,1,1,1,1,292,756,687,645,1176,1579,966,1575,1538,61,1,787,747,568,1,38:05
2022-23,1629628,RJ Barrett,RJ,1610612752,NYK,New York Knicks,0042200131,2023-04-15T00:00:00,NYK @ CLE,W,31.066666666666666,3,0,0,2,8,8,14,34,0,2,1,1,31.8,1,1,1,1,604,281,687,645,859,941,1100,1527,1287,536,1559,405,747,450,1,31:04
2022-23,1630228,Jonathan Kuminga,Jonathan,1610612744,GSW,Golden State Warriors,0042200161,2023-04-15T00:00:00,GSW @ SAC,L,9.75,1,3,0,6,3,0,0,8,0,0,2,2,10.5,1,857,857,857,1368,715,228,645,426,423,1,1,329,536,1,787,515,1173,1,9:45
2022-23,203552,Seth Curry,Seth,1610612751,BKN,Brooklyn Nets,0042200121,2023-04-15T00:00:00,BKN @ PHI,L,16.316666666666666,3,0,3,2,17,7,3,20,0,0,0,1,10.5,1,857,857,857,1156,281,687,258,859,1579,966,525,729,536,1,1,747,1173,1,16:19
2022-23,203992,Bogdan Bogdanović,Bogdan,1610612737,ATL,Atlanta Hawks,0042200111,2023-04-15T00:00:00,ATL @ BOS,L,27.666666666666668,3,3,3,2,7,6,2,28,2,0,2,1,30.8,1,857,857,857,757,281,228,258,859,852,856,341,1014,61,1,787,747,469,1,27:40
2022-23,203458,Alex Len,Alex,1610612758,SAC,Sacramento Kings,0042200161,2023-04-15T00:00:00,SAC vs. GSW,W,12.908333333333333,0,0,0,4,1,8,3,10,1,0,3,1,13.4,1,1,1,1,1268,756,687,645,612,250,1100,525,389,178,1,1135,747,1064,1,12:55
2022-23,1629651,Nic Claxton,Nic,1610612751,BKN,Brooklyn Nets,0042200121,2023-04-15T00:00:00,BKN @ PHI,L,30.185,0,1,2,2,18,19,7,18,3,0,2,2,27.5,1,857,857,857,635,756,660,360,859,1612,1693,938,648,22,1,787,515,553,1,30:11
2022-23,203915,Spencer Dinwiddie,Spencer,1610612751,BKN,Brooklyn Nets,0042200121,2023-04-15T00:00:00,BKN @ PHI,L,36.38,0,0,0,8,27,21,10,30,0,0,1,5,30.1,1,857,857,857,376,756,687,645,300,1724,1703,1250,1116,536,1,405,138,487,1,36:23
2022-23,1626172,Kevon Looney,Kevon,1610612744,GSW,Golden State Warriors,0042200161,2023-04-15T00:00:00,GSW @ SAC,L,32.208333333333336,0,0,0,4,9,18,8,42,1,0,5,3,27.8,1,857,857,857,549,756,687,645,612,1047,1672,1046,1538,178,1,1614,364,544,1,32:13
2022-23,1626224,Cedi Osman,Cedi,1610612739,CLE,Cleveland Cavaliers,0042200131,2023-04-15T00:00:00,CLE vs. NYK,L,18.75,3,0,2,2,5,13,4,16,0,0,3,1,12.2,1,857,857,857,1092,281,687,360,859,628,1482,616,580,536,1,1135,747,1109,1,18:45
2022-23,1629057,Robert Williams III,Robert,1610612738,BOS,Boston Celtics,0042200111,2023-04-15T00:00:00,BOS vs. ATL,W,21.666666666666668,4,6,2,12,11,5,9,28,1,0,2,0,28.6,1,1,1,1,993,175,46,360,138,1226,724,1158,1014,178,1,787,1103,524,1,21:40
2022-23,1629667,Jalen McDaniels,Jalen,1610612755,PHI,Philadelphia 76ers,0042200121,2023-04-15T00:00:00,PHI vs. BKN,W,16.9,3,0,0,2,9,0,8,12,0,0,1,0,12.8,1,1,1,1,1139,281,687,645,859,1047,1,1046,451,536,1,405,1103,1089,1,16:54
2022-23,1630171,Isaac Okoro,Isaac,1610612739,CLE,Cleveland Cavaliers,0042200131,2023-04-15T00:00:00,CLE vs. NYK,L,22.675,0,2,0,2,12,6,13,20,0,0,3,4,12.6,1,857,857,857,952,756,357,645,859,1304,856,1477,729,536,1,1135,244,1099,1,22:41
2022-23,1629673,Jordan Poole,Jordan,1610612744,GSW,Golden State Warriors,0042200161,2023-04-15T00:00:00,GSW @ SAC,L,21.731666666666666,0,0,5,2,7,7,4,22,1,0,1,5,24.7,1,857,857,857,991,756,687,93,859,852,966,616,794,178,1,405,138,651,1,21:44
2022-23,203110,Draymond Green,Draymond,1610612744,GSW,Golden State Warriors,0042200161,2023-04-15T00:00:00,GSW @ SAC,L,33.445,0,0,0,2,13,9,10,44,1,1,3,2,37.3,1,857,857,857,496,756,687,645,859,1371,1190,1250,1602,178,1165,1135,515,305,1,33:27
2022-23,1627780,Gary Payton II,Gary,1610612744,GSW,Golden State Warriors,0042200161,2023-04-15T00:00:00,GSW @ SAC,L,20.373333333333335,0,2,2,8,5,15,4,26,0,1,3,0,19.8,1,857,857,857,1037,756,357,360,300,628,1593,616,941,536,1165,1135,1103,821,1,20:22
2022-23,1629011,Mitchell Robinson,Mitchell,1610612752,NYK,New York Knicks,0042200131,2023-04-15T00:00:00,NYK @ CLE,W,26.10333333333333,0,4,2,6,7,8,12,26,0,0,2,2,21.6,1,1,1,1,813,756,136,360,426,852,1100,1412,941,536,1,787,515,750,1,26:06
2022-23,1628368,De'Aaron Fox,De'Aaron,1610612758,SAC,Sacramento Kings,0042200161,2023-04-15T00:00:00,SAC vs. GSW,W,40.416666666666664,5,6,4,14,3,15,7,34,0,2,3,10,52.7,1,1,1,1,171,111,46,145,84,423,1593,938,1287,536,1559,1135,8,92,1,40:25
2022-23,1629631,De'Andre Hunter,De'Andre,1610612737,ATL,Atlanta Hawks,0042200111,2023-04-15T00:00:00,ATL @ BOS,L,29.616666666666667,2,0,2,2,5,8,2,32,0,1,4,2,19.6,1,857,857,857,667,426,687,360,859,628,1100,341,1205,536,1165,1436,515,830,1,29:37
2022-23,1630531,Jaden Springer,Jaden,1610612755,PHI,Philadelphia 76ers,0042200121,2023-04-15T00:00:00,PHI vs. BKN,W,2.4,0,0,0,0,0,0,2,2,0,0,0,0,0.0,1,1,1,1,1612,756,687,645,1176,1,1,341,96,536,1,1,1103,1601,1,2:24
2022-23,1627749,Dejounte Murray,Dejounte,1610612737,ATL,Atlanta Hawks,0042200111,2023-04-15T00:00:00,ATL @ BOS,L,35.93333333333333,4,2,4,16,8,12,2,40,0,2,1,2,50.6,1,857,857,857,401,175,357,145,45,941,1417,341,1486,536,1559,405,515,110,1,35:56
2022-23,1630561,David Duke Jr.,David,1610612751,BKN,Brooklyn Nets,0042200121,2023-04-15T00:00:00,BKN @ PHI,L,4.716666666666667,0,0,2,2,4,0,2,6,0,0,1,1,1.0,1,857,857,857,1491,756,687,360,859,516,1,341,265,536,1,405,747,1583,1,4:43
2022-23,1630573,Sam Hauser,Sam,1610612738,BOS,Boston Celtics,0042200111,2023-04-15T00:00:00,BOS vs. ATL,W,11.015,0,0,0,0,2,3,2,12,0,0,2,0,1.2,1,1,1,1,1337,756,687,645,1176,264,492,341,451,536,1,787,1103,1542,1,11:01
2022-23,1628978,Donte DiVincenzo,Donte,1610612744,GSW,Golden State Warriors,0042200161,2023-04-15T00:00:00,GSW @ SAC,L,19.8,0,3,0,2,7,6,4,30,0,0,3,5,18.6,1,857,857,857,1054,756,228,645,859,852,856,616,1116,536,1,1135,138,856,1,19:48
2022-23,1627863,Danuel House Jr.,Danuel,1610612755,PHI,Philadelphia 76ers,0042200121,2023-04-15T00:00:00,PHI vs. BKN,W,2.535,0,0,0,0,0,0,2,2,0,0,0,0,1.2,1,1,1,1,1607,756,687,645,1176,1,1,341,96,536,1,1,1103,1542,1,2:32
2022-23,1628410,Edmond Sumner,Edmond,1610612751,BKN,Brooklyn Nets,0042200121,2023-04-15T00:00:00,BKN @ PHI,L,4.45,0,0,0,0,4,0,2,6,0,0,0,1,1.5,1,857,857,857,1503,756,687,645,1176,516,1,341,265,536,1,1,747,1524,1,4:27
2022-23,1628989,Kevin Huerter,Kevin,1610612758,SAC,Sacramento Kings,0042200161,2023-04-15T00:00:00,SAC vs. GSW,W,30.966666666666665,2,0,2,6,3,9,7,30,1,0,2,2,18.0,1,1,1,1,607,426,687,360,426,423,1190,938,1116,178,1,787,515,879,1,30:58
2022-23,201935,James Harden,James,1610612755,PHI,Philadelphia 76ers,0042200121,2023-04-15T00:00:00,PHI vs. BKN,W,36.083333333333336,0,5,0,2,8,1,13,26,0,3,3,1,46.3,1,1,1,1,391,756,78,645,859,941,249,1477,941,536,1678,1135,747,158,1,36:05
2022-23,1628381,John Collins,John,1610612737,ATL,Atlanta Hawks,0042200111,2023-04-15T00:00:00,ATL @ BOS,L,29.133333333333333,2,2,0,8,8,7,2,26,2,1,3,1,23.3,1,857,857,857,693,426,357,645,300,941,966,341,941,61,1165,1135,747,691,1,29:08
2022-23,1626220,Royce O'Neale,Royce,1610612751,BKN,Brooklyn Nets,0042200121,2023-04-15T00:00:00,BKN @ PHI,L,27.935,0,0,4,4,24,13,5,24,0,0,3,0,17.6,1,857,857,857,743,756,687,145,612,1714,1482,745,858,536,1,1135,1103,900,1,27:56
2022-23,1627759,Jaylen Brown,Jaylen,1610612738,BOS,Boston Celtics,0042200111,2023-04-15T00:00:00,BOS vs. ATL,W,37.016666666666666,5,7,2,18,14,10,14,38,0,1,3,3,44.9,1,1,1,1,351,111,24,360,28,1433,1282,1527,1431,536,1165,1135,364,184,1,37:01
2022-23,1628401,Derrick White,Derrick,1610612738,BOS,Boston Celtics,0042200111,2023-04-15T00:00:00,BOS vs. ATL,W,38.51,0,0,0,4,17,11,11,42,2,1,1,3,44.5,1,1,1,1,270,756,687,645,612,1579,1346,1355,1538,61,1165,405,364,189,1,38:31
2022-23,203954,Joel Embiid,Joel,1610612755,PHI,Philadelphia 76ers,0042200121,2023-04-15T00:00:00,PHI vs. BKN,W,33.03333333333333,4,8,0,10,6,1,12,26,2,0,3,7,43.5,1,1,1,1,510,175,13,645,200,726,249,1412,941,61,1,1135,47,202,1,33:02
2022-23,203935,Marcus Smart,Marcus,1610612738,BOS,Boston Celtics,0042200111,2023-04-15T00:00:00,BOS vs. ATL,W,32.3,0,3,0,4,13,7,13,38,2,1,1,4,42.9,1,1,1,1,547,756,228,645,612,1371,966,1477,1431,61,1165,405,244,207,1,32:18
2022-23,1629661,Cameron Johnson,Cameron,1610612751,BKN,Brooklyn Nets,0042200121,2023-04-15T00:00:00,BKN @ PHI,L,27.368333333333332,3,0,0,6,10,14,7,14,0,1,3,1,23.8,1,857,857,857,766,281,687,645,426,1148,1544,938,515,536,1165,1135,747,672,1,27:22
2022-23,1629139,Yuta Watanabe,Yuta,1610612751,BKN,Brooklyn Nets,0042200121,2023-04-15T00:00:00,BKN @ PHI,L,4.716666666666667,0,0,0,0,4,0,2,6,0,0,0,1,3.2,1,857,857,857,1491,756,687,645,1176,516,1,341,265,536,1,1,747,1444,1,4:43
2022-23,1629731,Dean Wade,Dean,1610612739,CLE,Cleveland Cavaliers,0042200131,2023-04-15T00:00:00,CLE vs. NYK,L,7.45,0,0,0,0,9,4,2,8,0,0,0,1,3.2,1,857,857,857,1431,756,687,645,1176,1047,595,341,329,536,1,1,747,1444,1,7:27
2022-23,201937,Ricky Rubio,Ricky,1610612739,CLE,Cleveland Cavaliers,0042200131,2023-04-15T00:00:00,CLE vs. NYK,L,5.516666666666667,0,0,0,0,9,2,2,6,0,0,2,0,3.4,1,857,857,857,1467,756,687,645,1176,1047,277,341,265,536,1,787,1103,1440,1,5:31
2022-23,203925,Joe Harris,Joe,1610612751,BKN,Brooklyn Nets,0042200121,2023-04-15T00:00:00,BKN @ PHI,L,14.016666666666667,0,0,0,0,8,5,0,14,0,0,1,0,3.4,1,857,857,857,1232,756,687,645,1176,941,724,1,515,536,1,405,1103,1440,1,14:01
2022-23,1628369,Jayson Tatum,Jayson,1610612738,BOS,Boston Celtics,0042200111,2023-04-15T00:00:00,BOS vs. ATL,W,39.96666666666667,3,0,0,14,17,9,15,46,0,1,2,2,39.2,1,1,1,1,191,281,687,645,84,1579,1190,1575,1635,536,1165,787,515,262,1,39:58
2022-23,1627734,Domantas Sabonis,Domantas,1610612758,SAC,Sacramento Kings,0042200161,2023-04-15T00:00:00,SAC vs. GSW,W,34.86833333333333,0,2,2,10,4,9,6,34,0,2,3,4,39.2,1,1,1,1,440,756,357,360,200,516,1190,832,1287,536,1559,1135,244,262,1,34:52
2022-23,1630552,Jalen Johnson,Jalen,1610612737,ATL,Atlanta Hawks,0042200111,2023-04-15T00:00:00,ATL @ BOS,L,13.4,2,0,2,4,4,4,2,16,0,1,3,0,16.7,1,857,857,857,1259,426,687,360,612,516,595,341,580,536,1165,1135,1103,943,1,13:24
2022-23,203944,Julius Randle,Julius,1610612752,NYK,New York Knicks,0042200131,2023-04-15T00:00:00,NYK @ CLE,W,33.553333333333335,10,2,5,4,8,8,12,28,0,0,4,2,38.0,1,1,1,1,494,6,357,93,612,941,1100,1412,1014,536,1,1436,515,284,1,33:33
2022-23,203991,Clint Capela,Clint,1610612737,ATL,Atlanta Hawks,0042200111,2023-04-15T00:00:00,ATL @ BOS,L,26.533333333333335,2,0,4,12,8,7,2,26,0,1,0,0,24.6,1,857,857,857,798,426,687,145,138,941,966,341,941,536,1165,1,1103,658,1,26:32
2022-23,1627747,Caris LeVert,Caris,1610612739,CLE,Cleveland Cavaliers,0042200131,2023-04-15T00:00:00,CLE vs. NYK,L,18.195,0,0,0,2,14,8,6,20,0,0,1,1,4.7,1,857,857,857,1105,756,687,645,859,1433,1100,832,729,536,1,405,747,1379,1,18:12
2022-23,202691,Klay Thompson,Klay,1610612744,GSW,Golden State Warriors,0042200161,2023-04-15T00:00:00,GSW @ SAC,L,37.06,0,0,2,6,14,19,10,48,0,0,2,0,37.7,1,857,857,857,348,756,687,360,426,1433,1693,1250,1668,536,1,787,1103,294,1,37:04
2022-23,1628969,Mikal Bridges,Mikal,1610612751,BKN,Brooklyn Nets,0042200121,2023-04-15T00:00:00,BKN @ PHI,L,34.43333333333333,5,0,6,10,19,16,10,24,1,1,0,4,37.5,1,857,857,857,457,111,687,47,200,1641,1628,1250,858,178,1165,1,244,299,1,34:26
2022-23,1626168,Trey Lyles,Trey,1610612758,SAC,Sacramento Kings,0042200161,2023-04-15T00:00:00,SAC vs. GSW,W,17.965,0,7,0,4,5,8,3,14,0,0,3,0,24.7,1,1,1,1,1112,756,24,645,612,628,1100,525,515,536,1,1135,1103,651,1,17:58
2022-23,1629003,Shake Milton,Shake,1610612755,PHI,Philadelphia 76ers,0042200121,2023-04-15T00:00:00,PHI vs. BKN,W,3.25,0,0,0,2,0,2,2,4,0,0,0,0,5.0,1,1,1,1,1575,756,687,645,859,1,277,341,183,536,1,1,1103,1371,1,3:15
2022-23,1628973,Jalen Brunson,Jalen,1610612752,NYK,New York Knicks,0042200131,2023-04-15T00:00:00,NYK @ CLE,W,29.493333333333332,2,5,0,12,6,8,9,28,0,0,3,3,37.4,1,1,1,1,678,426,78,645,138,726,1100,1158,1014,536,1,1135,364,302,1,29:30
2022-23,1630194,Paul Reed,Paul,1610612755,PHI,Philadelphia 76ers,0042200121,2023-04-15T00:00:00,PHI vs. BKN,W,12.883333333333333,5,2,0,10,5,2,3,10,0,0,3,1,20.8,1,1,1,1,1269,111,357,645,200,628,277,525,389,536,1,1135,747,781,1,12:53
