SEASON_YEAR,PLAYER_ID,PLAYER_NAME,NICKNAME,TEAM_ID,TEAM_ABBREVIATION,TEAM_NAME,GAME_ID,GAME_DATE,MATCHUP,WL,MIN,PTS_OFF_TOV,PTS_2ND_CHANCE,PTS_FB,PTS_PAINT,OPP_PTS_OFF_TOV,OPP_PTS_2ND_CHANCE,OPP_PTS_FB,OPP_PTS_PAINT,BLK,BLKA,PF,PFD,NBA_FANTASY_PTS,GP_RANK,W_RANK,L_RANK,W_PCT_RANK,MIN_RANK,PTS_OFF_TOV_RANK,PTS_2ND_CHANCE_RANK,PTS_FB_RANK,PTS_PAINT_RANK,OPP_PTS_OFF_TOV_RANK,OPP_PTS_2ND_CHANCE_RANK,OPP_PTS_FB_RANK,OPP_PTS_PAINT_RANK,BLK_RANK,BLKA_RANK,PF_RANK,PFD_RANK,NBA_FANTASY_PTS_RANK,AVAILABLE_FLAG,MIN_SEC
2022-23,1628971,Bruce Brown,Bruce,1610612743,DEN,Denver Nuggets,0042200405,2023-06-12T00:00:00,DEN vs. MIA,W,28.15,5.1,5.1,5.1,10.2,7.7,17.9,10.2,40.9,0.0,3.8,1.3,2.6,26.5,1,1,1,1,732,224,189,182,367,607,1510,1031,430,536,1703,538,693,972,1,28:09
2022-23,1628997,Caleb Martin,Caleb,1610612748,MIA,Miami Heat,0042200405,2023-06-12T00:00:00,MIA @ DEN,L,32.02166666666667,2.2,2.2,4.5,9.0,11.2,11.2,11.2,36.0,1.1,1.1,4.5,2.2,24.2,1,857,857,857,560,595,526,227,450,936,1069,1105,726,385,1365,1326,760,1083,1,32:01
2022-23,201145,Jeff Green,Jeff,1610612743,DEN,Denver Nuggets,0042200405,2023-06-12T00:00:00,DEN vs. MIA,W,4.733333333333333,0.0,0.0,15.2,30.4,0.0,0.0,30.4,106.5,0.0,0.0,15.2,0.0,41.8,1,1,1,1,1490,756,687,9,10,1,1,1689,3,536,1,1707,1103,341,1,4:44
2022-23,1629622,Max Strus,Max,1610612748,MIA,Miami Heat,0042200405,2023-06-12T00:00:00,MIA @ DEN,L,31.6,0.0,3.4,2.3,9.1,4.6,6.8,9.1,41.0,1.1,0.0,3.4,2.3,28.6,1,857,857,857,577,756,354,500,443,365,642,922,426,379,1,1113,753,866,1,31:36
2022-23,203469,Cody Zeller,Cody,1610612748,MIA,Miami Heat,0042200405,2023-06-12T00:00:00,MIA @ DEN,L,1.0166666666666666,0.0,0.0,0.0,0.0,0.0,0.0,0.0,70.8,0.0,0.0,0.0,0.0,42.5,1,857,857,857,1664,756,687,645,1176,1,1,1,14,536,1,1,1103,319,1,1:01
2022-23,203932,Aaron Gordon,Aaron,1610612743,DEN,Denver Nuggets,0042200405,2023-06-12T00:00:00,DEN vs. MIA,W,28.663333333333334,0.0,0.0,0.0,2.5,5.0,12.6,5.0,15.1,1.3,0.0,5.0,5.0,27.5,1,1,1,1,712,756,687,645,1099,406,1193,513,1607,343,1,1422,278,920,1,28:40
2022-23,1628389,Bam Adebayo,Bam,1610612748,MIA,Miami Heat,0042200405,2023-06-12T00:00:00,MIA @ DEN,L,44.13333333333333,1.6,1.6,1.6,14.7,9.8,9.8,13.9,44.0,0.0,0.8,1.6,2.4,30.9,1,857,857,857,33,719,657,622,153,800,925,1325,320,536,1177,599,717,776,1,44:08
2022-23,203999,Nikola Jokić,Nikola,1610612743,DEN,Denver Nuggets,0042200405,2023-06-12T00:00:00,DEN vs. MIA,W,42.3,1.7,1.7,0.0,18.7,6.8,14.5,8.5,30.6,0.9,0.0,2.6,6.0,44.4,1,1,1,1,81,707,644,645,57,523,1352,858,1075,508,1,855,180,281,1,42:18
2022-23,200768,Kyle Lowry,Kyle,1610612748,MIA,Miami Heat,0042200405,2023-06-12T00:00:00,MIA @ DEN,L,34.333333333333336,0.0,3.1,0.0,0.0,12.6,10.5,12.6,39.8,1.0,1.0,5.2,1.0,38.6,1,857,857,857,459,756,391,645,1176,1055,995,1231,481,407,1328,1445,1057,457,1,34:20
2022-23,1627750,Jamal Murray,Jamal,1610612743,DEN,Denver Nuggets,0042200405,2023-06-12T00:00:00,DEN vs. MIA,W,41.25,0.0,0.0,2.6,3.5,8.7,14.0,7.0,27.9,0.0,0.9,1.7,0.9,28.5,1,1,1,1,133,756,687,447,998,686,1310,679,1246,536,1213,638,1095,877,1,41:15
2022-23,1629216,Gabe Vincent,Gabe,1610612748,MIA,Miami Heat,0042200405,2023-06-12T00:00:00,MIA @ DEN,L,21.703333333333333,0.0,3.3,0.0,3.3,6.6,13.3,23.2,56.4,0.0,3.3,3.3,0.0,22.4,1,857,857,857,992,756,373,645,1018,513,1259,1638,74,536,1682,1090,1103,1153,1,21:42
2022-23,1629008,Michael Porter Jr.,Michael,1610612743,DEN,Denver Nuggets,0042200405,2023-06-12T00:00:00,DEN vs. MIA,W,33.60333333333333,2.1,2.1,5.4,12.9,6.4,12.9,10.7,38.6,0.0,1.1,0.0,2.1,37.6,1,1,1,1,491,611,544,169,223,493,1224,1066,566,536,1342,1,784,481,1,33:36
2022-23,1631128,Christian Braun,Christian,1610612743,DEN,Denver Nuggets,0042200405,2023-06-12T00:00:00,DEN vs. MIA,W,24.283333333333335,3.0,5.9,4.4,5.9,8.9,20.8,5.9,38.5,1.5,3.0,0.0,5.9,22.4,1,1,1,1,890,471,147,230,726,711,1595,580,567,301,1666,1,183,1155,1,24:17
2022-23,1629130,Duncan Robinson,Duncan,1610612748,MIA,Miami Heat,0042200405,2023-06-12T00:00:00,MIA @ DEN,L,16.811666666666667,4.3,10.7,0.0,4.3,17.1,12.8,23.6,51.4,4.3,0.0,2.1,0.0,36.6,1,857,857,857,1143,309,31,645,906,1401,1223,1642,115,49,1,755,1103,518,1,16:49
2022-23,201567,Kevin Love,Kevin,1610612748,MIA,Miami Heat,0042200405,2023-06-12T00:00:00,MIA @ DEN,L,14.166666666666666,0.0,0.0,0.0,0.0,0.0,5.1,22.9,66.1,5.1,0.0,2.5,0.0,36.6,1,857,857,857,1229,756,687,645,1176,1,463,1634,23,30,1,852,1103,520,1,14:10
2022-23,1629312,Haywood Highsmith,Haywood,1610612748,MIA,Miami Heat,0042200405,2023-06-12T00:00:00,MIA @ DEN,L,2.9,0.0,0.0,0.0,0.0,24.8,0.0,24.8,49.7,0.0,0.0,12.4,0.0,14.9,1,857,857,857,1589,756,687,645,1176,1628,1,1656,139,536,1,1691,1103,1425,1,2:54
2022-23,201599,DeAndre Jordan,DeAndre,1610612743,DEN,Denver Nuggets,0042200405,2023-06-12T00:00:00,DEN vs. MIA,W,3.0166666666666666,0.0,0.0,0.0,0.0,23.9,23.9,23.9,47.7,11.9,0.0,0.0,0.0,35.8,1,1,1,1,1585,756,687,645,1176,1614,1649,1645,185,3,1,1,1103,552,1,3:01
2022-23,203484,Kentavious Caldwell-Pope,Kentavious,1610612743,DEN,Denver Nuggets,0042200405,2023-06-12T00:00:00,DEN vs. MIA,W,34.0,2.1,0.0,2.1,4.2,8.5,10.6,10.6,29.6,3.2,0.0,1.1,1.1,34.7,1,1,1,1,471,618,687,526,913,658,1001,1054,1132,85,1,486,1054,596,1,34:00
2022-23,202710,Jimmy Butler III,Jimmy,1610612748,MIA,Miami Heat,0042200405,2023-06-12T00:00:00,MIA @ DEN,L,41.31333333333333,3.5,1.7,3.5,5.2,7.0,5.2,10.5,43.6,0.0,1.7,1.7,4.4,34.9,1,857,857,857,130,404,633,334,805,541,476,1046,329,536,1526,636,375,587,1,41:19
2022-23,203469,Cody Zeller,Cody,1610612748,MIA,Miami Heat,0042200404,2023-06-09T00:00:00,MIA vs. DEN,L,4.35,0.0,0.0,0.0,0.0,0.0,0.0,0.0,16.6,8.3,0.0,8.3,0.0,47.2,1,857,857,857,1505,756,687,645,1176,1,1,1,1594,12,1,1630,1103,212,1,4:21
2022-23,203484,Kentavious Caldwell-Pope,Kentavious,1610612743,DEN,Denver Nuggets,0042200404,2023-06-09T00:00:00,DEN @ MIA,W,36.016666666666666,1.0,0.0,3.0,0.0,2.0,6.0,12.0,34.0,2.0,0.0,2.0,1.0,29.8,1,1,1,1,394,742,687,405,1176,257,551,1167,858,193,1,722,1066,818,1,36:01
2022-23,1631128,Christian Braun,Christian,1610612743,DEN,Denver Nuggets,0042200404,2023-06-09T00:00:00,DEN @ MIA,W,14.75,0.0,0.0,0.0,0.0,19.5,7.3,22.0,43.9,2.4,0.0,2.4,2.4,20.0,1,1,1,1,1213,756,687,645,1176,1518,689,1620,322,151,1,821,719,1259,1,14:45
2022-23,1628389,Bam Adebayo,Bam,1610612748,MIA,Miami Heat,0042200404,2023-06-09T00:00:00,MIA vs. DEN,L,43.65,3.3,1.6,3.3,11.5,14.0,4.9,9.9,37.9,0.8,1.6,0.8,4.1,27.8,1,857,857,857,45,429,652,365,298,1171,450,1000,596,522,1501,411,418,902,1,43:39
2022-23,1629008,Michael Porter Jr.,Michael,1610612743,DEN,Denver Nuggets,0042200404,2023-06-09T00:00:00,DEN @ MIA,W,22.6,6.4,0.0,6.4,12.7,0.0,3.2,8.0,38.2,0.0,0.0,4.8,4.8,23.3,1,1,1,1,956,138,687,103,231,1,310,792,580,536,1,1377,316,1121,1,22:36
2022-23,203932,Aaron Gordon,Aaron,1610612743,DEN,Denver Nuggets,0042200404,2023-06-09T00:00:00,DEN @ MIA,W,41.7,0.9,1.7,0.9,13.8,6.9,5.2,7.8,32.8,0.0,0.0,3.5,2.6,39.2,1,1,1,1,110,751,637,643,183,534,471,772,928,536,1,1123,686,432,1,41:42
2022-23,203999,Nikola Jokić,Nikola,1610612743,DEN,Denver Nuggets,0042200404,2023-06-09T00:00:00,DEN @ MIA,W,37.13666666666666,1.9,3.9,0.0,9.7,1.9,6.8,13.6,36.8,2.9,0.0,4.8,3.9,56.6,1,1,1,1,344,644,296,645,406,255,639,1308,667,108,1,1390,448,70,1,37:08
2022-23,1629216,Gabe Vincent,Gabe,1610612748,MIA,Miami Heat,0042200404,2023-06-09T00:00:00,MIA vs. DEN,L,18.65,0.0,0.0,0.0,3.9,11.6,0.0,1.9,46.3,0.0,1.9,5.8,0.0,2.9,1,857,857,857,1094,756,687,645,945,963,1,334,230,536,1565,1507,1103,1593,1,18:39
2022-23,1629312,Haywood Highsmith,Haywood,1610612748,MIA,Miami Heat,0042200404,2023-06-09T00:00:00,MIA vs. DEN,L,0.056666666666666664,0.0,0.0,0.0,0.0,0.0,0.0,0.0,0.0,0.0,0.0,0.0,0.0,0.0,1,857,857,857,1727,756,687,645,1176,1,1,1,1634,536,1,1,1103,1601,1,0:03
2022-23,202710,Jimmy Butler III,Jimmy,1610612748,MIA,Miami Heat,0042200404,2023-06-09T00:00:00,MIA vs. DEN,L,45.416666666666664,1.6,0.0,2.4,7.9,12.7,4.8,9.5,36.5,0.8,0.8,0.8,5.5,38.8,1,857,857,857,14,724,687,484,546,1064,431,959,689,531,1168,407,215,449,1,45:25
2022-23,200768,Kyle Lowry,Kyle,1610612748,MIA,Miami Heat,0042200404,2023-06-09T00:00:00,MIA vs. DEN,L,32.766666666666666,0.0,0.0,3.3,4.4,14.3,6.6,12.1,33.0,0.0,0.0,1.1,3.3,27.6,1,857,857,857,527,756,687,366,899,1193,620,1178,918,536,1,500,541,912,1,32:46
2022-23,1629622,Max Strus,Max,1610612748,MIA,Miami Heat,0042200404,2023-06-09T00:00:00,MIA vs. DEN,L,18.926666666666666,0.0,0.0,0.0,0.0,11.4,3.8,9.5,30.4,0.0,1.9,5.7,0.0,11.4,1,857,857,857,1087,756,687,645,1176,951,352,958,1082,536,1563,1500,1103,1499,1,18:56
2022-23,1628997,Caleb Martin,Caleb,1610612748,MIA,Miami Heat,0042200404,2023-06-09T00:00:00,MIA vs. DEN,L,32.85,0.0,2.2,2.2,8.8,13.2,6.6,12.1,32.9,0.0,2.2,3.3,0.0,19.2,1,857,857,857,523,756,534,511,474,1095,616,1176,925,536,1601,1084,1103,1296,1,32:51
2022-23,201567,Kevin Love,Kevin,1610612748,MIA,Miami Heat,0042200404,2023-06-09T00:00:00,MIA vs. DEN,L,18.316666666666666,0.0,0.0,0.0,3.9,7.9,0.0,2.0,35.4,0.0,0.0,3.9,3.9,33.0,1,857,857,857,1101,756,687,645,938,619,1,336,769,536,1,1240,444,675,1,18:19
2022-23,1629130,Duncan Robinson,Duncan,1610612748,MIA,Miami Heat,0042200404,2023-06-09T00:00:00,MIA vs. DEN,L,25.016666666666666,2.9,7.2,2.9,8.6,15.8,5.8,10.1,40.3,0.0,0.0,5.8,1.4,28.3,1,857,857,857,860,492,89,417,488,1311,519,1015,462,536,1,1504,954,883,1,25:01
2022-23,1627750,Jamal Murray,Jamal,1610612743,DEN,Denver Nuggets,0042200404,2023-06-09T00:00:00,DEN @ MIA,W,42.65,0.0,0.0,0.0,3.4,5.1,7.6,5.1,32.1,0.0,1.7,0.8,3.4,33.4,1,1,1,1,74,756,687,645,1008,409,710,520,995,536,1509,418,532,655,1,42:39
2022-23,1628971,Bruce Brown,Bruce,1610612743,DEN,Denver Nuggets,0042200404,2023-06-09T00:00:00,DEN @ MIA,W,29.583333333333332,11.0,0.0,4.9,12.2,9.7,8.5,14.6,36.5,1.2,1.2,1.2,3.7,42.3,1,1,1,1,671,31,687,202,259,796,791,1376,686,352,1401,529,491,328,1,29:35
2022-23,201145,Jeff Green,Jeff,1610612743,DEN,Denver Nuggets,0042200404,2023-06-09T00:00:00,DEN @ MIA,W,15.563333333333333,0.0,0.0,0.0,0.0,13.9,11.6,6.9,23.1,0.0,0.0,2.3,0.0,11.6,1,1,1,1,1185,756,687,645,1176,1157,1099,674,1432,536,1,789,1103,1493,1,15:34
2022-23,1631107,Nikola Jović,Nikola,1610612748,MIA,Miami Heat,0042200403,2023-06-07T00:00:00,MIA vs. DEN,L,1.5,0.0,0.0,0.0,0.0,0.0,0.0,0.0,0.0,0.0,0.0,0.0,0.0,0.0,1,857,857,857,1647,756,687,645,1176,1,1,1,1634,536,1,1,1103,1601,1,1:30
2022-23,1629216,Gabe Vincent,Gabe,1610612748,MIA,Miami Heat,0042200403,2023-06-07T00:00:00,MIA vs. DEN,L,32.06666666666667,0.0,3.4,0.0,2.2,2.2,11.2,5.6,49.4,0.0,0.0,3.4,2.2,14.6,1,857,857,857,555,756,361,645,1126,260,1065,558,143,536,1,1101,762,1431,1,32:04
2022-23,203469,Cody Zeller,Cody,1610612748,MIA,Miami Heat,0042200403,2023-06-07T00:00:00,MIA vs. DEN,L,5.966666666666667,0.0,0.0,0.0,0.0,24.1,0.0,24.1,60.3,0.0,0.0,6.0,6.0,0.0,1,857,857,857,1454,756,687,645,1176,1617,1,1650,53,536,1,1525,171,1601,1,5:58
2022-23,1631212,Peyton Watson,Peyton,1610612743,DEN,Denver Nuggets,0042200403,2023-06-07T00:00:00,DEN @ MIA,W,0.49666666666666665,0.0,0.0,0.0,0.0,0.0,0.0,0.0,0.0,0.0,0.0,0.0,0.0,0.0,1,1,1,1,1703,756,687,645,1176,1,1,1,1634,536,1,1,1103,1601,1,0:30
2022-23,1630192,Zeke Nnaji,Zeke,1610612743,DEN,Denver Nuggets,0042200403,2023-06-07T00:00:00,DEN @ MIA,W,0.49666666666666665,0.0,0.0,0.0,0.0,0.0,0.0,0.0,0.0,0.0,0.0,0.0,0.0,0.0,1,1,1,1,1703,756,687,645,1176,1,1,1,1634,536,1,1,1103,1601,1,0:30
2022-23,1628971,Bruce Brown,Bruce,1610612743,DEN,Denver Nuggets,0042200403,2023-06-07T00:00:00,DEN @ MIA,W,28.60333333333333,0.0,0.0,3.8,0.0,18.9,2.5,11.3,27.7,3.8,0.0,3.8,1.3,19.4,1,1,1,1,715,756,687,297,1176,1493,284,1116,1262,58,1,1207,1004,1286,1,28:36
2022-23,1627750,Jamal Murray,Jamal,1610612743,DEN,Denver Nuggets,0042200403,2023-06-07T00:00:00,DEN @ MIA,W,44.583333333333336,0.0,4.8,0.0,11.3,12.1,5.7,8.9,25.8,0.0,0.8,1.6,4.0,46.0,1,1,1,1,24,756,213,645,306,1005,509,889,1349,536,1173,591,427,237,1,44:35
2022-23,1631128,Christian Braun,Christian,1610612743,DEN,Denver Nuggets,0042200403,2023-06-07T00:00:00,DEN @ MIA,W,19.033333333333335,7.6,0.0,7.6,26.5,18.9,3.8,9.5,30.3,0.0,0.0,1.9,3.8,44.1,1,1,1,1,1083,87,687,62,14,1495,350,951,1088,536,1,695,466,287,1,19:02
2022-23,1629622,Max Strus,Max,1610612748,MIA,Miami Heat,0042200403,2023-06-07T00:00:00,MIA vs. DEN,L,24.2,0.0,0.0,0.0,0.0,6.0,17.9,3.0,50.6,1.5,0.0,1.5,0.0,31.7,1,857,857,857,893,756,687,645,1176,452,1508,376,125,300,1,568,1103,735,1,24:12
2022-23,203484,Kentavious Caldwell-Pope,Kentavious,1610612743,DEN,Denver Nuggets,0042200403,2023-06-07T00:00:00,DEN @ MIA,W,28.086666666666666,0.0,0.0,0.0,0.0,9.0,6.4,7.7,23.1,0.0,0.0,2.6,2.6,11.0,1,1,1,1,736,756,687,645,1176,718,601,764,1436,536,1,858,691,1510,1,28:05
2022-23,201567,Kevin Love,Kevin,1610612748,MIA,Miami Heat,0042200403,2023-06-07T00:00:00,MIA vs. DEN,L,16.0,0.0,0.0,0.0,0.0,4.5,18.0,0.0,58.5,0.0,0.0,4.5,2.3,18.9,1,857,857,857,1172,756,687,645,1176,363,1516,1,59,536,1,1328,759,1310,1,16:00
2022-23,1628389,Bam Adebayo,Bam,1610612748,MIA,Miami Heat,0042200403,2023-06-07T00:00:00,MIA vs. DEN,L,40.86666666666667,1.8,3.5,4.4,8.8,3.5,12.3,6.2,44.0,0.9,2.6,1.8,7.9,44.0,1,857,857,857,147,691,342,234,471,314,1174,605,321,493,1643,646,76,288,1,40:52
2022-23,1629008,Michael Porter Jr.,Michael,1610612743,DEN,Denver Nuggets,0042200403,2023-06-07T00:00:00,DEN @ MIA,W,21.316666666666666,0.0,0.0,0.0,3.4,3.4,8.4,3.4,20.3,0.0,1.7,1.7,0.0,17.6,1,1,1,1,1007,756,687,645,1007,305,784,402,1508,536,1510,617,1103,1347,1,21:19
2022-23,1628418,Thomas Bryant,Thomas,1610612743,DEN,Denver Nuggets,0042200403,2023-06-07T00:00:00,DEN @ MIA,W,0.49666666666666665,0.0,0.0,0.0,0.0,0.0,0.0,0.0,0.0,0.0,0.0,0.0,0.0,0.0,1,1,1,1,1703,756,687,645,1176,1,1,1,1634,536,1,1,1103,1601,1,0:30
2022-23,201145,Jeff Green,Jeff,1610612743,DEN,Denver Nuggets,0042200403,2023-06-07T00:00:00,DEN @ MIA,W,17.47,0.0,0.0,4.1,8.2,20.6,4.1,10.3,33.0,0.0,0.0,2.1,2.1,11.3,1,1,1,1,1129,756,687,269,520,1555,373,1037,917,536,1,734,797,1502,1,17:28
2022-23,1628427,Vlatko Čančar,Vlatko,1610612743,DEN,Denver Nuggets,0042200403,2023-06-07T00:00:00,DEN @ MIA,W,0.49666666666666665,0.0,0.0,0.0,0.0,0.0,0.0,0.0,0.0,0.0,0.0,0.0,0.0,0.0,1,1,1,1,1703,756,687,645,1176,1,1,1,1634,536,1,1,1103,1601,1,0:30
2022-23,1630209,Omer Yurtseven,Omer,1610612748,MIA,Miami Heat,0042200403,2023-06-07T00:00:00,MIA vs. DEN,L,1.1666666666666667,0.0,0.0,0.0,0.0,0.0,0.0,0.0,0.0,0.0,0.0,0.0,0.0,37.0,1,857,857,857,1657,756,687,645,1176,1,1,1,1634,536,1,1,1103,503,1,1:10
2022-23,203999,Nikola Jokić,Nikola,1610612743,DEN,Denver Nuggets,0042200403,2023-06-07T00:00:00,DEN @ MIA,W,43.733333333333334,1.6,3.3,0.0,13.2,12.3,5.8,8.2,24.7,1.6,0.0,4.1,5.8,61.9,1,1,1,1,43,717,376,645,205,1027,521,829,1388,269,1,1266,195,42,1,43:44
2022-23,1629312,Haywood Highsmith,Haywood,1610612748,MIA,Miami Heat,0042200403,2023-06-07T00:00:00,MIA vs. DEN,L,2.45,0.0,0.0,0.0,0.0,0.0,0.0,0.0,0.0,0.0,0.0,14.7,0.0,0.0,1,857,857,857,1611,756,687,645,1176,1,1,1,1634,536,1,1704,1103,1601,1,2:27
2022-23,200768,Kyle Lowry,Kyle,1610612748,MIA,Miami Heat,0042200403,2023-06-07T00:00:00,MIA vs. DEN,L,29.5,0.0,0.0,0.0,7.3,7.3,7.3,13.4,39.1,0.0,1.2,4.9,0.0,30.6,1,857,857,857,677,756,687,645,591,574,689,1293,536,536,1403,1399,1103,790,1,29:30
2022-23,1628997,Caleb Martin,Caleb,1610612748,MIA,Miami Heat,0042200403,2023-06-07T00:00:00,MIA vs. DEN,L,31.503333333333334,4.6,0.0,4.6,4.6,6.9,6.9,12.6,38.9,0.0,0.0,4.6,1.1,26.4,1,857,857,857,580,277,687,223,877,527,645,1227,547,536,1,1339,1033,978,1,31:30
2022-23,1629130,Duncan Robinson,Duncan,1610612748,MIA,Miami Heat,0042200403,2023-06-07T00:00:00,MIA vs. DEN,L,13.933333333333334,7.8,0.0,0.0,0.0,10.3,5.2,18.1,41.3,0.0,0.0,5.2,0.0,26.4,1,857,857,857,1239,81,687,645,1176,850,469,1530,417,536,1,1440,1103,979,1,13:56
2022-23,2617,Udonis Haslem,Udonis,1610612748,MIA,Miami Heat,0042200403,2023-06-07T00:00:00,MIA vs. DEN,L,0.49666666666666665,0.0,0.0,0.0,0.0,0.0,0.0,0.0,0.0,0.0,0.0,0.0,0.0,0.0,1,857,857,857,1703,756,687,645,1176,1,1,1,1634,536,1,1,1103,1601,1,0:30
2022-23,203932,Aaron Gordon,Aaron,1610612743,DEN,Denver Nuggets,0042200403,2023-06-07T00:00:00,DEN @ MIA,W,33.803333333333335,2.1,4.3,2.1,10.6,9.6,5.3,7.5,23.4,0.0,1.1,3.2,4.3,35.7,1,1,1,1,480,615,259,523,346,778,482,741,1427,536,1336,1065,394,555,1,33:48
2022-23,202704,Reggie Jackson,Reggie,1610612743,DEN,Denver Nuggets,0042200403,2023-06-07T00:00:00,DEN @ MIA,W,1.3833333333333333,0.0,0.0,0.0,0.0,52.0,0.0,0.0,52.0,0.0,0.0,0.0,0.0,70.3,1,1,1,1,1651,756,687,645,1176,1718,1,1,101,536,1,1,1103,15,1,1:23
2022-23,202710,Jimmy Butler III,Jimmy,1610612748,MIA,Miami Heat,0042200403,2023-06-07T00:00:00,MIA vs. DEN,L,40.35,7.1,0.0,1.8,10.7,7.1,10.7,7.1,48.2,0.9,0.9,1.8,3.6,33.4,1,857,857,857,174,105,687,586,341,554,1011,701,177,480,1224,651,506,659,1,40:21
2022-23,200768,Kyle Lowry,Kyle,1610612748,MIA,Miami Heat,0042200402,2023-06-04T00:00:00,MIA @ DEN,W,23.633333333333333,0.0,0.0,0.0,0.0,28.9,16.8,19.8,42.7,0.0,0.0,4.6,3.0,16.0,1,1,1,1,909,756,687,645,1176,1664,1470,1583,367,536,1,1338,584,1389,1,23:38
2022-23,202710,Jimmy Butler III,Jimmy,1610612748,MIA,Miami Heat,0042200402,2023-06-04T00:00:00,MIA @ DEN,W,40.35,3.6,1.8,0.0,5.4,13.4,13.4,6.2,42.8,0.0,0.9,0.0,4.5,34.2,1,1,1,1,174,390,622,645,789,1121,1272,611,360,536,1224,1,354,625,1,40:21
2022-23,1629622,Max Strus,Max,1610612748,MIA,Miami Heat,0042200402,2023-06-04T00:00:00,MIA @ DEN,W,29.216666666666665,0.0,0.0,0.0,0.0,8.6,9.9,9.9,34.5,1.2,0.0,3.7,2.5,35.0,1,1,1,1,690,756,687,645,1176,674,934,994,826,347,1,1189,712,583,1,29:13
2022-23,1628997,Caleb Martin,Caleb,1610612748,MIA,Miami Heat,0042200402,2023-06-04T00:00:00,MIA @ DEN,W,21.433333333333334,0.0,5.0,0.0,0.0,21.8,15.1,11.8,40.3,1.7,1.7,1.7,1.7,24.4,1,1,1,1,1002,756,195,645,1176,1579,1393,1147,459,257,1507,615,901,1077,1,21:26
2022-23,201145,Jeff Green,Jeff,1610612743,DEN,Denver Nuggets,0042200402,2023-06-04T00:00:00,DEN vs. MIA,L,15.9,4.5,0.0,11.3,0.0,18.1,13.6,6.8,22.6,0.0,0.0,4.5,9.1,24.2,1,857,857,857,1174,282,687,17,1176,1453,1287,656,1446,536,1,1331,45,1079,1,15:54
2022-23,203999,Nikola Jokić,Nikola,1610612743,DEN,Denver Nuggets,0042200402,2023-06-04T00:00:00,DEN vs. MIA,L,41.88333333333333,11.2,5.2,1.7,22.3,16.3,4.3,4.3,27.5,0.0,0.9,2.6,6.9,47.4,1,857,857,857,100,29,186,606,31,1341,384,457,1272,536,1201,868,111,204,1,41:53
2022-23,201567,Kevin Love,Kevin,1610612748,MIA,Miami Heat,0042200402,2023-06-04T00:00:00,MIA @ DEN,W,22.216666666666665,0.0,0.0,0.0,0.0,6.5,9.7,8.1,32.4,0.0,0.0,0.0,1.6,41.3,1,1,1,1,967,756,687,645,1176,501,908,810,959,536,1,1,919,361,1,22:13
2022-23,1631128,Christian Braun,Christian,1610612743,DEN,Denver Nuggets,0042200402,2023-06-04T00:00:00,DEN vs. MIA,L,15.408333333333333,0.0,4.7,4.7,9.3,18.7,14.0,7.0,18.7,0.0,0.0,4.7,0.0,46.0,1,857,857,857,1189,756,227,213,425,1486,1319,685,1547,536,1,1360,1103,236,1,15:25
2022-23,1629130,Duncan Robinson,Duncan,1610612748,MIA,Miami Heat,0042200402,2023-06-04T00:00:00,MIA @ DEN,W,17.368333333333332,4.1,6.2,0.0,8.3,33.2,8.3,20.7,41.5,0.0,0.0,4.1,2.1,23.8,1,1,1,1,1132,324,128,645,513,1695,768,1600,408,536,1,1274,793,1097,1,17:22
2022-23,203484,Kentavious Caldwell-Pope,Kentavious,1610612743,DEN,Denver Nuggets,0042200402,2023-06-04T00:00:00,DEN vs. MIA,L,36.11833333333333,0.0,0.0,3.0,0.0,14.0,5.0,5.0,25.9,1.0,0.0,6.0,3.0,19.0,1,857,857,857,388,756,687,406,1176,1165,452,511,1341,422,1,1520,597,1302,1,36:07
2022-23,203932,Aaron Gordon,Aaron,1610612743,DEN,Denver Nuggets,0042200402,2023-06-04T00:00:00,DEN vs. MIA,L,38.21666666666667,0.0,0.0,0.0,5.7,10.4,10.4,1.9,24.5,0.9,0.9,2.8,2.8,24.9,1,857,857,857,284,756,687,645,756,854,986,329,1394,448,1269,963,631,1049,1,38:13
2022-23,1628971,Bruce Brown,Bruce,1610612743,DEN,Denver Nuggets,0042200402,2023-06-04T00:00:00,DEN vs. MIA,L,27.26,2.6,5.3,0.0,7.9,18.5,14.5,4.0,21.1,0.0,0.0,1.3,1.3,26.4,1,857,857,857,773,529,178,645,547,1475,1356,443,1491,536,1,545,985,976,1,27:16
2022-23,1629216,Gabe Vincent,Gabe,1610612748,MIA,Miami Heat,0042200402,2023-06-04T00:00:00,MIA @ DEN,W,31.65,9.1,3.4,3.4,6.8,11.4,8.0,12.5,29.6,0.0,0.0,4.5,3.4,37.0,1,1,1,1,574,53,356,349,646,948,745,1220,1138,536,1,1336,527,504,1,31:39
2022-23,1627750,Jamal Murray,Jamal,1610612743,DEN,Denver Nuggets,0042200402,2023-06-04T00:00:00,DEN vs. MIA,L,38.81666666666667,5.6,2.8,5.6,7.4,11.1,8.3,1.9,26.0,0.0,1.9,1.9,1.9,36.9,1,857,857,857,256,187,443,149,584,927,771,328,1337,536,1554,678,853,505,1,38:49
2022-23,1629008,Michael Porter Jr.,Michael,1610612743,DEN,Denver Nuggets,0042200402,2023-06-04T00:00:00,DEN vs. MIA,L,26.39666666666667,0.0,0.0,0.0,0.0,12.3,2.7,2.7,32.7,0.0,0.0,2.7,1.4,15.3,1,857,857,857,801,756,687,645,1176,1020,290,364,931,536,1,921,975,1415,1,26:24
2022-23,1629312,Haywood Highsmith,Haywood,1610612748,MIA,Miami Heat,0042200402,2023-06-04T00:00:00,MIA @ DEN,W,6.131666666666667,0.0,0.0,0.0,0.0,47.0,0.0,64.6,35.2,0.0,0.0,11.7,0.0,7.0,1,1,1,1,1450,756,687,645,1176,1716,1,1724,775,536,1,1686,1103,1563,1,6:08
2022-23,1628389,Bam Adebayo,Bam,1610612748,MIA,Miami Heat,0042200402,2023-06-04T00:00:00,MIA @ DEN,W,40.016666666666666,4.5,0.0,1.8,12.6,14.4,9.9,14.4,32.4,1.8,0.0,3.6,5.4,36.7,1,1,1,1,189,288,687,582,244,1200,935,1360,961,232,1,1160,231,515,1,40:01
2022-23,203469,Cody Zeller,Cody,1610612748,MIA,Miami Heat,0042200402,2023-06-04T00:00:00,MIA @ DEN,W,7.983333333333333,0.0,0.0,0.0,18.0,31.6,18.0,9.0,63.1,0.0,0.0,13.5,0.0,13.5,1,1,1,1,1421,756,687,645,72,1686,1519,912,39,536,1,1698,1103,1450,1,7:59
2022-23,201145,Jeff Green,Jeff,1610612743,DEN,Denver Nuggets,0042200401,2023-06-01T00:00:00,DEN vs. MIA,W,10.95,0.0,0.0,0.0,13.2,13.2,6.6,0.0,26.3,0.0,0.0,0.0,0.0,17.1,1,1,1,1,1340,756,687,645,207,1096,617,1,1324,536,1,1,1103,1364,1,10:57
2022-23,1631128,Christian Braun,Christian,1610612743,DEN,Denver Nuggets,0042200401,2023-06-01T00:00:00,DEN vs. MIA,W,8.183333333333334,0.0,0.0,0.0,0.0,8.8,8.8,0.0,26.4,0.0,0.0,8.8,0.0,7.5,1,1,1,1,1419,756,687,645,1176,699,825,1,1316,536,1,1649,1103,1558,1,8:11
2022-23,1629130,Duncan Robinson,Duncan,1610612748,MIA,Miami Heat,0042200401,2023-06-01T00:00:00,MIA @ DEN,L,21.163333333333334,0.0,0.0,0.0,0.0,15.3,3.4,5.1,27.2,0.0,0.0,3.4,3.4,8.0,1,857,857,857,1013,756,687,645,1176,1271,320,522,1279,536,1,1109,529,1551,1,21:10
2022-23,1629216,Gabe Vincent,Gabe,1610612748,MIA,Miami Heat,0042200401,2023-06-01T00:00:00,MIA @ DEN,L,37.696666666666665,0.0,0.0,0.0,1.9,8.6,6.7,8.6,34.4,1.0,0.0,1.0,1.9,29.5,1,857,857,857,311,756,687,645,1149,671,629,869,831,443,1,452,841,834,1,37:42
2022-23,1629622,Max Strus,Max,1610612748,MIA,Miami Heat,0042200401,2023-06-01T00:00:00,MIA @ DEN,L,21.041666666666668,0.0,0.0,0.0,0.0,3.4,8.6,3.4,44.5,0.0,1.7,0.0,0.0,18.0,1,857,857,857,1014,756,687,645,1176,306,795,407,298,536,1513,1,1103,1340,1,21:03
2022-23,1628389,Bam Adebayo,Bam,1610612748,MIA,Miami Heat,0042200401,2023-06-01T00:00:00,MIA @ DEN,L,39.965,3.6,1.8,0.0,14.4,9.9,6.3,8.1,32.4,0.0,0.0,3.6,0.9,43.3,1,857,857,857,192,385,616,645,162,814,591,811,958,536,1,1163,1089,299,1,39:58
2022-23,202710,Jimmy Butler III,Jimmy,1610612748,MIA,Miami Heat,0042200401,2023-06-01T00:00:00,MIA @ DEN,L,38.02,0.0,3.8,1.9,7.6,8.5,4.7,8.5,36.0,0.9,0.9,0.9,0.9,34.9,1,857,857,857,296,756,308,555,570,663,430,861,725,444,1271,449,1074,588,1,38:01
2022-23,1629312,Haywood Highsmith,Haywood,1610612748,MIA,Miami Heat,0042200401,2023-06-01T00:00:00,MIA @ DEN,L,23.395,3.1,3.1,3.1,15.4,15.4,3.1,6.2,33.9,1.5,0.0,3.1,1.5,43.7,1,857,857,857,922,455,403,394,128,1281,306,603,863,291,1,1044,932,294,1,23:24
2022-23,1627750,Jamal Murray,Jamal,1610612743,DEN,Denver Nuggets,0042200401,2023-06-01T00:00:00,DEN vs. MIA,W,44.06666666666667,0.0,2.5,0.0,6.5,7.4,6.5,3.3,31.0,0.0,1.6,1.6,1.6,39.4,1,1,1,1,36,756,496,645,672,579,612,390,1048,536,1495,601,912,420,1,44:04
2022-23,1628997,Caleb Martin,Caleb,1610612748,MIA,Miami Heat,0042200401,2023-06-01T00:00:00,MIA @ DEN,L,24.566666666666666,4.4,0.0,0.0,0.0,7.3,7.3,7.3,38.1,1.5,1.5,4.4,1.5,20.2,1,857,857,857,883,294,687,645,1176,576,691,726,588,303,1462,1312,943,1251,1,24:34
2022-23,1629008,Michael Porter Jr.,Michael,1610612743,DEN,Denver Nuggets,0042200401,2023-06-01T00:00:00,DEN vs. MIA,W,43.06666666666667,1.7,1.7,1.7,3.3,5.9,6.7,3.3,30.1,1.7,0.8,0.0,0.8,31.0,1,1,1,1,61,713,646,614,1012,449,630,400,1099,259,1186,1,1101,769,1,43:04
2022-23,203999,Nikola Jokić,Nikola,1610612743,DEN,Denver Nuggets,0042200401,2023-06-01T00:00:00,DEN vs. MIA,W,40.43833333333333,5.3,0.0,1.8,10.7,6.2,5.3,3.6,24.9,0.9,0.0,0.9,6.2,57.0,1,1,1,1,170,205,687,589,342,480,485,418,1375,483,1,430,155,61,1,40:26
2022-23,1631107,Nikola Jović,Nikola,1610612748,MIA,Miami Heat,0042200401,2023-06-01T00:00:00,MIA @ DEN,L,0.5466666666666666,0.0,0.0,0.0,0.0,0.0,0.0,0.0,0.0,0.0,65.9,0.0,0.0,79.0,1,857,857,857,1686,756,687,645,1176,1,1,1,1634,536,1728,1,1103,10,1,0:33
2022-23,203469,Cody Zeller,Cody,1610612748,MIA,Miami Heat,0042200401,2023-06-01T00:00:00,MIA @ DEN,L,7.488333333333333,0.0,0.0,0.0,0.0,9.6,0.0,0.0,48.1,0.0,0.0,4.8,0.0,12.5,1,857,857,857,1430,756,687,645,1176,784,1,1,181,536,1,1383,1103,1471,1,7:29
2022-23,1628971,Bruce Brown,Bruce,1610612743,DEN,Denver Nuggets,0042200401,2023-06-01T00:00:00,DEN vs. MIA,W,20.75,0.0,0.0,0.0,6.9,12.1,3.5,0.0,27.8,0.0,0.0,1.7,1.7,33.0,1,1,1,1,1023,756,687,645,629,1007,323,1,1255,536,1,633,889,678,1,20:45
2022-23,200768,Kyle Lowry,Kyle,1610612748,MIA,Miami Heat,0042200401,2023-06-01T00:00:00,MIA @ DEN,L,25.57,0.0,0.0,0.0,2.8,11.3,2.8,5.6,28.2,0.0,0.0,1.4,0.0,35.9,1,857,857,857,842,756,687,645,1064,940,294,560,1225,536,1,558,1103,546,1,25:34
2022-23,203484,Kentavious Caldwell-Pope,Kentavious,1610612743,DEN,Denver Nuggets,0042200401,2023-06-01T00:00:00,DEN vs. MIA,W,36.45,3.0,0.0,3.0,0.0,4.0,5.9,4.0,27.7,0.0,0.0,2.0,2.0,12.4,1,1,1,1,374,472,687,407,1176,331,540,442,1265,536,1,717,820,1473,1,36:27
2022-23,1630209,Omer Yurtseven,Omer,1610612748,MIA,Miami Heat,0042200401,2023-06-01T00:00:00,MIA @ DEN,L,0.5466666666666666,0.0,0.0,0.0,0.0,0.0,0.0,0.0,0.0,0.0,0.0,0.0,0.0,0.0,1,857,857,857,1686,756,687,645,1176,1,1,1,1634,536,1,1,1103,1601,1,0:33
2022-23,203932,Aaron Gordon,Aaron,1610612743,DEN,Denver Nuggets,0042200401,2023-06-01T00:00:00,DEN vs. MIA,W,36.095,2.0,2.0,2.0,14.0,5.0,6.0,4.0,29.9,1.0,1.0,0.0,2.0,27.6,1,1,1,1,390,633,569,539,176,402,549,445,1118,421,1304,1,816,908,1,36:06
2022-23,1629622,Max Strus,Max,1610612748,MIA,Miami Heat,0042200307,2023-05-29T00:00:00,MIA @ BOS,W,28.0,0.0,3.9,2.6,2.6,7.7,11.6,0.0,25.7,0.0,0.0,3.9,3.9,18.0,1,1,1,1,740,756,298,461,1091,611,1100,1,1356,536,1,1226,455,1337,1,28:00
2022-23,202710,Jimmy Butler III,Jimmy,1610612748,MIA,Miami Heat,0042200307,2023-05-29T00:00:00,MIA @ BOS,W,43.27166666666667,10.0,2.5,3.3,11.6,17.5,10.8,6.7,34.9,0.0,0.8,1.7,2.5,44.4,1,1,1,1,51,38,488,359,293,1422,1024,639,793,536,1182,611,702,280,1,43:16
2022-23,201143,Al Horford,Al,1610612738,BOS,Boston Celtics,0042200307,2023-05-29T00:00:00,BOS vs. MIA,L,34.266666666666666,2.1,2.1,0.0,2.1,13.7,13.7,7.4,31.5,0.0,1.1,3.2,0.0,24.8,1,857,857,857,460,620,554,645,1137,1138,1290,731,1022,536,1329,1057,1103,1055,1,34:16
2022-23,1629057,Robert Williams III,Robert,1610612738,BOS,Boston Celtics,0042200307,2023-05-29T00:00:00,BOS vs. MIA,L,13.983333333333333,0.0,10.3,0.0,20.6,15.4,7.7,25.7,30.9,2.6,0.0,2.6,0.0,50.7,1,857,857,857,1236,756,37,645,44,1287,719,1661,1061,137,1,864,1103,143,1,13:59
2022-23,1631107,Nikola Jović,Nikola,1610612748,MIA,Miami Heat,0042200307,2023-05-29T00:00:00,MIA @ BOS,W,0.495,0.0,0.0,0.0,0.0,0.0,0.0,0.0,0.0,0.0,0.0,0.0,0.0,0.0,1,1,1,1,1708,756,687,645,1176,1,1,1,1634,536,1,1,1103,1601,1,0:30
2022-23,1630209,Omer Yurtseven,Omer,1610612748,MIA,Miami Heat,0042200307,2023-05-29T00:00:00,MIA @ BOS,W,0.495,0.0,0.0,0.0,0.0,0.0,0.0,0.0,0.0,0.0,0.0,0.0,0.0,0.0,1,1,1,1,1708,756,687,645,1176,1,1,1,1634,536,1,1,1103,1601,1,0:30
2022-23,1630202,Payton Pritchard,Payton,1610612738,BOS,Boston Celtics,0042200307,2023-05-29T00:00:00,BOS vs. MIA,L,3.75,0.0,0.0,0.0,0.0,0.0,0.0,0.0,57.6,0.0,0.0,0.0,0.0,0.0,1,857,857,857,1541,756,687,645,1176,1,1,1,64,536,1,1,1103,1601,1,3:45
2022-23,1628389,Bam Adebayo,Bam,1610612748,MIA,Miami Heat,0042200307,2023-05-29T00:00:00,MIA @ BOS,W,42.721666666666664,1.7,1.7,0.0,5.1,13.5,11.0,5.1,28.7,0.8,0.8,2.5,5.1,28.2,1,1,1,1,69,710,645,645,826,1125,1039,517,1195,511,1188,846,274,887,1,42:43
2022-23,203935,Marcus Smart,Marcus,1610612738,BOS,Boston Celtics,0042200307,2023-05-29T00:00:00,BOS vs. MIA,L,35.4,5.1,0.0,4.1,6.1,11.2,13.2,10.2,24.4,0.0,0.0,1.0,4.1,18.7,1,857,857,857,428,228,687,275,704,933,1254,1025,1397,536,1,474,423,1318,1,35:24
2022-23,1628436,Luke Kornet,Luke,1610612738,BOS,Boston Celtics,0042200307,2023-05-29T00:00:00,BOS vs. MIA,L,2.216666666666667,0.0,0.0,0.0,0.0,0.0,0.0,0.0,32.5,0.0,0.0,0.0,0.0,0.0,1,857,857,857,1622,756,687,645,1176,1,1,1,952,536,1,1,1103,1601,1,2:13
2022-23,1628401,Derrick White,Derrick,1610612738,BOS,Boston Celtics,0042200307,2023-05-29T00:00:00,BOS vs. MIA,L,36.266666666666666,1.0,2.0,0.0,6.0,14.9,10.9,9.9,21.8,0.0,0.0,0.0,4.0,22.7,1,857,857,857,385,743,570,645,722,1238,1034,1005,1462,536,1,1,437,1141,1,36:16
2022-23,1627759,Jaylen Brown,Jaylen,1610612738,BOS,Boston Celtics,0042200307,2023-05-29T00:00:00,BOS vs. MIA,L,43.083333333333336,1.7,0.0,1.7,8.4,14.2,10.9,12.5,28.4,1.7,0.8,4.2,2.5,31.0,1,857,857,857,60,714,687,615,510,1184,1027,1222,1205,260,1185,1279,701,770,1,43:05
2022-23,200768,Kyle Lowry,Kyle,1610612748,MIA,Miami Heat,0042200307,2023-05-29T00:00:00,MIA @ BOS,W,24.3,0.0,0.0,0.0,3.0,19.3,5.9,11.9,26.7,0.0,0.0,3.0,0.0,31.0,1,1,1,1,889,756,687,645,1047,1509,540,1156,1303,536,1,1010,1103,772,1,24:18
2022-23,1627763,Malcolm Brogdon,Malcolm,1610612738,BOS,Boston Celtics,0042200307,2023-05-29T00:00:00,BOS vs. MIA,L,7.083333333333333,0.0,0.0,0.0,0.0,30.5,15.2,45.7,40.7,5.1,0.0,5.1,0.0,15.2,1,857,857,857,1439,756,687,645,1176,1675,1403,1715,442,30,1,1430,1103,1417,1,7:05
2022-23,1629216,Gabe Vincent,Gabe,1610612748,MIA,Miami Heat,0042200307,2023-05-29T00:00:00,MIA @ BOS,W,26.4,0.0,0.0,0.0,2.7,10.9,12.3,0.0,32.7,0.0,0.0,4.1,0.0,22.1,1,1,1,1,800,756,687,645,1079,907,1165,1,932,536,1,1260,1103,1169,1,26:24
2022-23,1628997,Caleb Martin,Caleb,1610612748,MIA,Miami Heat,0042200307,2023-05-29T00:00:00,MIA @ BOS,W,44.805,2.4,1.6,7.2,4.8,16.9,10.4,6.4,33.7,0.0,1.6,0.0,0.0,35.8,1,1,1,1,20,568,663,76,851,1383,992,624,870,536,1486,1,1103,553,1,44:48
2022-23,203488,Mike Muscala,Mike,1610612738,BOS,Boston Celtics,0042200307,2023-05-29T00:00:00,BOS vs. MIA,L,2.216666666666667,48.7,0.0,0.0,0.0,0.0,0.0,0.0,32.5,0.0,0.0,0.0,0.0,68.2,1,857,857,857,1622,1,687,645,1176,1,1,1,952,536,1,1,1103,21,1,2:13
2022-23,1629130,Duncan Robinson,Duncan,1610612748,MIA,Miami Heat,0042200307,2023-05-29T00:00:00,MIA @ BOS,W,20.151666666666667,0.0,10.7,0.0,7.1,26.8,7.1,14.3,39.3,1.8,0.0,1.8,1.8,33.4,1,1,1,1,1043,756,30,645,613,1649,672,1354,518,236,1,652,879,656,1,20:09
2022-23,1628369,Jayson Tatum,Jayson,1610612738,BOS,Boston Celtics,0042200307,2023-05-29T00:00:00,BOS vs. MIA,L,41.6,5.2,2.6,1.7,6.9,14.7,13.8,10.4,27.7,0.0,0.0,1.7,3.5,29.6,1,857,857,857,116,215,465,603,636,1221,1304,1041,1261,536,1,628,518,830,1,41:36
2022-23,1630573,Sam Hauser,Sam,1610612738,BOS,Boston Celtics,0042200307,2023-05-29T00:00:00,BOS vs. MIA,L,3.933333333333333,18.3,18.3,0.0,18.3,18.3,18.3,0.0,36.6,0.0,0.0,0.0,0.0,29.3,1,857,857,857,1523,6,6,645,66,1465,1531,1,678,536,1,1,1103,846,1,3:56
2022-23,1629312,Haywood Highsmith,Haywood,1610612748,MIA,Miami Heat,0042200307,2023-05-29T00:00:00,MIA @ BOS,W,9.36,7.7,0.0,7.7,7.7,19.2,0.0,7.7,30.8,0.0,0.0,3.8,0.0,23.8,1,1,1,1,1378,83,687,59,564,1507,1,765,1071,536,1,1221,1103,1096,1,9:22
2022-23,1629684,Grant Williams,Grant,1610612738,BOS,Boston Celtics,0042200307,2023-05-29T00:00:00,BOS vs. MIA,L,16.2,0.0,0.0,0.0,0.0,17.8,13.3,26.7,31.1,0.0,0.0,0.0,0.0,17.1,1,857,857,857,1165,756,687,645,1176,1434,1267,1668,1041,536,1,1,1103,1363,1,16:12
2022-23,1630573,Sam Hauser,Sam,1610612738,BOS,Boston Celtics,0042200306,2023-05-27T00:00:00,BOS @ MIA,W,1.8333333333333333,0.0,0.0,0.0,0.0,58.9,0.0,0.0,0.0,0.0,0.0,0.0,0.0,0.0,1,1,1,1,1644,756,687,645,1176,1720,1,1,1634,536,1,1,1103,1601,1,1:50
2022-23,1629216,Gabe Vincent,Gabe,1610612748,MIA,Miami Heat,0042200306,2023-05-27T00:00:00,MIA vs. BOS,L,41.28333333333333,0.0,4.4,0.0,5.2,5.2,9.6,10.5,33.1,0.9,0.9,4.4,2.6,19.0,1,857,857,857,131,756,252,645,804,415,895,1047,911,498,1211,1302,684,1305,1,41:17
2022-23,203935,Marcus Smart,Marcus,1610612738,BOS,Boston Celtics,0042200306,2023-05-27T00:00:00,BOS @ MIA,W,42.25,0.0,0.0,0.0,5.1,9.4,10.2,3.4,23.9,0.0,0.0,3.4,3.4,19.9,1,1,1,1,82,756,687,645,821,756,968,405,1414,536,1,1111,528,1270,1,42:15
2022-23,1628997,Caleb Martin,Caleb,1610612748,MIA,Miami Heat,0042200306,2023-05-27T00:00:00,MIA vs. BOS,L,40.55,1.8,0.0,3.6,3.6,3.6,14.2,7.1,30.2,0.9,0.9,4.4,1.8,40.4,1,857,857,857,162,687,687,328,988,315,1332,695,1093,485,1220,1319,882,389,1,40:33
2022-23,1629684,Grant Williams,Grant,1610612738,BOS,Boston Celtics,0042200306,2023-05-27T00:00:00,BOS @ MIA,W,22.066666666666666,0.0,0.0,0.0,0.0,4.9,6.5,3.3,22.8,0.0,0.0,4.9,1.6,10.0,1,1,1,1,975,756,687,645,1176,394,610,388,1440,536,1,1403,915,1531,1,22:04
2022-23,1627759,Jaylen Brown,Jaylen,1610612738,BOS,Boston Celtics,0042200306,2023-05-27T00:00:00,BOS @ MIA,W,38.96666666666667,0.0,3.7,5.5,9.2,10.2,7.4,1.8,25.9,0.0,0.9,3.7,4.6,41.1,1,1,1,1,243,756,318,151,435,838,694,326,1345,536,1251,1188,337,367,1,38:58
2022-23,1629130,Duncan Robinson,Duncan,1610612748,MIA,Miami Heat,0042200306,2023-05-27T00:00:00,MIA vs. BOS,L,20.133333333333333,10.7,0.0,0.0,7.2,3.6,12.5,7.2,21.5,0.0,0.0,8.9,3.6,30.8,1,857,857,857,1045,34,687,645,612,316,1187,704,1477,536,1,1652,505,783,1,20:08
2022-23,1628369,Jayson Tatum,Jayson,1610612738,BOS,Boston Celtics,0042200306,2023-05-27T00:00:00,BOS @ MIA,W,43.93333333333333,3.3,1.6,1.6,9.8,6.6,9.8,3.3,21.3,1.6,1.6,1.6,5.7,48.3,1,1,1,1,40,435,655,620,391,508,928,392,1487,271,1497,603,198,183,1,43:56
2022-23,201143,Al Horford,Al,1610612738,BOS,Boston Celtics,0042200306,2023-05-27T00:00:00,BOS @ MIA,W,31.883333333333333,2.3,0.0,4.5,4.5,12.4,7.9,4.5,27.1,2.3,1.1,5.6,0.0,23.0,1,1,1,1,566,594,687,225,884,1034,743,475,1285,162,1367,1491,1103,1131,1,31:53
2022-23,1629057,Robert Williams III,Robert,1610612738,BOS,Boston Celtics,0042200306,2023-05-27T00:00:00,BOS @ MIA,W,17.016666666666666,0.0,10.6,0.0,16.9,4.2,10.6,0.0,21.2,2.1,0.0,6.3,4.2,45.3,1,1,1,1,1137,756,33,645,95,345,1000,1,1490,176,1,1548,400,259,1,17:01
2022-23,200768,Kyle Lowry,Kyle,1610612748,MIA,Miami Heat,0042200306,2023-05-27T00:00:00,MIA vs. BOS,L,18.083333333333332,0.0,4.0,0.0,8.0,4.0,11.9,8.0,23.9,2.0,0.0,6.0,2.0,45.6,1,857,857,857,1110,756,286,645,543,333,1138,790,1410,195,1,1518,817,248,1,18:05
2022-23,202710,Jimmy Butler III,Jimmy,1610612748,MIA,Miami Heat,0042200306,2023-05-27T00:00:00,MIA vs. BOS,L,46.666666666666664,1.5,1.5,0.0,4.6,4.6,11.6,9.3,32.4,0.0,1.5,2.3,6.2,38.7,1,857,857,857,8,728,666,645,872,374,1100,938,960,536,1473,791,158,451,1,46:40
2022-23,203469,Cody Zeller,Cody,1610612748,MIA,Miami Heat,0042200306,2023-05-27T00:00:00,MIA vs. BOS,L,2.35,0.0,0.0,0.0,0.0,0.0,30.6,0.0,61.3,0.0,0.0,15.3,15.3,15.3,1,857,857,857,1619,756,687,645,1176,1,1685,1,49,536,1,1709,6,1413,1,2:21
2022-23,1629622,Max Strus,Max,1610612748,MIA,Miami Heat,0042200306,2023-05-27T00:00:00,MIA vs. BOS,L,25.283333333333335,0.0,0.0,0.0,2.8,5.7,12.8,11.4,42.7,0.0,1.4,2.8,2.8,22.4,1,857,857,857,855,756,687,645,1061,438,1217,1124,365,536,1453,973,625,1157,1,25:17
2022-23,1628401,Derrick White,Derrick,1610612738,BOS,Boston Celtics,0042200306,2023-05-27T00:00:00,BOS @ MIA,W,42.05,0.0,4.3,0.0,1.7,5.1,10.3,3.4,25.7,2.6,0.0,0.9,4.3,31.5,1,1,1,1,89,756,257,645,1169,411,975,408,1357,138,1,420,393,749,1,42:03
2022-23,1628389,Bam Adebayo,Bam,1610612748,MIA,Miami Heat,0042200306,2023-05-27T00:00:00,MIA vs. BOS,L,45.65,0.8,2.4,0.0,4.7,4.7,11.0,9.5,30.0,0.8,2.4,0.0,2.4,31.6,1,857,857,857,12,755,509,645,862,382,1050,952,1115,532,1616,1,737,743,1,45:39
2022-23,202710,Jimmy Butler III,Jimmy,1610612748,MIA,Miami Heat,0042200305,2023-05-25T00:00:00,MIA @ BOS,L,33.583333333333336,3.2,0.0,5.4,4.3,26.8,8.6,10.7,36.4,0.0,1.1,1.1,5.4,33.8,1,857,857,857,493,439,687,168,904,1650,798,1067,690,536,1344,492,233,642,1,33:35
2022-23,203469,Cody Zeller,Cody,1610612748,MIA,Miami Heat,0042200305,2023-05-25T00:00:00,MIA @ BOS,L,4.116666666666666,0.0,0.0,0.0,35.0,0.0,8.7,0.0,35.0,0.0,0.0,0.0,0.0,47.2,1,857,857,857,1517,756,687,645,7,1,819,1,791,536,1,1,1103,210,1,4:07
2022-23,1627759,Jaylen Brown,Jaylen,1610612738,BOS,Boston Celtics,0042200305,2023-05-25T00:00:00,BOS vs. MIA,W,36.87166666666667,4.9,4.9,3.9,11.7,16.6,3.9,11.7,33.2,0.0,1.0,1.0,1.0,33.6,1,1,1,1,359,244,209,290,289,1366,362,1143,908,536,1295,458,1070,649,1,36:52
2022-23,1630209,Omer Yurtseven,Omer,1610612748,MIA,Miami Heat,0042200305,2023-05-25T00:00:00,MIA @ BOS,L,3.3333333333333335,0.0,0.0,0.0,21.6,0.0,0.0,0.0,0.0,10.8,0.0,0.0,0.0,79.9,1,857,857,857,1569,756,687,645,36,1,1,1,1634,5,1,1,1103,9,1,3:20
2022-23,1628401,Derrick White,Derrick,1610612738,BOS,Boston Celtics,0042200305,2023-05-25T00:00:00,BOS vs. MIA,W,37.08833333333333,1.9,0.0,0.0,3.9,14.6,3.9,13.6,40.8,0.0,0.0,2.9,1.9,33.1,1,1,1,1,346,643,687,645,942,1212,358,1309,438,536,1,996,832,671,1,37:05
2022-23,1630202,Payton Pritchard,Payton,1610612738,BOS,Boston Celtics,0042200305,2023-05-25T00:00:00,BOS vs. MIA,W,4.545,0.0,0.0,0.0,0.0,15.8,23.8,15.8,47.5,0.0,0.0,0.0,0.0,13.5,1,1,1,1,1500,756,687,645,1176,1313,1647,1446,195,536,1,1,1103,1451,1,4:33
2022-23,1628436,Luke Kornet,Luke,1610612738,BOS,Boston Celtics,0042200305,2023-05-25T00:00:00,BOS vs. MIA,W,3.3333333333333335,0.0,0.0,0.0,0.0,0.0,32.4,0.0,43.2,10.8,0.0,0.0,0.0,32.4,1,1,1,1,1569,756,687,645,1176,1,1691,1,345,5,1,1,1103,705,1,3:20
2022-23,201567,Kevin Love,Kevin,1610612748,MIA,Miami Heat,0042200305,2023-05-25T00:00:00,MIA @ BOS,L,13.733333333333333,0.0,10.5,0.0,10.5,26.2,10.5,13.1,26.2,0.0,0.0,0.0,0.0,34.6,1,857,857,857,1245,756,35,645,352,1644,996,1274,1327,536,1,1,1103,604,1,13:44
2022-23,1629312,Haywood Highsmith,Haywood,1610612748,MIA,Miami Heat,0042200305,2023-05-25T00:00:00,MIA @ BOS,L,36.0,10.0,0.0,5.0,6.0,17.0,13.0,7.0,30.0,0.0,1.0,2.0,0.0,24.9,1,857,857,857,395,37,687,190,714,1394,1242,682,1105,536,1305,723,1103,1045,1,36:00
2022-23,1631107,Nikola Jović,Nikola,1610612748,MIA,Miami Heat,0042200305,2023-05-25T00:00:00,MIA @ BOS,L,3.3333333333333335,0.0,0.0,0.0,0.0,0.0,0.0,0.0,0.0,0.0,0.0,0.0,0.0,0.0,1,857,857,857,1569,756,687,645,1176,1,1,1,1634,536,1,1,1103,1601,1,3:20
2022-23,1628389,Bam Adebayo,Bam,1610612748,MIA,Miami Heat,0042200305,2023-05-25T00:00:00,MIA @ BOS,L,31.883333333333333,4.5,0.0,4.5,18.1,28.2,13.5,13.5,38.4,1.1,0.0,2.3,2.3,37.4,1,857,857,857,566,284,687,225,71,1659,1283,1305,572,382,1,778,757,492,1,31:53
2022-23,1629684,Grant Williams,Grant,1610612738,BOS,Boston Celtics,0042200305,2023-05-25T00:00:00,BOS vs. MIA,W,26.816666666666666,2.7,1.3,0.0,0.0,17.5,9.4,8.1,51.0,1.3,0.0,4.0,2.7,18.5,1,1,1,1,783,524,672,645,1176,1421,878,800,119,327,1,1254,663,1324,1,26:49
2022-23,1629130,Duncan Robinson,Duncan,1610612748,MIA,Miami Heat,0042200305,2023-05-25T00:00:00,MIA @ BOS,L,27.733333333333334,2.6,0.0,2.6,13.0,10.4,15.6,3.9,23.4,0.0,0.0,6.5,1.3,45.8,1,857,857,857,752,531,687,451,215,857,1423,439,1429,536,1,1559,992,240,1,27:44
2022-23,1630551,Justin Champagnie,Justin,1610612738,BOS,Boston Celtics,0042200305,2023-05-25T00:00:00,BOS vs. MIA,W,2.3666666666666667,0.0,0.0,0.0,0.0,0.0,45.6,0.0,30.4,0.0,0.0,0.0,0.0,0.0,1,1,1,1,1617,756,687,645,1176,1,1708,1,1083,536,1,1,1103,1601,1,2:22
2022-23,1628997,Caleb Martin,Caleb,1610612748,MIA,Miami Heat,0042200305,2023-05-25T00:00:00,MIA @ BOS,L,31.816666666666666,0.0,0.0,0.0,4.5,17.0,19.2,5.7,29.4,0.0,1.1,2.3,1.1,20.4,1,857,857,857,568,756,687,645,883,1393,1565,567,1145,536,1368,779,1035,1244,1,31:49
2022-23,1630573,Sam Hauser,Sam,1610612738,BOS,Boston Celtics,0042200305,2023-05-25T00:00:00,BOS vs. MIA,W,3.3333333333333335,0.0,0.0,0.0,0.0,0.0,32.4,0.0,43.2,0.0,10.8,0.0,0.0,45.4,1,1,1,1,1569,756,687,645,1176,1,1691,1,345,536,1725,1,1103,257,1,3:20
2022-23,203935,Marcus Smart,Marcus,1610612738,BOS,Boston Celtics,0042200305,2023-05-25T00:00:00,BOS vs. MIA,W,29.928333333333335,12.0,2.4,4.8,7.2,12.0,0.0,16.8,33.7,0.0,0.0,0.0,3.6,51.2,1,1,1,1,653,24,503,209,606,994,1,1486,876,536,1,1,498,132,1,29:56
2022-23,1629057,Robert Williams III,Robert,1610612738,BOS,Boston Celtics,0042200305,2023-05-25T00:00:00,BOS vs. MIA,W,17.916666666666668,0.0,4.0,0.0,12.1,20.1,8.0,14.1,44.2,2.0,0.0,0.0,0.0,30.7,1,1,1,1,1113,756,283,645,270,1536,753,1337,312,190,1,1,1103,785,1,17:55
2022-23,1627763,Malcolm Brogdon,Malcolm,1610612738,BOS,Boston Celtics,0042200305,2023-05-25T00:00:00,BOS vs. MIA,W,7.916666666666667,0.0,0.0,0.0,0.0,0.0,0.0,0.0,45.5,0.0,0.0,0.0,0.0,0.0,1,1,1,1,1423,756,687,645,1176,1,1,1,260,536,1,1,1103,1601,1,7:55
2022-23,1628369,Jayson Tatum,Jayson,1610612738,BOS,Boston Celtics,0042200305,2023-05-25T00:00:00,BOS vs. MIA,W,40.86666666666667,3.5,4.4,1.8,8.8,16.7,3.5,14.1,38.8,0.0,0.0,1.8,3.5,43.3,1,1,1,1,147,399,249,595,471,1373,331,1338,552,536,1,646,510,302,1,40:52
2022-23,201143,Al Horford,Al,1610612738,BOS,Boston Celtics,0042200305,2023-05-25T00:00:00,BOS vs. MIA,W,29.016666666666666,5.0,2.5,2.5,5.0,11.2,0.0,11.2,32.3,1.2,0.0,0.0,1.2,40.6,1,1,1,1,694,237,489,471,836,930,1,1102,978,346,1,1,1009,381,1,29:01
2022-23,1629622,Max Strus,Max,1610612748,MIA,Miami Heat,0042200305,2023-05-25T00:00:00,MIA @ BOS,L,24.166666666666668,0.0,0.0,0.0,0.0,28.3,8.9,13.4,38.7,0.0,0.0,0.0,0.0,6.7,1,857,857,857,895,756,687,645,1176,1660,834,1292,553,536,1,1,1103,1564,1,24:10
2022-23,200768,Kyle Lowry,Kyle,1610612748,MIA,Miami Heat,0042200305,2023-05-25T00:00:00,MIA @ BOS,L,30.3,0.0,3.6,0.0,2.4,19.0,14.3,10.7,33.3,0.0,1.2,1.2,0.0,5.8,1,857,857,857,630,756,333,645,1115,1500,1338,1062,907,536,1384,521,1103,1569,1,30:18
2022-23,1628389,Bam Adebayo,Bam,1610612748,MIA,Miami Heat,0042200304,2023-05-23T00:00:00,MIA vs. BOS,L,35.11666666666667,0.0,2.1,0.0,6.2,23.6,13.3,15.4,30.8,0.0,1.0,4.1,7.2,15.4,1,857,857,857,436,756,560,645,700,1608,1265,1419,1073,536,1317,1263,99,1411,1,35:07
2022-23,1627759,Jaylen Brown,Jaylen,1610612738,BOS,Boston Celtics,0042200304,2023-05-23T00:00:00,BOS @ MIA,W,37.31666666666667,2.9,0.0,8.7,7.7,8.7,11.6,7.7,28.9,0.0,1.0,4.8,3.9,31.6,1,1,1,1,334,487,687,37,563,680,1102,767,1174,536,1285,1386,453,739,1,37:19
2022-23,1629684,Grant Williams,Grant,1610612738,BOS,Boston Celtics,0042200304,2023-05-23T00:00:00,BOS @ MIA,W,29.216666666666665,7.4,2.5,3.7,0.0,11.1,8.6,9.9,37.0,1.2,0.0,2.5,1.2,37.2,1,1,1,1,690,94,492,311,1176,924,807,994,656,347,1,827,1011,498,1,29:13
2022-23,1631107,Nikola Jović,Nikola,1610612748,MIA,Miami Heat,0042200304,2023-05-23T00:00:00,MIA vs. BOS,L,1.1,0.0,0.0,0.0,0.0,0.0,0.0,0.0,65.5,0.0,0.0,0.0,0.0,39.3,1,857,857,857,1658,756,687,645,1176,1,1,1,28,536,1,1,1103,424,1,1:06
2022-23,1630209,Omer Yurtseven,Omer,1610612748,MIA,Miami Heat,0042200304,2023-05-23T00:00:00,MIA vs. BOS,L,1.1,0.0,0.0,0.0,0.0,0.0,0.0,0.0,65.5,0.0,0.0,0.0,0.0,39.3,1,857,857,857,1658,756,687,645,1176,1,1,1,28,536,1,1,1103,424,1,1:06
2022-23,200768,Kyle Lowry,Kyle,1610612748,MIA,Miami Heat,0042200304,2023-05-23T00:00:00,MIA vs. BOS,L,27.733333333333334,0.0,0.0,0.0,2.6,14.3,9.1,13.0,28.6,0.0,0.0,5.2,1.3,33.2,1,857,857,857,752,756,687,645,1089,1192,846,1265,1200,536,1,1442,992,669,1,27:44
2022-23,1629130,Duncan Robinson,Duncan,1610612748,MIA,Miami Heat,0042200304,2023-05-23T00:00:00,MIA vs. BOS,L,10.866666666666667,0.0,6.6,0.0,6.6,13.3,23.2,29.8,33.1,0.0,3.3,3.3,0.0,8.9,1,857,857,857,1342,756,111,645,661,1108,1640,1683,912,536,1681,1088,1103,1540,1,10:52
2022-23,1629216,Gabe Vincent,Gabe,1610612748,MIA,Miami Heat,0042200304,2023-05-23T00:00:00,MIA vs. BOS,L,27.866666666666667,6.5,0.0,0.0,10.3,27.1,12.9,15.5,31.0,0.0,1.3,5.2,5.2,30.0,1,857,857,857,744,129,687,645,362,1653,1236,1431,1051,536,1420,1440,261,808,1,27:52
2022-23,1630202,Payton Pritchard,Payton,1610612738,BOS,Boston Celtics,0042200304,2023-05-23T00:00:00,BOS @ MIA,W,1.1,0.0,0.0,0.0,65.5,0.0,65.5,0.0,65.5,0.0,0.0,0.0,32.7,130.9,1,1,1,1,1658,756,687,645,2,1,1715,1,28,536,1,1,1,1,1,1:06
2022-23,1628401,Derrick White,Derrick,1610612738,BOS,Boston Celtics,0042200304,2023-05-23T00:00:00,BOS @ MIA,W,27.366666666666667,6.6,3.9,0.0,5.3,10.5,14.5,2.6,34.2,2.6,0.0,3.9,3.9,42.6,1,1,1,1,767,122,289,645,800,870,1353,359,838,130,1,1244,441,314,1,27:22
2022-23,203935,Marcus Smart,Marcus,1610612738,BOS,Boston Celtics,0042200304,2023-05-23T00:00:00,BOS @ MIA,W,35.13333333333333,3.1,0.0,0.0,2.0,9.2,12.3,8.2,28.7,0.0,0.0,1.0,3.1,29.3,1,1,1,1,435,456,687,645,1139,740,1169,824,1189,536,1,477,576,845,1,35:08
2022-23,202710,Jimmy Butler III,Jimmy,1610612748,MIA,Miami Heat,0042200304,2023-05-23T00:00:00,MIA vs. BOS,L,38.81666666666667,1.9,6.5,3.7,13.0,23.2,10.2,13.0,29.7,0.9,1.9,0.9,5.6,47.6,1,857,857,857,256,665,118,307,214,1600,966,1266,1130,454,1554,446,213,198,1,38:49
2022-23,1630573,Sam Hauser,Sam,1610612738,BOS,Boston Celtics,0042200304,2023-05-23T00:00:00,BOS @ MIA,W,1.1,0.0,0.0,0.0,0.0,0.0,65.5,0.0,65.5,0.0,0.0,0.0,0.0,0.0,1,1,1,1,1658,756,687,645,1176,1,1715,1,28,536,1,1,1103,1601,1,1:06
2022-23,201143,Al Horford,Al,1610612738,BOS,Boston Celtics,0042200304,2023-05-23T00:00:00,BOS @ MIA,W,25.116666666666667,0.0,1.4,4.3,2.9,4.3,12.9,0.0,31.5,1.4,0.0,7.2,1.4,42.1,1,1,1,1,858,756,671,248,1060,349,1232,1,1021,310,1,1597,955,335,1,25:07
2022-23,201567,Kevin Love,Kevin,1610612748,MIA,Miami Heat,0042200304,2023-05-23T00:00:00,MIA vs. BOS,L,11.766666666666667,9.2,0.0,0.0,0.0,9.2,6.1,6.1,18.4,0.0,3.1,3.1,0.0,42.2,1,857,857,857,1312,51,687,645,1176,736,570,600,1556,536,1674,1040,1103,333,1,11:46
2022-23,1628997,Caleb Martin,Caleb,1610612748,MIA,Miami Heat,0042200304,2023-05-23T00:00:00,MIA vs. BOS,L,35.233333333333334,2.0,3.1,4.1,8.2,24.5,13.3,16.3,32.7,1.0,0.0,1.0,3.1,23.8,1,857,857,857,433,627,404,273,525,1623,1261,1466,937,411,1,476,578,1099,1,35:14
2022-23,1630551,Justin Champagnie,Justin,1610612738,BOS,Boston Celtics,0042200304,2023-05-23T00:00:00,BOS @ MIA,W,1.0166666666666666,0.0,0.0,0.0,0.0,0.0,70.8,0.0,70.8,0.0,0.0,0.0,0.0,0.0,1,1,1,1,1664,756,687,645,1176,1,1720,1,14,536,1,1,1103,1601,1,1:01
2022-23,1628369,Jayson Tatum,Jayson,1610612738,BOS,Boston Celtics,0042200304,2023-05-23T00:00:00,BOS @ MIA,W,42.1,4.3,6.0,1.7,12.0,12.0,11.1,8.6,35.9,1.7,0.0,2.6,3.4,51.9,1,1,1,1,87,310,145,610,280,988,1057,865,732,253,1,859,525,124,1,42:06
2022-23,1627763,Malcolm Brogdon,Malcolm,1610612738,BOS,Boston Celtics,0042200304,2023-05-23T00:00:00,BOS @ MIA,W,16.55,4.4,4.4,0.0,4.4,15.2,10.9,8.7,43.5,0.0,0.0,2.2,0.0,25.0,1,1,1,1,1151,304,253,645,901,1264,1028,876,332,536,1,760,1103,1041,1,16:33
2022-23,1629312,Haywood Highsmith,Haywood,1610612748,MIA,Miami Heat,0042200304,2023-05-23T00:00:00,MIA vs. BOS,L,1.6833333333333333,0.0,0.0,0.0,0.0,0.0,42.8,0.0,42.8,0.0,0.0,0.0,0.0,0.0,1,857,857,857,1646,756,687,645,1176,1,1705,1,361,536,1,1,1103,1601,1,1:41
2022-23,203488,Mike Muscala,Mike,1610612738,BOS,Boston Celtics,0042200304,2023-05-23T00:00:00,BOS @ MIA,W,1.1,0.0,0.0,0.0,0.0,0.0,65.5,0.0,65.5,0.0,0.0,0.0,0.0,0.0,1,1,1,1,1658,756,687,645,1176,1,1715,1,28,536,1,1,1103,1601,1,1:06
2022-23,1628436,Luke Kornet,Luke,1610612738,BOS,Boston Celtics,0042200304,2023-05-23T00:00:00,BOS @ MIA,W,1.1,0.0,0.0,0.0,0.0,0.0,65.5,0.0,65.5,0.0,0.0,0.0,0.0,0.0,1,1,1,1,1658,756,687,645,1176,1,1715,1,28,536,1,1,1103,1601,1,1:06
2022-23,1629057,Robert Williams III,Robert,1610612738,BOS,Boston Celtics,0042200304,2023-05-23T00:00:00,BOS @ MIA,W,21.783333333333335,5.0,0.0,1.7,9.9,18.2,9.9,16.5,36.4,3.3,1.7,6.6,1.7,21.8,1,1,1,1,989,238,687,617,385,1460,938,1472,702,74,1503,1564,907,1191,1,21:47
2022-23,203469,Cody Zeller,Cody,1610612748,MIA,Miami Heat,0042200304,2023-05-23T00:00:00,MIA vs. BOS,L,12.783333333333333,0.0,0.0,0.0,5.6,11.3,5.6,8.4,28.2,0.0,0.0,2.8,8.4,24.2,1,857,857,857,1273,756,687,645,758,941,506,847,1224,536,1,958,65,1081,1,12:47
2022-23,1629622,Max Strus,Max,1610612748,MIA,Miami Heat,0042200304,2023-05-23T00:00:00,MIA vs. BOS,L,35.93333333333333,2.0,3.0,2.0,4.0,20.0,8.0,9.0,28.1,0.0,2.0,1.0,0.0,18.9,1,857,857,857,401,631,410,538,928,1533,752,911,1234,536,1573,467,1103,1307,1,35:56
2022-23,203471,Dennis Schröder,Dennis,1610612747,LAL,Los Angeles Lakers,0042200314,2023-05-22T00:00:00,LAL vs. DEN,L,38.25666666666667,2.8,0.0,0.0,3.8,4.7,14.1,6.6,39.5,0.0,0.0,2.8,0.0,26.3,1,857,857,857,282,498,687,645,958,380,1327,633,505,536,1,961,1103,985,1,38:15
2022-23,201145,Jeff Green,Jeff,1610612743,DEN,Denver Nuggets,0042200314,2023-05-22T00:00:00,DEN @ LAL,W,10.016666666666667,0.0,0.0,0.0,0.0,7.2,10.8,10.8,64.7,3.6,0.0,3.6,7.2,22.3,1,1,1,1,1362,756,687,645,1176,561,1020,1073,34,64,1,1155,98,1161,1,10:01
2022-23,202684,Tristan Thompson,Tristan,1610612747,LAL,Los Angeles Lakers,0042200314,2023-05-22T00:00:00,LAL vs. DEN,L,9.688333333333333,7.4,0.0,7.4,14.9,7.4,0.0,7.4,22.3,0.0,0.0,0.0,3.7,19.3,1,857,857,857,1373,91,687,70,148,586,1,738,1452,536,1,1,474,1294,1,9:41
2022-23,1629060,Rui Hachimura,Rui,1610612747,LAL,Los Angeles Lakers,0042200314,2023-05-22T00:00:00,LAL vs. DEN,L,41.943333333333335,0.0,1.7,0.0,5.1,6.0,12.9,6.0,37.8,0.0,0.9,2.6,3.4,15.8,1,857,857,857,95,756,640,645,815,455,1227,589,612,536,1197,865,523,1399,1,41:57
2022-23,203484,Kentavious Caldwell-Pope,Kentavious,1610612743,DEN,Denver Nuggets,0042200314,2023-05-22T00:00:00,DEN @ LAL,W,39.36666666666667,2.7,2.7,0.0,1.8,13.7,14.6,8.2,45.7,0.9,0.9,1.8,1.8,19.5,1,1,1,1,220,512,447,645,1161,1144,1362,828,251,468,1240,667,862,1283,1,39:22
2022-23,1627750,Jamal Murray,Jamal,1610612743,DEN,Denver Nuggets,0042200314,2023-05-22T00:00:00,DEN @ LAL,W,43.2,0.0,0.0,0.0,10.0,12.5,10.8,8.3,45.0,0.8,0.0,2.5,4.2,35.9,1,1,1,1,53,756,687,645,377,1048,1026,835,276,517,1,835,413,542,1,43:12
2022-23,2544,LeBron James,LeBron,1610612747,LAL,Los Angeles Lakers,0042200314,2023-05-22T00:00:00,LAL vs. DEN,L,47.928333333333335,3.0,7.5,3.8,16.5,5.3,11.3,6.8,36.1,0.0,3.0,0.8,5.3,53.0,1,857,857,857,3,464,79,301,101,417,1072,651,715,536,1671,405,243,108,1,47:56
2022-23,1628971,Bruce Brown,Bruce,1610612743,DEN,Denver Nuggets,0042200314,2023-05-22T00:00:00,DEN @ LAL,W,20.483333333333334,3.5,0.0,3.5,7.0,12.3,14.1,5.3,45.7,0.0,0.0,7.0,3.5,13.0,1,1,1,1,1035,400,687,333,622,1024,1323,537,252,536,1,1591,511,1458,1,20:29
2022-23,1629022,Lonnie Walker IV,Lonnie,1610612747,LAL,Los Angeles Lakers,0042200314,2023-05-22T00:00:00,LAL vs. DEN,L,6.543333333333333,0.0,0.0,0.0,11.0,11.0,0.0,0.0,22.0,0.0,0.0,11.0,0.0,5.5,1,857,857,857,1445,756,687,645,322,914,1,1,1455,536,1,1678,1103,1572,1,6:33
2022-23,203932,Aaron Gordon,Aaron,1610612743,DEN,Denver Nuggets,0042200314,2023-05-22T00:00:00,DEN @ LAL,W,40.71666666666667,0.0,6.2,1.8,8.8,15.0,11.5,8.8,46.0,1.8,1.8,1.8,2.7,37.8,1,1,1,1,157,756,131,592,465,1248,1084,887,242,242,1531,649,675,475,1,40:43
2022-23,1629008,Michael Porter Jr.,Michael,1610612743,DEN,Denver Nuggets,0042200314,2023-05-22T00:00:00,DEN @ LAL,W,40.95,1.8,0.0,4.4,3.5,12.3,9.7,9.7,49.2,0.9,0.0,2.6,0.9,26.8,1,1,1,1,143,694,687,235,992,1025,900,980,146,495,1,888,1093,955,1,40:57
2022-23,1626156,D'Angelo Russell,D'Angelo,1610612747,LAL,Los Angeles Lakers,0042200314,2023-05-22T00:00:00,LAL vs. DEN,L,14.933333333333334,0.0,0.0,0.0,9.6,4.8,0.0,4.8,24.1,2.4,0.0,4.8,0.0,27.5,1,857,857,857,1204,756,687,645,410,386,1,500,1404,153,1,1385,1103,922,1,14:56
2022-23,203076,Anthony Davis,Anthony,1610612747,LAL,Los Angeles Lakers,0042200314,2023-05-22T00:00:00,LAL vs. DEN,L,40.02333333333333,5.4,3.6,0.0,9.0,4.5,13.5,8.1,39.6,2.7,3.6,3.6,4.5,45.2,1,857,857,857,188,202,328,645,449,362,1282,808,501,124,1693,1159,349,261,1,40:01
2022-23,203999,Nikola Jokić,Nikola,1610612743,DEN,Denver Nuggets,0042200314,2023-05-22T00:00:00,DEN @ LAL,W,45.266666666666666,0.0,4.0,0.0,12.7,11.9,12.7,7.2,42.9,2.4,0.8,4.0,3.2,59.9,1,1,1,1,16,756,287,645,236,986,1208,705,354,156,1170,1247,558,51,1,45:16
2022-23,1630559,Austin Reaves,Austin,1610612747,LAL,Los Angeles Lakers,0042200314,2023-05-22T00:00:00,LAL vs. DEN,L,40.68333333333333,1.8,0.0,3.5,8.8,4.4,13.3,8.0,37.2,0.0,0.0,3.5,2.7,20.3,1,857,857,857,159,689,687,330,463,359,1260,791,641,536,1,1144,672,1249,1,40:41
2022-23,1630573,Sam Hauser,Sam,1610612738,BOS,Boston Celtics,0042200303,2023-05-21T00:00:00,BOS @ MIA,L,12.0,0.0,0.0,15.0,0.0,0.0,6.0,9.0,30.0,3.0,0.0,3.0,3.0,50.1,1,857,857,857,1299,756,687,10,1176,1,552,905,1105,99,1,1019,594,148,1,12:00
2022-23,1628997,Caleb Martin,Caleb,1610612748,MIA,Miami Heat,0042200303,2023-05-21T00:00:00,MIA vs. BOS,W,34.93333333333333,5.2,0.0,2.1,4.1,10.3,14.4,5.2,37.1,0.0,1.0,1.0,1.0,31.5,1,1,1,1,439,221,687,532,922,844,1349,528,645,536,1318,478,1062,747,1,34:56
2022-23,1631107,Nikola Jović,Nikola,1610612748,MIA,Miami Heat,0042200303,2023-05-21T00:00:00,MIA vs. BOS,W,4.716666666666667,0.0,15.3,0.0,15.3,30.5,22.9,15.3,45.8,0.0,0.0,0.0,0.0,42.7,1,1,1,1,1491,756,13,645,130,1676,1634,1411,245,536,1,1,1103,310,1,4:43
2022-23,1629622,Max Strus,Max,1610612748,MIA,Miami Heat,0042200303,2023-05-21T00:00:00,MIA vs. BOS,W,24.618333333333332,2.9,0.0,2.9,2.9,13.2,10.2,11.7,40.9,0.0,0.0,1.5,2.9,26.5,1,1,1,1,879,480,687,409,1052,1100,969,1140,429,536,1,565,610,973,1,24:37
2022-23,203488,Mike Muscala,Mike,1610612738,BOS,Boston Celtics,0042200303,2023-05-21T00:00:00,BOS @ MIA,L,7.716666666666667,0.0,14.0,0.0,0.0,0.0,9.3,14.0,28.0,0.0,0.0,0.0,9.3,20.5,1,857,857,857,1426,756,16,645,1176,1,875,1334,1238,536,1,1,35,1240,1,7:43
2022-23,201143,Al Horford,Al,1610612738,BOS,Boston Celtics,0042200303,2023-05-21T00:00:00,BOS @ MIA,L,18.933333333333334,3.8,0.0,0.0,3.8,22.8,0.0,11.4,38.0,0.0,0.0,3.8,0.0,18.4,1,857,857,857,1086,357,687,645,954,1594,1,1126,590,536,1,1212,1103,1328,1,18:56
2022-23,1628401,Derrick White,Derrick,1610612738,BOS,Boston Celtics,0042200303,2023-05-21T00:00:00,BOS @ MIA,L,26.066666666666666,4.1,0.0,0.0,0.0,16.6,0.0,4.1,27.6,2.8,1.4,4.1,0.0,34.3,1,857,857,857,815,326,687,645,1176,1362,1,449,1266,122,1441,1273,1103,620,1,26:04
2022-23,1628389,Bam Adebayo,Bam,1610612748,MIA,Miami Heat,0042200303,2023-05-21T00:00:00,MIA vs. BOS,W,25.516666666666666,4.2,2.8,0.0,11.3,14.1,12.7,5.6,39.5,1.4,0.0,4.2,9.9,31.9,1,1,1,1,845,313,434,645,308,1176,1205,564,506,317,1,1285,19,730,1,25:31
2022-23,203935,Marcus Smart,Marcus,1610612738,BOS,Boston Celtics,0042200303,2023-05-21T00:00:00,BOS @ MIA,L,30.418333333333333,3.6,3.6,0.0,4.7,11.8,0.0,7.1,33.1,0.0,1.2,3.6,8.3,34.1,1,857,857,857,625,395,337,645,860,977,1,694,910,536,1382,1147,68,629,1,30:25
2022-23,1629684,Grant Williams,Grant,1610612738,BOS,Boston Celtics,0042200303,2023-05-21T00:00:00,BOS @ MIA,L,28.715,2.5,2.5,2.5,7.5,7.5,5.0,12.5,30.1,0.0,0.0,3.8,1.3,22.1,1,857,857,857,705,552,486,470,575,596,456,1223,1100,536,1,1203,1006,1173,1,28:43
2022-23,1630202,Payton Pritchard,Payton,1610612738,BOS,Boston Celtics,0042200303,2023-05-21T00:00:00,BOS @ MIA,L,12.0,0.0,9.0,0.0,18.0,0.0,6.0,9.0,30.0,0.0,0.0,6.0,6.0,62.7,1,857,857,857,1299,756,48,645,73,1,552,905,1105,536,1,1521,175,38,1,12:00
2022-23,1628369,Jayson Tatum,Jayson,1610612738,BOS,Boston Celtics,0042200303,2023-05-21T00:00:00,BOS @ MIA,L,33.45,2.2,2.2,4.3,10.8,15.1,2.2,10.8,34.4,0.0,1.1,2.2,0.0,34.4,1,857,857,857,495,609,542,247,338,1252,268,1069,829,536,1345,758,1103,612,1,33:27
2022-23,1627759,Jaylen Brown,Jaylen,1610612738,BOS,Boston Celtics,0042200303,2023-05-21T00:00:00,BOS @ MIA,L,28.016666666666666,0.0,0.0,2.6,12.8,23.1,2.6,12.8,28.3,0.0,0.0,3.9,0.0,24.7,1,857,857,857,739,756,687,462,224,1599,285,1252,1218,536,1,1225,1103,1063,1,28:01
2022-23,1629130,Duncan Robinson,Duncan,1610612748,MIA,Miami Heat,0042200303,2023-05-21T00:00:00,MIA vs. BOS,W,23.633333333333333,4.6,0.0,9.1,6.1,10.7,18.3,7.6,36.6,0.0,1.5,1.5,3.0,44.8,1,1,1,1,909,278,687,30,707,885,1530,754,681,536,1470,575,584,269,1,23:38
2022-23,1628436,Luke Kornet,Luke,1610612738,BOS,Boston Celtics,0042200303,2023-05-21T00:00:00,BOS @ MIA,L,12.0,12.0,6.0,0.0,18.0,0.0,6.0,9.0,30.0,0.0,0.0,3.0,3.0,47.4,1,857,857,857,1299,25,143,645,73,1,552,905,1105,536,1,1019,594,207,1,12:00
2022-23,1629216,Gabe Vincent,Gabe,1610612748,MIA,Miami Heat,0042200303,2023-05-21T00:00:00,MIA vs. BOS,W,35.46666666666667,3.0,0.0,3.0,8.1,10.2,16.2,11.2,40.6,1.0,0.0,2.0,2.0,40.5,1,1,1,1,425,459,687,396,529,836,1449,1101,447,412,1,728,805,385,1,35:28
2022-23,1627763,Malcolm Brogdon,Malcolm,1610612738,BOS,Boston Celtics,0042200303,2023-05-21T00:00:00,BOS @ MIA,L,18.1,0.0,0.0,0.0,0.0,15.9,4.0,8.0,35.8,0.0,0.0,0.0,0.0,8.8,1,857,857,857,1108,756,687,645,1176,1321,366,787,743,536,1,1,1103,1545,1,18:06
2022-23,1629057,Robert Williams III,Robert,1610612738,BOS,Boston Celtics,0042200303,2023-05-21T00:00:00,BOS @ MIA,L,12.583333333333334,0.0,11.4,0.0,22.9,28.6,5.7,11.4,28.6,0.0,2.9,11.4,5.7,47.5,1,857,857,857,1280,756,24,645,27,1661,512,1127,1199,536,1661,1683,199,202,1,12:35
2022-23,1630209,Omer Yurtseven,Omer,1610612748,MIA,Miami Heat,0042200303,2023-05-21T00:00:00,MIA vs. BOS,W,4.716666666666667,0.0,0.0,0.0,15.3,30.5,22.9,15.3,45.8,0.0,0.0,15.3,0.0,15.3,1,1,1,1,1491,756,687,645,130,1676,1634,1411,245,536,1,1708,1103,1416,1,4:43
2022-23,1629312,Haywood Highsmith,Haywood,1610612748,MIA,Miami Heat,0042200303,2023-05-21T00:00:00,MIA vs. BOS,W,4.716666666666667,0.0,0.0,0.0,0.0,30.5,22.9,15.3,45.8,0.0,0.0,7.6,0.0,11.4,1,1,1,1,1491,756,687,645,1176,1676,1634,1411,245,536,1,1612,1103,1496,1,4:43
2022-23,201567,Kevin Love,Kevin,1610612748,MIA,Miami Heat,0042200303,2023-05-21T00:00:00,MIA vs. BOS,W,4.783333333333333,0.0,0.0,0.0,15.1,15.1,0.0,30.1,45.2,0.0,0.0,0.0,0.0,55.7,1,1,1,1,1488,756,687,645,139,1250,1,1687,270,536,1,1,1103,80,1,4:47
2022-23,202710,Jimmy Butler III,Jimmy,1610612748,MIA,Miami Heat,0042200303,2023-05-21T00:00:00,MIA vs. BOS,W,31.333333333333332,2.3,0.0,0.0,2.3,10.3,10.3,9.2,41.4,0.0,1.1,0.0,5.7,44.3,1,1,1,1,589,589,687,645,1121,851,983,930,416,536,1371,1,197,285,1,31:20
2022-23,200768,Kyle Lowry,Kyle,1610612748,MIA,Miami Heat,0042200303,2023-05-21T00:00:00,MIA vs. BOS,W,28.05,0.0,0.0,0.0,5.1,11.6,15.4,9.0,33.4,0.0,0.0,6.4,2.6,27.0,1,1,1,1,738,756,687,645,817,962,1415,901,895,536,1,1552,690,947,1,28:03
2022-23,203469,Cody Zeller,Cody,1610612748,MIA,Miami Heat,0042200303,2023-05-21T00:00:00,MIA vs. BOS,W,17.515,0.0,0.0,0.0,8.2,4.1,14.4,14.4,37.0,4.1,0.0,0.0,6.2,30.4,1,1,1,1,1127,756,687,645,521,338,1342,1359,652,52,1,1,159,801,1,17:31
2022-23,1629022,Lonnie Walker IV,Lonnie,1610612747,LAL,Los Angeles Lakers,0042200313,2023-05-20T00:00:00,LAL vs. DEN,L,18.785,5.7,0.0,0.0,0.0,5.7,5.7,3.8,26.8,0.0,0.0,3.8,3.8,25.3,1,857,857,857,1090,178,687,645,1176,442,518,435,1297,536,1,1216,459,1033,1,18:47
2022-23,1631128,Christian Braun,Christian,1610612743,DEN,Denver Nuggets,0042200313,2023-05-20T00:00:00,DEN @ LAL,W,3.3666666666666667,0.0,0.0,0.0,0.0,32.1,32.1,0.0,21.4,0.0,0.0,10.7,0.0,12.8,1,1,1,1,1568,756,687,645,1176,1689,1689,1,1480,536,1,1676,1103,1462,1,3:22
2022-23,1627885,Shaquille Harrison,Shaquille,1610612747,LAL,Los Angeles Lakers,0042200313,2023-05-20T00:00:00,LAL vs. DEN,L,0.965,0.0,0.0,0.0,0.0,0.0,0.0,0.0,0.0,0.0,0.0,0.0,0.0,56.0,1,857,857,857,1669,756,687,645,1176,1,1,1,1634,536,1,1,1103,78,1,0:58
2022-23,202684,Tristan Thompson,Tristan,1610612747,LAL,Los Angeles Lakers,0042200313,2023-05-20T00:00:00,LAL vs. DEN,L,0.965,0.0,0.0,0.0,0.0,0.0,0.0,0.0,0.0,0.0,0.0,0.0,0.0,0.0,1,857,857,857,1669,756,687,645,1176,1,1,1,1634,536,1,1,1103,1601,1,0:58
2022-23,1628971,Bruce Brown,Bruce,1610612743,DEN,Denver Nuggets,0042200313,2023-05-20T00:00:00,DEN @ LAL,W,28.8,5.0,5.0,5.0,12.5,6.3,16.3,5.0,37.5,0.0,0.0,6.3,1.3,39.4,1,1,1,1,704,235,201,190,249,481,1450,512,627,536,1,1539,1007,421,1,28:48
2022-23,203484,Kentavious Caldwell-Pope,Kentavious,1610612743,DEN,Denver Nuggets,0042200313,2023-05-20T00:00:00,DEN @ LAL,W,34.233333333333334,0.0,0.0,6.3,0.0,3.2,14.7,13.7,44.2,0.0,0.0,2.1,1.1,26.9,1,1,1,1,461,756,687,107,1176,291,1366,1315,313,536,1,743,1056,949,1,34:14
2022-23,1627750,Jamal Murray,Jamal,1610612743,DEN,Denver Nuggets,0042200313,2023-05-20T00:00:00,DEN @ LAL,W,41.6,7.8,0.0,3.5,8.7,6.9,13.8,11.3,36.3,0.0,0.9,1.7,5.2,51.4,1,1,1,1,116,78,687,338,483,536,1304,1106,704,536,1207,628,254,131,1,41:36
2022-23,203076,Anthony Davis,Anthony,1610612747,LAL,Los Angeles Lakers,0042200313,2023-05-20T00:00:00,LAL vs. DEN,L,41.85,0.0,6.0,0.0,18.9,11.2,7.7,14.6,27.5,1.7,0.0,2.6,4.3,48.3,1,857,857,857,101,756,140,645,54,932,724,1380,1270,249,1,869,388,184,1,41:51
2022-23,1627736,Malik Beasley,Malik,1610612747,LAL,Los Angeles Lakers,0042200313,2023-05-20T00:00:00,LAL vs. DEN,L,0.965,0.0,0.0,0.0,0.0,0.0,0.0,0.0,0.0,0.0,0.0,0.0,0.0,0.0,1,857,857,857,1669,756,687,645,1176,1,1,1,1634,536,1,1,1103,1601,1,0:58
2022-23,2544,LeBron James,LeBron,1610612747,LAL,Los Angeles Lakers,0042200313,2023-05-20T00:00:00,LAL vs. DEN,L,42.935,2.5,0.0,5.9,6.7,7.5,5.9,12.6,26.8,0.0,0.0,1.7,4.2,39.7,1,857,857,857,65,549,687,136,654,598,532,1229,1296,536,1,614,406,411,1,42:56
2022-23,201145,Jeff Green,Jeff,1610612743,DEN,Denver Nuggets,0042200313,2023-05-20T00:00:00,DEN @ LAL,W,23.45,0.0,0.0,0.0,3.1,12.3,6.1,13.8,33.8,0.0,0.0,4.6,1.5,17.3,1,1,1,1,920,756,687,645,1042,1022,573,1322,869,536,1,1344,934,1355,1,23:27
2022-23,1629008,Michael Porter Jr.,Michael,1610612743,DEN,Denver Nuggets,0042200313,2023-05-20T00:00:00,DEN @ LAL,W,38.1,0.0,2.8,2.8,0.0,4.7,12.3,14.2,39.7,0.0,0.0,1.9,0.9,35.9,1,1,1,1,289,756,433,423,1176,381,1167,1343,491,536,1,693,1077,545,1,38:06
2022-23,1626156,D'Angelo Russell,D'Angelo,1610612747,LAL,Los Angeles Lakers,0042200313,2023-05-20T00:00:00,LAL vs. DEN,L,20.016666666666666,0.0,0.0,0.0,0.0,14.4,3.6,30.6,32.4,0.0,0.0,0.0,1.8,17.3,1,857,857,857,1047,756,687,645,1176,1199,335,1690,964,536,1,1,873,1357,1,20:01
2022-23,203932,Aaron Gordon,Aaron,1610612743,DEN,Denver Nuggets,0042200313,2023-05-20T00:00:00,DEN @ LAL,W,32.2,0.0,0.0,0.0,2.2,6.7,15.7,12.3,38.0,1.1,0.0,0.0,3.4,20.8,1,1,1,1,550,756,687,645,1127,516,1429,1198,591,390,1,1,536,1228,1,32:12
2022-23,1630559,Austin Reaves,Austin,1610612747,LAL,Los Angeles Lakers,0042200313,2023-05-20T00:00:00,LAL vs. DEN,L,39.651666666666664,0.0,6.4,1.8,7.3,11.8,5.4,17.3,32.7,0.0,0.0,1.8,3.6,34.4,1,857,857,857,206,756,124,579,600,976,491,1499,938,536,1,662,494,615,1,39:39
2022-23,1628972,Troy Brown Jr.,Troy,1610612747,LAL,Los Angeles Lakers,0042200313,2023-05-20T00:00:00,LAL vs. DEN,L,0.965,0.0,74.6,0.0,74.6,0.0,0.0,0.0,0.0,0.0,0.0,0.0,0.0,119.4,1,857,857,857,1669,756,1,645,1,1,1,1,1634,536,1,1,1103,2,1,0:58
2022-23,203999,Nikola Jokić,Nikola,1610612743,DEN,Denver Nuggets,0042200313,2023-05-20T00:00:00,DEN @ LAL,W,38.25,0.0,1.9,1.9,13.2,1.9,12.2,9.4,43.3,0.0,0.9,3.8,4.7,41.6,1,1,1,1,283,756,597,557,204,254,1161,947,340,536,1268,1205,322,351,1,38:15
2022-23,1631108,Max Christie,Max,1610612747,LAL,Los Angeles Lakers,0042200313,2023-05-20T00:00:00,LAL vs. DEN,L,0.965,0.0,0.0,0.0,0.0,0.0,0.0,0.0,0.0,0.0,0.0,0.0,0.0,44.8,1,857,857,857,1669,756,687,645,1176,1,1,1,1634,536,1,1,1103,270,1,0:58
2022-23,203471,Dennis Schröder,Dennis,1610612747,LAL,Los Angeles Lakers,0042200313,2023-05-20T00:00:00,LAL vs. DEN,L,24.65,0.0,0.0,2.9,2.9,8.8,13.1,13.1,29.2,0.0,0.0,8.8,1.5,12.4,1,857,857,857,876,756,687,412,1054,693,1248,1275,1154,536,1,1648,946,1476,1,24:39
2022-23,1629020,Jarred Vanderbilt,Jarred,1610612747,LAL,Los Angeles Lakers,0042200313,2023-05-20T00:00:00,LAL vs. DEN,L,13.568333333333333,0.0,0.0,5.3,5.3,10.6,0.0,21.2,15.9,0.0,0.0,2.7,0.0,8.5,1,857,857,857,1249,756,687,172,794,881,1,1607,1600,536,1,894,1103,1548,1,13:34
2022-23,1629060,Rui Hachimura,Rui,1610612747,LAL,Los Angeles Lakers,0042200313,2023-05-20T00:00:00,LAL vs. DEN,L,33.718333333333334,2.1,2.1,2.1,8.5,9.6,9.6,8.5,34.2,0.0,1.1,2.1,1.1,25.3,1,857,857,857,484,613,547,522,497,782,896,864,841,536,1338,752,1049,1031,1,33:43
2022-23,1629057,Robert Williams III,Robert,1610612738,BOS,Boston Celtics,0042200302,2023-05-19T00:00:00,BOS vs. MIA,L,23.2,0.0,3.1,0.0,15.5,12.4,14.0,3.1,37.2,3.1,0.0,3.1,4.7,38.9,1,857,857,857,935,756,399,645,118,1033,1311,381,636,90,1,1052,328,440,1,23:12
2022-23,1629216,Gabe Vincent,Gabe,1610612748,MIA,Miami Heat,0042200302,2023-05-19T00:00:00,MIA @ BOS,W,40.108333333333334,0.0,0.0,0.0,0.0,10.8,1.8,8.1,34.1,0.0,0.9,0.9,2.7,14.7,1,1,1,1,180,756,687,645,1176,895,257,805,845,536,1226,432,659,1428,1,40:07
2022-23,203935,Marcus Smart,Marcus,1610612738,BOS,Boston Celtics,0042200302,2023-05-19T00:00:00,BOS vs. MIA,L,32.85333333333333,3.3,0.0,0.0,2.2,15.3,15.3,4.4,35.1,0.0,0.0,1.1,2.2,14.6,1,857,857,857,522,431,687,645,1131,1278,1410,464,782,536,1,499,777,1432,1,32:51
2022-23,201143,Al Horford,Al,1610612738,BOS,Boston Celtics,0042200302,2023-05-19T00:00:00,BOS vs. MIA,L,28.99,0.0,0.0,0.0,2.5,14.9,11.2,2.5,32.3,2.5,0.0,5.0,0.0,19.6,1,857,857,857,695,756,687,645,1102,1240,1060,353,974,146,1,1412,1103,1280,1,28:59
2022-23,1628369,Jayson Tatum,Jayson,1610612738,BOS,Boston Celtics,0042200302,2023-05-19T00:00:00,BOS vs. MIA,L,42.4,3.4,3.4,3.4,10.2,12.7,11.9,3.4,34.0,0.0,0.8,3.4,6.8,48.1,1,857,857,857,80,417,357,351,371,1069,1134,404,859,536,1192,1108,115,188,1,42:24
2022-23,1628997,Caleb Martin,Caleb,1610612748,MIA,Miami Heat,0042200302,2023-05-19T00:00:00,MIA @ BOS,W,32.13333333333333,7.8,5.6,2.2,13.4,14.6,13.4,12.3,35.9,1.1,1.1,2.2,0.0,39.0,1,1,1,1,553,74,157,501,193,1213,1279,1199,737,388,1363,775,1103,438,1,32:08
2022-23,1627759,Jaylen Brown,Jaylen,1610612738,BOS,Boston Celtics,0042200302,2023-05-19T00:00:00,BOS vs. MIA,L,37.81666666666667,0.0,1.9,1.9,7.6,17.1,10.5,1.9,36.2,0.0,2.9,2.9,1.0,22.2,1,857,857,857,306,756,590,553,568,1402,994,332,709,536,1660,975,1072,1167,1,37:49
2022-23,1627763,Malcolm Brogdon,Malcolm,1610612738,BOS,Boston Celtics,0042200302,2023-05-19T00:00:00,BOS vs. MIA,L,26.046666666666667,4.1,2.8,9.7,8.3,16.6,9.7,5.5,38.7,2.8,1.4,2.8,2.8,38.4,1,857,857,857,816,323,445,26,512,1364,901,551,555,121,1442,938,645,460,1,26:03
2022-23,1629130,Duncan Robinson,Duncan,1610612748,MIA,Miami Heat,0042200302,2023-05-19T00:00:00,MIA @ BOS,W,20.741666666666667,12.1,0.0,0.0,10.4,13.9,3.5,8.7,41.7,0.0,0.0,1.7,0.0,35.9,1,1,1,1,1025,21,687,645,356,1159,325,875,400,536,1,634,1103,541,1,20:45
2022-23,1629622,Max Strus,Max,1610612748,MIA,Miami Heat,0042200302,2023-05-19T00:00:00,MIA @ BOS,W,26.783333333333335,0.0,4.0,0.0,2.7,12.1,13.4,13.4,32.3,0.0,0.0,2.7,2.7,16.4,1,1,1,1,784,756,280,645,1081,1002,1278,1295,977,536,1,909,662,1380,1,26:47
2022-23,1628401,Derrick White,Derrick,1610612738,BOS,Boston Celtics,0042200302,2023-05-19T00:00:00,BOS vs. MIA,L,23.126666666666665,7.8,0.0,0.0,3.1,7.8,14.0,0.0,37.4,3.1,0.0,1.6,1.6,29.1,1,857,857,857,938,79,687,645,1037,618,1317,1,633,89,1,582,928,847,1,23:08
2022-23,200768,Kyle Lowry,Kyle,1610612748,MIA,Miami Heat,0042200302,2023-05-19T00:00:00,MIA @ BOS,W,17.05,0.0,0.0,0.0,0.0,23.2,21.1,19.0,46.5,2.1,2.1,2.1,4.2,26.8,1,1,1,1,1135,756,687,645,1176,1602,1604,1560,225,177,1592,746,401,954,1,17:03
2022-23,1629684,Grant Williams,Grant,1610612738,BOS,Boston Celtics,0042200302,2023-05-19T00:00:00,BOS vs. MIA,L,25.566666666666666,2.8,2.8,2.8,8.4,22.5,9.9,2.8,39.4,1.4,0.0,4.2,0.0,24.5,1,857,857,857,843,499,436,426,504,1590,933,368,508,318,1,1284,1103,1069,1,25:34
2022-23,1628389,Bam Adebayo,Bam,1610612748,MIA,Miami Heat,0042200302,2023-05-19T00:00:00,MIA @ BOS,W,38.09166666666667,3.8,1.9,1.9,9.5,11.3,3.8,8.5,37.8,0.0,1.9,4.7,8.5,51.9,1,1,1,1,291,361,596,556,418,945,349,855,609,536,1561,1370,62,125,1,38:06
2022-23,203469,Cody Zeller,Cody,1610612748,MIA,Miami Heat,0042200302,2023-05-19T00:00:00,MIA @ BOS,W,9.908333333333333,0.0,7.3,0.0,7.3,18.2,29.1,21.8,29.1,3.6,0.0,3.6,0.0,40.7,1,1,1,1,1365,756,86,645,598,1459,1684,1614,1164,62,1,1168,1103,378,1,9:55
2022-23,201567,Kevin Love,Kevin,1610612748,MIA,Miami Heat,0042200302,2023-05-19T00:00:00,MIA @ BOS,W,14.55,0.0,0.0,0.0,0.0,9.9,0.0,9.9,39.6,0.0,0.0,7.4,2.5,27.2,1,1,1,1,1217,756,687,645,1176,811,1,1000,499,536,1,1605,710,935,1,14:33
2022-23,202710,Jimmy Butler III,Jimmy,1610612748,MIA,Miami Heat,0042200302,2023-05-19T00:00:00,MIA @ BOS,W,40.63333333333333,1.8,3.5,0.0,14.2,9.7,10.6,10.6,31.9,1.8,3.5,0.9,2.7,51.0,1,1,1,1,160,688,340,645,166,798,1004,1057,1007,240,1692,428,671,136,1,40:38
2022-23,1628971,Bruce Brown,Bruce,1610612743,DEN,Denver Nuggets,0042200312,2023-05-18T00:00:00,DEN vs. LAL,W,37.28333333333333,2.9,2.9,6.8,5.8,9.7,5.8,5.8,29.0,1.0,1.9,1.9,0.0,27.5,1,1,1,1,336,485,424,91,740,789,525,572,1171,437,1566,706,1103,919,1,37:17
2022-23,1626156,D'Angelo Russell,D'Angelo,1610612747,LAL,Los Angeles Lakers,0042200312,2023-05-18T00:00:00,LAL @ DEN,L,32.835,1.1,0.0,0.0,2.2,14.3,5.5,24.1,43.9,1.1,0.0,2.2,3.3,31.9,1,857,857,857,524,737,687,645,1130,1190,493,1649,325,394,1,765,543,729,1,32:50
2022-23,1630559,Austin Reaves,Austin,1610612747,LAL,Los Angeles Lakers,0042200312,2023-05-18T00:00:00,LAL @ DEN,L,36.06,0.0,0.0,5.0,6.0,11.0,7.0,15.0,33.9,0.0,0.0,3.0,1.0,34.0,1,857,857,857,393,756,687,193,719,912,660,1398,860,536,1,1018,1067,632,1,36:04
2022-23,1629020,Jarred Vanderbilt,Jarred,1610612747,LAL,Los Angeles Lakers,0042200312,2023-05-18T00:00:00,LAL @ DEN,L,16.805,4.3,0.0,4.3,4.3,10.7,4.3,27.8,55.7,0.0,0.0,2.1,4.3,13.7,1,857,857,857,1144,308,687,250,905,888,383,1676,79,536,1,756,392,1446,1,16:48
2022-23,203932,Aaron Gordon,Aaron,1610612743,DEN,Denver Nuggets,0042200312,2023-05-18T00:00:00,DEN vs. LAL,W,38.928333333333335,0.0,1.8,1.8,9.2,17.6,3.7,17.6,38.8,0.9,0.0,1.8,0.9,16.5,1,1,1,1,248,756,605,564,432,1429,342,1510,548,459,1,677,1083,1379,1,38:56
2022-23,203471,Dennis Schröder,Dennis,1610612747,LAL,Los Angeles Lakers,0042200312,2023-05-18T00:00:00,LAL @ DEN,L,29.938333333333333,0.0,0.0,0.0,2.4,2.4,6.0,7.2,26.5,0.0,2.4,2.4,1.2,15.9,1,857,857,857,652,756,687,645,1110,265,555,712,1315,536,1620,809,1017,1394,1,29:56
2022-23,1627750,Jamal Murray,Jamal,1610612743,DEN,Denver Nuggets,0042200312,2023-05-18T00:00:00,DEN vs. LAL,W,42.7,4.2,0.0,4.2,6.7,15.2,5.1,17.7,33.7,0.0,0.8,0.8,5.1,55.2,1,1,1,1,72,315,687,259,649,1258,461,1517,873,536,1189,417,272,85,1,42:42
2022-23,1629008,Michael Porter Jr.,Michael,1610612743,DEN,Denver Nuggets,0042200312,2023-05-18T00:00:00,DEN vs. LAL,W,31.298333333333332,5.8,0.0,3.5,2.3,21.9,2.3,24.2,41.4,0.0,0.0,3.5,1.2,29.8,1,1,1,1,591,177,687,341,1120,1581,274,1652,413,536,1,1121,1031,816,1,31:18
2022-23,1631128,Christian Braun,Christian,1610612743,DEN,Denver Nuggets,0042200312,2023-05-18T00:00:00,DEN vs. LAL,W,4.5,0.0,0.0,0.0,0.0,16.0,16.0,0.0,32.0,0.0,0.0,16.0,0.0,9.6,1,1,1,1,1501,756,687,645,1176,1327,1441,1,998,536,1,1712,1103,1534,1,4:30
2022-23,203999,Nikola Jokić,Nikola,1610612743,DEN,Denver Nuggets,0042200312,2023-05-18T00:00:00,DEN vs. LAL,W,41.95,0.0,1.7,0.0,15.4,15.4,5.1,16.3,36.0,0.0,2.6,2.6,6.0,56.1,1,1,1,1,94,756,641,645,124,1286,467,1464,717,536,1637,863,174,75,1,41:57
2022-23,2544,LeBron James,LeBron,1610612747,LAL,Los Angeles Lakers,0042200312,2023-05-18T00:00:00,LAL @ DEN,L,40.13333333333333,3.6,0.0,7.2,16.1,9.9,3.6,13.5,32.3,1.8,0.0,1.8,2.7,56.3,1,857,857,857,179,387,687,78,107,806,334,1296,973,235,1,654,660,72,1,40:08
2022-23,201145,Jeff Green,Jeff,1610612743,DEN,Denver Nuggets,0042200312,2023-05-18T00:00:00,DEN vs. LAL,W,14.756666666666666,0.0,0.0,4.9,4.9,12.2,4.9,9.8,29.3,0.0,0.0,4.9,4.9,10.7,1,1,1,1,1212,756,687,200,843,1011,447,989,1150,536,1,1397,298,1517,1,14:45
2022-23,203484,Kentavious Caldwell-Pope,Kentavious,1610612743,DEN,Denver Nuggets,0042200312,2023-05-18T00:00:00,DEN vs. LAL,W,25.65,0.0,0.0,4.2,0.0,19.6,2.8,21.1,42.1,0.0,1.4,4.2,2.8,19.1,1,1,1,1,836,756,687,260,1176,1520,293,1603,382,536,1448,1283,635,1300,1,25:39
2022-23,202684,Tristan Thompson,Tristan,1610612747,LAL,Los Angeles Lakers,0042200312,2023-05-18T00:00:00,LAL @ DEN,L,0.205,0.0,0.0,0.0,0.0,0.0,0.0,0.0,0.0,0.0,0.0,0.0,0.0,0.0,1,857,857,857,1721,756,687,645,1176,1,1,1,1634,536,1,1,1103,1601,1,0:12
2022-23,1629022,Lonnie Walker IV,Lonnie,1610612747,LAL,Los Angeles Lakers,0042200312,2023-05-18T00:00:00,LAL @ DEN,L,12.966666666666667,0.0,0.0,0.0,0.0,5.6,0.0,13.9,22.2,0.0,0.0,2.8,0.0,13.0,1,857,857,857,1267,756,687,645,1176,431,1,1329,1453,536,1,946,1103,1457,1,12:58
2022-23,203076,Anthony Davis,Anthony,1610612747,LAL,Los Angeles Lakers,0042200312,2023-05-18T00:00:00,LAL @ DEN,L,40.945,7.9,3.5,1.8,5.3,11.4,6.2,19.3,36.9,3.5,0.0,3.5,5.3,45.5,1,857,857,857,144,71,343,596,797,953,576,1573,658,68,1,1139,241,251,1,40:57
2022-23,1629060,Rui Hachimura,Rui,1610612747,LAL,Los Angeles Lakers,0042200312,2023-05-18T00:00:00,LAL @ DEN,L,30.111666666666668,6.0,2.4,4.8,14.3,9.6,6.0,14.3,26.3,0.0,0.0,4.8,2.4,32.2,1,857,857,857,642,166,506,211,163,773,548,1356,1323,536,1,1380,729,716,1,30:07
2022-23,202704,Reggie Jackson,Reggie,1610612743,DEN,Denver Nuggets,0042200312,2023-05-18T00:00:00,DEN vs. LAL,W,2.933333333333333,0.0,0.0,0.0,0.0,0.0,0.0,0.0,49.1,0.0,0.0,0.0,0.0,0.0,1,1,1,1,1588,756,687,645,1176,1,1,1,148,536,1,1,1103,1601,1,2:56
2022-23,1628401,Derrick White,Derrick,1610612738,BOS,Boston Celtics,0042200301,2023-05-17T00:00:00,BOS vs. MIA,L,20.6,5.2,0.0,5.2,3.5,12.2,12.2,5.2,17.5,0.0,0.0,7.0,1.7,31.3,1,857,857,857,1032,209,687,175,996,1014,1160,536,1577,536,1,1587,886,758,1,20:36
2022-23,202710,Jimmy Butler III,Jimmy,1610612748,MIA,Miami Heat,0042200301,2023-05-17T00:00:00,MIA @ BOS,W,43.166666666666664,4.2,8.3,0.0,6.7,18.3,12.5,12.5,45.0,0.0,0.0,3.3,5.8,55.5,1,1,1,1,55,318,59,645,657,1470,1185,1219,275,536,1,1096,189,81,1,43:10
2022-23,1628369,Jayson Tatum,Jayson,1610612738,BOS,Boston Celtics,0042200301,2023-05-17T00:00:00,BOS vs. MIA,L,41.03666666666667,7.9,0.0,1.8,14.0,13.2,8.8,10.5,29.8,0.9,0.0,3.5,7.0,34.1,1,857,857,857,139,72,687,598,171,1098,822,1051,1121,496,1,1138,102,626,1,41:02
2022-23,1627763,Malcolm Brogdon,Malcolm,1610612738,BOS,Boston Celtics,0042200301,2023-05-17T00:00:00,BOS vs. MIA,L,36.81666666666667,3.9,2.0,4.9,9.8,20.5,9.8,6.8,25.4,0.0,1.0,3.9,2.9,21.4,1,857,857,857,361,345,575,198,397,1551,922,660,1363,536,1297,1237,608,1204,1,36:49
2022-23,1629622,Max Strus,Max,1610612748,MIA,Miami Heat,0042200301,2023-05-17T00:00:00,MIA @ BOS,W,34.21666666666667,5.3,2.1,4.2,4.2,17.9,15.8,12.6,48.4,0.0,2.1,2.1,0.0,19.6,1,1,1,1,462,208,553,262,914,1437,1436,1237,170,536,1591,744,1103,1281,1,34:13
2022-23,201143,Al Horford,Al,1610612738,BOS,Boston Celtics,0042200301,2023-05-17T00:00:00,BOS vs. MIA,L,31.933333333333334,0.0,0.0,0.0,4.5,13.5,10.1,5.6,27.1,0.0,0.0,1.1,0.0,28.4,1,857,857,857,563,756,687,645,885,1128,959,561,1287,536,1,505,1103,879,1,31:56
2022-23,1628389,Bam Adebayo,Bam,1610612748,MIA,Miami Heat,0042200301,2023-05-17T00:00:00,MIA @ BOS,W,36.95,2.9,0.0,1.9,17.5,15.6,13.6,12.7,39.0,0.0,0.0,2.9,5.8,36.1,1,1,1,1,354,481,687,543,81,1298,1289,1242,541,536,1,1000,187,532,1,36:57
2022-23,1629057,Robert Williams III,Robert,1610612738,BOS,Boston Celtics,0042200301,2023-05-17T00:00:00,BOS vs. MIA,L,25.513333333333332,0.0,12.7,0.0,16.9,18.3,7.1,16.9,45.2,1.4,0.0,1.4,4.2,34.4,1,857,857,857,846,756,21,645,94,1469,669,1491,271,316,1,559,399,613,1,25:31
2022-23,1629216,Gabe Vincent,Gabe,1610612748,MIA,Miami Heat,0042200301,2023-05-17T00:00:00,MIA @ BOS,W,35.8,3.0,0.0,0.0,2.0,18.1,14.1,13.1,40.2,1.0,0.0,3.0,3.0,26.7,1,1,1,1,411,461,687,645,1142,1451,1325,1270,467,415,1,1029,591,958,1,35:48
2022-23,203469,Cody Zeller,Cody,1610612748,MIA,Miami Heat,0042200301,2023-05-17T00:00:00,MIA @ BOS,W,9.283333333333333,0.0,0.0,0.0,0.0,27.1,15.5,0.0,62.0,0.0,3.9,7.8,0.0,10.1,1,1,1,1,1381,756,687,645,1176,1654,1421,1,45,536,1706,1617,1103,1528,1,9:17
2022-23,201567,Kevin Love,Kevin,1610612748,MIA,Miami Heat,0042200301,2023-05-17T00:00:00,MIA @ BOS,W,16.45,4.4,0.0,6.6,4.4,17.5,19.7,21.9,39.4,0.0,0.0,4.4,0.0,33.3,1,1,1,1,1154,298,687,98,900,1425,1575,1616,514,536,1,1305,1103,665,1,16:27
2022-23,203935,Marcus Smart,Marcus,1610612738,BOS,Boston Celtics,0042200301,2023-05-17T00:00:00,BOS vs. MIA,L,33.8,6.4,2.1,3.2,2.1,18.1,9.6,9.6,34.1,1.1,0.0,2.1,5.3,40.2,1,857,857,857,481,134,548,379,1134,1452,894,969,849,403,1,749,235,393,1,33:48
2022-23,1627759,Jaylen Brown,Jaylen,1610612738,BOS,Boston Celtics,0042200301,2023-05-17T00:00:00,BOS vs. MIA,L,38.55,3.7,4.7,1.9,14.9,18.7,6.5,8.4,35.5,0.0,1.9,1.9,1.9,32.0,1,857,857,857,268,369,228,561,145,1485,613,842,763,536,1557,683,851,725,1,38:33
2022-23,1628997,Caleb Martin,Caleb,1610612748,MIA,Miami Heat,0042200301,2023-05-17T00:00:00,MIA @ BOS,W,29.783333333333335,4.8,0.0,0.0,7.3,19.3,10.9,6.0,50.8,1.2,0.0,4.8,1.2,40.3,1,1,1,1,661,253,687,645,601,1512,1029,595,121,356,1,1388,1015,391,1,29:47
2022-23,200768,Kyle Lowry,Kyle,1610612748,MIA,Miami Heat,0042200301,2023-05-17T00:00:00,MIA @ BOS,W,27.783333333333335,0.0,0.0,3.9,0.0,24.6,9.1,9.1,59.6,1.3,0.0,2.6,0.0,36.4,1,1,1,1,750,756,687,293,1176,1625,843,917,55,335,1,877,1103,527,1,27:47
2022-23,1630202,Payton Pritchard,Payton,1610612738,BOS,Boston Celtics,0042200301,2023-05-17T00:00:00,BOS vs. MIA,L,11.75,0.0,0.0,0.0,0.0,15.3,9.2,9.2,12.3,0.0,0.0,0.0,0.0,4.6,1,857,857,857,1314,756,687,645,1176,1274,864,930,1619,536,1,1,1103,1581,1,11:45
2022-23,1629130,Duncan Robinson,Duncan,1610612748,MIA,Miami Heat,0042200301,2023-05-17T00:00:00,MIA @ BOS,W,6.566666666666666,0.0,0.0,0.0,0.0,38.4,16.4,0.0,43.9,0.0,0.0,0.0,5.5,0.0,1,1,1,1,1444,756,687,645,1176,1705,1457,1,324,536,1,1,224,1601,1,6:34
2022-23,203076,Anthony Davis,Anthony,1610612747,LAL,Los Angeles Lakers,0042200311,2023-05-16T00:00:00,LAL @ DEN,L,41.833333333333336,2.6,3.4,1.7,17.2,4.3,12.9,12.9,39.6,1.7,2.6,2.6,6.9,61.5,1,857,857,857,102,536,350,605,90,350,1233,1256,500,248,1638,870,110,45,1,41:50
2022-23,2544,LeBron James,LeBron,1610612747,LAL,Los Angeles Lakers,0042200311,2023-05-16T00:00:00,LAL @ DEN,L,39.86666666666667,3.6,3.6,3.6,12.6,2.7,14.4,13.5,36.1,0.9,0.0,0.9,5.4,48.7,1,857,857,857,198,382,327,318,240,275,1350,1304,712,478,1,437,227,179,1,39:52
2022-23,201145,Jeff Green,Jeff,1610612743,DEN,Denver Nuggets,0042200311,2023-05-16T00:00:00,DEN vs. LAL,W,17.583333333333332,0.0,0.0,0.0,0.0,12.3,10.2,10.2,36.9,0.0,0.0,2.0,4.1,6.6,1,1,1,1,1122,756,687,645,1176,1023,970,1032,664,536,1,731,420,1565,1,17:35
2022-23,1627750,Jamal Murray,Jamal,1610612743,DEN,Denver Nuggets,0042200311,2023-05-16T00:00:00,DEN vs. LAL,W,37.05,0.0,2.9,1.9,5.8,9.7,10.7,9.7,36.9,1.0,0.0,4.9,1.9,53.9,1,1,1,1,349,756,419,546,735,795,1008,986,659,434,1,1393,830,97,1,37:03
2022-23,1628971,Bruce Brown,Bruce,1610612743,DEN,Denver Nuggets,0042200311,2023-05-16T00:00:00,DEN vs. LAL,W,24.191666666666666,0.0,0.0,6.0,14.9,8.9,6.0,10.4,35.7,0.0,3.0,3.0,4.5,35.4,1,1,1,1,894,756,687,129,147,714,543,1044,745,536,1667,1012,353,571,1,24:12
2022-23,203471,Dennis Schröder,Dennis,1610612747,LAL,Los Angeles Lakers,0042200311,2023-05-16T00:00:00,LAL @ DEN,L,32.045,0.0,3.4,3.4,0.0,5.6,15.7,15.7,40.4,0.0,0.0,3.4,1.1,17.0,1,857,857,857,558,756,359,353,1176,434,1432,1441,451,536,1,1102,1037,1369,1,32:03
2022-23,1626156,D'Angelo Russell,D'Angelo,1610612747,LAL,Los Angeles Lakers,0042200311,2023-05-16T00:00:00,LAL @ DEN,L,26.133333333333333,0.0,0.0,0.0,2.8,5.5,17.9,17.9,49.6,0.0,1.4,1.4,1.4,15.8,1,857,857,857,810,756,687,645,1074,429,1511,1524,140,536,1439,552,971,1396,1,26:08
2022-23,1629022,Lonnie Walker IV,Lonnie,1610612747,LAL,Los Angeles Lakers,0042200311,2023-05-16T00:00:00,LAL @ DEN,L,19.62,0.0,0.0,0.0,0.0,0.0,9.2,11.0,36.7,0.0,0.0,1.8,0.0,26.4,1,857,857,857,1063,756,687,645,1176,1,860,1092,675,536,1,670,1103,974,1,19:37
2022-23,1630559,Austin Reaves,Austin,1610612747,LAL,Los Angeles Lakers,0042200311,2023-05-16T00:00:00,LAL @ DEN,L,42.138333333333335,4.3,1.7,1.7,1.7,4.3,12.8,12.8,35.9,0.0,0.9,4.3,3.4,32.0,1,857,857,857,85,311,643,611,1170,347,1218,1250,734,536,1195,1290,526,727,1,42:08
2022-23,203932,Aaron Gordon,Aaron,1610612743,DEN,Denver Nuggets,0042200311,2023-05-16T00:00:00,DEN vs. LAL,W,35.983333333333334,0.0,4.0,8.0,8.0,8.0,8.0,8.0,36.0,0.0,1.0,1.0,4.0,18.1,1,1,1,1,397,756,285,52,540,625,749,797,722,536,1307,466,433,1334,1,35:59
2022-23,1629008,Michael Porter Jr.,Michael,1610612743,DEN,Denver Nuggets,0042200311,2023-05-16T00:00:00,DEN vs. LAL,W,34.553333333333335,2.1,0.0,5.2,2.1,9.4,11.5,9.4,33.3,2.1,0.0,2.1,2.1,36.5,1,1,1,1,451,621,687,177,1138,757,1083,942,897,179,1,740,792,526,1,34:33
2022-23,1629020,Jarred Vanderbilt,Jarred,1610612747,LAL,Los Angeles Lakers,0042200311,2023-05-16T00:00:00,LAL @ DEN,L,10.2,0.0,0.0,0.0,0.0,0.0,10.6,14.1,28.2,0.0,0.0,10.6,0.0,16.6,1,857,857,857,1358,756,687,645,1176,1,1002,1340,1220,536,1,1674,1103,1377,1,10:12
2022-23,203484,Kentavious Caldwell-Pope,Kentavious,1610612743,DEN,Denver Nuggets,0042200311,2023-05-16T00:00:00,DEN vs. LAL,W,35.983333333333334,0.0,0.0,0.0,8.0,12.0,11.0,9.0,34.0,1.0,0.0,5.0,0.0,35.9,1,1,1,1,397,756,687,645,540,990,1044,908,854,419,1,1418,1103,543,1,35:59
2022-23,1629060,Rui Hachimura,Rui,1610612747,LAL,Los Angeles Lakers,0042200311,2023-05-16T00:00:00,LAL @ DEN,L,28.163333333333334,2.6,0.0,2.6,12.8,3.8,11.5,16.6,28.1,1.3,2.6,5.1,1.3,27.5,1,857,857,857,731,538,687,464,228,325,1087,1478,1226,339,1635,1433,998,921,1,28:10
2022-23,1631128,Christian Braun,Christian,1610612743,DEN,Denver Nuggets,0042200311,2023-05-16T00:00:00,DEN vs. LAL,W,12.221666666666666,0.0,0.0,0.0,0.0,14.7,5.9,11.8,47.1,2.9,0.0,2.9,0.0,12.4,1,1,1,1,1292,756,687,645,1176,1226,535,1149,206,105,1,1005,1103,1478,1,12:13
2022-23,203999,Nikola Jokić,Nikola,1610612743,DEN,Denver Nuggets,0042200311,2023-05-16T00:00:00,DEN vs. LAL,W,42.43333333333333,2.5,9.3,0.0,13.6,11.9,11.0,11.0,35.6,1.7,0.8,3.4,6.8,68.9,1,1,1,1,78,541,46,645,190,982,1045,1095,753,254,1191,1107,117,19,1,42:26
2022-23,1627788,Furkan Korkmaz,Furkan,1610612755,PHI,Philadelphia 76ers,0042200217,2023-05-14T00:00:00,PHI @ BOS,L,3.8666666666666667,0.0,0.0,0.0,0.0,0.0,0.0,0.0,18.6,0.0,9.3,0.0,9.3,25.1,1,857,857,857,1535,756,687,645,1176,1,1,1,1548,536,1724,1,36,1037,1,3:52
2022-23,1628369,Jayson Tatum,Jayson,1610612738,BOS,Boston Celtics,0042200217,2023-05-14T00:00:00,BOS vs. PHI,W,41.666666666666664,6.0,1.7,0.0,15.6,6.0,7.8,7.8,31.1,0.0,1.7,0.9,7.8,69.2,1,1,1,1,112,155,636,645,117,460,729,773,1043,536,1521,421,81,17,1,41:40
2022-23,203954,Joel Embiid,Joel,1610612755,PHI,Philadelphia 76ers,0042200217,2023-05-14T00:00:00,PHI @ BOS,L,38.3,0.0,0.0,2.8,9.4,13.2,5.6,5.6,37.6,1.9,2.8,2.8,4.7,26.4,1,857,857,857,279,756,687,425,421,1099,507,562,622,212,1656,959,323,975,1,38:18
2022-23,1627759,Jaylen Brown,Jaylen,1610612738,BOS,Boston Celtics,0042200217,2023-05-14T00:00:00,BOS vs. PHI,W,40.516666666666666,3.6,1.8,3.6,7.1,8.0,8.0,6.2,32.0,1.8,1.8,0.9,2.7,39.3,1,1,1,1,165,392,624,327,616,624,748,608,1002,238,1535,429,670,424,1,40:31
2022-23,1627777,Georges Niang,Georges,1610612755,PHI,Philadelphia 76ers,0042200217,2023-05-14T00:00:00,PHI @ BOS,L,3.75,0.0,0.0,0.0,0.0,38.4,0.0,19.2,38.4,9.6,0.0,0.0,0.0,28.8,1,857,857,857,1541,756,687,645,1176,1706,1,1566,571,8,1,1,1103,854,1,3:45
2022-23,1627763,Malcolm Brogdon,Malcolm,1610612738,BOS,Boston Celtics,0042200217,2023-05-14T00:00:00,BOS vs. PHI,W,28.666666666666668,3.8,2.5,2.5,7.5,5.0,13.8,6.3,35.2,0.0,1.3,2.5,0.0,21.9,1,1,1,1,709,363,481,468,572,405,1301,615,776,536,1411,840,1103,1186,1,28:40
2022-23,1630178,Tyrese Maxey,Tyrese,1610612755,PHI,Philadelphia 76ers,0042200217,2023-05-14T00:00:00,PHI @ BOS,L,42.12166666666667,0.0,1.7,0.0,5.1,12.0,5.1,5.1,35.9,0.0,0.0,1.7,1.7,21.9,1,857,857,857,86,756,642,645,819,987,466,524,733,536,1,619,895,1183,1,42:07
2022-23,1629684,Grant Williams,Grant,1610612738,BOS,Boston Celtics,0042200217,2023-05-14T00:00:00,BOS vs. PHI,W,3.3833333333333333,0.0,0.0,0.0,0.0,21.3,0.0,21.3,63.8,0.0,0.0,0.0,10.6,28.7,1,1,1,1,1567,756,687,645,1176,1567,1,1608,36,536,1,1,14,861,1,3:23
2022-23,201935,James Harden,James,1610612755,PHI,Philadelphia 76ers,0042200217,2023-05-14T00:00:00,PHI @ BOS,L,40.81666666666667,3.5,1.8,0.0,3.5,9.7,5.3,5.3,33.5,0.9,0.0,0.9,1.8,27.1,1,857,857,857,150,398,628,645,991,794,479,538,884,492,1,426,885,941,1,40:49
2022-23,1630202,Payton Pritchard,Payton,1610612738,BOS,Boston Celtics,0042200217,2023-05-14T00:00:00,BOS vs. PHI,W,2.066666666666667,0.0,0.0,0.0,0.0,34.8,0.0,34.8,34.8,0.0,0.0,0.0,0.0,-17.4,1,1,1,1,1634,756,687,645,1176,1697,1,1699,804,536,1,1,1103,1722,1,2:04
2022-23,1627863,Danuel House Jr.,Danuel,1610612755,PHI,Philadelphia 76ers,0042200217,2023-05-14T00:00:00,PHI @ BOS,L,5.783333333333333,0.0,0.0,0.0,24.9,18.7,0.0,0.0,12.4,0.0,0.0,6.2,0.0,39.8,1,857,857,857,1457,756,687,645,19,1484,1,1,1618,536,1,1535,1103,407,1,5:47
2022-23,1628436,Luke Kornet,Luke,1610612738,BOS,Boston Celtics,0042200217,2023-05-14T00:00:00,BOS vs. PHI,W,3.8666666666666667,0.0,0.0,0.0,0.0,18.6,0.0,18.6,55.9,0.0,0.0,0.0,0.0,22.3,1,1,1,1,1535,756,687,645,1176,1483,1,1553,78,536,1,1,1103,1158,1,3:52
2022-23,201143,Al Horford,Al,1610612738,BOS,Boston Celtics,0042200217,2023-05-14T00:00:00,BOS vs. PHI,W,33.9,0.0,0.0,0.0,0.0,7.4,5.3,7.4,29.7,3.2,0.0,2.1,0.0,39.8,1,1,1,1,474,756,687,645,1176,587,480,739,1124,84,1,747,1103,409,1,33:54
2022-23,1629003,Shake Milton,Shake,1610612755,PHI,Philadelphia 76ers,0042200217,2023-05-14T00:00:00,PHI @ BOS,L,3.8666666666666667,0.0,0.0,0.0,0.0,0.0,0.0,0.0,18.6,0.0,0.0,0.0,0.0,0.0,1,857,857,857,1535,756,687,645,1176,1,1,1,1548,536,1,1,1103,1601,1,3:52
2022-23,1630194,Paul Reed,Paul,1610612755,PHI,Philadelphia 76ers,0042200217,2023-05-14T00:00:00,PHI @ BOS,L,9.7,0.0,0.0,0.0,0.0,0.0,0.0,0.0,14.8,0.0,0.0,0.0,3.7,39.7,1,857,857,857,1371,756,687,645,1176,1,1,1,1608,536,1,1,476,413,1,9:42
2022-23,203935,Marcus Smart,Marcus,1610612738,BOS,Boston Celtics,0042200217,2023-05-14T00:00:00,BOS vs. PHI,W,39.2,0.0,0.0,0.0,3.7,8.3,9.2,5.5,31.2,0.9,0.9,1.8,0.0,17.3,1,1,1,1,229,756,687,645,974,642,863,549,1036,465,1245,671,1103,1358,1,39:12
2022-23,1630573,Sam Hauser,Sam,1610612738,BOS,Boston Celtics,0042200217,2023-05-14T00:00:00,BOS vs. PHI,W,2.066666666666667,0.0,0.0,0.0,0.0,34.8,0.0,34.8,34.8,0.0,0.0,0.0,0.0,0.0,1,1,1,1,1634,756,687,645,1176,1697,1,1699,804,536,1,1,1103,1601,1,2:04
2022-23,1630531,Jaden Springer,Jaden,1610612755,PHI,Philadelphia 76ers,0042200217,2023-05-14T00:00:00,PHI @ BOS,L,3.8666666666666667,18.6,0.0,18.6,18.6,0.0,0.0,0.0,18.6,0.0,0.0,9.3,0.0,65.2,1,857,857,857,1535,5,687,7,59,1,1,1,1548,536,1,1656,1103,28,1,3:52
2022-23,200782,P.J. Tucker,P.J.,1610612755,PHI,Philadelphia 76ers,0042200217,2023-05-14T00:00:00,PHI @ BOS,L,19.695,5.5,5.5,0.0,3.7,16.5,7.3,3.7,47.5,1.8,0.0,1.8,0.0,27.8,1,857,857,857,1059,195,162,645,976,1350,687,424,195,227,1,666,1103,903,1,19:42
2022-23,1628401,Derrick White,Derrick,1610612738,BOS,Boston Celtics,0042200217,2023-05-14T00:00:00,BOS vs. PHI,W,12.445,0.0,0.0,0.0,0.0,5.8,31.8,14.5,46.3,2.9,0.0,8.7,0.0,17.4,1,1,1,1,1284,756,687,645,1176,444,1688,1364,233,110,1,1646,1103,1354,1,12:27
2022-23,1630551,Justin Champagnie,Justin,1610612738,BOS,Boston Celtics,0042200217,2023-05-14T00:00:00,BOS vs. PHI,W,2.066666666666667,0.0,0.0,0.0,34.8,34.8,0.0,34.8,34.8,0.0,0.0,17.4,0.0,34.8,1,1,1,1,1634,756,687,645,8,1697,1,1699,804,536,1,1718,1103,590,1,2:04
2022-23,202699,Tobias Harris,Tobias,1610612755,PHI,Philadelphia 76ers,0042200217,2023-05-14T00:00:00,PHI @ BOS,L,39.6,1.8,1.8,5.5,10.9,6.4,5.5,3.6,34.5,0.0,0.0,2.7,1.8,24.5,1,857,857,857,208,677,611,159,327,486,492,422,822,536,1,920,868,1066,1,39:36
2022-23,1629057,Robert Williams III,Robert,1610612738,BOS,Boston Celtics,0042200217,2023-05-14T00:00:00,BOS vs. PHI,W,30.155,0.0,0.0,0.0,7.2,8.4,11.9,7.2,28.7,0.0,1.2,1.2,1.2,18.5,1,1,1,1,637,756,687,645,611,650,1136,707,1193,536,1388,523,1019,1326,1,30:09
2022-23,1629001,De'Anthony Melton,De'Anthony,1610612755,PHI,Philadelphia 76ers,0042200217,2023-05-14T00:00:00,PHI @ BOS,L,28.633333333333333,0.0,5.0,0.0,5.0,10.1,2.5,5.0,25.1,2.5,3.8,2.5,0.0,24.5,1,857,857,857,713,756,197,645,828,825,282,514,1370,141,1701,841,1103,1068,1,28:38
2022-23,1630167,Obi Toppin,Obi,1610612752,NYK,New York Knicks,0042200206,2023-05-12T00:00:00,NYK @ MIA,L,12.233333333333333,0.0,0.0,0.0,0.0,14.7,11.8,0.0,23.5,0.0,0.0,0.0,2.9,35.6,1,857,857,857,1290,756,687,645,1176,1223,1117,1,1423,536,1,1,607,560,1,12:14
2022-23,1629011,Mitchell Robinson,Mitchell,1610612752,NYK,New York Knicks,0042200206,2023-05-12T00:00:00,NYK @ MIA,L,28.616666666666667,0.0,2.5,0.0,0.0,3.8,2.5,5.0,32.7,1.3,0.0,2.5,2.5,24.8,1,857,857,857,714,756,479,645,1176,322,283,515,935,342,1,843,699,1056,1,28:37
2022-23,1629022,Lonnie Walker IV,Lonnie,1610612747,LAL,Los Angeles Lakers,0042200236,2023-05-12T00:00:00,LAL vs. GSW,W,14.478333333333333,0.0,0.0,7.5,5.0,12.4,12.4,14.9,44.8,0.0,0.0,12.4,5.0,32.3,1,1,1,1,1219,756,687,67,834,1037,1181,1394,289,536,1,1692,285,710,1,14:29
2022-23,1629130,Duncan Robinson,Duncan,1610612748,MIA,Miami Heat,0042200206,2023-05-12T00:00:00,MIA vs. NYK,W,14.0,7.7,7.7,0.0,0.0,2.6,2.6,0.0,15.4,0.0,0.0,2.6,0.0,23.1,1,1,1,1,1233,82,72,645,1176,271,286,1,1605,536,1,862,1103,1126,1,14:00
2022-23,1628973,Jalen Brunson,Jalen,1610612752,NYK,New York Knicks,0042200206,2023-05-12T00:00:00,NYK @ MIA,L,45.153333333333336,2.4,0.8,0.0,6.4,6.4,4.8,4.8,27.1,0.0,0.0,3.2,4.0,37.7,1,857,857,857,18,574,686,645,684,488,435,495,1284,536,1,1064,434,477,1,45:09
2022-23,1629020,Jarred Vanderbilt,Jarred,1610612747,LAL,Los Angeles Lakers,0042200236,2023-05-12T00:00:00,LAL vs. GSW,W,3.9616666666666664,18.2,0.0,0.0,18.2,0.0,18.2,0.0,36.3,0.0,0.0,0.0,0.0,45.4,1,1,1,1,1522,7,687,645,69,1,1525,1,703,536,1,1,1103,253,1,3:58
2022-23,1629628,RJ Barrett,RJ,1610612752,NYK,New York Knicks,0042200206,2023-05-12T00:00:00,NYK @ MIA,L,32.083333333333336,0.0,0.0,4.5,0.0,9.0,5.6,4.5,26.9,0.0,1.1,5.6,5.6,13.4,1,857,857,857,554,756,687,228,1176,720,502,472,1292,536,1364,1486,209,1454,1,32:05
2022-23,1631116,Patrick Baldwin Jr.,Patrick,1610612744,GSW,Golden State Warriors,0042200236,2023-05-12T00:00:00,GSW @ LAL,L,3.75,0.0,0.0,0.0,0.0,0.0,28.8,19.2,19.2,0.0,0.0,0.0,0.0,37.4,1,857,857,857,1541,756,687,645,1176,1,1674,1566,1531,536,1,1,1103,488,1,3:45
2022-23,1630559,Austin Reaves,Austin,1610612747,LAL,Los Angeles Lakers,0042200236,2023-05-12T00:00:00,LAL vs. GSW,W,39.333333333333336,2.7,4.6,4.6,5.5,9.2,9.2,7.3,32.9,0.0,0.9,1.8,5.5,32.9,1,1,1,1,224,511,239,222,771,734,859,724,919,536,1242,668,222,679,1,39:20
2022-23,202684,Tristan Thompson,Tristan,1610612747,LAL,Los Angeles Lakers,0042200236,2023-05-12T00:00:00,LAL vs. GSW,W,3.75,0.0,0.0,0.0,0.0,0.0,28.8,0.0,19.2,0.0,0.0,0.0,0.0,23.0,1,1,1,1,1541,756,687,645,1176,1,1674,1,1531,536,1,1,1103,1129,1,3:45
2022-23,1629216,Gabe Vincent,Gabe,1610612748,MIA,Miami Heat,0042200206,2023-05-12T00:00:00,MIA vs. NYK,W,31.44,0.0,0.0,0.0,2.3,6.9,4.6,2.3,9.2,0.0,0.0,4.6,2.3,21.9,1,1,1,1,581,756,687,645,1123,529,414,343,1626,536,1,1340,749,1184,1,31:26
2022-23,203469,Cody Zeller,Cody,1610612748,MIA,Miami Heat,0042200206,2023-05-12T00:00:00,MIA vs. NYK,W,9.03,0.0,0.0,0.0,0.0,0.0,8.0,8.0,23.9,0.0,0.0,8.0,0.0,11.6,1,1,1,1,1392,756,687,645,1176,1,746,795,1409,536,1,1621,1103,1494,1,9:02
2022-23,1628404,Josh Hart,Josh,1610612752,NYK,New York Knicks,0042200206,2023-05-12T00:00:00,NYK @ MIA,L,33.3,4.3,0.0,2.2,6.5,10.8,7.6,2.2,28.1,1.1,1.1,5.4,2.2,26.9,1,857,857,857,501,306,687,519,675,900,708,340,1227,400,1348,1465,779,950,1,33:18
2022-23,1628392,Isaiah Hartenstein,Isaiah,1610612752,NYK,New York Knicks,0042200206,2023-05-12T00:00:00,NYK @ MIA,L,18.3,0.0,0.0,0.0,3.9,9.8,11.8,3.9,23.6,7.9,0.0,5.9,2.0,35.8,1,857,857,857,1102,756,687,645,937,804,1124,440,1421,14,1,1512,823,551,1,18:18
2022-23,1630237,Anthony Lamb,Anthony,1610612744,GSW,Golden State Warriors,0042200236,2023-05-12T00:00:00,GSW @ LAL,L,3.75,0.0,0.0,0.0,19.2,0.0,28.8,19.2,19.2,0.0,0.0,9.6,0.0,42.2,1,857,857,857,1541,756,687,645,51,1,1674,1566,1531,536,1,1662,1103,331,1,3:45
2022-23,201939,Stephen Curry,Stephen,1610612744,GSW,Golden State Warriors,0042200236,2023-05-12T00:00:00,GSW @ LAL,L,38.95,5.5,4.6,4.6,12.9,7.4,7.4,14.8,37.0,0.9,0.9,2.8,4.6,45.0,1,857,857,857,246,189,234,216,219,584,696,1385,654,460,1254,941,336,264,1,38:57
2022-23,1631108,Max Christie,Max,1610612747,LAL,Los Angeles Lakers,0042200236,2023-05-12T00:00:00,LAL vs. GSW,W,2.183333333333333,0.0,0.0,0.0,0.0,0.0,0.0,0.0,33.0,0.0,0.0,0.0,0.0,0.0,1,1,1,1,1624,756,687,645,1176,1,1,1,916,536,1,1,1103,1601,1,2:11
2022-23,1627780,Gary Payton II,Gary,1610612744,GSW,Golden State Warriors,0042200236,2023-05-12T00:00:00,GSW @ LAL,L,10.416666666666666,0.0,0.0,0.0,13.8,0.0,10.4,0.0,41.5,0.0,0.0,6.9,3.5,27.3,1,857,857,857,1349,756,687,645,182,1,988,1,405,536,1,1581,519,930,1,10:25
2022-23,1626172,Kevon Looney,Kevon,1610612744,GSW,Golden State Warriors,0042200236,2023-05-12T00:00:00,GSW @ LAL,L,26.138333333333332,0.0,2.8,0.0,8.3,9.6,2.8,17.9,35.8,0.0,0.0,4.1,1.4,44.9,1,857,857,857,809,756,446,645,519,786,291,1523,742,536,1,1271,972,267,1,26:08
2022-23,2544,LeBron James,LeBron,1610612747,LAL,Los Angeles Lakers,0042200236,2023-05-12T00:00:00,LAL vs. GSW,W,43.13333333333333,0.8,0.0,5.0,13.4,8.3,12.5,6.7,35.1,0.8,0.0,1.7,5.8,51.2,1,1,1,1,58,753,687,188,196,648,1188,642,783,514,1,613,188,133,1,43:08
2022-23,1628978,Donte DiVincenzo,Donte,1610612744,GSW,Golden State Warriors,0042200236,2023-05-12T00:00:00,GSW @ LAL,L,25.65,0.0,0.0,4.2,5.6,12.6,5.6,23.9,39.3,0.0,1.4,5.6,2.8,30.6,1,857,857,857,836,756,687,260,759,1059,503,1644,519,536,1448,1487,635,791,1,25:39
2022-23,1629673,Jordan Poole,Jordan,1610612744,GSW,Golden State Warriors,0042200236,2023-05-12T00:00:00,GSW @ LAL,L,23.031666666666666,3.1,4.7,0.0,9.4,9.4,6.3,18.8,21.9,0.0,1.6,6.3,3.1,18.8,1,857,857,857,944,449,225,645,422,758,587,1555,1460,536,1478,1540,566,1315,1,23:02
2022-23,203952,Andrew Wiggins,Andrew,1610612744,GSW,Golden State Warriors,0042200236,2023-05-12T00:00:00,GSW @ LAL,L,28.255,0.0,0.0,0.0,2.5,3.8,7.6,16.6,38.2,0.0,1.3,6.4,3.8,18.3,1,857,857,857,726,756,687,645,1094,324,714,1475,582,536,1416,1549,461,1330,1,28:15
2022-23,201567,Kevin Love,Kevin,1610612748,MIA,Miami Heat,0042200206,2023-05-12T00:00:00,MIA vs. NYK,W,15.516666666666667,0.0,0.0,0.0,0.0,0.0,0.0,9.3,4.6,0.0,0.0,4.6,0.0,18.8,1,1,1,1,1186,756,687,645,1176,1,1,939,1633,536,1,1350,1103,1313,1,15:31
2022-23,202710,Jimmy Butler III,Jimmy,1610612748,MIA,Miami Heat,0042200206,2023-05-12T00:00:00,MIA vs. NYK,W,41.31666666666667,3.5,0.9,1.7,7.0,6.1,6.1,5.2,15.7,0.0,3.5,1.7,7.0,34.5,1,1,1,1,129,405,684,601,625,464,566,534,1601,536,1690,635,104,608,1,41:19
2022-23,1628389,Bam Adebayo,Bam,1610612748,MIA,Miami Heat,0042200206,2023-05-12T00:00:00,MIA vs. NYK,W,38.97,1.8,3.7,1.8,12.9,6.5,4.6,3.7,12.9,0.9,2.8,2.8,5.5,39.1,1,1,1,1,242,671,320,565,220,497,424,426,1615,461,1655,939,217,436,1,38:58
2022-23,202691,Klay Thompson,Klay,1610612744,GSW,Golden State Warriors,0042200236,2023-05-12T00:00:00,GSW @ LAL,L,37.61666666666667,0.0,2.9,0.0,0.0,9.6,7.7,19.1,36.4,0.0,1.0,1.9,0.0,18.3,1,857,857,857,316,756,430,645,1176,776,716,1563,700,536,1278,701,1103,1331,1,37:37
2022-23,1629656,Quentin Grimes,Quentin,1610612752,NYK,New York Knicks,0042200206,2023-05-12T00:00:00,NYK @ MIA,L,31.7,0.0,0.0,0.0,0.0,4.5,4.5,6.8,29.5,0.0,0.0,1.1,1.1,10.1,1,857,857,857,572,756,687,645,1176,364,410,657,1140,536,1,506,1034,1527,1,31:42
2022-23,1629622,Max Strus,Max,1610612748,MIA,Miami Heat,0042200206,2023-05-12T00:00:00,MIA vs. NYK,W,34.10333333333333,1.1,0.0,2.1,6.3,6.3,6.3,6.3,14.8,0.0,1.1,1.1,4.2,27.1,1,1,1,1,467,738,687,527,685,483,594,620,1610,536,1332,484,402,938,1,34:06
2022-23,1628997,Caleb Martin,Caleb,1610612748,MIA,Miami Heat,0042200206,2023-05-12T00:00:00,MIA vs. NYK,W,24.38,0.0,0.0,0.0,3.0,4.4,4.4,3.0,20.7,0.0,1.5,4.4,1.5,25.8,1,1,1,1,886,756,687,645,1050,360,400,375,1499,536,1464,1318,941,1006,1,24:23
2022-23,1626156,D'Angelo Russell,D'Angelo,1610612747,LAL,Los Angeles Lakers,0042200236,2023-05-12T00:00:00,LAL vs. GSW,W,41.02166666666667,0.0,0.0,1.8,3.5,6.1,13.2,4.4,35.1,0.0,0.0,0.9,2.6,21.0,1,1,1,1,140,756,687,597,993,472,1249,465,781,536,1,425,680,1221,1,41:01
2022-23,200768,Kyle Lowry,Kyle,1610612748,MIA,Miami Heat,0042200206,2023-05-12T00:00:00,MIA vs. NYK,W,31.243333333333332,0.0,0.0,0.0,6.9,5.8,8.1,4.6,20.7,1.2,0.0,4.6,1.2,46.4,1,1,1,1,593,756,687,645,639,443,755,481,1495,376,1,1345,1030,228,1,31:15
2022-23,1627885,Shaquille Harrison,Shaquille,1610612747,LAL,Los Angeles Lakers,0042200236,2023-05-12T00:00:00,LAL vs. GSW,W,3.75,0.0,0.0,0.0,0.0,0.0,28.8,0.0,19.2,0.0,0.0,0.0,9.6,24.0,1,1,1,1,1541,756,687,645,1176,1,1674,1,1531,536,1,1,29,1092,1,3:45
2022-23,1628972,Troy Brown Jr.,Troy,1610612747,LAL,Los Angeles Lakers,0042200236,2023-05-12T00:00:00,LAL vs. GSW,W,3.75,0.0,0.0,19.2,19.2,0.0,28.8,0.0,19.2,0.0,0.0,0.0,0.0,53.8,1,1,1,1,1541,756,687,5,51,1,1674,1,1531,536,1,1,1103,100,1,3:45
2022-23,203076,Anthony Davis,Anthony,1610612747,LAL,Los Angeles Lakers,0042200236,2023-05-12T00:00:00,LAL vs. GSW,W,39.53,3.6,2.7,1.8,9.1,6.4,11.8,4.6,32.8,1.8,0.0,2.7,6.4,52.4,1,1,1,1,214,379,448,575,444,487,1128,478,929,228,1,925,142,114,1,39:32
2022-23,203944,Julius Randle,Julius,1610612752,NYK,New York Knicks,0042200206,2023-05-12T00:00:00,NYK @ MIA,L,35.766666666666666,0.0,4.0,0.0,4.0,5.0,4.0,6.0,30.2,2.0,0.0,2.0,5.0,35.9,1,857,857,857,413,756,281,645,927,407,367,594,1092,189,1,725,277,540,1,35:46
2022-23,1629060,Rui Hachimura,Rui,1610612747,LAL,Los Angeles Lakers,0042200236,2023-05-12T00:00:00,LAL vs. GSW,W,16.183333333333334,0.0,0.0,4.4,8.9,13.3,28.9,6.7,26.7,4.4,2.2,0.0,6.7,41.4,1,1,1,1,1167,756,687,229,458,1117,1683,641,1301,46,1604,1,126,359,1,16:11
2022-23,1630541,Moses Moody,Moses,1610612744,GSW,Golden State Warriors,0042200236,2023-05-12T00:00:00,GSW @ LAL,L,14.65,0.0,7.4,0.0,0.0,0.0,7.4,4.9,29.5,0.0,0.0,2.5,2.5,33.2,1,857,857,857,1214,756,81,645,1176,1,693,507,1142,536,1,826,714,670,1,14:39
2022-23,1630228,Jonathan Kuminga,Jonathan,1610612744,GSW,Golden State Warriors,0042200236,2023-05-12T00:00:00,GSW @ LAL,L,3.75,0.0,0.0,0.0,0.0,0.0,28.8,19.2,19.2,0.0,0.0,0.0,0.0,33.6,1,857,857,857,1541,756,687,645,1176,1,1674,1566,1531,536,1,1,1103,648,1,3:45
2022-23,1627736,Malik Beasley,Malik,1610612747,LAL,Los Angeles Lakers,0042200236,2023-05-12T00:00:00,LAL vs. GSW,W,3.75,0.0,28.8,0.0,0.0,0.0,28.8,0.0,19.2,0.0,0.0,0.0,0.0,28.8,1,1,1,1,1541,756,3,645,1176,1,1674,1,1531,536,1,1,1103,854,1,3:45
2022-23,1630540,Miles McBride,Miles,1610612752,NYK,New York Knicks,0042200206,2023-05-12T00:00:00,NYK @ MIA,L,2.8466666666666667,0.0,0.0,0.0,0.0,25.3,25.3,0.0,50.6,12.6,0.0,0.0,0.0,37.9,1,857,857,857,1591,756,687,645,1176,1637,1660,1,124,2,1,1,1103,469,1,2:51
2022-23,203471,Dennis Schröder,Dennis,1610612747,LAL,Los Angeles Lakers,0042200236,2023-05-12T00:00:00,LAL vs. GSW,W,25.175,0.0,0.0,0.0,0.0,7.1,7.1,7.1,31.5,1.4,0.0,5.7,1.4,22.7,1,1,1,1,856,756,687,645,1176,556,673,702,1028,312,1,1502,956,1140,1,25:11
2022-23,203110,Draymond Green,Draymond,1610612744,GSW,Golden State Warriors,0042200236,2023-05-12T00:00:00,GSW @ LAL,L,24.041666666666668,3.0,3.0,0.0,9.0,10.5,12.0,16.5,35.9,1.5,1.5,7.5,3.0,37.9,1,857,857,857,897,467,411,645,451,867,1141,1471,730,298,1466,1609,596,471,1,24:03
2022-23,1628427,Vlatko Čančar,Vlatko,1610612743,DEN,Denver Nuggets,0042200226,2023-05-11T00:00:00,DEN @ PHX,W,2.183333333333333,0.0,0.0,0.0,0.0,0.0,0.0,0.0,66.0,0.0,0.0,0.0,0.0,24.7,1,1,1,1,1624,756,687,645,1176,1,1,1,24,536,1,1,1103,1061,1,2:11
2022-23,1626166,Cameron Payne,Cameron,1610612756,PHX,Phoenix Suns,0042200226,2023-05-11T00:00:00,PHX vs. DEN,L,41.565,6.1,2.6,4.3,5.2,15.6,12.1,12.1,46.8,0.9,0.0,2.6,2.6,34.8,1,857,857,857,120,153,464,245,807,1299,1149,1184,218,502,1,879,685,592,1,41:34
2022-23,1631212,Peyton Watson,Peyton,1610612743,DEN,Denver Nuggets,0042200226,2023-05-11T00:00:00,DEN @ PHX,W,2.183333333333333,0.0,0.0,0.0,33.0,0.0,0.0,0.0,66.0,0.0,0.0,16.5,0.0,52.8,1,1,1,1,1624,756,687,645,9,1,1,1,24,536,1,1713,1103,110,1,2:11
2022-23,202699,Tobias Harris,Tobias,1610612755,PHI,Philadelphia 76ers,0042200216,2023-05-11T00:00:00,PHI vs. BOS,L,41.906666666666666,1.7,0.0,0.0,1.7,7.7,6.0,18.9,25.8,1.7,0.9,1.7,0.0,22.1,1,857,857,857,97,703,687,645,1168,615,556,1558,1353,252,1199,622,1103,1171,1,41:54
2022-23,203954,Joel Embiid,Joel,1610612755,PHI,Philadelphia 76ers,0042200216,2023-05-11T00:00:00,PHI vs. BOS,L,40.84,5.3,1.8,1.8,8.8,7.1,4.4,21.2,28.2,2.6,0.0,2.6,4.4,41.9,1,857,857,857,149,207,629,594,469,549,397,1605,1223,129,1,891,364,339,1,40:50
2022-23,1627777,Georges Niang,Georges,1610612755,PHI,Philadelphia 76ers,0042200216,2023-05-11T00:00:00,PHI vs. BOS,L,14.906666666666666,0.0,7.2,7.2,0.0,4.8,4.8,7.2,19.3,0.0,0.0,4.8,0.0,14.5,1,857,857,857,1206,756,87,75,1176,387,440,715,1529,536,1,1387,1103,1436,1,14:54
2022-23,203933,T.J. Warren,T.J.,1610612756,PHX,Phoenix Suns,0042200226,2023-05-11T00:00:00,PHX vs. DEN,L,15.568333333333333,0.0,0.0,0.0,0.0,6.9,9.2,11.6,32.4,0.0,0.0,2.3,0.0,5.5,1,857,857,857,1184,756,687,645,1176,537,867,1134,963,536,1,788,1103,1571,1,15:34
2022-23,1630688,Ish Wainright,Ish,1610612756,PHX,Phoenix Suns,0042200226,2023-05-11T00:00:00,PHX vs. DEN,L,2.066666666666667,0.0,0.0,0.0,0.0,0.0,0.0,0.0,34.8,0.0,0.0,0.0,0.0,0.0,1,857,857,857,1634,756,687,645,1176,1,1,1,804,536,1,1,1103,1601,1,2:04
2022-23,202704,Reggie Jackson,Reggie,1610612743,DEN,Denver Nuggets,0042200226,2023-05-11T00:00:00,DEN @ PHX,W,2.7666666666666666,0.0,0.0,0.0,0.0,0.0,0.0,0.0,52.0,0.0,0.0,0.0,0.0,39.0,1,1,1,1,1597,756,687,645,1176,1,1,1,101,536,1,1,1103,437,1,2:46
2022-23,201145,Jeff Green,Jeff,1610612743,DEN,Denver Nuggets,0042200226,2023-05-11T00:00:00,DEN @ PHX,W,17.516666666666666,0.0,4.1,0.0,0.0,12.3,4.1,12.3,20.6,0.0,0.0,6.2,6.2,11.1,1,1,1,1,1126,756,273,645,1176,1026,371,1201,1501,536,1,1533,160,1507,1,17:31
2022-23,1628401,Derrick White,Derrick,1610612738,BOS,Boston Celtics,0042200216,2023-05-11T00:00:00,BOS @ PHI,W,19.2,0.0,0.0,0.0,0.0,18.8,11.3,16.9,26.3,1.9,0.0,0.0,0.0,33.6,1,1,1,1,1076,756,687,645,1176,1488,1071,1488,1326,214,1,1,1103,651,1,19:12
2022-23,1630194,Paul Reed,Paul,1610612755,PHI,Philadelphia 76ers,0042200216,2023-05-11T00:00:00,PHI vs. BOS,L,5.693333333333333,0.0,0.0,0.0,0.0,19.0,12.6,0.0,25.3,0.0,0.0,6.3,0.0,20.2,1,857,857,857,1463,756,687,645,1176,1498,1198,1,1366,536,1,1545,1103,1250,1,5:42
2022-23,201935,James Harden,James,1610612755,PHI,Philadelphia 76ers,0042200216,2023-05-11T00:00:00,PHI vs. BOS,L,43.156666666666666,0.0,0.0,3.3,6.7,9.2,5.8,17.5,28.4,0.8,2.5,2.5,4.2,35.0,1,857,857,857,57,756,687,357,655,735,530,1509,1209,515,1629,836,412,586,1,43:09
2022-23,1628369,Jayson Tatum,Jayson,1610612738,BOS,Boston Celtics,0042200216,2023-05-11T00:00:00,BOS @ PHI,W,42.96666666666667,3.4,2.5,1.7,1.7,15.1,6.7,15.1,23.5,1.7,1.7,0.8,4.2,39.2,1,1,1,1,62,420,480,613,1172,1254,632,1404,1425,258,1506,414,408,429,1,42:58
2022-23,201143,Al Horford,Al,1610612738,BOS,Boston Celtics,0042200216,2023-05-11T00:00:00,BOS @ PHI,W,39.1,1.8,0.0,1.8,1.8,14.7,4.6,16.6,23.9,0.9,0.9,2.8,0.0,20.9,1,1,1,1,238,672,687,567,1159,1227,421,1476,1408,463,1250,937,1103,1226,1,39:06
2022-23,1629003,Shake Milton,Shake,1610612755,PHI,Philadelphia 76ers,0042200216,2023-05-11T00:00:00,PHI vs. BOS,L,0.61,0.0,0.0,0.0,0.0,0.0,0.0,0.0,0.0,0.0,0.0,0.0,0.0,0.0,1,857,857,857,1682,756,687,645,1176,1,1,1,1634,536,1,1,1103,1601,1,0:37
2022-23,202397,Ish Smith,Ish,1610612743,DEN,Denver Nuggets,0042200226,2023-05-11T00:00:00,DEN @ PHX,W,2.183333333333333,0.0,0.0,0.0,0.0,0.0,0.0,0.0,66.0,0.0,0.0,0.0,0.0,33.0,1,1,1,1,1624,756,687,645,1176,1,1,1,24,536,1,1,1103,676,1,2:11
2022-23,1630531,Jaden Springer,Jaden,1610612755,PHI,Philadelphia 76ers,0042200216,2023-05-11T00:00:00,PHI vs. BOS,L,0.61,0.0,0.0,0.0,0.0,0.0,0.0,0.0,0.0,0.0,0.0,0.0,0.0,118.0,1,857,857,857,1682,756,687,645,1176,1,1,1,1634,536,1,1,1103,3,1,0:37
2022-23,1631128,Christian Braun,Christian,1610612743,DEN,Denver Nuggets,0042200226,2023-05-11T00:00:00,DEN @ PHX,W,14.433333333333334,0.0,0.0,0.0,5.0,12.5,5.0,12.5,20.0,0.0,0.0,2.5,2.5,16.0,1,1,1,1,1222,756,687,645,832,1044,453,1214,1514,536,1,833,703,1390,1,14:26
2022-23,203935,Marcus Smart,Marcus,1610612738,BOS,Boston Celtics,0042200216,2023-05-11T00:00:00,BOS @ PHI,W,41.7,0.9,0.0,6.0,8.6,10.4,1.7,12.1,20.7,0.0,0.0,1.7,3.5,37.9,1,1,1,1,110,751,687,118,489,853,255,1179,1497,536,1,626,520,470,1,41:42
2022-23,1627759,Jaylen Brown,Jaylen,1610612738,BOS,Boston Celtics,0042200216,2023-05-11T00:00:00,BOS @ PHI,W,38.93333333333333,1.8,0.0,2.8,9.2,12.9,7.4,14.8,27.7,0.0,0.9,3.7,2.8,24.2,1,1,1,1,247,669,687,429,433,1080,697,1387,1258,536,1255,1190,643,1080,1,38:56
2022-23,1628971,Bruce Brown,Bruce,1610612743,DEN,Denver Nuggets,0042200226,2023-05-11T00:00:00,DEN @ PHX,W,30.511666666666667,0.0,2.4,2.4,11.8,15.3,4.7,11.8,28.3,1.2,2.4,4.7,0.0,28.9,1,1,1,1,622,756,510,486,285,1277,429,1151,1213,367,1614,1368,1103,850,1,30:31
2022-23,203484,Kentavious Caldwell-Pope,Kentavious,1610612743,DEN,Denver Nuggets,0042200226,2023-05-11T00:00:00,DEN @ PHX,W,35.638333333333335,9.1,4.0,9.1,8.1,17.2,5.1,7.1,32.3,1.0,0.0,3.0,5.1,40.9,1,1,1,1,418,54,278,31,531,1406,458,689,970,414,1,1033,276,372,1,35:38
2022-23,1630178,Tyrese Maxey,Tyrese,1610612755,PHI,Philadelphia 76ers,0042200216,2023-05-11T00:00:00,PHI vs. BOS,L,40.083333333333336,9.0,2.7,8.1,9.0,5.4,1.8,21.6,26.9,0.0,0.9,0.0,2.7,40.9,1,857,857,857,184,55,450,51,452,424,258,1611,1291,536,1228,1,658,373,1,40:05
2022-23,1629008,Michael Porter Jr.,Michael,1610612743,DEN,Denver Nuggets,0042200226,2023-05-11T00:00:00,DEN @ PHX,W,23.566666666666666,0.0,0.0,0.0,12.2,6.1,7.6,9.2,42.8,0.0,1.5,3.1,1.5,24.4,1,1,1,1,915,756,687,645,257,468,713,928,361,536,1471,1039,936,1072,1,23:34
2022-23,203999,Nikola Jokić,Nikola,1610612743,DEN,Denver Nuggets,0042200226,2023-05-11T00:00:00,DEN @ PHX,W,37.56166666666667,1.9,7.7,0.0,23.0,15.3,4.8,7.7,34.5,1.0,0.0,3.8,3.8,69.0,1,1,1,1,318,654,74,645,26,1276,436,761,825,441,1,1217,458,18,1,37:34
2022-23,202687,Bismack Biyombo,Bismack,1610612756,PHX,Phoenix Suns,0042200226,2023-05-11T00:00:00,PHX vs. DEN,L,7.678333333333334,0.0,9.4,0.0,9.4,23.4,56.3,37.5,56.3,4.7,0.0,9.4,4.7,34.7,1,857,857,857,1427,756,45,645,423,1606,1714,1704,76,42,1,1658,324,600,1,7:41
2022-23,1628470,Torrey Craig,Torrey,1610612756,PHX,Phoenix Suns,0042200226,2023-05-11T00:00:00,PHX vs. DEN,L,13.001666666666667,5.5,0.0,0.0,11.1,8.3,16.6,13.8,44.3,0.0,0.0,5.5,0.0,19.4,1,857,857,857,1266,192,687,645,317,646,1461,1324,308,536,1,1479,1103,1287,1,13:00
2022-23,1629111,Jock Landale,Jock,1610612756,PHX,Phoenix Suns,0042200226,2023-05-11T00:00:00,PHX vs. DEN,L,30.85,4.7,2.3,2.3,11.7,16.3,7.0,8.2,44.3,1.2,0.0,4.7,4.7,26.3,1,857,857,857,612,268,513,492,292,1342,661,820,304,370,1,1359,326,984,1,30:51
2022-23,200782,P.J. Tucker,P.J.,1610612755,PHI,Philadelphia 76ers,0042200216,2023-05-11T00:00:00,PHI vs. BOS,L,20.406666666666666,0.0,0.0,0.0,3.5,10.6,8.8,22.9,38.8,0.0,0.0,3.5,1.8,36.9,1,857,857,857,1036,756,687,645,990,880,826,1636,550,536,1,1142,884,509,1,20:24
2022-23,1629057,Robert Williams III,Robert,1610612738,BOS,Boston Celtics,0042200216,2023-05-11T00:00:00,BOS @ PHI,W,27.8,2.6,5.2,2.6,10.4,12.9,3.9,12.9,25.9,2.6,2.6,2.6,1.3,35.4,1,1,1,1,749,534,183,452,360,1081,360,1261,1342,134,1640,876,995,574,1,27:48
2022-23,1626164,Devin Booker,Devin,1610612756,PHX,Phoenix Suns,0042200226,2023-05-11T00:00:00,PHX vs. DEN,L,35.53333333333333,1.0,0.0,3.0,6.1,21.3,18.2,19.2,52.7,1.0,2.0,4.1,6.1,29.6,1,857,857,857,423,740,687,397,709,1566,1527,1571,97,413,1581,1257,167,831,1,35:32
2022-23,201142,Kevin Durant,Kevin,1610612756,PHX,Phoenix Suns,0042200226,2023-05-11T00:00:00,PHX vs. DEN,L,36.83833333333333,0.0,0.0,3.9,11.7,17.6,11.7,15.6,52.8,1.0,1.0,2.0,4.9,34.7,1,857,857,857,360,756,687,289,288,1431,1115,1435,95,430,1296,712,297,601,1,36:50
2022-23,1629667,Jalen McDaniels,Jalen,1610612755,PHI,Philadelphia 76ers,0042200216,2023-05-11T00:00:00,PHI vs. BOS,L,0.61,0.0,0.0,0.0,0.0,0.0,0.0,0.0,0.0,0.0,0.0,0.0,0.0,0.0,1,857,857,857,1682,756,687,645,1176,1,1,1,1634,536,1,1,1103,1601,1,0:37
2022-23,1627814,Damion Lee,Damion,1610612756,PHX,Phoenix Suns,0042200226,2023-05-11T00:00:00,PHX vs. DEN,L,11.6,0.0,0.0,0.0,18.6,9.3,6.2,9.3,24.8,0.0,0.0,0.0,0.0,31.7,1,857,857,857,1320,756,687,645,59,750,584,940,1377,536,1,1,1103,736,1,11:36
2022-23,1629013,Landry Shamet,Landry,1610612756,PHX,Phoenix Suns,0042200226,2023-05-11T00:00:00,PHX vs. DEN,L,36.53333333333333,3.0,0.0,0.0,0.0,10.8,7.9,7.9,49.3,0.0,0.0,3.0,3.0,19.9,1,857,857,857,369,473,687,645,1176,901,742,781,145,536,1,1007,603,1267,1,36:32
2022-23,203082,Terrence Ross,Terrence,1610612756,PHX,Phoenix Suns,0042200226,2023-05-11T00:00:00,PHX vs. DEN,L,8.765,0.0,0.0,0.0,0.0,37.0,32.9,41.1,41.1,0.0,0.0,4.1,0.0,0.8,1,857,857,857,1396,756,687,645,1176,1703,1694,1709,424,536,1,1265,1103,1599,1,8:46
2022-23,1629001,De'Anthony Melton,De'Anthony,1610612755,PHI,Philadelphia 76ers,0042200216,2023-05-11T00:00:00,PHI vs. BOS,L,23.54,0.0,0.0,0.0,0.0,12.2,7.6,16.8,24.5,1.5,0.0,0.0,0.0,20.6,1,857,857,857,917,756,687,645,1176,1015,715,1485,1395,293,1,1,1103,1236,1,23:32
2022-23,1627750,Jamal Murray,Jamal,1610612743,DEN,Denver Nuggets,0042200226,2023-05-11T00:00:00,DEN @ PHX,W,34.733333333333334,6.2,0.0,6.2,4.1,12.4,5.2,14.5,37.3,0.0,1.0,1.0,5.2,47.5,1,1,1,1,448,143,687,110,920,1039,472,1368,634,536,1323,480,257,203,1,34:44
2022-23,1627863,Danuel House Jr.,Danuel,1610612755,PHI,Philadelphia 76ers,0042200216,2023-05-11T00:00:00,PHI vs. BOS,L,7.636666666666667,0.0,0.0,0.0,0.0,9.4,0.0,9.4,18.9,0.0,4.7,0.0,0.0,20.7,1,857,857,857,1428,756,687,645,1176,764,1,949,1543,536,1718,1,1103,1232,1,7:38
2022-23,1627763,Malcolm Brogdon,Malcolm,1610612738,BOS,Boston Celtics,0042200216,2023-05-11T00:00:00,BOS @ PHI,W,30.3,0.0,0.0,9.5,4.8,11.9,9.5,5.9,21.4,0.0,1.2,2.4,0.0,29.9,1,1,1,1,630,756,687,27,859,983,889,582,1480,536,1384,801,1103,809,1,30:18
2022-23,203932,Aaron Gordon,Aaron,1610612743,DEN,Denver Nuggets,0042200226,2023-05-11T00:00:00,DEN @ PHX,W,34.538333333333334,4.2,2.1,2.1,4.2,12.5,7.3,14.6,37.5,0.0,1.0,3.1,3.1,18.4,1,1,1,1,452,319,555,529,918,1050,683,1375,625,536,1325,1054,565,1327,1,34:32
2022-23,1630192,Zeke Nnaji,Zeke,1610612743,DEN,Denver Nuggets,0042200226,2023-05-11T00:00:00,DEN @ PHX,W,2.183333333333333,0.0,0.0,0.0,0.0,0.0,0.0,0.0,66.0,0.0,0.0,0.0,0.0,19.8,1,1,1,1,1624,756,687,645,1176,1,1,1,24,536,1,1,1103,1273,1,2:11
2022-23,1628392,Isaiah Hartenstein,Isaiah,1610612752,NYK,New York Knicks,0042200205,2023-05-10T00:00:00,NYK vs. MIA,W,21.616666666666667,3.3,3.3,0.0,3.3,23.3,11.7,15.0,30.0,1.7,0.0,6.7,1.7,31.1,1,1,1,1,997,422,369,645,1016,1604,1110,1400,1114,261,1,1569,904,764,1,21:37
2022-23,1628389,Bam Adebayo,Bam,1610612748,MIA,Miami Heat,0042200205,2023-05-10T00:00:00,MIA @ NYK,L,38.68333333333333,5.6,3.7,3.7,13.0,2.8,11.2,11.2,27.9,0.9,0.0,4.7,3.7,32.2,1,857,857,857,263,185,316,306,212,278,1059,1103,1248,452,1,1357,473,714,1,38:41
2022-23,1626156,D'Angelo Russell,D'Angelo,1610612747,LAL,Los Angeles Lakers,0042200235,2023-05-10T00:00:00,LAL @ GSW,L,30.0,6.0,0.0,2.4,12.0,15.6,14.4,13.2,50.4,1.2,1.2,3.6,4.8,32.2,1,857,857,857,648,159,687,480,274,1301,1344,1276,130,360,1391,1161,310,717,1,30:00
2022-23,1628404,Josh Hart,Josh,1610612752,NYK,New York Knicks,0042200205,2023-05-10T00:00:00,NYK vs. MIA,W,9.055,0.0,0.0,0.0,8.0,43.7,19.9,0.0,8.0,0.0,0.0,15.9,4.0,15.5,1,1,1,1,1390,756,687,645,544,1713,1579,1,1630,536,1,1711,436,1404,1,9:03
2022-23,1630237,Anthony Lamb,Anthony,1610612744,GSW,Golden State Warriors,0042200235,2023-05-10T00:00:00,GSW vs. LAL,W,2.4,0.0,0.0,0.0,0.0,15.0,15.0,45.0,30.0,0.0,0.0,15.0,0.0,0.0,1,1,1,1,1612,756,687,645,1176,1245,1383,1713,1105,536,1,1705,1103,1601,1,2:24
2022-23,203944,Julius Randle,Julius,1610612752,NYK,New York Knicks,0042200205,2023-05-10T00:00:00,NYK vs. MIA,W,35.88333333333333,0.0,8.0,6.0,6.0,26.1,19.1,7.0,30.1,0.0,0.0,1.0,6.0,36.6,1,1,1,1,408,756,63,121,713,1642,1558,687,1098,536,1,471,173,517,1,35:53
2022-23,1629022,Lonnie Walker IV,Lonnie,1610612747,LAL,Los Angeles Lakers,0042200235,2023-05-10T00:00:00,LAL @ GSW,L,28.316666666666666,5.1,0.0,0.0,2.5,12.7,12.7,10.2,40.7,0.0,0.0,1.3,0.0,11.4,1,857,857,857,723,227,687,645,1096,1067,1206,1026,441,536,1,537,1103,1498,1,28:19
2022-23,1627736,Malik Beasley,Malik,1610612747,LAL,Los Angeles Lakers,0042200235,2023-05-10T00:00:00,LAL @ GSW,L,2.783333333333333,0.0,0.0,38.8,0.0,0.0,0.0,0.0,0.0,0.0,0.0,0.0,0.0,38.8,1,857,857,857,1592,756,687,1,1176,1,1,1,1634,536,1,1,1103,443,1,2:47
2022-23,1628978,Donte DiVincenzo,Donte,1610612744,GSW,Golden State Warriors,0042200235,2023-05-10T00:00:00,GSW vs. LAL,W,12.833333333333334,0.0,0.0,0.0,0.0,25.2,2.8,14.0,33.7,0.0,0.0,2.8,0.0,18.0,1,1,1,1,1271,756,687,645,1176,1635,292,1335,877,536,1,951,1103,1341,1,12:50
2022-23,1629656,Quentin Grimes,Quentin,1610612752,NYK,New York Knicks,0042200205,2023-05-10T00:00:00,NYK vs. MIA,W,48.0,0.0,0.0,1.5,0.0,21.8,15.8,6.8,31.5,1.5,0.0,2.3,0.0,21.2,1,1,1,1,1,756,687,628,1176,1574,1433,649,1023,297,1,777,1103,1208,1,48:00
2022-23,1629117,Wenyen Gabriel,Wenyen,1610612747,LAL,Los Angeles Lakers,0042200235,2023-05-10T00:00:00,LAL @ GSW,L,2.783333333333333,12.9,12.9,0.0,0.0,0.0,0.0,0.0,0.0,12.9,0.0,0.0,25.9,98.3,1,857,857,857,1592,18,20,645,1176,1,1,1,1634,1,1,1,3,5,1,2:47
2022-23,203110,Draymond Green,Draymond,1610612744,GSW,Golden State Warriors,0042200235,2023-05-10T00:00:00,GSW vs. LAL,W,29.716666666666665,3.6,6.1,2.4,12.1,12.1,6.1,9.7,33.9,1.2,1.2,3.6,8.5,50.9,1,1,1,1,665,381,139,476,266,1006,558,982,861,354,1397,1170,63,139,1,29:43
2022-23,203952,Andrew Wiggins,Andrew,1610612744,GSW,Golden State Warriors,0042200235,2023-05-10T00:00:00,GSW vs. LAL,W,35.71666666666667,5.0,5.0,2.0,16.1,12.1,9.1,8.1,40.3,0.0,1.0,2.0,4.0,43.2,1,1,1,1,416,231,194,537,108,1001,844,801,458,536,1310,727,428,303,1,35:43
2022-23,1626172,Kevon Looney,Kevon,1610612744,GSW,Golden State Warriors,0042200235,2023-05-10T00:00:00,GSW vs. LAL,W,20.266666666666666,0.0,3.6,0.0,7.1,21.3,7.1,7.1,46.2,1.8,0.0,5.3,0.0,45.5,1,1,1,1,1040,756,336,645,617,1570,671,696,237,239,1,1456,1103,252,1,20:16
2022-23,1630167,Obi Toppin,Obi,1610612752,NYK,New York Knicks,0042200205,2023-05-10T00:00:00,NYK vs. MIA,W,12.116666666666667,0.0,0.0,5.9,5.9,8.9,5.9,5.9,35.7,0.0,0.0,0.0,0.0,24.4,1,1,1,1,1296,756,687,130,725,713,542,583,750,536,1,1,1103,1075,1,12:07
2022-23,1630540,Miles McBride,Miles,1610612752,NYK,New York Knicks,0042200205,2023-05-10T00:00:00,NYK vs. MIA,W,0.52,0.0,0.0,0.0,0.0,0.0,0.0,0.0,0.0,0.0,0.0,0.0,0.0,0.0,1,1,1,1,1688,756,687,645,1176,1,1,1,1634,536,1,1,1103,1601,1,0:31
2022-23,1628973,Jalen Brunson,Jalen,1610612752,NYK,New York Knicks,0042200205,2023-05-10T00:00:00,NYK vs. MIA,W,48.0,1.5,1.5,1.5,12.0,21.8,15.8,6.8,31.5,0.0,1.5,1.5,7.5,46.0,1,1,1,1,1,730,670,628,274,1574,1433,649,1023,536,1467,569,91,238,1,48:00
2022-23,1629673,Jordan Poole,Jordan,1610612744,GSW,Golden State Warriors,0042200235,2023-05-10T00:00:00,GSW vs. LAL,W,22.966666666666665,0.0,0.0,3.1,6.3,20.4,7.8,14.1,40.8,0.0,1.6,4.7,1.6,28.5,1,1,1,1,946,756,687,382,689,1545,737,1339,439,536,1479,1367,926,871,1,22:58
2022-23,1630228,Jonathan Kuminga,Jonathan,1610612744,GSW,Golden State Warriors,0042200235,2023-05-10T00:00:00,GSW vs. LAL,W,2.4,0.0,0.0,0.0,0.0,15.0,15.0,45.0,30.0,0.0,0.0,0.0,0.0,115.5,1,1,1,1,1612,756,687,645,1176,1245,1383,1713,1105,536,1,1,1103,4,1,2:24
2022-23,1629622,Max Strus,Max,1610612748,MIA,Miami Heat,0042200205,2023-05-10T00:00:00,MIA @ NYK,L,26.358333333333334,8.2,6.8,0.0,2.7,4.1,13.7,12.3,24.6,0.0,0.0,1.4,0.0,24.0,1,857,857,857,804,66,103,645,1078,336,1291,1196,1391,536,1,551,1103,1089,1,26:22
2022-23,201567,Kevin Love,Kevin,1610612748,MIA,Miami Heat,0042200205,2023-05-10T00:00:00,MIA @ NYK,L,16.3,0.0,0.0,0.0,8.8,4.4,11.0,0.0,22.1,0.0,0.0,6.6,4.4,26.5,1,857,857,857,1158,756,687,645,466,358,1051,1,1454,536,1,1566,362,970,1,16:18
2022-23,1629130,Duncan Robinson,Duncan,1610612748,MIA,Miami Heat,0042200205,2023-05-10T00:00:00,MIA @ NYK,L,22.195,4.9,8.1,4.9,3.2,3.2,6.5,11.4,38.9,0.0,0.0,3.2,0.0,41.7,1,857,857,857,969,247,61,203,1025,294,607,1119,542,536,1,1073,1103,348,1,22:12
2022-23,202691,Klay Thompson,Klay,1610612744,GSW,Golden State Warriors,0042200235,2023-05-10T00:00:00,GSW vs. LAL,W,37.2,1.9,2.9,0.0,0.0,15.5,8.7,9.7,40.6,1.9,0.0,1.0,1.9,26.3,1,1,1,1,340,645,422,645,1176,1289,814,981,443,201,1,456,834,981,1,37:12
2022-23,1629628,RJ Barrett,RJ,1610612752,NYK,New York Knicks,0042200205,2023-05-10T00:00:00,NYK vs. MIA,W,38.425,0.9,0.0,3.7,7.5,16.9,15.0,8.4,37.5,0.9,1.9,1.9,4.7,34.1,1,1,1,1,274,747,687,302,577,1382,1382,846,629,450,1558,688,325,627,1,38:26
2022-23,2544,LeBron James,LeBron,1610612747,LAL,Los Angeles Lakers,0042200235,2023-05-10T00:00:00,LAL @ GSW,L,39.166666666666664,2.8,4.6,1.8,11.0,18.4,13.8,11.9,40.4,0.9,0.0,2.8,2.8,41.6,1,857,857,857,232,507,236,570,318,1472,1298,1163,452,464,1,931,647,350,1,39:10
2022-23,1629060,Rui Hachimura,Rui,1610612747,LAL,Los Angeles Lakers,0042200235,2023-05-10T00:00:00,LAL @ GSW,L,20.85,0.0,3.5,0.0,3.5,8.6,17.3,6.9,31.1,0.0,0.0,0.0,0.0,17.1,1,857,857,857,1019,756,348,645,1003,676,1488,666,1044,536,1,1,1103,1365,1,20:51
2022-23,200768,Kyle Lowry,Kyle,1610612748,MIA,Miami Heat,0042200205,2023-05-10T00:00:00,MIA @ NYK,L,30.95,7.0,0.0,0.0,0.0,3.5,11.6,18.6,30.2,1.2,0.0,5.8,1.2,28.7,1,857,857,857,608,108,687,645,1176,311,1107,1551,1091,371,1,1509,1026,860,1,30:57
2022-23,1629216,Gabe Vincent,Gabe,1610612748,MIA,Miami Heat,0042200205,2023-05-10T00:00:00,MIA @ NYK,L,23.083333333333332,0.0,3.1,0.0,6.2,3.1,6.2,4.7,28.1,0.0,0.0,6.2,6.2,26.2,1,857,857,857,941,756,395,645,691,290,586,485,1232,536,1,1538,154,988,1,23:05
2022-23,202710,Jimmy Butler III,Jimmy,1610612748,MIA,Miami Heat,0042200205,2023-05-10T00:00:00,MIA @ NYK,L,42.71666666666667,1.7,3.4,0.0,6.7,4.2,10.1,7.6,27.0,1.7,3.4,2.5,5.1,48.8,1,857,857,857,70,709,358,645,652,344,957,753,1290,256,1687,847,273,174,1,42:43
2022-23,1628972,Troy Brown Jr.,Troy,1610612747,LAL,Los Angeles Lakers,0042200235,2023-05-10T00:00:00,LAL @ GSW,L,2.783333333333333,0.0,0.0,0.0,25.9,0.0,0.0,0.0,0.0,0.0,0.0,0.0,0.0,25.9,1,857,857,857,1592,756,687,645,15,1,1,1,1634,536,1,1,1103,1005,1,2:47
2022-23,203076,Anthony Davis,Anthony,1610612747,LAL,Los Angeles Lakers,0042200235,2023-05-10T00:00:00,LAL @ GSW,L,32.3,2.2,2.2,6.7,17.8,22.3,15.6,10.0,40.1,0.0,2.2,4.5,4.5,39.3,1,857,857,857,547,597,527,93,78,1588,1425,1014,469,536,1605,1323,356,422,1,32:18
2022-23,1630559,Austin Reaves,Austin,1610612747,LAL,Los Angeles Lakers,0042200235,2023-05-10T00:00:00,LAL @ GSW,L,35.6,2.0,0.0,2.0,2.0,20.2,14.2,9.1,32.4,0.0,2.0,0.0,3.0,33.3,1,857,857,857,421,629,687,536,1140,1538,1330,919,965,536,1579,1,587,664,1,35:36
2022-23,203469,Cody Zeller,Cody,1610612748,MIA,Miami Heat,0042200205,2023-05-10T00:00:00,MIA @ NYK,L,9.316666666666666,3.9,3.9,0.0,15.5,7.7,0.0,15.5,38.6,0.0,0.0,11.6,3.9,30.5,1,857,857,857,1379,354,297,645,122,614,1,1427,562,536,1,1685,450,792,1,9:19
2022-23,201939,Stephen Curry,Stephen,1610612744,GSW,Golden State Warriors,0042200235,2023-05-10T00:00:00,GSW vs. LAL,W,39.333333333333336,7.3,0.0,3.7,9.2,12.8,6.4,11.0,40.3,0.9,0.9,0.0,0.0,39.9,1,1,1,1,224,96,687,314,440,1075,600,1089,464,467,1242,1,1103,406,1,39:20
2022-23,203471,Dennis Schröder,Dennis,1610612747,LAL,Los Angeles Lakers,0042200235,2023-05-10T00:00:00,LAL @ GSW,L,28.883333333333333,3.7,0.0,0.0,7.5,2.5,8.7,7.5,42.4,0.0,0.0,3.7,2.5,25.4,1,857,857,857,699,365,687,645,580,269,817,744,372,536,1,1199,705,1026,1,28:53
2022-23,1631108,Max Christie,Max,1610612747,LAL,Los Angeles Lakers,0042200235,2023-05-10T00:00:00,LAL @ GSW,L,2.783333333333333,0.0,0.0,0.0,0.0,0.0,0.0,0.0,0.0,0.0,0.0,0.0,0.0,0.0,1,857,857,857,1592,756,687,645,1176,1,1,1,1634,536,1,1,1103,1601,1,2:47
2022-23,1630541,Moses Moody,Moses,1610612744,GSW,Golden State Warriors,0042200235,2023-05-10T00:00:00,GSW vs. LAL,W,9.716666666666667,0.0,11.1,0.0,0.0,18.5,3.7,25.9,37.0,0.0,0.0,0.0,0.0,40.0,1,1,1,1,1369,756,26,645,1176,1478,344,1665,647,536,1,1,1103,400,1,9:43
2022-23,1629312,Haywood Highsmith,Haywood,1610612748,MIA,Miami Heat,0042200205,2023-05-10T00:00:00,MIA @ NYK,L,2.5833333333333335,0.0,0.0,0.0,0.0,0.0,0.0,55.7,111.5,0.0,0.0,13.9,0.0,0.0,1,857,857,857,1605,756,687,645,1176,1,1,1717,2,536,1,1701,1103,1601,1,2:35
2022-23,1627780,Gary Payton II,Gary,1610612744,GSW,Golden State Warriors,0042200235,2023-05-10T00:00:00,GSW vs. LAL,W,27.45,2.6,0.0,3.9,7.9,9.2,9.2,7.9,36.7,0.0,0.0,5.2,3.9,29.8,1,1,1,1,762,530,687,288,552,737,862,780,673,536,1,1446,443,822,1,27:27
2022-23,1629020,Jarred Vanderbilt,Jarred,1610612747,LAL,Los Angeles Lakers,0042200235,2023-05-10T00:00:00,LAL @ GSW,L,10.966666666666667,0.0,0.0,0.0,0.0,32.8,26.3,16.4,39.4,3.3,0.0,9.8,0.0,23.6,1,857,857,857,1339,756,687,645,1176,1694,1666,1468,515,76,1,1665,1103,1104,1,10:58
2022-23,1627885,Shaquille Harrison,Shaquille,1610612747,LAL,Los Angeles Lakers,0042200235,2023-05-10T00:00:00,LAL @ GSW,L,2.783333333333333,0.0,0.0,0.0,0.0,0.0,0.0,0.0,0.0,0.0,0.0,0.0,0.0,54.3,1,857,857,857,1592,756,687,645,1176,1,1,1,1634,536,1,1,1103,94,1,2:47
2022-23,1628997,Caleb Martin,Caleb,1610612748,MIA,Miami Heat,0042200205,2023-05-10T00:00:00,MIA @ NYK,L,27.813333333333333,6.5,0.0,2.6,5.2,3.9,3.9,20.7,31.1,0.0,0.0,3.9,1.3,26.0,1,857,857,857,748,128,687,453,809,328,359,1599,1045,536,1,1232,996,998,1,27:49
2022-23,1629011,Mitchell Robinson,Mitchell,1610612752,NYK,New York Knicks,0042200205,2023-05-10T00:00:00,NYK vs. MIA,W,26.383333333333333,0.0,0.0,0.0,5.5,20.5,19.1,0.0,32.7,0.0,0.0,4.1,9.6,34.4,1,1,1,1,802,756,687,645,773,1549,1560,1,930,536,1,1261,30,616,1,26:23
2022-23,1628971,Bruce Brown,Bruce,1610612743,DEN,Denver Nuggets,0042200225,2023-05-09T00:00:00,DEN vs. PHX,W,26.738333333333333,2.7,2.7,6.7,10.8,9.4,6.7,20.2,32.3,0.0,1.3,1.3,6.7,46.5,1,1,1,1,791,521,451,92,336,763,635,1594,971,536,1434,549,120,227,1,26:44
2022-23,202699,Tobias Harris,Tobias,1610612755,PHI,Philadelphia 76ers,0042200215,2023-05-09T00:00:00,PHI @ BOS,W,30.748333333333335,5.9,4.7,2.3,9.4,14.0,7.0,2.3,25.8,0.0,0.0,5.9,1.2,34.8,1,1,1,1,614,169,226,490,424,1174,665,344,1354,536,1,1511,1025,595,1,30:45
2022-23,1627759,Jaylen Brown,Jaylen,1610612738,BOS,Boston Celtics,0042200215,2023-05-09T00:00:00,BOS vs. PHI,L,34.17333333333333,3.2,4.2,2.1,8.4,9.5,11.6,9.5,27.4,0.0,1.1,5.3,8.4,32.9,1,857,857,857,464,444,266,528,507,766,1103,956,1276,536,1331,1448,66,684,1,34:10
2022-23,203932,Aaron Gordon,Aaron,1610612743,DEN,Denver Nuggets,0042200225,2023-05-09T00:00:00,DEN vs. PHX,W,35.7,0.0,2.0,3.0,4.0,9.1,4.0,12.1,30.3,2.0,2.0,1.0,2.0,32.5,1,1,1,1,417,756,563,399,926,728,368,1182,1090,188,1578,472,810,700,1,35:42
2022-23,1626166,Cameron Payne,Cameron,1610612756,PHX,Phoenix Suns,0042200225,2023-05-09T00:00:00,PHX @ DEN,L,30.533333333333335,0.0,0.0,2.4,4.7,15.3,5.9,17.7,44.8,0.0,0.0,2.4,0.0,19.3,1,857,857,857,621,756,687,487,863,1275,536,1515,282,536,1,798,1103,1293,1,30:32
2022-23,203933,T.J. Warren,T.J.,1610612756,PHX,Phoenix Suns,0042200225,2023-05-09T00:00:00,PHX @ DEN,L,14.851666666666667,0.0,4.8,4.8,4.8,7.3,0.0,19.4,29.1,4.8,2.4,0.0,0.0,34.4,1,857,857,857,1209,756,212,205,847,568,1,1574,1161,35,1623,1,1103,614,1,14:51
2022-23,1627777,Georges Niang,Georges,1610612755,PHI,Philadelphia 76ers,0042200215,2023-05-09T00:00:00,PHI @ BOS,W,11.65,0.0,0.0,0.0,0.0,0.0,6.2,3.1,24.7,0.0,0.0,3.1,0.0,0.0,1,1,1,1,1318,756,687,645,1176,1,581,380,1383,536,1,1049,1103,1601,1,11:39
2022-23,203999,Nikola Jokić,Nikola,1610612743,DEN,Denver Nuggets,0042200225,2023-05-09T00:00:00,DEN vs. PHX,W,37.55,4.8,1.0,5.8,17.3,10.5,8.6,18.2,32.6,1.9,1.0,2.9,3.8,64.8,1,1,1,1,319,258,680,140,88,874,808,1538,944,204,1279,981,457,30,1,37:33
2022-23,1631128,Christian Braun,Christian,1610612743,DEN,Denver Nuggets,0042200225,2023-05-09T00:00:00,DEN vs. PHX,W,19.673333333333332,7.3,0.0,3.7,7.3,5.5,9.1,12.8,22.0,0.0,1.8,3.7,1.8,15.4,1,1,1,1,1060,98,687,315,592,428,858,1248,1457,536,1546,1179,861,1412,1,19:40
2022-23,1626164,Devin Booker,Devin,1610612756,PHX,Phoenix Suns,0042200225,2023-05-09T00:00:00,PHX @ DEN,L,40.516666666666666,1.8,2.7,5.3,5.3,16.0,4.4,27.5,44.4,0.0,1.8,3.6,6.2,34.8,1,857,857,857,165,686,457,170,791,1326,403,1675,300,536,1535,1149,156,591,1,40:31
2022-23,202397,Ish Smith,Ish,1610612743,DEN,Denver Nuggets,0042200225,2023-05-09T00:00:00,DEN vs. PHX,W,2.1,0.0,0.0,0.0,0.0,0.0,34.3,68.6,68.6,0.0,0.0,17.1,0.0,0.0,1,1,1,1,1631,756,687,645,1176,1,1699,1725,19,536,1,1716,1103,1601,1,2:06
2022-23,1628427,Vlatko Čančar,Vlatko,1610612743,DEN,Denver Nuggets,0042200225,2023-05-09T00:00:00,DEN vs. PHX,W,2.1,0.0,0.0,0.0,0.0,0.0,34.3,68.6,68.6,0.0,0.0,0.0,0.0,20.6,1,1,1,1,1631,756,687,645,1176,1,1699,1725,19,536,1,1,1103,1237,1,2:06
2022-23,1629001,De'Anthony Melton,De'Anthony,1610612755,PHI,Philadelphia 76ers,0042200215,2023-05-09T00:00:00,PHI @ BOS,W,23.25,3.1,3.1,3.1,6.2,3.1,9.3,4.6,27.9,1.5,0.0,4.6,0.0,25.2,1,1,1,1,933,453,401,389,697,289,873,483,1251,288,1,1354,1103,1034,1,23:15
2022-23,1630688,Ish Wainright,Ish,1610612756,PHX,Phoenix Suns,0042200225,2023-05-09T00:00:00,PHX @ DEN,L,4.0,0.0,0.0,0.0,0.0,0.0,0.0,0.0,0.0,0.0,0.0,0.0,0.0,0.0,1,857,857,857,1521,756,687,645,1176,1,1,1,1634,536,1,1,1103,1601,1,4:00
2022-23,1629008,Michael Porter Jr.,Michael,1610612743,DEN,Denver Nuggets,0042200225,2023-05-09T00:00:00,DEN vs. PHX,W,27.705,0.0,0.0,7.8,5.2,10.4,5.2,18.2,36.4,0.0,0.0,2.6,1.3,45.0,1,1,1,1,755,756,687,57,806,860,474,1537,699,536,1,880,991,265,1,27:42
2022-23,1627750,Jamal Murray,Jamal,1610612743,DEN,Denver Nuggets,0042200225,2023-05-09T00:00:00,DEN vs. PHX,W,36.7,2.9,0.0,6.9,7.8,8.8,6.9,11.8,27.5,0.0,2.0,1.0,4.9,34.3,1,1,1,1,363,477,687,88,555,702,646,1148,1274,536,1569,459,292,619,1,36:42
2022-23,1630194,Paul Reed,Paul,1610612755,PHI,Philadelphia 76ers,0042200215,2023-05-09T00:00:00,PHI @ BOS,W,6.656666666666666,0.0,0.0,0.0,10.8,0.0,10.8,5.4,21.6,0.0,0.0,5.4,0.0,27.0,1,1,1,1,1442,756,687,645,335,1,1025,545,1469,536,1,1466,1103,943,1,6:39
2022-23,202704,Reggie Jackson,Reggie,1610612743,DEN,Denver Nuggets,0042200225,2023-05-09T00:00:00,DEN vs. PHX,W,3.5166666666666666,0.0,0.0,0.0,0.0,0.0,20.5,40.9,61.4,0.0,0.0,0.0,0.0,12.3,1,1,1,1,1561,756,687,645,1176,1,1591,1707,47,536,1,1,1103,1480,1,3:31
2022-23,203935,Marcus Smart,Marcus,1610612738,BOS,Boston Celtics,0042200215,2023-05-09T00:00:00,BOS vs. PHI,L,33.666666666666664,0.0,2.1,1.1,0.0,13.9,9.6,16.0,29.9,0.0,1.1,1.1,6.4,23.1,1,857,857,857,486,756,546,637,1176,1161,897,1451,1117,536,1339,490,139,1127,1,33:40
2022-23,1628436,Luke Kornet,Luke,1610612738,BOS,Boston Celtics,0042200215,2023-05-09T00:00:00,BOS vs. PHI,L,3.9166666666666665,0.0,0.0,0.0,0.0,0.0,18.4,0.0,18.4,0.0,0.0,9.2,0.0,0.0,1,857,857,857,1530,756,687,645,1176,1,1540,1,1553,536,1,1655,1103,1601,1,3:55
2022-23,1629013,Landry Shamet,Landry,1610612756,PHX,Phoenix Suns,0042200225,2023-05-09T00:00:00,PHX @ DEN,L,23.116666666666667,4.7,3.1,3.1,3.1,12.5,1.6,21.8,24.9,1.6,1.6,6.2,3.1,30.4,1,857,857,857,939,267,397,387,1036,1042,253,1615,1376,287,1477,1536,568,802,1,23:07
2022-23,1629028,Deandre Ayton,Deandre,1610612756,PHX,Phoenix Suns,0042200225,2023-05-09T00:00:00,PHX @ DEN,L,31.733333333333334,0.0,2.3,0.0,13.6,13.6,3.4,27.2,40.8,1.1,1.1,3.4,0.0,38.9,1,857,857,857,571,756,522,645,187,1134,321,1671,434,380,1369,1110,1103,442,1,31:44
2022-23,1627763,Malcolm Brogdon,Malcolm,1610612738,BOS,Boston Celtics,0042200215,2023-05-09T00:00:00,BOS vs. PHI,L,25.533333333333335,0.0,0.0,0.0,2.8,8.5,2.8,11.3,31.0,0.0,0.0,0.0,1.4,23.4,1,857,857,857,844,756,687,645,1063,656,295,1110,1049,536,1,1,959,1116,1,25:32
2022-23,1629057,Robert Williams III,Robert,1610612738,BOS,Boston Celtics,0042200215,2023-05-09T00:00:00,BOS vs. PHI,L,18.62,0.0,0.0,0.0,7.7,7.7,7.7,15.5,30.9,0.0,0.0,3.9,0.0,12.4,1,857,857,857,1096,756,687,645,562,616,722,1428,1057,536,1,1230,1103,1477,1,18:37
2022-23,201142,Kevin Durant,Kevin,1610612756,PHX,Phoenix Suns,0042200225,2023-05-09T00:00:00,PHX @ DEN,L,41.82666666666667,3.4,1.7,5.2,10.3,15.5,4.3,23.2,39.6,0.9,0.9,3.4,4.3,41.1,1,857,857,857,104,411,639,180,363,1291,386,1639,497,506,1202,1120,386,368,1,41:50
2022-23,1628369,Jayson Tatum,Jayson,1610612738,BOS,Boston Celtics,0042200215,2023-05-09T00:00:00,BOS vs. PHI,L,39.56666666666667,3.6,5.5,1.8,14.6,10.0,10.0,11.8,29.1,0.0,1.8,1.8,6.4,54.1,1,857,857,857,212,380,165,577,158,821,948,1154,1160,536,1544,663,143,96,1,39:34
2022-23,1629003,Shake Milton,Shake,1610612755,PHI,Philadelphia 76ers,0042200215,2023-05-09T00:00:00,PHI @ BOS,W,0.55,0.0,0.0,0.0,0.0,196.4,0.0,0.0,0.0,0.0,0.0,0.0,0.0,-65.5,1,1,1,1,1685,756,687,645,1176,1727,1,1,1634,536,1,1,1103,1726,1,0:33
2022-23,203082,Terrence Ross,Terrence,1610612756,PHX,Phoenix Suns,0042200225,2023-05-09T00:00:00,PHX @ DEN,L,20.338333333333335,0.0,0.0,5.3,0.0,14.2,3.5,31.9,46.0,1.8,0.0,3.5,0.0,35.6,1,857,857,857,1038,756,687,171,1176,1181,332,1694,241,241,1,1145,1103,563,1,20:20
2022-23,1627863,Danuel House Jr.,Danuel,1610612755,PHI,Philadelphia 76ers,0042200215,2023-05-09T00:00:00,PHI @ BOS,W,15.175,9.5,0.0,19.0,23.7,11.9,9.5,7.1,23.7,0.0,0.0,7.1,0.0,41.5,1,1,1,1,1195,47,687,6,22,980,886,699,1416,536,1,1596,1103,353,1,15:11
2022-23,203484,Kentavious Caldwell-Pope,Kentavious,1610612743,DEN,Denver Nuggets,0042200225,2023-05-09T00:00:00,DEN vs. PHX,W,26.983333333333334,2.7,0.0,2.7,0.0,8.0,8.0,20.0,34.7,2.7,0.0,2.7,4.0,38.6,1,1,1,1,779,525,687,443,1176,626,750,1589,816,127,1,898,432,458,1,26:59
2022-23,1630202,Payton Pritchard,Payton,1610612738,BOS,Boston Celtics,0042200215,2023-05-09T00:00:00,BOS vs. PHI,L,9.25,19.5,0.0,0.0,7.8,15.6,7.8,23.4,46.7,0.0,0.0,0.0,0.0,41.6,1,857,857,857,1382,4,687,645,559,1297,732,1640,220,536,1,1,1103,349,1,9:15
2022-23,1630192,Zeke Nnaji,Zeke,1610612743,DEN,Denver Nuggets,0042200225,2023-05-09T00:00:00,DEN vs. PHX,W,2.066666666666667,0.0,0.0,0.0,0.0,0.0,34.8,69.7,69.7,0.0,0.0,0.0,0.0,0.0,1,1,1,1,1634,756,687,645,1176,1,1701,1727,16,536,1,1,1103,1601,1,2:04
2022-23,1629684,Grant Williams,Grant,1610612738,BOS,Boston Celtics,0042200215,2023-05-09T00:00:00,BOS vs. PHI,L,8.456666666666667,0.0,0.0,0.0,0.0,0.0,8.5,8.5,34.1,0.0,0.0,8.5,0.0,6.4,1,857,857,857,1407,756,687,645,1176,1,790,859,852,536,1,1641,1103,1568,1,8:27
2022-23,1630178,Tyrese Maxey,Tyrese,1610612755,PHI,Philadelphia 76ers,0042200215,2023-05-09T00:00:00,PHI @ BOS,W,41.81,0.0,1.7,2.6,5.2,10.3,10.3,3.4,27.6,0.0,0.0,1.7,1.7,36.1,1,1,1,1,107,756,638,456,811,849,982,410,1268,536,1,625,891,536,1,41:49
2022-23,201935,James Harden,James,1610612755,PHI,Philadelphia 76ers,0042200215,2023-05-09T00:00:00,PHI @ BOS,W,39.03333333333333,0.0,0.0,0.0,3.7,11.1,12.9,2.8,27.7,0.0,0.0,1.8,5.5,42.1,1,1,1,1,240,756,687,645,970,918,1234,365,1264,536,1,672,219,337,1,39:02
2022-23,1629006,Josh Okogie,Josh,1610612756,PHX,Phoenix Suns,0042200225,2023-05-09T00:00:00,PHX @ DEN,L,8.216666666666667,0.0,0.0,0.0,0.0,17.5,8.8,48.2,52.6,0.0,0.0,4.4,8.8,11.0,1,857,857,857,1417,756,687,645,1176,1427,821,1716,99,536,1,1308,54,1513,1,8:13
2022-23,201143,Al Horford,Al,1610612738,BOS,Boston Celtics,0042200215,2023-05-09T00:00:00,BOS vs. PHI,L,25.35,0.0,0.0,0.0,0.0,12.8,9.9,9.9,28.4,1.4,0.0,2.8,0.0,28.4,1,857,857,857,851,756,687,645,1176,1073,942,1006,1206,315,1,968,1103,880,1,25:21
2022-23,1627814,Damion Lee,Damion,1610612756,PHX,Phoenix Suns,0042200225,2023-05-09T00:00:00,PHX @ DEN,L,4.3,0.0,0.0,0.0,0.0,0.0,0.0,0.0,0.0,0.0,0.0,0.0,0.0,22.6,1,857,857,857,1507,756,687,645,1176,1,1,1,1634,536,1,1,1103,1149,1,4:18
2022-23,1628401,Derrick White,Derrick,1610612738,BOS,Boston Celtics,0042200215,2023-05-09T00:00:00,BOS vs. PHI,L,33.63333333333333,0.0,2.1,0.0,4.3,9.6,11.8,7.5,21.4,0.0,1.1,1.1,2.1,13.9,1,857,857,857,489,756,545,645,907,785,1118,747,1479,536,1341,491,785,1442,1,33:38
2022-23,200782,P.J. Tucker,P.J.,1610612755,PHI,Philadelphia 76ers,0042200215,2023-05-09T00:00:00,PHI @ BOS,W,33.7,0.0,0.0,0.0,0.0,7.5,12.8,4.3,27.8,0.0,0.0,4.3,1.1,13.8,1,1,1,1,485,756,687,645,1176,591,1220,455,1254,536,1,1291,1048,1444,1,33:42
2022-23,1628470,Torrey Craig,Torrey,1610612756,PHX,Phoenix Suns,0042200225,2023-05-09T00:00:00,PHX @ DEN,L,4.3,0.0,0.0,0.0,16.7,0.0,0.0,0.0,0.0,8.4,0.0,8.4,0.0,67.0,1,857,857,857,1507,756,687,645,97,1,1,1,1634,11,1,1633,1103,24,1,4:18
2022-23,1629111,Jock Landale,Jock,1610612756,PHX,Phoenix Suns,0042200225,2023-05-09T00:00:00,PHX @ DEN,L,16.266666666666666,4.4,0.0,8.9,8.9,13.3,4.4,15.5,31.0,0.0,0.0,2.2,2.2,21.7,1,857,857,857,1159,291,687,33,461,1110,399,1430,1053,536,1,768,770,1193,1,16:16
2022-23,203954,Joel Embiid,Joel,1610612755,PHI,Philadelphia 76ers,0042200215,2023-05-09T00:00:00,PHI @ BOS,W,37.42666666666667,1.9,4.8,0.0,3.8,6.7,11.5,3.8,28.9,3.8,1.0,2.9,5.8,51.8,1,1,1,1,330,650,217,645,947,519,1094,436,1177,55,1283,989,194,126,1,37:26
2022-23,203488,Mike Muscala,Mike,1610612738,BOS,Boston Celtics,0042200215,2023-05-09T00:00:00,BOS vs. PHI,L,3.9166666666666665,0.0,0.0,0.0,0.0,0.0,18.4,0.0,18.4,0.0,0.0,0.0,0.0,11.0,1,857,857,857,1530,756,687,645,1176,1,1540,1,1553,536,1,1,1103,1509,1,3:55
2022-23,1630573,Sam Hauser,Sam,1610612738,BOS,Boston Celtics,0042200215,2023-05-09T00:00:00,BOS vs. PHI,L,3.9166666666666665,0.0,0.0,0.0,0.0,0.0,18.4,0.0,18.4,0.0,0.0,0.0,0.0,27.6,1,857,857,857,1530,756,687,645,1176,1,1540,1,1553,536,1,1,1103,914,1,3:55
2022-23,201145,Jeff Green,Jeff,1610612743,DEN,Denver Nuggets,0042200225,2023-05-09T00:00:00,DEN vs. PHX,W,15.65,4.6,0.0,0.0,9.2,4.6,11.5,25.3,32.2,0.0,0.0,6.9,2.3,21.6,1,1,1,1,1182,275,687,645,438,370,1086,1657,979,536,1,1580,745,1195,1,15:39
2022-23,1631212,Peyton Watson,Peyton,1610612743,DEN,Denver Nuggets,0042200225,2023-05-09T00:00:00,DEN vs. PHX,W,3.5166666666666666,0.0,0.0,0.0,0.0,0.0,20.5,40.9,61.4,0.0,0.0,10.2,0.0,-10.2,1,1,1,1,1561,756,687,645,1176,1,1591,1707,47,536,1,1672,1103,1720,1,3:31
2022-23,1629060,Rui Hachimura,Rui,1610612747,LAL,Los Angeles Lakers,0042200234,2023-05-08T00:00:00,LAL vs. GSW,W,13.755,0.0,0.0,0.0,0.0,13.1,5.2,5.2,36.6,0.0,0.0,2.6,5.2,12.0,1,1,1,1,1244,756,687,645,1176,1090,477,535,677,536,1,883,247,1485,1,13:45
2022-23,1629022,Lonnie Walker IV,Lonnie,1610612747,LAL,Los Angeles Lakers,0042200234,2023-05-08T00:00:00,LAL vs. GSW,W,26.99,2.7,2.7,2.7,5.3,13.3,5.3,10.7,40.0,0.0,0.0,1.3,2.7,35.5,1,1,1,1,778,526,455,444,790,1116,484,1061,474,536,1,547,669,567,1,26:59
2022-23,1630167,Obi Toppin,Obi,1610612752,NYK,New York Knicks,0042200204,2023-05-08T00:00:00,NYK @ MIA,L,5.583333333333333,0.0,25.8,0.0,25.8,12.9,12.9,0.0,25.8,0.0,0.0,6.4,0.0,33.5,1,857,857,857,1465,756,4,645,16,1078,1231,1,1352,536,1,1556,1103,652,1,5:35
2022-23,1630540,Miles McBride,Miles,1610612752,NYK,New York Knicks,0042200204,2023-05-08T00:00:00,NYK @ MIA,L,4.296666666666667,0.0,0.0,0.0,0.0,0.0,16.8,0.0,33.5,0.0,0.0,8.4,8.4,12.6,1,857,857,857,1509,756,687,645,1176,1,1471,1,885,536,1,1634,67,1469,1,4:18
2022-23,1629130,Duncan Robinson,Duncan,1610612748,MIA,Miami Heat,0042200204,2023-05-08T00:00:00,MIA vs. NYK,W,11.496666666666666,0.0,0.0,0.0,0.0,21.9,12.5,6.3,18.8,0.0,3.1,0.0,3.1,11.6,1,1,1,1,1322,756,687,645,1176,1583,1189,613,1546,536,1678,1,563,1492,1,11:30
2022-23,200768,Kyle Lowry,Kyle,1610612748,MIA,Miami Heat,0042200204,2023-05-08T00:00:00,MIA vs. NYK,W,25.866666666666667,5.6,2.8,1.4,0.0,15.3,7.0,7.0,25.1,0.0,0.0,1.4,5.6,41.8,1,1,1,1,825,186,442,631,1176,1270,658,677,1373,536,1,555,212,345,1,25:52
2022-23,203076,Anthony Davis,Anthony,1610612747,LAL,Los Angeles Lakers,0042200234,2023-05-08T00:00:00,LAL vs. GSW,W,43.11,2.5,3.3,1.7,10.0,16.7,3.3,14.2,38.4,0.0,0.8,2.5,5.0,41.8,1,1,1,1,59,553,367,616,374,1370,319,1345,570,536,1184,837,281,344,1,43:07
2022-23,1628978,Donte DiVincenzo,Donte,1610612744,GSW,Golden State Warriors,0042200234,2023-05-08T00:00:00,GSW @ LAL,L,14.908333333333333,0.0,4.8,0.0,9.7,16.9,9.7,4.8,48.3,0.0,0.0,0.0,0.0,28.3,1,857,857,857,1205,756,215,645,409,1384,899,501,173,536,1,1,1103,886,1,14:55
2022-23,202691,Klay Thompson,Klay,1610612744,GSW,Golden State Warriors,0042200234,2023-05-08T00:00:00,GSW @ LAL,L,41.01166666666666,0.0,0.0,0.0,0.0,5.3,8.8,12.3,28.1,0.0,0.0,1.8,0.0,17.6,1,857,857,857,141,756,687,645,1176,418,823,1195,1231,536,1,645,1103,1348,1,41:01
2022-23,1628404,Josh Hart,Josh,1610612752,NYK,New York Knicks,0042200204,2023-05-08T00:00:00,NYK @ MIA,L,21.74,3.3,0.0,0.0,6.6,18.2,9.9,6.6,26.5,0.0,0.0,9.9,1.7,7.3,1,857,857,857,990,425,687,645,662,1463,940,637,1312,536,1,1668,906,1560,1,21:44
2022-23,1629117,Wenyen Gabriel,Wenyen,1610612747,LAL,Los Angeles Lakers,0042200234,2023-05-08T00:00:00,LAL vs. GSW,W,1.8833333333333333,0.0,0.0,0.0,0.0,0.0,0.0,0.0,38.2,0.0,0.0,0.0,0.0,0.0,1,1,1,1,1643,756,687,645,1176,1,1,1,579,536,1,1,1103,1601,1,1:53
2022-23,203471,Dennis Schröder,Dennis,1610612747,LAL,Los Angeles Lakers,0042200234,2023-05-08T00:00:00,LAL vs. GSW,W,34.833333333333336,2.1,0.0,0.0,8.3,17.6,6.2,10.3,33.1,0.0,1.0,2.1,1.0,19.7,1,1,1,1,442,625,687,645,518,1428,583,1038,914,536,1320,736,1061,1274,1,34:50
2022-23,1628392,Isaiah Hartenstein,Isaiah,1610612752,NYK,New York Knicks,0042200204,2023-05-08T00:00:00,NYK @ MIA,L,14.883333333333333,0.0,0.0,0.0,0.0,12.1,4.8,7.3,24.2,4.8,0.0,0.0,2.4,28.1,1,857,857,857,1207,756,687,645,1176,1000,443,717,1403,36,1,1,723,893,1,14:53
2022-23,1629622,Max Strus,Max,1610612748,MIA,Miami Heat,0042200204,2023-05-08T00:00:00,MIA vs. NYK,W,36.50333333333333,2.0,0.0,4.9,3.9,7.9,3.0,4.9,43.4,1.0,0.0,3.9,2.0,29.8,1,1,1,1,372,638,687,197,936,620,301,508,335,427,1,1242,821,821,1,36:30
2022-23,1629628,RJ Barrett,RJ,1610612752,NYK,New York Knicks,0042200204,2023-05-08T00:00:00,NYK @ MIA,L,34.79666666666667,2.1,0.0,4.1,12.4,17.6,17.6,6.2,37.2,0.0,2.1,0.0,3.1,34.5,1,857,857,857,445,623,687,267,251,1430,1502,607,635,536,1586,1,572,611,1,34:48
2022-23,203952,Andrew Wiggins,Andrew,1610612744,GSW,Golden State Warriors,0042200234,2023-05-08T00:00:00,GSW @ LAL,L,38.666666666666664,1.9,1.9,3.7,7.4,12.1,7.4,11.2,35.4,0.0,0.0,3.7,3.7,24.5,1,857,857,857,265,663,602,305,582,1003,702,1104,768,536,1,1197,472,1070,1,38:40
2022-23,1630541,Moses Moody,Moses,1610612744,GSW,Golden State Warriors,0042200234,2023-05-08T00:00:00,GSW @ LAL,L,19.261666666666667,13.1,0.0,7.5,7.5,11.2,15.0,3.7,33.6,1.9,0.0,7.5,0.0,30.3,1,857,857,857,1073,16,687,66,581,934,1379,427,878,217,1,1608,1103,803,1,19:16
2022-23,203110,Draymond Green,Draymond,1610612744,GSW,Golden State Warriors,0042200234,2023-05-08T00:00:00,GSW @ LAL,L,37.255,1.9,0.0,0.0,5.8,8.7,7.7,13.5,32.9,1.0,0.0,2.9,1.9,30.4,1,857,857,857,337,647,687,645,739,681,720,1303,926,436,1,991,836,799,1,37:15
2022-23,1628997,Caleb Martin,Caleb,1610612748,MIA,Miami Heat,0042200204,2023-05-08T00:00:00,MIA vs. NYK,W,25.966666666666665,4.2,0.0,2.8,5.5,15.3,6.9,6.9,27.7,1.4,0.0,2.8,1.4,30.5,1,1,1,1,820,320,687,430,766,1266,654,671,1259,324,1,941,969,793,1,25:58
2022-23,203469,Cody Zeller,Cody,1610612748,MIA,Miami Heat,0042200204,2023-05-08T00:00:00,MIA vs. NYK,W,8.323333333333334,0.0,0.0,0.0,8.7,17.3,4.3,13.0,26.0,0.0,4.3,17.3,8.7,9.5,1,1,1,1,1412,756,687,645,486,1411,389,1263,1339,536,1714,1717,59,1535,1,8:19
2022-23,2544,LeBron James,LeBron,1610612747,LAL,Los Angeles Lakers,0042200234,2023-05-08T00:00:00,LAL vs. GSW,W,42.95,3.4,3.4,0.0,13.4,14.2,6.7,14.2,43.6,0.8,0.0,2.5,4.2,39.2,1,1,1,1,63,419,364,645,194,1189,633,1351,328,513,1,841,407,428,1,42:57
2022-23,1629673,Jordan Poole,Jordan,1610612744,GSW,Golden State Warriors,0042200234,2023-05-08T00:00:00,GSW @ LAL,L,10.4,0.0,0.0,0.0,0.0,10.4,13.8,6.9,41.5,0.0,0.0,3.5,0.0,15.9,1,857,857,857,1350,756,687,645,1176,857,1304,669,403,536,1,1126,1103,1391,1,10:24
2022-23,1628973,Jalen Brunson,Jalen,1610612752,NYK,New York Knicks,0042200204,2023-05-08T00:00:00,NYK @ MIA,L,44.483333333333334,7.3,0.0,0.0,9.7,17.8,12.1,7.3,34.0,0.0,0.0,4.0,6.5,44.8,1,857,857,857,28,100,687,645,404,1435,1150,720,857,536,1,1256,135,271,1,44:29
2022-23,203944,Julius Randle,Julius,1610612752,NYK,New York Knicks,0042200204,2023-05-08T00:00:00,NYK @ MIA,L,39.28333333333333,1.8,0.9,0.0,11.0,14.7,10.1,8.2,36.7,0.0,0.0,5.5,4.6,26.9,1,857,857,857,226,675,683,645,323,1218,953,832,676,536,1,1475,342,951,1,39:17
2022-23,1629216,Gabe Vincent,Gabe,1610612748,MIA,Miami Heat,0042200204,2023-05-08T00:00:00,MIA vs. NYK,W,22.133333333333333,0.0,0.0,0.0,0.0,6.5,3.3,3.3,52.0,0.0,0.0,4.9,1.6,26.8,1,1,1,1,971,756,687,645,1176,502,313,385,101,536,1,1398,918,953,1,22:08
2022-23,1628389,Bam Adebayo,Bam,1610612748,MIA,Miami Heat,0042200204,2023-05-08T00:00:00,MIA vs. NYK,W,38.35,4.7,6.6,0.9,16.9,10.3,5.6,3.8,39.4,0.0,1.9,1.9,5.6,38.1,1,1,1,1,277,265,113,639,96,847,505,430,508,536,1559,689,207,466,1,38:21
2022-23,202710,Jimmy Butler III,Jimmy,1610612748,MIA,Miami Heat,0042200204,2023-05-08T00:00:00,MIA vs. NYK,W,41.81666666666667,5.2,5.2,0.0,13.8,12.9,2.6,6.0,39.6,1.7,0.0,1.7,4.3,50.1,1,1,1,1,105,218,185,645,185,1079,287,593,496,247,1,623,385,147,1,41:49
2022-23,1627780,Gary Payton II,Gary,1610612744,GSW,Golden State Warriors,0042200234,2023-05-08T00:00:00,GSW @ LAL,L,23.376666666666665,4.6,0.0,6.2,18.5,6.2,6.2,15.4,30.8,0.0,0.0,1.5,0.0,31.7,1,857,857,857,924,272,687,112,62,473,579,1421,1070,536,1,580,1103,733,1,23:23
2022-23,1626156,D'Angelo Russell,D'Angelo,1610612747,LAL,Los Angeles Lakers,0042200234,2023-05-08T00:00:00,LAL vs. GSW,W,31.016666666666666,0.0,2.3,0.0,0.0,18.6,4.6,17.4,37.1,0.0,0.0,2.3,2.3,15.4,1,1,1,1,605,756,516,645,1176,1480,426,1504,644,536,1,793,744,1407,1,31:01
2022-23,1629011,Mitchell Robinson,Mitchell,1610612752,NYK,New York Knicks,0042200204,2023-05-08T00:00:00,NYK @ MIA,L,33.11666666666667,0.0,2.2,0.0,6.5,18.5,16.3,6.5,39.1,2.2,1.1,2.2,1.1,24.9,1,857,857,857,505,756,538,645,674,1474,1451,630,532,168,1350,759,1045,1046,1,33:07
2022-23,1630559,Austin Reaves,Austin,1610612747,LAL,Los Angeles Lakers,0042200234,2023-05-08T00:00:00,LAL vs. GSW,W,34.14333333333333,0.0,0.0,8.4,6.3,12.7,8.4,9.5,40.1,0.0,0.0,2.1,3.2,32.1,1,1,1,1,466,756,687,44,686,1061,783,957,471,536,1,745,562,722,1,34:09
2022-23,1626172,Kevon Looney,Kevon,1610612744,GSW,Golden State Warriors,0042200234,2023-05-08T00:00:00,GSW @ LAL,L,10.87,6.6,0.0,0.0,13.2,13.2,13.2,0.0,39.7,0.0,0.0,6.6,9.9,25.2,1,857,857,857,1341,119,687,645,200,1106,1257,1,487,536,1,1565,17,1036,1,10:52
2022-23,1629312,Haywood Highsmith,Haywood,1610612748,MIA,Miami Heat,0042200204,2023-05-08T00:00:00,MIA vs. NYK,W,6.066666666666666,0.0,11.9,0.0,11.9,0.0,23.7,0.0,23.7,0.0,0.0,5.9,0.0,26.1,1,1,1,1,1452,756,23,645,284,1,1644,1,1415,536,1,1514,1103,993,1,6:04
2022-23,201939,Stephen Curry,Stephen,1610612744,GSW,Golden State Warriors,0042200234,2023-05-08T00:00:00,GSW @ LAL,L,41.983333333333334,3.4,3.4,4.3,12.0,11.1,8.6,10.3,36.0,0.0,0.9,4.3,5.1,60.9,1,857,857,857,91,414,353,249,273,929,797,1036,723,536,1196,1293,264,47,1,41:59
2022-23,201567,Kevin Love,Kevin,1610612748,MIA,Miami Heat,0042200204,2023-05-08T00:00:00,MIA vs. NYK,W,23.476666666666667,3.1,0.0,0.0,0.0,6.1,3.1,3.1,49.1,0.0,0.0,3.1,1.5,26.1,1,1,1,1,919,457,687,645,1176,470,305,378,149,536,1,1042,935,996,1,23:29
2022-23,1629656,Quentin Grimes,Quentin,1610612752,NYK,New York Knicks,0042200204,2023-05-08T00:00:00,NYK @ MIA,L,41.81666666666667,0.0,0.0,2.6,0.0,17.2,12.9,6.9,36.2,0.0,0.9,1.7,0.9,18.9,1,857,857,857,105,756,687,458,1176,1408,1235,664,711,536,1203,623,1098,1306,1,41:49
2022-23,1629020,Jarred Vanderbilt,Jarred,1610612747,LAL,Los Angeles Lakers,0042200234,2023-05-08T00:00:00,LAL vs. GSW,W,11.318333333333333,6.4,0.0,6.4,0.0,9.5,12.7,22.3,44.5,0.0,0.0,3.2,3.2,25.8,1,1,1,1,1327,139,687,104,1176,771,1207,1625,296,536,1,1061,559,1010,1,11:19
2022-23,203210,JaMychal Green,JaMychal,1610612744,GSW,Golden State Warriors,0042200234,2023-05-08T00:00:00,GSW @ LAL,L,2.2666666666666666,0.0,0.0,0.0,0.0,0.0,0.0,31.8,31.8,0.0,0.0,0.0,0.0,0.0,1,857,857,857,1620,756,687,645,1176,1,1,1693,1012,536,1,1,1103,1601,1,2:16
2022-23,201142,Kevin Durant,Kevin,1610612756,PHX,Phoenix Suns,0042200224,2023-05-07T00:00:00,PHX vs. DEN,W,43.961666666666666,4.9,2.5,0.0,8.2,9.8,12.3,8.2,57.3,0.8,0.0,1.6,6.6,50.9,1,1,1,1,38,241,493,645,524,803,1166,822,69,525,1,602,130,138,1,43:58
2022-23,1627759,Jaylen Brown,Jaylen,1610612738,BOS,Boston Celtics,0042200214,2023-05-07T00:00:00,BOS @ PHI,L,44.4,2.4,1.6,3.2,9.7,4.9,15.4,7.3,29.2,0.0,0.0,2.4,3.2,26.8,1,857,857,857,30,563,659,373,401,392,1416,723,1155,536,1,818,550,952,1,44:24
2022-23,203935,Marcus Smart,Marcus,1610612738,BOS,Boston Celtics,0042200214,2023-05-07T00:00:00,BOS @ PHI,L,42.416666666666664,2.5,0.0,2.5,1.7,7.6,15.3,7.6,35.6,0.0,0.0,2.5,4.2,27.2,1,857,857,857,79,539,687,465,1171,604,1407,757,752,536,1,854,397,934,1,42:25
2022-23,203954,Joel Embiid,Joel,1610612755,PHI,Philadelphia 76ers,0042200214,2023-05-07T00:00:00,PHI vs. BOS,W,46.2,3.9,5.5,3.1,10.9,9.4,6.2,13.2,29.6,0.0,3.1,2.3,7.8,44.1,1,1,1,1,10,348,168,385,327,753,585,1281,1136,536,1677,795,78,286,1,46:12
2022-23,203932,Aaron Gordon,Aaron,1610612743,DEN,Denver Nuggets,0042200224,2023-05-07T00:00:00,DEN @ PHX,L,35.85,4.0,5.0,0.0,8.0,10.0,7.0,9.0,32.1,0.0,1.0,5.0,1.0,24.8,1,857,857,857,410,334,198,645,535,824,667,914,984,536,1309,1419,1063,1054,1,35:51
2022-23,1628971,Bruce Brown,Bruce,1610612743,DEN,Denver Nuggets,0042200224,2023-05-07T00:00:00,DEN @ PHX,L,21.865,0.0,0.0,3.3,6.6,6.6,0.0,14.8,29.6,0.0,0.0,4.9,6.6,27.3,1,857,857,857,983,756,687,367,666,511,1,1388,1135,536,1,1408,128,929,1,21:52
2022-23,1628369,Jayson Tatum,Jayson,1610612738,BOS,Boston Celtics,0042200214,2023-05-07T00:00:00,BOS @ PHI,L,47.233333333333334,0.0,1.5,2.3,10.7,6.9,14.5,6.9,27.4,3.0,0.8,2.3,3.8,51.5,1,857,857,857,5,756,668,498,343,528,1354,661,1275,94,1165,782,464,129,1,47:14
2022-23,1630178,Tyrese Maxey,Tyrese,1610612755,PHI,Philadelphia 76ers,0042200214,2023-05-07T00:00:00,PHI vs. BOS,W,44.666666666666664,0.0,1.6,0.0,4.8,9.7,6.4,13.7,30.6,0.8,2.4,0.8,0.8,26.7,1,1,1,1,22,756,661,645,850,791,603,1318,1077,529,1622,409,1102,965,1,44:40
2022-23,201143,Al Horford,Al,1610612738,BOS,Boston Celtics,0042200214,2023-05-07T00:00:00,BOS @ PHI,L,37.86666666666667,1.9,3.8,0.0,1.9,5.7,18.1,8.6,26.6,4.8,0.0,2.9,1.0,43.2,1,857,857,857,305,658,305,645,1151,440,1521,866,1305,40,1,974,1073,304,1,37:52
2022-23,1629057,Robert Williams III,Robert,1610612738,BOS,Boston Celtics,0042200214,2023-05-07T00:00:00,BOS @ PHI,L,14.333333333333334,0.0,2.5,0.0,5.0,0.0,0.0,0.0,30.1,2.5,0.0,5.0,5.0,24.9,1,857,857,857,1226,756,481,645,829,1,1,1,1094,142,1,1420,279,1050,1,14:20
2022-23,1629006,Josh Okogie,Josh,1610612756,PHX,Phoenix Suns,0042200224,2023-05-07T00:00:00,PHX vs. DEN,W,16.6,0.0,0.0,0.0,8.7,17.3,23.9,13.0,60.7,2.2,2.2,0.0,0.0,28.0,1,1,1,1,1149,756,687,645,480,1415,1648,1267,51,170,1596,1,1103,896,1,16:36
2022-23,1628470,Torrey Craig,Torrey,1610612756,PHX,Phoenix Suns,0042200224,2023-05-07T00:00:00,PHX vs. DEN,W,0.11666666666666667,0.0,0.0,0.0,0.0,0.0,0.0,0.0,0.0,0.0,0.0,0.0,0.0,0.0,1,1,1,1,1725,756,687,645,1176,1,1,1,1634,536,1,1,1103,1601,1,0:07
2022-23,203933,T.J. Warren,T.J.,1610612756,PHX,Phoenix Suns,0042200224,2023-05-07T00:00:00,PHX vs. DEN,W,18.65,3.9,0.0,3.9,3.9,7.7,7.7,3.9,54.0,0.0,0.0,3.9,3.9,17.8,1,1,1,1,1094,355,687,294,945,613,718,437,89,536,1,1228,452,1345,1,18:39
2022-23,200782,P.J. Tucker,P.J.,1610612755,PHI,Philadelphia 76ers,0042200214,2023-05-07T00:00:00,PHI vs. BOS,W,31.4,0.0,3.4,0.0,2.3,10.3,6.9,17.2,32.1,0.0,0.0,4.6,1.1,12.7,1,1,1,1,584,756,352,645,1122,846,648,1498,992,536,1,1341,1032,1465,1,31:24
2022-23,1626164,Devin Booker,Devin,1610612756,PHX,Phoenix Suns,0042200224,2023-05-07T00:00:00,PHX vs. DEN,W,40.483333333333334,1.8,1.8,13.3,14.2,12.4,11.6,8.9,58.7,0.0,0.0,4.4,4.4,52.6,1,1,1,1,167,685,623,12,164,1041,1096,893,56,536,1,1320,360,111,1,40:29
2022-23,1629684,Grant Williams,Grant,1610612738,BOS,Boston Celtics,0042200214,2023-05-07T00:00:00,BOS @ PHI,L,12.4,0.0,0.0,0.0,5.8,8.7,0.0,0.0,40.6,2.9,0.0,2.9,2.9,15.1,1,857,857,857,1286,756,687,645,738,683,1,1,443,109,1,993,614,1421,1,12:24
2022-23,1631128,Christian Braun,Christian,1610612743,DEN,Denver Nuggets,0042200224,2023-05-07T00:00:00,DEN @ PHX,L,8.2,0.0,0.0,0.0,0.0,8.8,8.8,43.9,35.1,0.0,0.0,0.0,4.4,14.9,1,857,857,857,1418,756,687,645,1176,695,824,1711,779,536,1,1,368,1424,1,8:12
2022-23,203082,Terrence Ross,Terrence,1610612756,PHX,Phoenix Suns,0042200224,2023-05-07T00:00:00,PHX vs. DEN,W,16.8,0.0,0.0,0.0,0.0,10.7,0.0,4.3,51.4,0.0,0.0,6.4,0.0,22.3,1,1,1,1,1145,756,687,645,1176,889,1,456,114,536,1,1553,1103,1160,1,16:48
2022-23,1630194,Paul Reed,Paul,1610612755,PHI,Philadelphia 76ers,0042200214,2023-05-07T00:00:00,PHI vs. BOS,W,6.266666666666667,0.0,0.0,0.0,11.5,0.0,5.7,28.7,23.0,0.0,0.0,0.0,0.0,32.2,1,1,1,1,1449,756,687,645,302,1,517,1678,1438,536,1,1,1103,715,1,6:16
2022-23,201145,Jeff Green,Jeff,1610612743,DEN,Denver Nuggets,0042200224,2023-05-07T00:00:00,DEN @ PHX,L,19.696666666666665,0.0,0.0,0.0,0.0,16.4,3.7,29.2,36.6,0.0,0.0,3.7,5.5,11.3,1,857,857,857,1058,756,687,645,1176,1349,339,1680,682,536,1,1176,223,1503,1,19:42
2022-23,201935,James Harden,James,1610612755,PHI,Philadelphia 76ers,0042200214,2023-05-07T00:00:00,PHI vs. BOS,W,47.4,1.5,3.8,2.3,12.2,9.1,6.8,16.7,28.9,0.8,1.5,1.5,4.6,60.1,1,1,1,1,4,729,306,499,260,732,642,1481,1176,535,1468,572,345,49,1,47:24
2022-23,1629008,Michael Porter Jr.,Michael,1610612743,DEN,Denver Nuggets,0042200224,2023-05-07T00:00:00,DEN @ PHX,L,39.218333333333334,2.8,1.8,0.0,3.7,13.8,4.6,11.0,36.7,0.9,0.9,4.6,0.9,32.1,1,857,857,857,228,509,608,645,975,1150,417,1094,674,466,1244,1342,1085,720,1,39:13
2022-23,203999,Nikola Jokić,Nikola,1610612743,DEN,Denver Nuggets,0042200224,2023-05-07T00:00:00,DEN @ PHX,L,39.43666666666667,0.9,1.8,1.8,29.2,8.2,4.6,11.9,34.7,0.9,0.0,1.8,9.1,65.1,1,857,857,857,218,749,609,574,11,640,411,1157,815,469,1,665,43,29,1,39:26
2022-23,1629111,Jock Landale,Jock,1610612756,PHX,Phoenix Suns,0042200224,2023-05-07T00:00:00,PHX vs. DEN,W,20.628333333333334,0.0,3.5,0.0,10.5,7.0,3.5,3.5,48.9,1.7,0.0,7.0,0.0,37.5,1,1,1,1,1028,756,344,645,353,544,327,414,157,245,1,1585,1103,485,1,20:38
2022-23,1629013,Landry Shamet,Landry,1610612756,PHX,Phoenix Suns,0042200224,2023-05-07T00:00:00,PHX vs. DEN,W,30.205,2.4,0.0,0.0,2.4,7.2,4.8,4.8,47.7,0.0,0.0,1.2,1.2,22.6,1,1,1,1,632,575,687,645,1114,557,433,492,187,536,1,522,1020,1148,1,30:12
2022-23,1628401,Derrick White,Derrick,1610612738,BOS,Boston Celtics,0042200214,2023-05-07T00:00:00,BOS @ PHI,L,30.716666666666665,2.3,0.0,2.3,7.0,8.2,16.4,3.5,23.4,1.2,1.2,1.2,1.2,20.4,1,857,857,857,617,580,687,489,621,639,1454,416,1426,369,1379,516,1023,1242,1,30:43
2022-23,1629028,Deandre Ayton,Deandre,1610612756,PHX,Phoenix Suns,0042200224,2023-05-07T00:00:00,PHX vs. DEN,W,27.1,4.0,0.0,0.0,8.0,13.3,17.3,10.6,58.5,1.3,1.3,5.3,4.0,31.4,1,1,1,1,776,337,687,645,542,1112,1489,1056,60,331,1430,1453,435,755,1,27:06
2022-23,1627777,Georges Niang,Georges,1610612755,PHI,Philadelphia 76ers,0042200214,2023-05-07T00:00:00,PHI vs. BOS,W,18.916666666666668,0.0,0.0,0.0,0.0,5.7,1.9,13.3,22.8,1.9,1.9,9.5,0.0,22.8,1,1,1,1,1088,756,687,645,1176,441,263,1287,1441,206,1564,1660,1103,1138,1,18:55
2022-23,1629001,De'Anthony Melton,De'Anthony,1610612755,PHI,Philadelphia 76ers,0042200214,2023-05-07T00:00:00,PHI vs. BOS,W,24.95,0.0,0.0,0.0,0.0,4.3,4.3,11.5,26.0,0.0,0.0,5.8,1.4,10.7,1,1,1,1,865,756,687,645,1176,353,391,1133,1336,536,1,1506,951,1518,1,24:57
2022-23,1626166,Cameron Payne,Cameron,1610612756,PHX,Phoenix Suns,0042200224,2023-05-07T00:00:00,PHX vs. DEN,W,25.455,0.0,0.0,4.2,0.0,9.9,18.4,8.5,45.3,0.0,0.0,4.2,0.0,20.4,1,1,1,1,848,756,687,254,1176,812,1544,853,266,536,1,1287,1103,1245,1,25:27
2022-23,1627763,Malcolm Brogdon,Malcolm,1610612738,BOS,Boston Celtics,0042200214,2023-05-07T00:00:00,BOS @ PHI,L,35.63333333333333,2.0,0.0,10.1,2.0,5.1,6.1,6.1,32.3,0.0,1.0,5.1,4.0,29.9,1,857,857,857,419,630,687,22,1141,408,559,596,969,536,1311,1424,426,811,1,35:38
2022-23,1627750,Jamal Murray,Jamal,1610612743,DEN,Denver Nuggets,0042200224,2023-05-07T00:00:00,DEN @ PHX,L,42.083333333333336,3.4,5.1,1.7,15.4,11.1,6.0,13.7,32.5,0.0,1.7,1.7,1.7,40.6,1,857,857,857,88,416,187,609,127,925,550,1317,951,536,1513,620,894,379,1,42:05
2022-23,203484,Kentavious Caldwell-Pope,Kentavious,1610612743,DEN,Denver Nuggets,0042200224,2023-05-07T00:00:00,DEN @ PHX,L,33.65,2.1,0.0,4.3,6.4,13.9,7.5,16.0,38.5,0.0,0.0,0.0,2.1,16.8,1,857,857,857,488,612,687,251,682,1162,704,1453,569,536,1,1,787,1371,1,33:39
2022-23,202699,Tobias Harris,Tobias,1610612755,PHI,Philadelphia 76ers,0042200214,2023-05-07T00:00:00,PHI vs. BOS,W,45.2,1.6,1.6,1.6,3.2,7.2,7.2,15.1,27.1,0.0,1.6,3.2,1.6,17.0,1,1,1,1,17,723,664,625,1030,559,674,1405,1286,536,1484,1063,924,1366,1,45:12
2022-23,1628978,Donte DiVincenzo,Donte,1610612744,GSW,Golden State Warriors,0042200233,2023-05-06T00:00:00,GSW @ LAL,L,22.1,0.0,0.0,0.0,3.3,17.9,3.3,6.5,48.9,1.6,0.0,3.3,1.6,31.0,1,857,857,857,973,756,687,645,1023,1439,314,629,155,272,1,1076,916,775,1,22:06
2022-23,1630541,Moses Moody,Moses,1610612744,GSW,Golden State Warriors,0042200233,2023-05-06T00:00:00,GSW @ LAL,L,20.285,3.5,3.5,0.0,0.0,23.1,5.3,7.1,39.0,0.0,1.8,5.3,3.5,20.1,1,857,857,857,1039,396,338,645,1176,1598,481,693,537,536,1534,1455,509,1255,1,20:17
2022-23,1629216,Gabe Vincent,Gabe,1610612748,MIA,Miami Heat,0042200203,2023-05-06T00:00:00,MIA vs. NYK,W,30.033333333333335,0.0,0.0,0.0,2.4,6.0,10.8,3.6,28.8,0.0,0.0,4.8,3.6,18.0,1,1,1,1,646,756,687,645,1112,453,1021,421,1185,536,1,1382,501,1339,1,30:02
2022-23,1630193,Immanuel Quickley,Immanuel,1610612752,NYK,New York Knicks,0042200203,2023-05-06T00:00:00,NYK @ MIA,L,20.15,0.0,7.1,0.0,3.6,8.9,12.5,5.4,32.2,0.0,0.0,0.0,1.8,27.2,1,857,857,857,1044,756,93,645,985,715,1184,540,981,536,1,1,878,937,1,20:09
2022-23,1629130,Duncan Robinson,Duncan,1610612748,MIA,Miami Heat,0042200203,2023-05-06T00:00:00,MIA vs. NYK,W,12.683333333333334,0.0,0.0,0.0,0.0,11.4,14.2,8.5,22.7,0.0,0.0,2.8,0.0,16.2,1,1,1,1,1276,756,687,645,1176,946,1331,860,1444,536,1,966,1103,1383,1,12:41
2022-23,1626172,Kevon Looney,Kevon,1610612744,GSW,Golden State Warriors,0042200233,2023-05-06T00:00:00,GSW @ LAL,L,15.888333333333334,2.3,0.0,0.0,4.5,36.3,4.5,13.6,40.8,0.0,0.0,2.3,2.3,31.3,1,857,857,857,1175,593,687,645,882,1702,409,1310,437,536,1,780,756,759,1,15:53
2022-23,203471,Dennis Schröder,Dennis,1610612747,LAL,Los Angeles Lakers,0042200233,2023-05-06T00:00:00,LAL vs. GSW,W,20.2,0.0,0.0,0.0,3.6,17.8,10.7,3.6,28.5,0.0,0.0,3.6,1.8,27.6,1,1,1,1,1042,756,687,645,987,1436,1009,420,1203,536,1,1151,880,910,1,20:12
2022-23,1628404,Josh Hart,Josh,1610612752,NYK,New York Knicks,0042200203,2023-05-06T00:00:00,NYK @ MIA,L,38.28333333333333,0.0,2.8,2.8,5.6,10.3,13.2,9.4,37.6,0.0,0.9,1.9,5.6,31.4,1,857,857,857,280,756,435,424,757,852,1250,945,620,536,1267,690,206,753,1,38:17
2022-23,203944,Julius Randle,Julius,1610612752,NYK,New York Knicks,0042200203,2023-05-06T00:00:00,NYK @ MIA,L,38.0,0.0,1.9,0.0,5.7,10.4,13.3,9.5,37.9,0.0,0.9,3.8,5.7,24.4,1,857,857,857,297,756,592,645,751,863,1258,954,601,536,1272,1209,203,1071,1,38:00
2022-23,1628972,Troy Brown Jr.,Troy,1610612747,LAL,Los Angeles Lakers,0042200233,2023-05-06T00:00:00,LAL vs. GSW,W,8.55,0.0,0.0,0.0,0.0,16.8,16.8,0.0,50.5,0.0,0.0,4.2,0.0,24.8,1,1,1,1,1402,756,687,645,1176,1378,1475,1,127,536,1,1282,1103,1051,1,8:33
2022-23,1629673,Jordan Poole,Jordan,1610612744,GSW,Golden State Warriors,0042200233,2023-05-06T00:00:00,GSW @ LAL,L,22.268333333333334,0.0,0.0,0.0,3.2,24.2,6.5,9.7,35.6,0.0,1.6,1.6,4.8,22.0,1,857,857,857,965,756,687,645,1026,1621,606,983,758,536,1491,594,305,1177,1,22:16
2022-23,1630167,Obi Toppin,Obi,1610612752,NYK,New York Knicks,0042200203,2023-05-06T00:00:00,NYK @ MIA,L,16.911666666666665,0.0,6.4,0.0,4.3,10.6,12.8,14.9,29.8,2.1,0.0,4.3,0.0,27.9,1,857,857,857,1138,756,121,645,911,882,1213,1393,1122,175,1,1289,1103,899,1,16:55
2022-23,1629656,Quentin Grimes,Quentin,1610612752,NYK,New York Knicks,0042200203,2023-05-06T00:00:00,NYK @ MIA,L,21.64,5.0,0.0,5.0,6.7,11.6,13.3,15.0,33.3,0.0,0.0,3.3,1.7,18.6,1,857,857,857,995,236,687,194,658,966,1263,1397,906,536,1,1095,905,1320,1,21:38
2022-23,1628392,Isaiah Hartenstein,Isaiah,1610612752,NYK,New York Knicks,0042200203,2023-05-06T00:00:00,NYK @ MIA,L,25.966666666666665,0.0,0.0,0.0,0.0,19.4,15.3,6.9,36.0,2.8,0.0,2.8,2.8,15.4,1,857,857,857,820,756,687,645,1176,1515,1404,671,716,120,1,941,644,1410,1,25:58
2022-23,201567,Kevin Love,Kevin,1610612748,MIA,Miami Heat,0042200203,2023-05-06T00:00:00,MIA vs. NYK,W,23.061666666666667,0.0,0.0,0.0,3.1,4.7,10.9,9.4,28.1,0.0,0.0,4.7,1.6,29.3,1,1,1,1,943,756,687,645,1035,377,1035,941,1229,536,1,1363,927,843,1,23:04
2022-23,202684,Tristan Thompson,Tristan,1610612747,LAL,Los Angeles Lakers,0042200233,2023-05-06T00:00:00,LAL vs. GSW,W,5.733333333333333,12.6,0.0,0.0,12.6,25.1,25.1,0.0,62.8,0.0,0.0,0.0,0.0,28.9,1,1,1,1,1458,20,687,645,247,1629,1655,1,40,536,1,1,1103,851,1,5:44
2022-23,1628389,Bam Adebayo,Bam,1610612748,MIA,Miami Heat,0042200203,2023-05-06T00:00:00,MIA vs. NYK,W,35.95,4.0,1.0,0.0,14.0,9.0,10.0,9.0,28.0,1.0,0.0,4.0,3.0,33.4,1,1,1,1,399,336,678,645,173,721,950,910,1236,418,1,1250,593,653,1,35:57
2022-23,1629011,Mitchell Robinson,Mitchell,1610612752,NYK,New York Knicks,0042200203,2023-05-06T00:00:00,NYK @ MIA,L,14.216666666666667,0.0,5.1,0.0,5.1,5.1,12.7,10.1,50.6,0.0,0.0,10.1,2.5,17.7,1,857,857,857,1227,756,192,645,825,409,1200,1021,123,536,1,1669,697,1346,1,14:13
2022-23,1630559,Austin Reaves,Austin,1610612747,LAL,Los Angeles Lakers,0042200233,2023-05-06T00:00:00,LAL vs. GSW,W,29.616666666666667,0.0,2.4,0.0,2.4,6.1,10.9,2.4,29.2,0.0,2.4,3.6,4.9,26.0,1,1,1,1,667,756,498,645,1106,461,1038,348,1158,536,1624,1172,303,999,1,29:37
2022-23,203110,Draymond Green,Draymond,1610612744,GSW,Golden State Warriors,0042200233,2023-05-06T00:00:00,GSW @ LAL,L,22.75,0.0,0.0,0.0,3.2,11.1,11.1,7.9,19.0,1.6,1.6,7.9,6.3,26.0,1,857,857,857,949,756,687,645,1033,920,1052,782,1542,283,1481,1620,147,1002,1,22:45
2022-23,202691,Klay Thompson,Klay,1610612744,GSW,Golden State Warriors,0042200233,2023-05-06T00:00:00,GSW @ LAL,L,32.56,0.0,0.0,2.2,4.4,21.0,10.0,10.0,26.5,1.1,0.0,3.3,2.2,25.9,1,857,857,857,535,756,687,506,895,1560,944,1008,1310,393,1,1089,771,1004,1,32:34
2022-23,1630237,Anthony Lamb,Anthony,1610612744,GSW,Golden State Warriors,0042200233,2023-05-06T00:00:00,GSW @ LAL,L,5.733333333333333,0.0,0.0,0.0,0.0,25.1,12.6,0.0,87.9,0.0,0.0,0.0,0.0,18.8,1,857,857,857,1458,756,687,645,1176,1629,1191,1,7,536,1,1,1103,1312,1,5:44
2022-23,1629628,RJ Barrett,RJ,1610612752,NYK,New York Knicks,0042200203,2023-05-06T00:00:00,NYK @ MIA,L,25.483333333333334,5.7,0.0,4.2,8.5,19.8,18.4,9.9,45.2,0.0,2.8,4.2,2.8,25.6,1,857,857,857,847,183,687,256,502,1524,1539,997,268,536,1658,1286,632,1021,1,25:29
2022-23,1629020,Jarred Vanderbilt,Jarred,1610612747,LAL,Los Angeles Lakers,0042200233,2023-05-06T00:00:00,LAL vs. GSW,W,15.23,0.0,4.7,0.0,0.0,2.4,11.8,4.7,33.1,0.0,2.4,2.4,9.5,18.9,1,1,1,1,1194,756,224,645,1176,263,1125,488,913,536,1615,799,33,1309,1,15:14
2022-23,1627736,Malik Beasley,Malik,1610612747,LAL,Los Angeles Lakers,0042200233,2023-05-06T00:00:00,LAL vs. GSW,W,5.733333333333333,0.0,0.0,0.0,0.0,25.1,25.1,0.0,62.8,0.0,6.3,0.0,0.0,7.5,1,1,1,1,1458,756,687,645,1176,1629,1655,1,40,536,1722,1,1103,1557,1,5:44
2022-23,1630209,Omer Yurtseven,Omer,1610612748,MIA,Miami Heat,0042200203,2023-05-06T00:00:00,MIA vs. NYK,W,0.905,0.0,0.0,0.0,0.0,0.0,0.0,0.0,0.0,0.0,0.0,0.0,0.0,8.0,1,1,1,1,1675,756,687,645,1176,1,1,1,1634,536,1,1,1103,1552,1,0:54
2022-23,1629022,Lonnie Walker IV,Lonnie,1610612747,LAL,Los Angeles Lakers,0042200233,2023-05-06T00:00:00,LAL vs. GSW,W,24.4,3.0,0.0,0.0,5.9,10.3,8.9,3.0,26.6,1.5,0.0,4.4,1.5,36.6,1,1,1,1,885,475,687,645,728,848,828,374,1309,302,1,1317,942,521,1,24:24
2022-23,2544,LeBron James,LeBron,1610612747,LAL,Los Angeles Lakers,0042200233,2023-05-06T00:00:00,LAL vs. GSW,W,32.38333333333333,10.0,2.2,6.7,8.9,8.9,12.2,4.4,33.4,1.1,1.1,0.0,4.4,50.7,1,1,1,1,542,36,529,94,459,710,1159,471,896,392,1359,1,359,145,1,32:23
2022-23,1631108,Max Christie,Max,1610612747,LAL,Los Angeles Lakers,0042200233,2023-05-06T00:00:00,LAL vs. GSW,W,5.733333333333333,0.0,12.6,0.0,37.7,25.1,25.1,0.0,62.8,0.0,0.0,0.0,0.0,71.6,1,1,1,1,1458,756,22,645,6,1629,1655,1,40,536,1,1,1103,13,1,5:44
2022-23,202710,Jimmy Butler III,Jimmy,1610612748,MIA,Miami Heat,0042200203,2023-05-06T00:00:00,MIA vs. NYK,W,35.6,5.1,6.1,4.0,12.1,8.1,9.1,9.1,32.4,2.0,1.0,1.0,7.1,41.8,1,1,1,1,421,230,138,277,264,630,850,919,965,187,1312,473,101,343,1,35:36
2022-23,1631116,Patrick Baldwin Jr.,Patrick,1610612744,GSW,Golden State Warriors,0042200233,2023-05-06T00:00:00,GSW @ LAL,L,5.216666666666667,0.0,0.0,0.0,0.0,13.8,0.0,0.0,69.0,0.0,0.0,0.0,0.0,0.0,1,857,857,857,1472,756,687,645,1176,1151,1,1,18,536,1,1,1103,1601,1,5:13
2022-23,1626156,D'Angelo Russell,D'Angelo,1610612747,LAL,Los Angeles Lakers,0042200233,2023-05-06T00:00:00,LAL vs. GSW,W,29.436666666666667,7.3,3.7,6.1,4.9,8.6,8.6,2.4,29.4,0.0,0.0,3.7,0.0,36.8,1,1,1,1,683,95,321,114,840,666,796,350,1147,536,1,1183,1103,513,1,29:26
2022-23,1627780,Gary Payton II,Gary,1610612744,GSW,Golden State Warriors,0042200233,2023-05-06T00:00:00,GSW @ LAL,L,12.666666666666666,5.7,11.4,0.0,22.7,17.1,5.7,0.0,56.8,2.8,0.0,2.8,0.0,50.0,1,857,857,857,1277,180,25,645,28,1396,511,1,71,111,1,969,1103,149,1,12:40
2022-23,1630228,Jonathan Kuminga,Jonathan,1610612744,GSW,Golden State Warriors,0042200233,2023-05-06T00:00:00,GSW @ LAL,L,9.183333333333334,7.8,0.0,0.0,15.7,15.7,7.8,0.0,62.7,0.0,0.0,0.0,15.7,40.0,1,857,857,857,1384,75,687,645,114,1306,739,1,44,536,1,1,4,403,1,9:11
2022-23,203076,Anthony Davis,Anthony,1610612747,LAL,Los Angeles Lakers,0042200233,2023-05-06T00:00:00,LAL vs. GSW,W,33.016666666666666,6.5,0.0,0.0,13.1,7.6,7.6,4.4,26.2,4.4,0.0,2.2,8.7,68.8,1,1,1,1,511,124,687,645,209,603,712,461,1333,47,1,762,57,20,1,33:01
2022-23,201939,Stephen Curry,Stephen,1610612744,GSW,Golden State Warriors,0042200233,2023-05-06T00:00:00,GSW @ LAL,L,32.04833333333333,7.9,5.6,0.0,11.2,21.3,10.1,12.4,24.7,1.1,3.4,2.2,2.2,39.7,1,857,857,857,557,73,156,645,311,1572,955,1203,1384,386,1686,776,761,414,1,32:03
2022-23,1629312,Haywood Highsmith,Haywood,1610612748,MIA,Miami Heat,0042200203,2023-05-06T00:00:00,MIA vs. NYK,W,11.795,9.2,6.1,0.0,6.1,3.1,15.3,0.0,18.3,0.0,0.0,6.1,0.0,37.2,1,1,1,1,1310,52,134,645,703,286,1405,1,1561,536,1,1527,1103,496,1,11:48
2022-23,203952,Andrew Wiggins,Andrew,1610612744,GSW,Golden State Warriors,0042200233,2023-05-06T00:00:00,GSW @ LAL,L,27.833333333333332,0.0,5.2,2.6,10.3,24.6,11.6,9.1,20.7,1.3,0.0,2.6,2.6,46.3,1,857,857,857,746,756,184,455,361,1624,1108,915,1498,336,1,874,688,230,1,27:50
2022-23,1630540,Miles McBride,Miles,1610612752,NYK,New York Knicks,0042200203,2023-05-06T00:00:00,NYK @ MIA,L,0.905,0.0,0.0,0.0,0.0,0.0,0.0,0.0,0.0,0.0,0.0,0.0,0.0,0.0,1,857,857,857,1675,756,687,645,1176,1,1,1,1634,536,1,1,1103,1601,1,0:54
2022-23,1629117,Wenyen Gabriel,Wenyen,1610612747,LAL,Los Angeles Lakers,0042200233,2023-05-06T00:00:00,LAL vs. GSW,W,4.933333333333334,0.0,0.0,0.0,0.0,14.6,14.6,0.0,29.2,0.0,0.0,14.6,0.0,0.0,1,1,1,1,1483,756,687,645,1176,1214,1360,1,1155,536,1,1703,1103,1601,1,4:56
2022-23,1631107,Nikola Jović,Nikola,1610612748,MIA,Miami Heat,0042200203,2023-05-06T00:00:00,MIA vs. NYK,W,0.905,0.0,0.0,0.0,0.0,0.0,0.0,0.0,0.0,0.0,0.0,0.0,0.0,0.0,1,1,1,1,1675,756,687,645,1176,1,1,1,1634,536,1,1,1103,1601,1,0:54
2022-23,1628997,Caleb Martin,Caleb,1610612748,MIA,Miami Heat,0042200203,2023-05-06T00:00:00,MIA vs. NYK,W,22.518333333333334,0.0,3.2,0.0,0.0,6.4,11.2,4.8,22.4,0.0,0.0,6.4,3.2,11.2,1,1,1,1,958,756,386,645,1176,489,1061,496,1450,536,1,1550,556,1506,1,22:31
2022-23,1628973,Jalen Brunson,Jalen,1610612752,NYK,New York Knicks,0042200203,2023-05-06T00:00:00,NYK @ MIA,L,37.538333333333334,1.9,0.0,0.0,7.7,10.5,11.5,9.6,38.4,0.0,1.0,2.9,5.8,37.6,1,857,857,857,321,653,687,645,565,875,1089,970,574,536,1280,982,196,482,1,37:32
2022-23,1629610,DaQuan Jeffries,DaQuan,1610612752,NYK,New York Knicks,0042200203,2023-05-06T00:00:00,NYK @ MIA,L,0.905,0.0,0.0,0.0,0.0,0.0,0.0,0.0,0.0,0.0,0.0,0.0,0.0,0.0,1,857,857,857,1675,756,687,645,1176,1,1,1,1634,536,1,1,1103,1601,1,0:54
2022-23,200768,Kyle Lowry,Kyle,1610612748,MIA,Miami Heat,0042200203,2023-05-06T00:00:00,MIA vs. NYK,W,24.795,5.8,2.9,4.4,5.8,8.7,10.2,8.7,29.0,1.5,0.0,0.0,4.4,38.6,1,1,1,1,870,172,421,243,737,684,961,880,1167,308,1,1,376,456,1,24:48
2022-23,203469,Cody Zeller,Cody,1610612748,MIA,Miami Heat,0042200203,2023-05-06T00:00:00,MIA vs. NYK,W,12.146666666666667,0.0,0.0,5.9,17.8,0.0,11.9,0.0,23.7,0.0,3.0,11.9,3.0,37.6,1,1,1,1,1295,756,687,133,79,1,1130,1,1419,536,1665,1687,602,478,1,12:09
2022-23,1627885,Shaquille Harrison,Shaquille,1610612747,LAL,Los Angeles Lakers,0042200233,2023-05-06T00:00:00,LAL vs. GSW,W,8.55,8.4,0.0,0.0,25.3,16.8,16.8,0.0,50.5,0.0,0.0,8.4,0.0,63.2,1,1,1,1,1402,64,687,645,18,1378,1475,1,127,536,1,1637,1103,36,1,8:33
2022-23,1629060,Rui Hachimura,Rui,1610612747,LAL,Los Angeles Lakers,0042200233,2023-05-06T00:00:00,LAL vs. GSW,W,16.483333333333334,0.0,0.0,0.0,0.0,6.6,4.4,4.4,26.2,0.0,2.2,4.4,0.0,21.2,1,1,1,1,1153,756,687,645,1176,507,394,463,1328,536,1600,1304,1103,1210,1,16:29
2022-23,1629622,Max Strus,Max,1610612748,MIA,Miami Heat,0042200203,2023-05-06T00:00:00,MIA vs. NYK,W,29.606666666666666,0.0,6.1,4.9,9.7,6.1,8.5,7.3,26.8,1.2,1.2,2.4,2.4,34.8,1,1,1,1,669,756,137,204,403,463,789,722,1298,353,1400,817,721,594,1,29:36
2022-23,203210,JaMychal Green,JaMychal,1610612744,GSW,Golden State Warriors,0042200233,2023-05-06T00:00:00,GSW @ LAL,L,11.466666666666667,0.0,0.0,0.0,6.3,0.0,12.6,9.4,12.6,0.0,0.0,6.3,0.0,3.1,1,857,857,857,1323,756,687,645,688,1,1191,948,1617,536,1,1543,1103,1591,1,11:28
2022-23,201145,Jeff Green,Jeff,1610612743,DEN,Denver Nuggets,0042200223,2023-05-05T00:00:00,DEN @ PHX,L,13.7,0.0,5.3,5.3,10.5,13.1,15.8,18.4,47.3,0.0,0.0,2.6,5.3,29.4,1,857,857,857,1246,756,180,174,351,1094,1435,1544,203,536,1,885,244,840,1,13:42
2022-23,1629013,Landry Shamet,Landry,1610612756,PHX,Phoenix Suns,0042200223,2023-05-05T00:00:00,PHX vs. DEN,W,24.966666666666665,0.0,0.0,0.0,5.8,10.1,21.6,7.2,43.3,0.0,1.4,4.3,1.4,7.8,1,1,1,1,863,756,687,645,743,828,1615,711,341,536,1455,1297,953,1554,1,24:58
2022-23,202699,Tobias Harris,Tobias,1610612755,PHI,Philadelphia 76ers,0042200213,2023-05-05T00:00:00,PHI vs. BOS,L,25.333333333333332,2.8,2.8,0.0,8.5,11.4,11.4,15.6,22.7,1.4,1.4,7.1,1.4,20.3,1,857,857,857,852,493,432,645,498,947,1076,1434,1443,313,1452,1595,957,1247,1,25:20
2022-23,203932,Aaron Gordon,Aaron,1610612743,DEN,Denver Nuggets,0042200223,2023-05-05T00:00:00,DEN @ PHX,L,39.11833333333333,0.0,1.8,0.9,3.7,7.4,1.8,19.3,36.8,1.8,1.8,2.8,3.7,22.9,1,857,857,857,236,756,607,641,971,582,260,1572,669,223,1551,936,484,1135,1,39:07
2022-23,203935,Marcus Smart,Marcus,1610612738,BOS,Boston Celtics,0042200213,2023-05-05T00:00:00,BOS @ PHI,W,34.5,3.1,5.2,3.1,4.2,15.7,7.3,5.2,25.0,0.0,2.1,4.2,5.2,33.0,1,1,1,1,455,447,181,383,916,1305,684,533,1374,536,1589,1278,249,677,1,34:30
2022-23,1627763,Malcolm Brogdon,Malcolm,1610612738,BOS,Boston Celtics,0042200213,2023-05-05T00:00:00,BOS @ PHI,W,26.166666666666668,2.8,0.0,0.0,2.8,16.5,6.9,5.5,24.8,0.0,0.0,0.0,2.8,36.6,1,1,1,1,808,510,687,645,1075,1358,647,548,1380,536,1,1,649,519,1,26:10
2022-23,1627777,Georges Niang,Georges,1610612755,PHI,Philadelphia 76ers,0042200213,2023-05-05T00:00:00,PHI vs. BOS,L,19.225,0.0,0.0,0.0,7.5,9.4,11.2,3.7,33.7,0.0,0.0,1.9,0.0,18.7,1,857,857,857,1075,756,687,645,578,754,1068,429,874,536,1,687,1103,1316,1,19:14
2022-23,203999,Nikola Jokić,Nikola,1610612743,DEN,Denver Nuggets,0042200223,2023-05-05T00:00:00,DEN @ PHX,L,41.928333333333335,1.7,6.9,1.7,15.5,6.0,3.4,15.5,36.1,0.9,0.9,2.6,8.6,62.6,1,857,857,857,96,704,101,607,123,456,322,1426,714,507,1198,866,61,39,1,41:56
2022-23,201935,James Harden,James,1610612755,PHI,Philadelphia 76ers,0042200213,2023-05-05T00:00:00,PHI vs. BOS,L,40.81666666666667,2.6,0.0,4.4,1.8,11.5,9.7,13.2,24.7,0.0,1.8,3.5,5.3,33.3,1,857,857,857,150,528,687,233,1165,956,905,1278,1387,536,1527,1141,239,668,1,40:49
2022-23,1629006,Josh Okogie,Josh,1610612756,PHX,Phoenix Suns,0042200223,2023-05-05T00:00:00,PHX vs. DEN,W,10.013333333333334,0.0,0.0,0.0,7.2,0.0,18.0,14.4,21.6,0.0,0.0,3.6,0.0,11.5,1,1,1,1,1363,756,687,645,607,1,1515,1358,1472,536,1,1156,1103,1495,1,10:01
2022-23,1627863,Danuel House Jr.,Danuel,1610612755,PHI,Philadelphia 76ers,0042200213,2023-05-05T00:00:00,PHI vs. BOS,L,0.325,0.0,0.0,0.0,0.0,0.0,0.0,0.0,0.0,0.0,0.0,0.0,0.0,0.0,1,857,857,857,1717,756,687,645,1176,1,1,1,1634,536,1,1,1103,1601,1,0:20
2022-23,203954,Joel Embiid,Joel,1610612755,PHI,Philadelphia 76ers,0042200213,2023-05-05T00:00:00,PHI vs. BOS,L,39.358333333333334,5.5,4.6,0.0,12.8,11.0,4.6,13.7,20.1,3.7,0.9,2.7,9.1,56.8,1,857,857,857,221,194,241,645,226,911,412,1319,1512,61,1241,928,41,65,1,39:22
2022-23,1629057,Robert Williams III,Robert,1610612738,BOS,Boston Celtics,0042200213,2023-05-05T00:00:00,BOS @ PHI,W,16.046666666666667,0.0,0.0,0.0,4.5,9.0,6.7,9.0,26.9,6.7,0.0,9.0,6.7,49.4,1,1,1,1,1171,756,687,645,887,719,634,900,1293,21,1,1653,121,163,1,16:03
2022-23,1630178,Tyrese Maxey,Tyrese,1610612755,PHI,Philadelphia 76ers,0042200213,2023-05-05T00:00:00,PHI vs. BOS,L,40.105,2.7,0.0,1.8,1.8,10.8,4.5,13.5,19.7,1.8,1.8,1.8,1.8,26.2,1,857,857,857,181,520,687,584,1164,896,405,1299,1517,234,1540,655,875,987,1,40:06
2022-23,1628971,Bruce Brown,Bruce,1610612743,DEN,Denver Nuggets,0042200223,2023-05-05T00:00:00,DEN @ PHX,L,23.403333333333332,0.0,7.7,0.0,9.2,7.7,6.2,16.9,24.6,0.0,1.5,4.6,1.5,32.5,1,857,857,857,921,756,73,645,437,608,575,1490,1390,536,1472,1346,933,702,1,23:24
2022-23,1629008,Michael Porter Jr.,Michael,1610612743,DEN,Denver Nuggets,0042200223,2023-05-05T00:00:00,DEN @ PHX,L,36.58,3.0,3.0,5.9,2.0,6.9,3.9,15.7,37.4,1.0,1.0,1.0,2.0,35.8,1,857,857,857,366,474,417,134,1144,532,363,1442,631,429,1299,460,822,550,1,36:35
2022-23,1629001,De'Anthony Melton,De'Anthony,1610612755,PHI,Philadelphia 76ers,0042200213,2023-05-05T00:00:00,PHI vs. BOS,L,30.166666666666668,3.6,0.0,0.0,0.0,14.3,10.7,2.4,19.1,1.2,1.2,2.4,3.6,46.7,1,857,857,857,636,389,687,645,1176,1197,1015,345,1540,364,1387,805,504,221,1,30:10
2022-23,203933,T.J. Warren,T.J.,1610612756,PHX,Phoenix Suns,0042200223,2023-05-05T00:00:00,PHX vs. DEN,W,25.748333333333335,0.0,0.0,0.0,0.0,7.0,14.0,5.6,47.5,1.4,0.0,0.0,1.4,19.7,1,1,1,1,829,756,687,645,1176,547,1315,556,193,320,1,1,965,1275,1,25:45
2022-23,203484,Kentavious Caldwell-Pope,Kentavious,1610612743,DEN,Denver Nuggets,0042200223,2023-05-05T00:00:00,DEN @ PHX,L,34.483333333333334,0.0,0.0,0.0,0.0,10.4,4.2,17.7,43.8,0.0,0.0,2.1,0.0,12.4,1,857,857,857,456,756,687,645,1176,864,379,1519,326,536,1,741,1103,1475,1,34:29
2022-23,201143,Al Horford,Al,1610612738,BOS,Boston Celtics,0042200213,2023-05-05T00:00:00,BOS @ PHI,W,31.096666666666668,3.5,3.5,0.0,2.3,18.5,4.6,3.5,16.2,0.0,0.0,3.5,0.0,39.8,1,1,1,1,602,407,347,645,1119,1477,425,413,1599,536,1,1131,1103,408,1,31:06
2022-23,1626166,Cameron Payne,Cameron,1610612756,PHX,Phoenix Suns,0042200223,2023-05-05T00:00:00,PHX vs. DEN,W,29.60333333333333,0.0,0.0,6.1,4.9,2.4,12.2,10.9,31.6,0.0,0.0,3.6,0.0,21.9,1,1,1,1,670,756,687,116,845,267,1153,1085,1018,536,1,1173,1103,1181,1,29:36
2022-23,1626164,Devin Booker,Devin,1610612756,PHX,Phoenix Suns,0042200223,2023-05-05T00:00:00,PHX vs. DEN,W,41.61666666666667,6.9,0.0,10.4,13.8,4.3,17.3,7.8,36.3,0.9,0.9,4.3,5.2,66.3,1,1,1,1,115,113,687,20,181,352,1490,774,705,504,1206,1296,255,26,1,41:37
2022-23,1628470,Torrey Craig,Torrey,1610612756,PHX,Phoenix Suns,0042200223,2023-05-05T00:00:00,PHX vs. DEN,W,3.1216666666666666,0.0,0.0,0.0,0.0,23.1,69.2,0.0,46.1,0.0,0.0,0.0,0.0,16.1,1,1,1,1,1584,756,687,645,1176,1597,1719,1,239,536,1,1,1103,1385,1,3:07
2022-23,201142,Kevin Durant,Kevin,1610612756,PHX,Phoenix Suns,0042200223,2023-05-05T00:00:00,PHX vs. DEN,W,43.35166666666667,1.7,3.3,3.3,11.6,4.2,11.6,9.1,39.9,1.7,1.7,3.3,9.1,56.3,1,1,1,1,49,716,372,361,296,341,1106,925,480,264,1504,1091,42,73,1,43:21
2022-23,1628401,Derrick White,Derrick,1610612738,BOS,Boston Celtics,0042200213,2023-05-05T00:00:00,BOS @ PHI,W,32.47833333333333,0.0,0.0,0.0,2.2,11.1,2.2,5.5,20.0,0.0,2.2,1.1,1.1,24.6,1,1,1,1,540,756,687,645,1129,923,273,552,1515,536,1603,501,1039,1065,1,32:29
2022-23,1630194,Paul Reed,Paul,1610612755,PHI,Philadelphia 76ers,0042200213,2023-05-05T00:00:00,PHI vs. BOS,L,8.641666666666667,0.0,0.0,0.0,0.0,12.5,25.0,0.0,41.7,0.0,0.0,0.0,0.0,5.0,1,857,857,857,1400,756,687,645,1176,1047,1654,1,399,536,1,1,1103,1578,1,8:39
2022-23,1627750,Jamal Murray,Jamal,1610612743,DEN,Denver Nuggets,0042200223,2023-05-05T00:00:00,DEN @ PHX,L,40.88333333333333,1.8,0.0,0.0,14.1,4.4,3.5,18.5,40.5,0.9,0.9,2.6,4.4,44.6,1,857,857,857,146,692,687,645,168,357,330,1548,449,494,1217,890,366,276,1,40:53
2022-23,1629028,Deandre Ayton,Deandre,1610612756,PHX,Phoenix Suns,0042200223,2023-05-05T00:00:00,PHX vs. DEN,W,25.65,0.0,2.8,0.0,5.6,2.8,8.4,12.6,42.1,1.4,1.4,5.6,0.0,23.6,1,1,1,1,836,756,437,645,759,280,781,1238,382,319,1448,1487,1103,1107,1,25:39
2022-23,1631128,Christian Braun,Christian,1610612743,DEN,Denver Nuggets,0042200223,2023-05-05T00:00:00,DEN @ PHX,L,9.903333333333334,0.0,7.3,0.0,7.3,10.9,7.3,14.5,29.1,0.0,0.0,18.2,0.0,27.6,1,857,857,857,1367,756,85,645,597,906,682,1371,1162,536,1,1719,1103,909,1,9:54
2022-23,1629667,Jalen McDaniels,Jalen,1610612755,PHI,Philadelphia 76ers,0042200213,2023-05-05T00:00:00,PHI vs. BOS,L,11.433333333333334,0.0,0.0,0.0,0.0,15.7,0.0,0.0,31.5,0.0,0.0,3.1,0.0,25.5,1,857,857,857,1324,756,687,645,1176,1307,1,1,1026,536,1,1056,1103,1023,1,11:26
2022-23,1627759,Jaylen Brown,Jaylen,1610612738,BOS,Boston Celtics,0042200213,2023-05-05T00:00:00,BOS @ PHI,W,34.025,4.2,2.1,7.4,10.6,13.8,2.1,7.4,14.8,1.1,2.1,5.3,5.3,43.3,1,1,1,1,468,314,550,72,350,1148,266,735,1609,404,1593,1451,240,300,1,34:02
2022-23,1629684,Grant Williams,Grant,1610612738,BOS,Boston Celtics,0042200213,2023-05-05T00:00:00,BOS @ PHI,W,23.07,0.0,0.0,0.0,0.0,18.7,7.8,3.1,21.8,3.1,0.0,4.7,0.0,19.2,1,1,1,1,942,756,687,645,1176,1487,734,383,1461,88,1,1362,1103,1295,1,23:04
2022-23,1628369,Jayson Tatum,Jayson,1610612738,BOS,Boston Celtics,0042200213,2023-05-05T00:00:00,BOS @ PHI,W,42.61666666666667,2.5,0.8,4.2,8.4,15.2,5.9,4.2,22.0,0.8,1.7,2.5,3.4,43.5,1,1,1,1,75,544,685,258,505,1260,538,454,1456,509,1511,849,531,298,1,42:37
2022-23,1629111,Jock Landale,Jock,1610612756,PHX,Phoenix Suns,0042200223,2023-05-05T00:00:00,PHX vs. DEN,W,22.058333333333334,0.0,0.0,3.3,9.8,8.2,22.8,3.3,32.6,0.0,0.0,6.5,3.3,30.7,1,1,1,1,976,756,687,371,395,637,1632,389,942,536,1,1560,548,788,1,22:04
2022-23,200782,P.J. Tucker,P.J.,1610612755,PHI,Philadelphia 76ers,0042200213,2023-05-05T00:00:00,PHI vs. BOS,L,24.595,4.4,0.0,0.0,0.0,7.3,7.3,22.0,26.3,0.0,0.0,2.9,1.5,20.8,1,857,857,857,881,296,687,645,1176,573,688,1619,1320,536,1,1003,944,1229,1,24:36
2022-23,203082,Terrence Ross,Terrence,1610612756,PHX,Phoenix Suns,0042200223,2023-05-05T00:00:00,PHX vs. DEN,W,13.87,0.0,0.0,0.0,0.0,5.2,26.0,5.2,51.9,2.6,0.0,0.0,0.0,20.8,1,1,1,1,1242,756,687,645,1176,414,1664,532,105,133,1,1,1103,1230,1,13:52
2022-23,1629117,Wenyen Gabriel,Wenyen,1610612747,LAL,Los Angeles Lakers,0042200232,2023-05-04T00:00:00,LAL @ GSW,L,2.716666666666667,0.0,0.0,0.0,0.0,39.8,26.5,39.8,53.0,0.0,0.0,0.0,0.0,0.0,1,857,857,857,1599,756,687,645,1176,1709,1668,1705,94,536,1,1,1103,1601,1,2:43
2022-23,1628972,Troy Brown Jr.,Troy,1610612747,LAL,Los Angeles Lakers,0042200232,2023-05-04T00:00:00,LAL @ GSW,L,8.483333333333333,0.0,0.0,0.0,0.0,8.5,0.0,0.0,17.0,0.0,0.0,0.0,0.0,19.1,1,857,857,857,1405,756,687,645,1176,659,1,1,1583,536,1,1,1103,1299,1,8:29
2022-23,1630237,Anthony Lamb,Anthony,1610612744,GSW,Golden State Warriors,0042200232,2023-05-04T00:00:00,GSW vs. LAL,W,8.733333333333333,0.0,0.0,0.0,0.0,16.5,4.1,8.2,8.2,0.0,0.0,4.1,0.0,9.9,1,1,1,1,1397,756,687,645,1176,1354,374,830,1628,536,1,1268,1103,1532,1,8:44
2022-23,1626172,Kevon Looney,Kevon,1610612744,GSW,Golden State Warriors,0042200232,2023-05-04T00:00:00,GSW vs. LAL,W,11.726666666666667,0.0,0.0,0.0,18.4,9.2,0.0,9.2,36.8,0.0,0.0,0.0,0.0,47.9,1,1,1,1,1315,756,687,645,64,739,1,936,666,536,1,1,1103,190,1,11:44
2022-23,1628978,Donte DiVincenzo,Donte,1610612744,GSW,Golden State Warriors,0042200232,2023-05-04T00:00:00,GSW vs. LAL,W,28.245,0.0,0.0,0.0,2.5,11.5,6.4,8.9,35.7,1.3,0.0,0.0,2.5,22.7,1,1,1,1,727,756,687,645,1093,957,597,897,749,340,1,1,695,1145,1,28:15
2022-23,1627780,Gary Payton II,Gary,1610612744,GSW,Golden State Warriors,0042200232,2023-05-04T00:00:00,GSW vs. LAL,W,8.733333333333333,0.0,16.5,0.0,24.7,16.5,4.1,8.2,8.2,0.0,0.0,4.1,4.1,49.5,1,1,1,1,1397,756,11,645,20,1354,374,830,1628,536,1,1268,419,159,1,8:44
2022-23,203471,Dennis Schröder,Dennis,1610612747,LAL,Los Angeles Lakers,0042200232,2023-05-04T00:00:00,LAL @ GSW,L,18.916666666666668,0.0,0.0,0.0,0.0,17.1,11.4,19.0,41.9,0.0,0.0,5.7,5.7,29.7,1,857,857,857,1088,756,687,645,1176,1400,1080,1561,389,536,1,1501,201,827,1,18:55
2022-23,1629022,Lonnie Walker IV,Lonnie,1610612747,LAL,Los Angeles Lakers,0042200232,2023-05-04T00:00:00,LAL @ GSW,L,12.0,6.0,0.0,0.0,6.0,0.0,21.0,0.0,18.0,0.0,0.0,0.0,0.0,40.5,1,857,857,857,1299,159,687,645,714,1,1600,1,1569,536,1,1,1103,385,1,12:00
2022-23,1630228,Jonathan Kuminga,Jonathan,1610612744,GSW,Golden State Warriors,0042200232,2023-05-04T00:00:00,GSW vs. LAL,W,9.716666666666667,0.0,0.0,0.0,0.0,22.2,11.1,14.8,29.6,0.0,0.0,3.7,0.0,25.6,1,1,1,1,1369,756,687,645,1176,1584,1056,1389,1134,536,1,1192,1103,1022,1,9:43
2022-23,1629673,Jordan Poole,Jordan,1610612744,GSW,Golden State Warriors,0042200232,2023-05-04T00:00:00,GSW vs. LAL,W,15.7,0.0,4.6,4.6,13.8,4.6,4.6,4.6,32.1,0.0,0.0,11.5,0.0,32.8,1,1,1,1,1181,756,238,220,186,366,416,480,992,536,1,1684,1103,689,1,15:42
2022-23,2544,LeBron James,LeBron,1610612747,LAL,Los Angeles Lakers,0042200232,2023-05-04T00:00:00,LAL @ GSW,L,28.116666666666667,2.6,0.0,2.6,12.8,11.5,5.1,19.2,41.0,0.0,0.0,3.8,0.0,49.8,1,857,857,857,734,537,687,463,227,960,465,1570,427,536,1,1220,1103,153,1,28:07
2022-23,202691,Klay Thompson,Klay,1610612744,GSW,Golden State Warriors,0042200232,2023-05-04T00:00:00,GSW vs. LAL,W,31.211666666666666,6.9,2.3,12.7,6.9,4.6,5.8,1.2,32.3,0.0,1.2,2.3,0.0,39.3,1,1,1,1,594,112,518,13,638,371,522,319,972,536,1373,786,1103,423,1,31:13
2022-23,203110,Draymond Green,Draymond,1610612744,GSW,Golden State Warriors,0042200232,2023-05-04T00:00:00,GSW vs. LAL,W,28.128333333333334,0.0,0.0,0.0,10.2,6.4,9.0,2.6,35.8,0.0,1.3,3.8,6.4,49.5,1,1,1,1,733,756,687,645,366,490,835,356,739,536,1419,1219,140,156,1,28:08
2022-23,1630541,Moses Moody,Moses,1610612744,GSW,Golden State Warriors,0042200232,2023-05-04T00:00:00,GSW vs. LAL,W,25.933333333333334,2.8,4.2,0.0,2.8,12.5,4.2,9.7,33.3,1.4,0.0,2.8,2.8,33.9,1,1,1,1,824,505,269,645,1071,1046,377,987,899,322,1,946,642,636,1,25:56
2022-23,203076,Anthony Davis,Anthony,1610612747,LAL,Los Angeles Lakers,0042200232,2023-05-04T00:00:00,LAL @ GSW,L,32.91166666666667,0.0,2.2,0.0,8.8,12.0,4.4,15.3,39.4,3.3,0.0,3.3,4.4,36.5,1,857,857,857,518,756,536,645,476,995,396,1416,516,77,1,1081,370,524,1,32:55
2022-23,202684,Tristan Thompson,Tristan,1610612747,LAL,Los Angeles Lakers,0042200232,2023-05-04T00:00:00,LAL @ GSW,L,12.0,6.0,9.0,6.0,12.0,0.0,21.0,0.0,18.0,0.0,0.0,3.0,12.0,38.4,1,857,857,857,1299,159,48,123,274,1,1600,1,1569,536,1,1019,9,461,1,12:00
2022-23,203210,JaMychal Green,JaMychal,1610612744,GSW,Golden State Warriors,0042200232,2023-05-04T00:00:00,GSW vs. LAL,W,12.533333333333333,0.0,0.0,5.7,17.2,8.6,8.6,0.0,34.5,0.0,0.0,8.6,0.0,52.3,1,1,1,1,1282,756,687,142,89,673,806,1,827,536,1,1642,1103,116,1,12:32
2022-23,1630559,Austin Reaves,Austin,1610612747,LAL,Los Angeles Lakers,0042200232,2023-05-04T00:00:00,LAL @ GSW,L,24.883333333333333,0.0,0.0,0.0,2.9,14.5,2.9,17.4,43.4,0.0,0.0,1.4,0.0,18.5,1,857,857,857,868,756,687,645,1056,1207,296,1503,334,536,1,563,1103,1325,1,24:53
2022-23,1629020,Jarred Vanderbilt,Jarred,1610612747,LAL,Los Angeles Lakers,0042200232,2023-05-04T00:00:00,LAL @ GSW,L,19.921666666666667,1.8,1.8,0.0,3.6,9.0,3.6,12.6,47.0,0.0,0.0,0.0,7.2,24.8,1,857,857,857,1049,678,613,645,982,724,337,1241,210,536,1,1,95,1058,1,19:55
2022-23,1627885,Shaquille Harrison,Shaquille,1610612747,LAL,Los Angeles Lakers,0042200232,2023-05-04T00:00:00,LAL @ GSW,L,8.733333333333333,0.0,0.0,0.0,0.0,0.0,28.9,0.0,24.7,0.0,0.0,4.1,0.0,23.5,1,857,857,857,1397,756,687,645,1176,1,1682,1,1381,536,1,1268,1103,1111,1,8:44
2022-23,1627736,Malik Beasley,Malik,1610612747,LAL,Los Angeles Lakers,0042200232,2023-05-04T00:00:00,LAL @ GSW,L,12.0,6.0,0.0,6.0,6.0,0.0,21.0,0.0,18.0,0.0,3.0,3.0,0.0,18.6,1,857,857,857,1299,159,687,123,714,1,1600,1,1569,536,1670,1019,1103,1321,1,12:00
2022-23,203952,Andrew Wiggins,Andrew,1610612744,GSW,Golden State Warriors,0042200232,2023-05-04T00:00:00,GSW vs. LAL,W,29.8,2.4,2.4,2.4,2.4,4.8,6.0,1.2,29.0,1.2,0.0,2.4,3.6,27.5,1,1,1,1,659,567,501,477,1108,388,557,320,1170,357,1,811,495,916,1,29:48
2022-23,1626156,D'Angelo Russell,D'Angelo,1610612747,LAL,Los Angeles Lakers,0042200232,2023-05-04T00:00:00,LAL @ GSW,L,27.75,2.6,2.6,0.0,5.2,11.7,5.2,18.2,44.1,0.0,1.3,1.3,6.5,34.0,1,857,857,857,751,533,467,645,808,968,473,1534,318,536,1422,540,133,634,1,27:45
2022-23,201939,Stephen Curry,Stephen,1610612744,GSW,Golden State Warriors,0042200232,2023-05-04T00:00:00,GSW vs. LAL,W,29.538333333333334,4.9,0.0,0.0,4.9,8.5,6.1,4.9,34.1,0.0,1.2,3.7,2.4,52.2,1,1,1,1,675,245,687,645,844,664,563,505,843,536,1402,1177,720,120,1,29:32
2022-23,1629060,Rui Hachimura,Rui,1610612747,LAL,Los Angeles Lakers,0042200232,2023-05-04T00:00:00,LAL @ GSW,L,22.316666666666666,1.6,0.0,1.6,12.9,19.4,9.7,16.1,35.5,0.0,1.6,1.6,1.6,46.8,1,857,857,857,961,720,687,624,221,1514,903,1456,762,536,1487,589,922,216,1,22:19
2022-23,1631108,Max Christie,Max,1610612747,LAL,Los Angeles Lakers,0042200232,2023-05-04T00:00:00,LAL @ GSW,L,9.25,0.0,0.0,0.0,0.0,0.0,27.2,0.0,23.4,0.0,0.0,0.0,7.8,12.5,1,857,857,857,1382,756,687,645,1176,1,1671,1,1430,536,1,1,80,1472,1,9:15
2022-23,1630194,Paul Reed,Paul,1610612755,PHI,Philadelphia 76ers,0042200212,2023-05-03T00:00:00,PHI @ BOS,L,16.383333333333333,0.0,4.4,4.4,8.8,6.6,17.6,17.6,17.6,2.2,0.0,4.4,0.0,45.3,1,857,857,857,1155,756,250,236,473,512,1500,1511,1575,166,1,1311,1103,260,1,16:23
2022-23,203473,Dewayne Dedmon,Dewayne,1610612755,PHI,Philadelphia 76ers,0042200212,2023-05-03T00:00:00,PHI @ BOS,L,5.0,0.0,0.0,0.0,0.0,28.8,14.4,0.0,57.6,0.0,0.0,7.2,0.0,1.4,1,857,857,857,1478,756,687,645,1176,1662,1344,1,64,536,1,1598,1103,1597,1,5:00
2022-23,202699,Tobias Harris,Tobias,1610612755,PHI,Philadelphia 76ers,0042200212,2023-05-03T00:00:00,PHI @ BOS,L,32.515,0.0,7.8,4.4,6.6,10.0,13.3,16.6,26.6,0.0,1.1,0.0,0.0,27.0,1,857,857,857,537,756,71,231,660,817,1262,1477,1308,536,1357,1,1103,944,1,32:31
2022-23,201143,Al Horford,Al,1610612738,BOS,Boston Celtics,0042200212,2023-05-03T00:00:00,BOS vs. PHI,W,23.616666666666667,7.6,7.6,0.0,3.0,1.5,6.1,12.2,21.3,3.0,0.0,3.0,0.0,38.7,1,1,1,1,913,86,77,645,1043,253,564,1188,1484,94,1,1035,1103,452,1,23:37
2022-23,203935,Marcus Smart,Marcus,1610612738,BOS,Boston Celtics,0042200212,2023-05-03T00:00:00,BOS vs. PHI,W,27.001666666666665,0.0,2.7,0.0,10.7,4.0,5.3,10.7,21.3,1.3,2.7,0.0,1.3,34.7,1,1,1,1,777,756,456,645,344,334,483,1060,1486,330,1644,1,983,602,1,27:00
2022-23,1628401,Derrick White,Derrick,1610612738,BOS,Boston Celtics,0042200212,2023-05-03T00:00:00,BOS vs. PHI,W,29.883333333333333,2.4,3.6,8.4,4.8,1.2,8.4,12.0,21.7,0.0,0.0,1.2,3.6,21.3,1,1,1,1,657,569,326,45,852,252,782,1174,1466,536,1,528,497,1207,1,29:53
2022-23,1628369,Jayson Tatum,Jayson,1610612738,BOS,Boston Celtics,0042200212,2023-05-03T00:00:00,BOS vs. PHI,W,19.333333333333332,0.0,0.0,0.0,0.0,3.7,3.7,13.0,11.2,1.9,3.7,7.4,7.4,38.9,1,1,1,1,1070,756,687,645,1176,318,345,1268,1624,218,1699,1607,92,441,1,19:20
2022-23,1630551,Justin Champagnie,Justin,1610612738,BOS,Boston Celtics,0042200212,2023-05-03T00:00:00,BOS vs. PHI,W,5.0,0.0,0.0,0.0,0.0,14.4,21.6,0.0,28.8,0.0,0.0,7.2,0.0,0.0,1,1,1,1,1478,756,687,645,1176,1201,1612,1,1181,536,1,1598,1103,1601,1,5:00
2022-23,1630573,Sam Hauser,Sam,1610612738,BOS,Boston Celtics,0042200212,2023-05-03T00:00:00,BOS vs. PHI,W,8.4,0.0,0.0,0.0,0.0,8.6,21.4,0.0,34.3,0.0,0.0,4.3,0.0,12.9,1,1,1,1,1409,756,687,645,1176,668,1609,1,835,536,1,1292,1103,1461,1,8:24
2022-23,1627863,Danuel House Jr.,Danuel,1610612755,PHI,Philadelphia 76ers,0042200212,2023-05-03T00:00:00,PHI @ BOS,L,8.4,0.0,0.0,0.0,8.6,17.1,21.4,0.0,34.3,0.0,4.3,0.0,4.3,18.0,1,857,857,857,1409,756,687,645,494,1403,1609,1,835,536,1713,1,391,1338,1,8:24
2022-23,1630178,Tyrese Maxey,Tyrese,1610612755,PHI,Philadelphia 76ers,0042200212,2023-05-03T00:00:00,PHI @ BOS,L,30.201666666666668,0.0,0.0,6.0,11.9,10.7,19.1,7.2,21.5,1.2,1.2,3.6,0.0,27.5,1,857,857,857,633,756,687,127,283,890,1559,703,1478,365,1386,1152,1103,918,1,30:12
2022-23,1629001,De'Anthony Melton,De'Anthony,1610612755,PHI,Philadelphia 76ers,0042200212,2023-05-03T00:00:00,PHI @ BOS,L,17.5,0.0,0.0,0.0,0.0,6.2,14.4,22.6,28.8,0.0,0.0,2.1,0.0,19.3,1,857,857,857,1128,756,687,645,1176,476,1344,1629,1181,536,1,733,1103,1292,1,17:30
2022-23,1629684,Grant Williams,Grant,1610612738,BOS,Boston Celtics,0042200212,2023-05-03T00:00:00,BOS vs. PHI,W,28.95,0.0,0.0,0.0,0.0,2.5,13.7,12.4,32.3,0.0,0.0,2.5,0.0,32.1,1,1,1,1,697,756,687,645,1176,268,1292,1212,968,536,1,831,1103,721,1,28:57
2022-23,1627763,Malcolm Brogdon,Malcolm,1610612738,BOS,Boston Celtics,0042200212,2023-05-03T00:00:00,BOS vs. PHI,W,24.166666666666668,0.0,0.0,11.9,3.0,3.0,13.4,11.9,35.8,1.5,3.0,3.0,6.0,53.9,1,1,1,1,895,756,687,14,1046,285,1274,1162,744,299,1668,1014,179,98,1,24:10
2022-23,1627759,Jaylen Brown,Jaylen,1610612738,BOS,Boston Celtics,0042200212,2023-05-03T00:00:00,BOS vs. PHI,W,30.065,2.4,4.8,0.0,12.0,1.2,8.4,14.4,26.3,0.0,2.4,1.2,4.8,47.4,1,1,1,1,643,573,221,645,279,250,775,1357,1321,536,1619,525,313,205,1,30:04
2022-23,200782,P.J. Tucker,P.J.,1610612755,PHI,Philadelphia 76ers,0042200212,2023-05-03T00:00:00,PHI @ BOS,L,21.35,0.0,0.0,0.0,3.4,10.1,15.2,10.1,23.6,1.7,1.7,5.1,3.4,19.9,1,857,857,857,1006,756,687,645,1009,831,1399,1020,1421,255,1508,1426,534,1268,1,21:21
2022-23,1630202,Payton Pritchard,Payton,1610612738,BOS,Boston Celtics,0042200212,2023-05-03T00:00:00,BOS vs. PHI,W,12.0,6.0,9.0,0.0,6.0,6.0,15.0,0.0,24.0,0.0,0.0,3.0,0.0,47.7,1,1,1,1,1299,159,48,645,714,454,1383,1,1407,536,1,1019,1103,195,1,12:00
2022-23,1627788,Furkan Korkmaz,Furkan,1610612755,PHI,Philadelphia 76ers,0042200212,2023-05-03T00:00:00,PHI @ BOS,L,5.0,14.4,0.0,0.0,0.0,28.8,14.4,0.0,57.6,0.0,0.0,0.0,7.2,7.2,1,857,857,857,1478,11,687,645,1176,1662,1344,1,64,536,1,1,96,1561,1,5:00
2022-23,1629003,Shake Milton,Shake,1610612755,PHI,Philadelphia 76ers,0042200212,2023-05-03T00:00:00,PHI @ BOS,L,8.6,0.0,8.4,0.0,16.7,16.7,20.9,0.0,33.5,0.0,0.0,0.0,4.2,46.9,1,857,857,857,1401,756,58,645,97,1374,1598,1,888,536,1,1,410,215,1,8:36
2022-23,1630531,Jaden Springer,Jaden,1610612755,PHI,Philadelphia 76ers,0042200212,2023-05-03T00:00:00,PHI @ BOS,L,10.033333333333333,0.0,3.6,0.0,0.0,14.4,17.9,0.0,28.7,0.0,0.0,3.6,3.6,7.2,1,857,857,857,1361,756,330,645,1176,1198,1513,1,1187,536,1,1154,502,1562,1,10:02
2022-23,201935,James Harden,James,1610612755,PHI,Philadelphia 76ers,0042200212,2023-05-03T00:00:00,PHI @ BOS,L,32.33166666666666,0.0,2.2,2.2,2.2,10.0,13.4,14.5,26.7,0.0,3.3,2.2,6.7,33.4,1,857,857,857,545,756,528,503,1128,823,1271,1365,1300,536,1683,773,125,657,1,32:20
2022-23,203488,Mike Muscala,Mike,1610612738,BOS,Boston Celtics,0042200212,2023-05-03T00:00:00,BOS vs. PHI,W,5.0,0.0,0.0,0.0,0.0,14.4,21.6,0.0,28.8,0.0,0.0,7.2,0.0,32.4,1,1,1,1,1478,756,687,645,1176,1201,1612,1,1181,536,1,1598,1103,705,1,5:00
2022-23,1627777,Georges Niang,Georges,1610612755,PHI,Philadelphia 76ers,0042200212,2023-05-03T00:00:00,PHI @ BOS,L,13.416666666666666,0.0,0.0,0.0,0.0,0.0,10.7,24.1,32.2,0.0,2.7,2.7,2.7,5.4,1,857,857,857,1257,756,687,645,1176,1,1013,1651,980,536,1647,907,664,1574,1,13:25
2022-23,1629667,Jalen McDaniels,Jalen,1610612755,PHI,Philadelphia 76ers,0042200212,2023-05-03T00:00:00,PHI @ BOS,L,12.651666666666667,0.0,0.0,0.0,0.0,0.0,19.9,0.0,17.1,0.0,0.0,2.8,0.0,12.0,1,857,857,857,1278,756,687,645,1176,1,1581,1,1581,536,1,972,1103,1489,1,12:39
2022-23,203954,Joel Embiid,Joel,1610612755,PHI,Philadelphia 76ers,0042200212,2023-05-03T00:00:00,PHI @ BOS,L,26.616666666666667,4.1,0.0,1.4,5.4,8.1,14.9,9.5,27.1,6.8,0.0,2.7,5.4,41.4,1,857,857,857,796,330,687,632,778,633,1375,953,1288,20,1,915,229,358,1,26:37
2022-23,1628436,Luke Kornet,Luke,1610612738,BOS,Boston Celtics,0042200212,2023-05-03T00:00:00,BOS vs. PHI,W,5.0,14.4,14.4,0.0,43.2,14.4,21.6,0.0,28.8,0.0,0.0,0.0,7.2,77.8,1,1,1,1,1478,11,14,645,5,1201,1612,1,1181,536,1,1,96,11,1,5:00
2022-23,1629057,Robert Williams III,Robert,1610612738,BOS,Boston Celtics,0042200212,2023-05-03T00:00:00,BOS vs. PHI,W,21.583333333333332,0.0,3.3,0.0,3.3,5.0,11.7,11.7,26.7,5.0,0.0,1.7,0.0,42.4,1,1,1,1,998,756,368,645,1014,403,1111,1137,1302,34,1,612,1103,326,1,21:35
2022-23,203210,JaMychal Green,JaMychal,1610612744,GSW,Golden State Warriors,0042200231,2023-05-02T00:00:00,GSW vs. LAL,L,7.751666666666667,13.9,0.0,0.0,0.0,18.6,13.9,18.6,46.4,0.0,0.0,4.6,0.0,27.9,1,857,857,857,1425,14,687,645,1176,1482,1309,1550,226,536,1,1352,1103,901,1,7:45
2022-23,203469,Cody Zeller,Cody,1610612748,MIA,Miami Heat,0042200202,2023-05-02T00:00:00,MIA @ NYK,L,7.35,9.8,0.0,0.0,9.8,0.0,14.7,14.7,39.2,0.0,0.0,9.8,4.9,10.8,1,857,857,857,1436,43,687,645,394,1,1364,1381,529,536,1,1664,294,1516,1,7:21
2022-23,1628997,Caleb Martin,Caleb,1610612748,MIA,Miami Heat,0042200202,2023-05-02T00:00:00,MIA @ NYK,L,38.03666666666667,0.0,1.9,0.0,5.7,8.5,11.4,4.7,28.4,0.0,0.0,1.9,0.9,31.3,1,857,857,857,294,756,594,645,752,662,1075,489,1208,536,1,696,1075,756,1,38:02
2022-23,1628392,Isaiah Hartenstein,Isaiah,1610612752,NYK,New York Knicks,0042200202,2023-05-02T00:00:00,NYK vs. MIA,W,26.0,0.0,0.0,0.0,2.8,11.1,6.9,0.0,16.6,1.4,0.0,6.9,6.9,29.5,1,1,1,1,818,756,687,645,1073,920,653,1,1593,325,1,1582,108,835,1,26:00
2022-23,203076,Anthony Davis,Anthony,1610612747,LAL,Los Angeles Lakers,0042200231,2023-05-02T00:00:00,LAL @ GSW,W,43.833333333333336,1.6,1.6,0.0,14.8,9.0,11.5,11.5,21.4,3.3,0.0,1.6,4.9,62.5,1,1,1,1,41,718,654,645,151,723,1085,1131,1483,75,1,604,290,41,1,43:50
2022-23,1628404,Josh Hart,Josh,1610612752,NYK,New York Knicks,0042200202,2023-05-02T00:00:00,NYK vs. MIA,W,32.5,2.2,3.3,2.2,4.4,13.3,7.8,0.0,26.6,0.0,0.0,3.3,5.5,47.3,1,1,1,1,538,601,371,505,893,1114,726,1,1307,536,1,1093,218,209,1,32:30
2022-23,200768,Kyle Lowry,Kyle,1610612748,MIA,Miami Heat,0042200202,2023-05-02T00:00:00,MIA @ NYK,L,31.116666666666667,2.3,0.0,0.0,6.9,6.9,13.9,5.8,25.5,1.2,0.0,2.3,0.0,28.7,1,857,857,857,599,585,687,645,627,539,1308,571,1361,375,1,790,1103,863,1,31:07
2022-23,2544,LeBron James,LeBron,1610612747,LAL,Los Angeles Lakers,0042200231,2023-05-02T00:00:00,LAL @ GSW,W,40.093333333333334,0.0,0.0,5.4,9.0,9.9,10.8,12.6,21.5,2.7,0.9,0.0,1.8,41.5,1,1,1,1,183,756,687,163,453,807,1018,1228,1474,125,1227,1,874,354,1,40:06
2022-23,1629216,Gabe Vincent,Gabe,1610612748,MIA,Miami Heat,0042200202,2023-05-02T00:00:00,MIA @ NYK,L,40.8,2.6,2.6,0.0,3.5,6.2,12.4,2.6,24.7,0.0,0.9,2.6,2.6,27.3,1,857,857,857,152,527,459,645,989,477,1175,362,1385,536,1218,892,676,933,1,40:48
2022-23,1628973,Jalen Brunson,Jalen,1610612752,NYK,New York Knicks,0042200202,2023-05-02T00:00:00,NYK vs. MIA,W,39.46666666666667,3.6,3.6,0.0,7.3,12.8,6.4,0.0,27.4,0.0,0.0,0.9,2.7,40.1,1,1,1,1,216,377,324,645,595,1072,598,1,1277,536,1,441,651,395,1,39:28
2022-23,1629130,Duncan Robinson,Duncan,1610612748,MIA,Miami Heat,0042200202,2023-05-02T00:00:00,MIA @ NYK,L,20.626666666666665,5.2,0.0,0.0,0.0,7.0,12.2,8.7,31.4,0.0,0.0,3.5,3.5,23.0,1,857,857,857,1030,210,687,645,1176,546,1157,881,1030,536,1,1135,515,1130,1,20:38
2022-23,1629628,RJ Barrett,RJ,1610612752,NYK,New York Knicks,0042200202,2023-05-02T00:00:00,NYK vs. MIA,W,38.18333333333333,2.8,0.0,0.0,5.7,16.0,6.6,0.0,28.3,0.0,0.9,0.9,2.8,27.4,1,1,1,1,287,497,687,645,753,1328,623,1,1216,536,1270,448,630,926,1,38:11
2022-23,1628972,Troy Brown Jr.,Troy,1610612747,LAL,Los Angeles Lakers,0042200231,2023-05-02T00:00:00,LAL @ GSW,W,12.156666666666666,0.0,0.0,0.0,0.0,17.8,5.9,8.9,11.8,0.0,0.0,3.0,0.0,8.9,1,1,1,1,1294,756,687,645,1176,1433,539,890,1622,536,1,1009,1103,1543,1,12:09
2022-23,201567,Kevin Love,Kevin,1610612748,MIA,Miami Heat,0042200202,2023-05-02T00:00:00,MIA @ NYK,L,23.633333333333333,4.6,0.0,0.0,0.0,7.6,9.1,0.0,24.4,0.0,0.0,1.5,3.0,22.4,1,857,857,857,909,278,687,645,1176,602,855,1,1398,536,1,575,584,1154,1,23:38
2022-23,203944,Julius Randle,Julius,1610612752,NYK,New York Knicks,0042200202,2023-05-02T00:00:00,NYK vs. MIA,W,37.675,0.0,3.8,0.0,3.8,13.4,6.7,0.0,28.7,0.0,1.0,1.0,3.8,46.2,1,1,1,1,312,756,303,645,952,1120,631,1,1192,536,1276,453,462,232,1,37:41
2022-23,1626156,D'Angelo Russell,D'Angelo,1610612747,LAL,Los Angeles Lakers,0042200231,2023-05-02T00:00:00,LAL @ GSW,W,32.93333333333333,0.0,2.2,0.0,13.1,8.7,13.1,12.0,19.7,1.1,0.0,1.1,4.4,40.0,1,1,1,1,515,756,537,645,208,690,1246,1169,1520,395,1,497,371,401,1,32:56
2022-23,1626172,Kevon Looney,Kevon,1610612744,GSW,Golden State Warriors,0042200231,2023-05-02T00:00:00,GSW vs. LAL,L,29.481666666666666,0.0,4.9,0.0,12.2,6.1,13.4,9.8,46.4,0.0,3.7,3.7,1.2,53.9,1,857,857,857,680,756,208,645,258,466,1276,990,228,536,1697,1182,1012,99,1,29:29
2022-23,1630167,Obi Toppin,Obi,1610612752,NYK,New York Knicks,0042200202,2023-05-02T00:00:00,NYK vs. MIA,W,10.325,0.0,0.0,0.0,0.0,27.9,0.0,0.0,27.9,0.0,0.0,3.5,0.0,4.2,1,1,1,1,1355,756,687,645,1176,1657,1,1,1249,536,1,1133,1103,1587,1,10:20
2022-23,1629622,Max Strus,Max,1610612748,MIA,Miami Heat,0042200202,2023-05-02T00:00:00,MIA @ NYK,L,25.0,2.9,2.9,0.0,11.5,4.3,10.1,0.0,20.2,0.0,1.4,7.2,2.9,28.4,1,857,857,857,861,490,429,645,299,351,952,1,1511,536,1454,1598,620,882,1,25:00
2022-23,1627780,Gary Payton II,Gary,1610612744,GSW,Golden State Warriors,0042200231,2023-05-02T00:00:00,GSW vs. LAL,L,12.051666666666666,0.0,6.0,0.0,6.0,0.0,6.0,6.0,41.8,0.0,0.0,3.0,0.0,25.7,1,857,857,857,1298,756,146,645,720,1,546,587,392,536,1,1016,1103,1016,1,12:03
2022-23,1629673,Jordan Poole,Jordan,1610612744,GSW,Golden State Warriors,0042200231,2023-05-02T00:00:00,GSW vs. LAL,L,29.915,3.6,0.0,0.0,2.4,1.2,7.2,7.2,43.3,0.0,1.2,6.0,1.2,39.7,1,857,857,857,655,383,687,645,1109,251,677,713,339,536,1394,1523,1016,412,1,29:55
2022-23,1630193,Immanuel Quickley,Immanuel,1610612752,NYK,New York Knicks,0042200202,2023-05-02T00:00:00,NYK vs. MIA,W,9.286666666666667,0.0,0.0,0.0,15.5,38.8,0.0,0.0,38.8,0.0,0.0,7.8,0.0,20.2,1,1,1,1,1380,756,687,645,119,1707,1,1,551,536,1,1616,1103,1252,1,9:17
2022-23,1630541,Moses Moody,Moses,1610612744,GSW,Golden State Warriors,0042200231,2023-05-02T00:00:00,GSW vs. LAL,L,6.066666666666666,0.0,0.0,0.0,0.0,0.0,11.9,0.0,35.6,0.0,0.0,0.0,0.0,16.0,1,857,857,857,1452,756,687,645,1176,1,1133,1,755,536,1,1,1103,1386,1,6:04
2022-23,1629020,Jarred Vanderbilt,Jarred,1610612747,LAL,Los Angeles Lakers,0042200231,2023-05-02T00:00:00,LAL @ GSW,W,25.783333333333335,1.4,5.6,1.4,2.8,7.0,8.4,12.6,19.5,2.8,1.4,5.6,4.2,40.8,1,1,1,1,827,732,159,630,1069,545,774,1226,1526,116,1445,1482,409,375,1,25:47
2022-23,1628389,Bam Adebayo,Bam,1610612748,MIA,Miami Heat,0042200202,2023-05-02T00:00:00,MIA @ NYK,L,38.1,3.8,0.0,0.0,9.4,8.5,12.3,1.9,22.7,0.9,0.0,4.7,7.6,33.6,1,857,857,857,289,362,687,645,419,660,1167,330,1445,445,1,1369,90,647,1,38:06
2022-23,1629117,Wenyen Gabriel,Wenyen,1610612747,LAL,Los Angeles Lakers,0042200231,2023-05-02T00:00:00,LAL @ GSW,W,4.166666666666667,0.0,0.0,0.0,0.0,25.9,0.0,0.0,17.3,0.0,0.0,0.0,0.0,20.7,1,1,1,1,1516,756,687,645,1176,1641,1,1,1580,536,1,1,1103,1233,1,4:10
2022-23,202691,Klay Thompson,Klay,1610612744,GSW,Golden State Warriors,0042200231,2023-05-02T00:00:00,GSW vs. LAL,L,37.45,1.9,0.0,8.7,1.9,3.8,8.7,7.7,36.5,0.0,0.0,2.9,2.9,33.3,1,857,857,857,326,651,687,40,1146,327,811,763,684,536,1,986,618,666,1,37:27
2022-23,1629312,Haywood Highsmith,Haywood,1610612748,MIA,Miami Heat,0042200202,2023-05-02T00:00:00,MIA @ NYK,L,15.336666666666666,7.0,0.0,0.0,4.7,4.7,14.1,4.7,23.5,0.0,0.0,4.7,2.3,24.9,1,857,857,857,1191,106,687,645,865,379,1326,486,1424,536,1,1366,741,1048,1,15:20
2022-23,1629060,Rui Hachimura,Rui,1610612747,LAL,Los Angeles Lakers,0042200231,2023-05-02T00:00:00,LAL @ GSW,W,11.3,0.0,6.4,0.0,12.7,19.1,12.7,0.0,31.9,0.0,0.0,0.0,3.2,24.5,1,1,1,1,1328,756,122,645,231,1503,1210,1,1010,536,1,1,557,1067,1,11:18
2022-23,1629656,Quentin Grimes,Quentin,1610612752,NYK,New York Knicks,0042200202,2023-05-02T00:00:00,NYK vs. MIA,W,25.85,0.0,0.0,4.2,2.8,22.3,0.0,0.0,27.9,1.4,0.0,2.8,1.4,13.4,1,1,1,1,826,756,687,263,1070,1587,1,1,1252,321,1,948,967,1453,1,25:51
2022-23,203110,Draymond Green,Draymond,1610612744,GSW,Golden State Warriors,0042200231,2023-05-02T00:00:00,GSW vs. LAL,L,33.86666666666667,0.0,4.3,0.0,4.3,8.5,10.6,6.4,34.0,3.2,0.0,4.3,1.1,35.4,1,857,857,857,475,756,261,645,912,660,1003,621,854,83,1,1288,1053,573,1,33:52
2022-23,1630559,Austin Reaves,Austin,1610612747,LAL,Los Angeles Lakers,0042200231,2023-05-02T00:00:00,LAL @ GSW,W,38.53333333333333,3.7,2.8,0.0,1.9,7.5,11.2,13.1,20.6,0.0,0.0,1.9,0.9,19.2,1,1,1,1,269,366,439,645,1156,589,1063,1272,1500,536,1,684,1080,1297,1,38:32
2022-23,1629011,Mitchell Robinson,Mitchell,1610612752,NYK,New York Knicks,0042200202,2023-05-02T00:00:00,NYK vs. MIA,W,20.713333333333335,0.0,8.7,0.0,7.0,19.1,3.5,0.0,45.2,0.0,0.0,7.0,5.2,20.9,1,1,1,1,1026,756,57,645,626,1504,326,1,269,536,1,1584,251,1227,1,20:43
2022-23,203952,Andrew Wiggins,Andrew,1610612744,GSW,Golden State Warriors,0042200231,2023-05-02T00:00:00,GSW vs. LAL,L,33.721666666666664,0.0,4.3,3.2,4.3,9.6,10.7,7.5,40.6,0.0,2.1,3.2,1.1,21.6,1,857,857,857,483,756,258,378,909,781,1007,742,448,536,1594,1066,1050,1200,1,33:43
2022-23,201939,Stephen Curry,Stephen,1610612744,GSW,Golden State Warriors,0042200231,2023-05-02T00:00:00,GSW vs. LAL,L,37.50833333333333,5.8,0.0,1.9,3.8,8.6,11.5,8.6,40.3,0.0,3.8,2.9,4.8,35.2,1,857,857,857,324,175,687,551,950,677,1090,871,459,536,1704,984,311,578,1,37:31
2022-23,203471,Dennis Schröder,Dennis,1610612747,LAL,Los Angeles Lakers,0042200231,2023-05-02T00:00:00,LAL @ GSW,W,31.2,2.3,1.2,4.6,6.9,13.8,9.2,5.8,23.1,0.0,1.2,2.3,8.1,33.3,1,1,1,1,595,587,675,218,635,1152,865,570,1435,536,1374,787,71,661,1,31:12
2022-23,1628978,Donte DiVincenzo,Donte,1610612744,GSW,Golden State Warriors,0042200231,2023-05-02T00:00:00,GSW vs. LAL,L,12.186666666666667,0.0,0.0,0.0,0.0,14.8,14.8,14.8,47.3,0.0,0.0,3.0,0.0,37.2,1,857,857,857,1293,756,687,645,1176,1228,1369,1383,204,536,1,1006,1103,497,1,12:11
2022-23,1627763,Malcolm Brogdon,Malcolm,1610612738,BOS,Boston Celtics,0042200211,2023-05-01T00:00:00,BOS vs. PHI,L,33.85,2.1,0.0,6.4,12.8,9.6,12.8,8.5,25.5,0.0,1.1,1.1,1.1,28.8,1,857,857,857,477,617,687,102,229,777,1212,856,1360,536,1334,488,1052,853,1,33:51
2022-23,201935,James Harden,James,1610612755,PHI,Philadelphia 76ers,0042200211,2023-05-01T00:00:00,PHI @ BOS,W,39.35,6.4,4.6,1.8,9.1,8.2,11.0,12.8,47.6,0.0,0.0,3.7,3.7,53.2,1,1,1,1,222,132,240,572,441,641,1042,1247,190,536,1,1178,489,103,1,39:21
2022-23,1627777,Georges Niang,Georges,1610612755,PHI,Philadelphia 76ers,0042200211,2023-05-01T00:00:00,PHI @ BOS,W,13.445,0.0,0.0,0.0,0.0,10.7,0.0,10.7,48.2,0.0,0.0,0.0,0.0,12.6,1,1,1,1,1253,756,687,645,1176,887,1,1065,176,536,1,1,1103,1468,1,13:27
2022-23,201142,Kevin Durant,Kevin,1610612756,PHX,Phoenix Suns,0042200222,2023-05-01T00:00:00,PHX @ DEN,L,44.38333333333333,2.4,0.0,3.2,3.2,3.2,4.9,4.1,35.7,1.6,0.8,3.2,4.9,36.6,1,857,857,857,31,562,687,372,1024,295,446,448,748,274,1176,1074,302,522,1,44:23
2022-23,201143,Al Horford,Al,1610612738,BOS,Boston Celtics,0042200211,2023-05-01T00:00:00,BOS vs. PHI,L,30.05,4.8,2.4,0.0,9.6,20.4,7.2,9.6,40.7,3.6,0.0,0.0,2.4,35.6,1,857,857,857,644,259,505,645,412,1543,675,968,440,64,1,1,727,562,1,30:03
2022-23,1630178,Tyrese Maxey,Tyrese,1610612755,PHI,Philadelphia 76ers,0042200211,2023-05-01T00:00:00,PHI @ BOS,W,35.8,5.0,4.0,4.0,14.1,13.1,9.1,8.0,48.3,0.0,2.0,5.0,4.0,42.4,1,1,1,1,411,232,282,281,169,1088,842,799,175,536,1577,1423,429,322,1,35:48
2022-23,1629057,Robert Williams III,Robert,1610612738,BOS,Boston Celtics,0042200211,2023-05-01T00:00:00,BOS vs. PHI,L,19.766666666666666,0.0,0.0,3.6,10.9,9.1,10.9,7.3,18.2,0.0,0.0,1.8,0.0,26.2,1,857,857,857,1055,756,687,317,325,730,1036,721,1567,536,1,664,1103,986,1,19:46
2022-23,1628369,Jayson Tatum,Jayson,1610612738,BOS,Boston Celtics,0042200211,2023-05-01T00:00:00,BOS vs. PHI,L,43.75,0.0,5.8,1.6,16.5,16.5,8.2,8.2,31.3,0.8,1.6,1.6,3.3,53.2,1,857,857,857,42,756,152,619,102,1351,767,827,1034,523,1500,608,542,104,1,43:45
2022-23,1630194,Paul Reed,Paul,1610612755,PHI,Philadelphia 76ers,0042200211,2023-05-01T00:00:00,PHI @ BOS,W,37.36833333333333,5.8,0.0,0.0,5.8,12.5,11.6,9.6,46.2,1.0,1.0,3.9,1.9,33.3,1,1,1,1,333,173,687,645,741,1052,1098,973,235,438,1284,1224,837,662,1,37:22
2022-23,203932,Aaron Gordon,Aaron,1610612743,DEN,Denver Nuggets,0042200222,2023-05-01T00:00:00,DEN vs. PHX,W,39.016666666666666,4.6,0.0,1.8,5.5,6.5,4.6,10.1,20.3,0.9,0.0,1.8,6.5,23.7,1,1,1,1,241,274,687,566,767,494,423,1024,1507,462,1,673,138,1101,1,39:01
2022-23,200782,P.J. Tucker,P.J.,1610612755,PHI,Philadelphia 76ers,0042200211,2023-05-01T00:00:00,PHI @ BOS,W,36.60333333333333,0.0,0.0,0.0,0.0,8.9,9.8,9.8,47.2,0.0,0.0,3.9,0.0,12.3,1,1,1,1,365,756,687,645,1176,709,929,992,205,536,1,1241,1103,1479,1,36:36
2022-23,201145,Jeff Green,Jeff,1610612743,DEN,Denver Nuggets,0042200222,2023-05-01T00:00:00,DEN vs. PHX,W,15.716666666666667,0.0,0.0,0.0,4.6,6.9,11.5,0.0,18.3,4.6,0.0,6.9,2.3,30.5,1,1,1,1,1180,756,687,645,876,530,1082,1,1560,45,1,1578,748,796,1,15:43
2022-23,203484,Kentavious Caldwell-Pope,Kentavious,1610612743,DEN,Denver Nuggets,0042200222,2023-05-01T00:00:00,DEN vs. PHX,W,41.09,0.0,1.8,0.0,1.8,3.5,8.8,9.6,24.5,0.0,0.0,1.8,2.6,21.9,1,1,1,1,138,756,630,645,1166,313,820,974,1392,536,1,644,682,1180,1,41:05
2022-23,1629006,Josh Okogie,Josh,1610612756,PHX,Phoenix Suns,0042200222,2023-05-01T00:00:00,PHX @ DEN,L,21.65,0.0,0.0,0.0,3.3,3.3,3.3,3.3,43.2,0.0,0.0,5.0,0.0,5.8,1,857,857,857,994,756,687,645,1017,302,316,398,343,536,1,1415,1103,1570,1,21:39
2022-23,1627759,Jaylen Brown,Jaylen,1610612738,BOS,Boston Celtics,0042200211,2023-05-01T00:00:00,BOS vs. PHI,L,41.63333333333333,3.5,2.6,3.5,8.6,15.6,7.8,5.2,29.4,0.0,0.9,0.9,4.3,30.4,1,857,857,857,114,409,468,340,487,1296,731,531,1146,536,1205,422,382,800,1,41:38
2022-23,1630573,Sam Hauser,Sam,1610612738,BOS,Boston Celtics,0042200211,2023-05-01T00:00:00,BOS vs. PHI,L,4.55,0.0,0.0,0.0,0.0,0.0,23.7,15.8,47.5,0.0,0.0,0.0,0.0,11.9,1,857,857,857,1498,756,687,645,1176,1,1644,1443,198,536,1,1,1103,1491,1,4:33
2022-23,202687,Bismack Biyombo,Bismack,1610612756,PHX,Phoenix Suns,0042200222,2023-05-01T00:00:00,PHX @ DEN,L,9.566666666666666,0.0,0.0,0.0,7.5,3.8,15.1,11.3,37.6,0.0,0.0,11.3,0.0,21.8,1,857,857,857,1375,756,687,645,574,321,1390,1111,618,536,1,1681,1103,1189,1,9:34
2022-23,1630688,Ish Wainright,Ish,1610612756,PHX,Phoenix Suns,0042200222,2023-05-01T00:00:00,PHX @ DEN,L,2.3833333333333333,0.0,0.0,0.0,0.0,30.2,0.0,30.2,60.4,0.0,0.0,15.1,0.0,0.0,1,857,857,857,1616,756,687,645,1176,1673,1,1688,52,536,1,1706,1103,1601,1,2:23
2022-23,1629111,Jock Landale,Jock,1610612756,PHX,Phoenix Suns,0042200222,2023-05-01T00:00:00,PHX @ DEN,L,5.416666666666667,0.0,0.0,0.0,0.0,13.3,0.0,13.3,39.9,0.0,0.0,0.0,26.6,27.9,1,857,857,857,1468,756,687,645,1176,1113,1,1284,478,536,1,1,2,897,1,5:25
2022-23,203935,Marcus Smart,Marcus,1610612738,BOS,Boston Celtics,0042200211,2023-05-01T00:00:00,BOS vs. PHI,L,35.25333333333333,3.1,0.0,0.0,8.2,17.4,5.1,6.1,32.7,0.0,0.0,3.1,5.1,20.5,1,857,857,857,432,458,687,645,526,1417,464,601,939,536,1,1041,268,1241,1,35:15
2022-23,1627814,Damion Lee,Damion,1610612756,PHX,Phoenix Suns,0042200222,2023-05-01T00:00:00,PHX @ DEN,L,25.618333333333332,0.0,0.0,0.0,0.0,2.8,5.6,4.2,36.5,0.0,1.4,1.4,1.4,14.3,1,857,857,857,839,756,687,645,1176,281,504,453,683,536,1451,557,962,1438,1,25:37
2022-23,1629684,Grant Williams,Grant,1610612738,BOS,Boston Celtics,0042200211,2023-05-01T00:00:00,BOS vs. PHI,L,4.013333333333334,0.0,0.0,0.0,0.0,0.0,17.9,0.0,35.9,0.0,0.0,0.0,9.0,0.0,1,857,857,857,1520,756,687,645,1176,1,1513,1,735,536,1,1,47,1601,1,4:01
2022-23,202699,Tobias Harris,Tobias,1610612755,PHI,Philadelphia 76ers,0042200211,2023-05-01T00:00:00,PHI @ BOS,W,41.6,1.7,0.0,1.7,8.7,9.5,10.4,8.7,51.9,0.9,0.0,0.9,0.0,29.9,1,1,1,1,116,699,687,603,483,768,989,874,104,503,1,423,1103,814,1,41:36
2022-23,1631128,Christian Braun,Christian,1610612743,DEN,Denver Nuggets,0042200222,2023-05-01T00:00:00,DEN vs. PHX,W,15.785,0.0,0.0,0.0,4.6,6.8,6.8,0.0,13.7,0.0,0.0,6.8,2.3,12.8,1,1,1,1,1178,756,687,645,878,525,644,1,1612,536,1,1576,751,1463,1,15:47
2022-23,1629667,Jalen McDaniels,Jalen,1610612755,PHI,Philadelphia 76ers,0042200211,2023-05-01T00:00:00,PHI @ BOS,W,11.213333333333333,0.0,0.0,0.0,0.0,0.0,0.0,25.7,64.2,0.0,0.0,0.0,0.0,3.9,1,1,1,1,1331,756,687,645,1176,1,1,1660,35,536,1,1,1103,1589,1,11:13
2022-23,1629008,Michael Porter Jr.,Michael,1610612743,DEN,Denver Nuggets,0042200222,2023-05-01T00:00:00,DEN vs. PHX,W,23.281666666666666,0.0,0.0,4.6,6.2,6.2,7.7,13.9,21.6,1.5,1.5,0.0,1.5,22.1,1,1,1,1,929,756,687,214,698,479,721,1331,1468,290,1476,1,930,1168,1,23:17
2022-23,101108,Chris Paul,Chris,1610612756,PHX,Phoenix Suns,0042200222,2023-05-01T00:00:00,PHX @ DEN,L,25.383333333333333,2.8,0.0,0.0,2.8,4.3,5.7,7.1,39.7,0.0,0.0,0.0,0.0,32.6,1,857,857,857,849,495,687,645,1062,346,510,691,488,536,1,1,1103,693,1,25:23
2022-23,1626164,Devin Booker,Devin,1610612756,PHX,Phoenix Suns,0042200222,2023-05-01T00:00:00,PHX @ DEN,L,44.666666666666664,1.6,8.1,4.0,6.4,4.8,4.8,5.6,33.9,0.0,0.8,3.2,2.4,38.7,1,857,857,857,22,721,62,280,680,389,442,563,864,536,1172,1069,724,453,1,44:40
2022-23,1629028,Deandre Ayton,Deandre,1610612756,PHX,Phoenix Suns,0042200222,2023-05-01T00:00:00,PHX @ DEN,L,33.016666666666666,0.0,0.0,2.2,13.1,3.3,2.2,2.2,34.9,1.1,2.2,5.5,0.0,31.2,1,857,857,857,511,756,687,514,209,298,272,341,798,396,1599,1470,1103,763,1,33:01
2022-23,203999,Nikola Jokić,Nikola,1610612743,DEN,Denver Nuggets,0042200222,2023-05-01T00:00:00,DEN vs. PHX,W,41.266666666666666,0.0,3.5,1.7,20.9,3.5,8.7,9.6,26.2,0.9,0.9,1.7,4.4,62.5,1,1,1,1,132,756,345,600,40,311,816,971,1332,497,1212,637,374,40,1,41:16
2022-23,1628470,Torrey Craig,Torrey,1610612756,PHX,Phoenix Suns,0042200222,2023-05-01T00:00:00,PHX @ DEN,L,11.215,0.0,0.0,0.0,0.0,6.4,0.0,6.4,32.1,0.0,0.0,0.0,0.0,3.9,1,857,857,857,1330,756,687,645,1176,492,1,623,994,536,1,1,1103,1590,1,11:13
2022-23,1626166,Cameron Payne,Cameron,1610612756,PHX,Phoenix Suns,0042200222,2023-05-01T00:00:00,PHX @ DEN,L,16.7,0.0,0.0,0.0,0.0,6.5,4.3,4.3,25.9,2.2,2.2,8.6,4.3,16.6,1,857,857,857,1147,756,687,645,1176,498,387,459,1344,171,1595,1643,384,1376,1,16:42
2022-23,1628971,Bruce Brown,Bruce,1610612743,DEN,Denver Nuggets,0042200222,2023-05-01T00:00:00,DEN vs. PHX,W,24.651666666666667,1.5,0.0,0.0,5.8,7.3,10.2,2.9,23.4,1.5,1.5,5.8,4.4,26.7,1,1,1,1,874,731,687,645,733,571,967,371,1428,305,1460,1510,369,960,1,24:39
2022-23,1628401,Derrick White,Derrick,1610612738,BOS,Boston Celtics,0042200211,2023-05-01T00:00:00,BOS vs. PHI,L,27.133333333333333,0.0,0.0,0.0,2.7,18.6,9.3,8.0,37.1,0.0,0.0,2.7,2.7,15.8,1,857,857,857,774,756,687,645,1085,1481,872,789,643,536,1,895,674,1400,1,27:08
2022-23,1629001,De'Anthony Melton,De'Anthony,1610612755,PHI,Philadelphia 76ers,0042200211,2023-05-01T00:00:00,PHI @ BOS,W,24.62,0.0,4.4,2.9,2.9,8.8,7.3,8.8,52.6,2.9,1.5,2.9,0.0,38.3,1,1,1,1,878,756,251,410,1053,694,686,883,98,106,1461,1001,1103,463,1,24:37
2022-23,1627750,Jamal Murray,Jamal,1610612743,DEN,Denver Nuggets,0042200222,2023-05-01T00:00:00,DEN vs. PHX,W,39.19166666666667,0.0,0.0,0.0,3.7,4.6,4.6,10.1,23.9,0.0,0.9,0.0,3.7,21.9,1,1,1,1,230,756,687,645,973,369,418,1018,1411,536,1246,1,487,1185,1,39:12
2022-23,1629312,Haywood Highsmith,Haywood,1610612748,MIA,Miami Heat,0042200201,2023-04-30T00:00:00,MIA @ NYK,W,4.8,0.0,0.0,0.0,15.0,7.5,0.0,7.5,30.0,0.0,0.0,0.0,0.0,15.0,1,1,1,1,1487,756,687,645,142,593,1,748,1105,536,1,1,1103,1423,1,4:48
2022-23,1628978,Donte DiVincenzo,Donte,1610612744,GSW,Golden State Warriors,0042200167,2023-04-30T00:00:00,GSW @ SAC,W,8.428333333333333,0.0,0.0,0.0,0.0,17.1,34.2,0.0,25.6,0.0,0.0,0.0,0.0,29.5,1,1,1,1,1408,756,687,645,1176,1398,1698,1,1358,536,1,1,1103,836,1,8:26
2022-23,203952,Andrew Wiggins,Andrew,1610612744,GSW,Golden State Warriors,0042200167,2023-04-30T00:00:00,GSW @ SAC,W,37.04,3.9,1.9,0.0,5.8,1.9,7.8,1.9,25.3,0.0,1.9,3.9,5.8,29.5,1,1,1,1,350,350,578,645,734,256,728,335,1367,536,1567,1233,190,832,1,37:02
2022-23,1630228,Jonathan Kuminga,Jonathan,1610612744,GSW,Golden State Warriors,0042200167,2023-04-30T00:00:00,GSW @ SAC,W,2.65,0.0,0.0,0.0,0.0,0.0,54.3,0.0,27.2,0.0,0.0,0.0,0.0,0.0,1,1,1,1,1600,756,687,645,1176,1,1711,1,1281,536,1,1,1103,1601,1,2:39
2022-23,203110,Draymond Green,Draymond,1610612744,GSW,Golden State Warriors,0042200167,2023-04-30T00:00:00,GSW @ SAC,W,37.96666666666667,1.9,1.9,0.0,3.8,2.8,8.5,1.9,30.3,0.0,0.9,3.8,1.9,31.5,1,1,1,1,299,659,591,645,955,282,793,331,1084,536,1273,1211,845,750,1,37:58
2022-23,203469,Cody Zeller,Cody,1610612748,MIA,Miami Heat,0042200201,2023-04-30T00:00:00,MIA @ NYK,W,8.25,4.4,0.0,4.4,0.0,8.7,8.7,4.4,26.2,0.0,0.0,0.0,4.4,22.7,1,1,1,1,1416,300,687,242,1176,686,818,462,1330,536,1,1,372,1143,1,8:15
2022-23,1629011,Mitchell Robinson,Mitchell,1610612752,NYK,New York Knicks,0042200201,2023-04-30T00:00:00,NYK vs. MIA,L,33.63333333333333,0.0,0.0,0.0,6.4,17.1,7.5,15.0,32.1,2.1,0.0,3.2,2.1,29.8,1,857,857,857,489,756,687,645,681,1399,705,1399,991,172,1,1067,785,824,1,33:38
2022-23,1630541,Moses Moody,Moses,1610612744,GSW,Golden State Warriors,0042200167,2023-04-30T00:00:00,GSW @ SAC,W,15.093333333333334,0.0,0.0,0.0,0.0,7.2,21.5,4.8,28.6,2.4,0.0,2.4,0.0,16.7,1,1,1,1,1198,756,687,645,1176,558,1611,493,1198,157,1,803,1103,1374,1,15:06
2022-23,1628404,Josh Hart,Josh,1610612752,NYK,New York Knicks,0042200201,2023-04-30T00:00:00,NYK vs. MIA,L,43.2,1.7,1.7,5.0,8.3,18.3,5.8,12.5,28.3,0.8,0.8,4.2,1.7,23.0,1,857,857,857,53,715,648,190,511,1467,528,1218,1211,517,1183,1276,903,1134,1,43:12
2022-23,1629628,RJ Barrett,RJ,1610612752,NYK,New York Knicks,0042200201,2023-04-30T00:00:00,NYK vs. MIA,L,39.833333333333336,0.0,2.7,0.9,12.7,13.6,6.3,13.6,27.1,0.0,2.7,2.7,3.6,41.8,1,857,857,857,201,756,449,642,239,1132,593,1307,1283,536,1651,917,496,340,1,39:50
2022-23,1628997,Caleb Martin,Caleb,1610612748,MIA,Miami Heat,0042200201,2023-04-30T00:00:00,MIA @ NYK,W,30.95,2.3,0.0,2.3,4.7,7.0,8.1,7.0,39.5,1.2,0.0,0.0,3.5,28.5,1,1,1,1,608,582,687,493,868,542,762,678,504,371,1,1,516,874,1,30:57
2022-23,1628973,Jalen Brunson,Jalen,1610612752,NYK,New York Knicks,0042200201,2023-04-30T00:00:00,NYK vs. MIA,L,40.05,1.8,3.6,0.0,18.0,19.8,4.5,13.5,30.6,0.0,0.9,1.8,2.7,35.5,1,857,857,857,186,682,329,645,75,1523,406,1300,1079,536,1229,656,656,566,1,40:03
2022-23,201567,Kevin Love,Kevin,1610612748,MIA,Miami Heat,0042200201,2023-04-30T00:00:00,MIA @ NYK,W,16.216666666666665,0.0,0.0,0.0,4.4,4.4,8.9,15.5,53.3,0.0,0.0,2.2,2.2,46.6,1,1,1,1,1163,756,687,645,892,361,830,1432,91,536,1,770,766,222,1,16:13
2022-23,1630558,Davion Mitchell,Davion,1610612758,SAC,Sacramento Kings,0042200167,2023-04-30T00:00:00,SAC vs. GSW,L,8.276666666666667,0.0,0.0,0.0,0.0,0.0,26.1,0.0,17.4,0.0,0.0,0.0,4.3,4.3,1,857,857,857,1414,756,687,645,1176,1,1665,1,1578,536,1,1,377,1584,1,8:17
2022-23,1629130,Duncan Robinson,Duncan,1610612748,MIA,Miami Heat,0042200201,2023-04-30T00:00:00,MIA @ NYK,W,12.5,0.0,0.0,0.0,0.0,11.5,5.8,8.6,40.3,0.0,0.0,2.9,0.0,4.3,1,1,1,1,1283,756,687,645,1176,959,520,873,457,536,1,985,1103,1586,1,12:30
2022-23,1630167,Obi Toppin,Obi,1610612752,NYK,New York Knicks,0042200201,2023-04-30T00:00:00,NYK vs. MIA,L,31.166666666666668,3.5,0.0,5.8,6.9,13.9,2.3,15.0,27.7,0.0,0.0,3.5,0.0,35.3,1,857,857,857,598,408,687,139,632,1154,277,1402,1260,536,1,1128,1103,575,1,31:10
2022-23,1629622,Max Strus,Max,1610612748,MIA,Miami Heat,0042200201,2023-04-30T00:00:00,MIA @ NYK,W,23.393333333333334,4.6,0.0,3.1,3.1,3.1,6.2,15.4,46.2,0.0,0.0,3.1,0.0,27.5,1,1,1,1,923,273,687,393,1041,287,577,1420,238,536,1,1045,1103,915,1,23:24
2022-23,1629656,Quentin Grimes,Quentin,1610612752,NYK,New York Knicks,0042200201,2023-04-30T00:00:00,NYK vs. MIA,L,10.466666666666667,3.4,0.0,3.4,0.0,6.9,6.9,0.0,27.5,0.0,0.0,6.9,3.4,24.1,1,857,857,857,1348,413,687,343,1176,531,648,1,1271,536,1,1579,522,1084,1,10:28
2022-23,1628989,Kevin Huerter,Kevin,1610612758,SAC,Sacramento Kings,0042200167,2023-04-30T00:00:00,SAC vs. GSW,L,28.233333333333334,0.0,2.6,0.0,2.6,0.0,25.5,0.0,28.1,2.6,0.0,3.8,1.3,34.2,1,857,857,857,728,756,476,645,1092,1,1661,1,1235,140,1,1214,999,624,1,28:14
2022-23,200768,Kyle Lowry,Kyle,1610612748,MIA,Miami Heat,0042200201,2023-04-30T00:00:00,MIA @ NYK,W,29.983333333333334,6.0,0.0,0.0,0.0,7.2,8.4,6.0,45.6,4.8,1.2,3.6,3.6,55.2,1,1,1,1,649,158,687,645,1176,563,779,588,255,37,1392,1162,499,84,1,29:59
2022-23,1629216,Gabe Vincent,Gabe,1610612748,MIA,Miami Heat,0042200201,2023-04-30T00:00:00,MIA @ NYK,W,33.233333333333334,6.5,0.0,6.5,0.0,4.3,9.7,10.8,56.3,0.0,1.1,3.2,4.3,34.6,1,1,1,1,502,126,687,101,1176,354,913,1078,75,536,1349,1075,380,607,1,33:14
2022-23,1628370,Malik Monk,Malik,1610612758,SAC,Sacramento Kings,0042200167,2023-04-30T00:00:00,SAC vs. GSW,L,31.1,0.0,6.9,0.0,4.6,6.9,15.0,0.0,37.0,0.0,1.2,2.3,4.6,34.5,1,857,857,857,600,756,98,645,871,540,1389,1,649,536,1376,792,333,609,1,31:06
2022-23,1627734,Domantas Sabonis,Domantas,1610612758,SAC,Sacramento Kings,0042200167,2023-04-30T00:00:00,SAC vs. GSW,L,37.395,1.9,1.9,1.9,15.4,8.7,21.2,0.0,30.8,1.9,0.0,3.9,4.8,45.3,1,857,857,857,331,649,585,548,126,678,1606,1,1069,202,1,1223,309,258,1,37:24
2022-23,1628368,De'Aaron Fox,De'Aaron,1610612758,SAC,Sacramento Kings,0042200167,2023-04-30T00:00:00,SAC vs. GSW,L,37.07333333333333,1.0,1.0,0.0,1.9,10.7,17.5,0.0,36.9,1.0,0.0,4.9,1.9,25.8,1,857,857,857,347,744,679,645,1145,886,1497,1,660,435,1,1392,831,1008,1,37:04
2022-23,1631099,Keegan Murray,Keegan,1610612758,SAC,Sacramento Kings,0042200167,2023-04-30T00:00:00,SAC vs. GSW,L,27.518333333333334,0.0,0.0,0.0,7.8,11.8,23.5,0.0,34.0,0.0,3.9,3.9,1.3,32.6,1,857,857,857,761,756,687,645,554,974,1642,1,856,536,1708,1238,988,695,1,27:31
2022-23,1628408,PJ Dozier,PJ,1610612758,SAC,Sacramento Kings,0042200167,2023-04-30T00:00:00,SAC vs. GSW,L,2.65,0.0,40.8,0.0,27.2,0.0,0.0,0.0,0.0,0.0,0.0,0.0,0.0,67.9,1,857,857,857,1600,756,2,645,13,1,1,1,1634,536,1,1,1103,22,1,2:39
2022-23,203084,Harrison Barnes,Harrison,1610612758,SAC,Sacramento Kings,0042200167,2023-04-30T00:00:00,SAC vs. GSW,L,13.56,0.0,0.0,0.0,0.0,0.0,15.9,0.0,21.2,0.0,0.0,0.0,8.0,10.6,1,857,857,857,1250,756,687,645,1176,1,1440,1,1488,536,1,1,73,1519,1,13:34
2022-23,201939,Stephen Curry,Stephen,1610612744,GSW,Golden State Warriors,0042200167,2023-04-30T00:00:00,GSW @ SAC,W,37.665,4.8,6.7,0.0,21.0,2.9,8.6,1.9,30.6,0.0,0.0,1.9,4.8,67.5,1,1,1,1,313,261,108,645,39,283,801,333,1078,536,1,700,315,23,1,37:40
2022-23,1627780,Gary Payton II,Gary,1610612744,GSW,Golden State Warriors,0042200167,2023-04-30T00:00:00,GSW @ SAC,W,16.263333333333332,0.0,0.0,0.0,4.4,6.6,17.7,0.0,31.0,8.9,0.0,8.9,2.2,40.1,1,1,1,1,1161,756,687,645,894,514,1507,1,1052,9,1,1651,769,397,1,16:16
2022-23,1628392,Isaiah Hartenstein,Isaiah,1610612752,NYK,New York Knicks,0042200201,2023-04-30T00:00:00,NYK vs. MIA,L,14.366666666666667,0.0,5.0,0.0,5.0,15.0,0.0,2.5,20.0,2.5,0.0,2.5,0.0,29.8,1,857,857,857,1224,756,199,645,831,1249,1,355,1513,143,1,838,1103,815,1,14:22
2022-23,202691,Klay Thompson,Klay,1610612744,GSW,Golden State Warriors,0042200167,2023-04-30T00:00:00,GSW @ SAC,W,34.86666666666667,0.0,6.2,0.0,0.0,2.1,10.3,2.1,24.8,0.0,1.0,2.1,5.2,22.2,1,1,1,1,441,756,130,645,1176,259,980,339,1379,536,1319,735,263,1165,1,34:52
2022-23,202710,Jimmy Butler III,Jimmy,1610612748,MIA,Miami Heat,0042200201,2023-04-30T00:00:00,MIA @ NYK,W,43.44,2.5,4.1,3.3,11.6,5.8,9.1,9.9,46.4,0.0,0.8,2.5,5.8,39.9,1,1,1,1,48,555,271,362,297,445,853,1007,227,536,1180,830,193,404,1,43:26
2022-23,1629002,Chimezie Metu,Chimezie,1610612758,SAC,Sacramento Kings,0042200167,2023-04-30T00:00:00,SAC vs. GSW,L,2.65,0.0,13.6,0.0,0.0,0.0,0.0,0.0,0.0,0.0,0.0,0.0,13.6,29.9,1,857,857,857,1600,756,17,645,1176,1,1,1,1634,536,1,1,7,812,1,2:39
2022-23,1626172,Kevon Looney,Kevon,1610612744,GSW,Golden State Warriors,0042200167,2023-04-30T00:00:00,GSW @ SAC,W,30.876666666666665,0.0,8.2,0.0,9.3,2.3,8.2,0.0,23.3,0.0,0.0,4.7,4.7,49.2,1,1,1,1,611,756,60,645,427,262,763,1,1431,536,1,1358,327,165,1,30:53
2022-23,1630556,Kessler Edwards,Kessler,1610612758,SAC,Sacramento Kings,0042200167,2023-04-30T00:00:00,SAC vs. GSW,L,2.65,0.0,0.0,0.0,0.0,0.0,0.0,0.0,0.0,0.0,0.0,0.0,0.0,16.3,1,857,857,857,1600,756,687,645,1176,1,1,1,1634,536,1,1,1103,1381,1,2:39
2022-23,1629673,Jordan Poole,Jordan,1610612744,GSW,Golden State Warriors,0042200167,2023-04-30T00:00:00,GSW @ SAC,W,19.15,0.0,0.0,0.0,0.0,5.6,15.0,0.0,22.6,1.9,1.9,3.8,0.0,31.2,1,1,1,1,1078,756,687,645,1176,436,1388,1,1449,212,1560,1202,1103,760,1,19:09
2022-23,1629056,Terence Davis,Terence,1610612758,SAC,Sacramento Kings,0042200167,2023-04-30T00:00:00,SAC vs. GSW,L,25.69333333333333,0.0,0.0,0.0,2.8,15.4,14.0,0.0,36.4,0.0,1.4,5.6,1.4,31.0,1,857,857,857,833,756,687,645,1066,1283,1318,1,694,536,1447,1484,963,771,1,25:42
2022-23,1630193,Immanuel Quickley,Immanuel,1610612752,NYK,New York Knicks,0042200201,2023-04-30T00:00:00,NYK vs. MIA,L,27.283333333333335,0.0,0.0,0.0,5.3,19.8,6.6,2.6,29.0,0.0,0.0,2.6,2.6,19.7,1,857,857,857,770,756,687,645,796,1525,622,360,1169,536,1,889,678,1278,1,27:17
2022-23,1628389,Bam Adebayo,Bam,1610612748,MIA,Miami Heat,0042200201,2023-04-30T00:00:00,MIA @ NYK,W,37.233333333333334,1.9,1.9,0.0,13.5,5.8,8.7,9.7,50.3,0.0,1.0,1.0,1.9,25.7,1,1,1,1,338,646,583,645,191,446,813,979,131,536,1287,455,835,1013,1,37:14
2022-23,1626168,Trey Lyles,Trey,1610612758,SAC,Sacramento Kings,0042200167,2023-04-30T00:00:00,SAC vs. GSW,L,20.55,3.5,1.8,0.0,3.5,15.8,12.3,0.0,38.5,0.0,0.0,1.8,7.0,25.2,1,857,857,857,1034,402,631,645,994,1308,1164,1,568,536,1,643,103,1035,1,20:33
2022-23,203458,Alex Len,Alex,1610612758,SAC,Sacramento Kings,0042200167,2023-04-30T00:00:00,SAC vs. GSW,L,2.65,0.0,0.0,0.0,0.0,0.0,0.0,0.0,0.0,0.0,13.6,13.6,0.0,16.3,1,857,857,857,1600,756,687,645,1176,1,1,1,1634,536,1726,1699,1103,1381,1,2:39
2022-23,1629008,Michael Porter Jr.,Michael,1610612743,DEN,Denver Nuggets,0042200221,2023-04-29T00:00:00,DEN vs. PHX,W,30.846666666666668,0.0,0.0,2.3,7.0,4.7,9.3,11.7,42.0,0.0,1.2,3.5,0.0,27.5,1,1,1,1,613,756,687,491,623,376,876,1136,387,536,1377,1137,1103,917,1,30:51
2022-23,1628971,Bruce Brown,Bruce,1610612743,DEN,Denver Nuggets,0042200221,2023-04-29T00:00:00,DEN vs. PHX,W,24.651666666666667,2.9,5.8,5.8,17.5,4.4,2.9,11.7,35.0,0.0,0.0,4.4,0.0,43.7,1,1,1,1,874,482,148,137,82,356,298,1138,784,536,1,1307,1103,296,1,24:39
2022-23,201142,Kevin Durant,Kevin,1610612756,PHX,Phoenix Suns,0042200221,2023-04-29T00:00:00,PHX @ DEN,L,36.06666666666667,0.0,2.0,7.0,14.0,16.0,10.0,20.0,31.9,3.0,0.0,1.0,6.0,52.2,1,857,857,857,392,756,568,85,175,1325,947,1587,1005,101,1,465,176,118,1,36:04
2022-23,1627750,Jamal Murray,Jamal,1610612743,DEN,Denver Nuggets,0042200221,2023-04-29T00:00:00,DEN vs. PHX,W,36.81666666666667,2.0,0.0,4.9,3.9,5.9,9.8,17.6,48.9,0.0,1.0,2.0,4.9,55.2,1,1,1,1,361,640,687,198,940,450,922,1513,154,536,1297,713,296,83,1,36:49
2022-23,202704,Reggie Jackson,Reggie,1610612743,DEN,Denver Nuggets,0042200221,2023-04-29T00:00:00,DEN vs. PHX,W,3.216666666666667,0.0,0.0,0.0,0.0,0.0,22.4,56.0,44.8,0.0,0.0,0.0,0.0,0.0,1,1,1,1,1576,756,687,645,1176,1,1621,1718,283,536,1,1,1103,1601,1,3:13
2022-23,1629013,Landry Shamet,Landry,1610612756,PHX,Phoenix Suns,0042200221,2023-04-29T00:00:00,PHX @ DEN,L,13.986666666666666,0.0,0.0,0.0,0.0,20.6,12.9,18.0,36.0,0.0,0.0,5.1,2.6,9.0,1,857,857,857,1235,756,687,645,1176,1554,1226,1527,718,536,1,1435,689,1538,1,13:59
2022-23,1630192,Zeke Nnaji,Zeke,1610612743,DEN,Denver Nuggets,0042200221,2023-04-29T00:00:00,DEN vs. PHX,W,3.216666666666667,0.0,0.0,0.0,0.0,0.0,22.4,56.0,44.8,0.0,0.0,0.0,0.0,0.0,1,1,1,1,1576,756,687,645,1176,1,1621,1718,283,536,1,1,1103,1601,1,3:13
2022-23,1628470,Torrey Craig,Torrey,1610612756,PHX,Phoenix Suns,0042200221,2023-04-29T00:00:00,PHX @ DEN,L,23.983333333333334,0.0,0.0,0.0,0.0,13.5,15.0,15.0,36.0,0.0,0.0,4.5,0.0,14.0,1,857,857,857,898,756,687,645,1176,1127,1386,1401,719,536,1,1329,1103,1441,1,23:59
2022-23,1628427,Vlatko Čančar,Vlatko,1610612743,DEN,Denver Nuggets,0042200221,2023-04-29T00:00:00,DEN vs. PHX,W,3.216666666666667,0.0,0.0,0.0,0.0,0.0,22.4,56.0,44.8,0.0,0.0,0.0,0.0,13.4,1,1,1,1,1576,756,687,645,1176,1,1621,1718,283,536,1,1,1103,1452,1,3:13
2022-23,1630688,Ish Wainright,Ish,1610612756,PHX,Phoenix Suns,0042200221,2023-04-29T00:00:00,PHX @ DEN,L,5.15,0.0,0.0,0.0,0.0,0.0,14.0,0.0,28.0,0.0,0.0,0.0,0.0,21.0,1,857,857,857,1473,756,687,645,1176,1,1312,1,1240,536,1,1,1103,1222,1,5:09
2022-23,203999,Nikola Jokić,Nikola,1610612743,DEN,Denver Nuggets,0042200221,2023-04-29T00:00:00,DEN vs. PHX,W,32.91833333333334,0.0,8.7,4.4,17.5,7.7,10.9,7.7,39.4,0.0,1.1,1.1,8.7,56.1,1,1,1,1,517,756,54,240,84,605,1037,759,517,536,1353,498,55,76,1,32:55
2022-23,202687,Bismack Biyombo,Bismack,1610612756,PHX,Phoenix Suns,0042200221,2023-04-29T00:00:00,PHX @ DEN,L,6.331666666666667,0.0,0.0,0.0,0.0,17.1,17.1,11.4,22.7,0.0,0.0,11.4,0.0,-5.7,1,857,857,857,1447,756,687,645,1176,1397,1482,1122,1442,536,1,1682,1103,1719,1,6:20
2022-23,202397,Ish Smith,Ish,1610612743,DEN,Denver Nuggets,0042200221,2023-04-29T00:00:00,DEN vs. PHX,W,3.216666666666667,0.0,0.0,0.0,0.0,0.0,22.4,56.0,44.8,0.0,0.0,0.0,0.0,16.8,1,1,1,1,1576,756,687,645,1176,1,1621,1718,283,536,1,1,1103,1372,1,3:13
2022-23,1627814,Damion Lee,Damion,1610612756,PHX,Phoenix Suns,0042200221,2023-04-29T00:00:00,PHX @ DEN,L,12.233333333333333,0.0,0.0,8.8,0.0,8.8,5.9,5.9,47.1,0.0,2.9,0.0,0.0,16.8,1,857,857,857,1290,756,687,35,1176,702,534,578,209,536,1664,1,1103,1373,1,12:14
2022-23,201145,Jeff Green,Jeff,1610612743,DEN,Denver Nuggets,0042200221,2023-04-29T00:00:00,DEN vs. PHX,W,17.683333333333334,6.1,0.0,0.0,0.0,4.1,4.1,26.5,57.0,0.0,0.0,8.1,2.0,20.0,1,1,1,1,1118,152,687,645,1176,335,370,1667,70,536,1,1627,804,1263,1,17:41
2022-23,1626166,Cameron Payne,Cameron,1610612756,PHX,Phoenix Suns,0042200221,2023-04-29T00:00:00,PHX @ DEN,L,5.15,0.0,0.0,35.0,14.0,0.0,14.0,0.0,28.0,0.0,0.0,0.0,0.0,70.6,1,857,857,857,1473,756,687,2,174,1,1312,1,1240,536,1,1,1103,14,1,5:09
2022-23,1631212,Peyton Watson,Peyton,1610612743,DEN,Denver Nuggets,0042200221,2023-04-29T00:00:00,DEN vs. PHX,W,3.216666666666667,0.0,0.0,0.0,0.0,0.0,22.4,56.0,44.8,11.2,0.0,0.0,0.0,94.0,1,1,1,1,1576,756,687,645,1176,1,1621,1718,283,4,1,1,1103,6,1,3:13
2022-23,1629028,Deandre Ayton,Deandre,1610612756,PHX,Phoenix Suns,0042200221,2023-04-29T00:00:00,PHX @ DEN,L,30.351666666666667,2.4,4.7,0.0,16.6,16.6,10.7,17.8,35.6,0.0,0.0,4.7,3.6,26.0,1,857,857,857,628,576,223,645,99,1367,1006,1520,757,536,1,1372,507,1000,1,30:21
2022-23,1626164,Devin Booker,Devin,1610612756,PHX,Phoenix Suns,0042200221,2023-04-29T00:00:00,PHX @ DEN,L,40.1,2.7,1.8,5.4,18.0,13.5,10.8,18.0,37.7,1.8,0.0,0.9,6.3,44.7,1,857,857,857,182,519,619,164,76,1123,1017,1525,613,233,1,433,151,273,1,40:06
2022-23,203484,Kentavious Caldwell-Pope,Kentavious,1610612743,DEN,Denver Nuggets,0042200221,2023-04-29T00:00:00,DEN vs. PHX,W,28.098333333333333,5.1,0.0,0.0,0.0,6.4,10.2,12.8,48.7,0.0,0.0,2.6,2.6,25.5,1,1,1,1,735,223,687,645,1176,491,973,1249,163,536,1,857,692,1024,1,28:06
2022-23,101108,Chris Paul,Chris,1610612756,PHX,Phoenix Suns,0042200221,2023-04-29T00:00:00,PHX @ DEN,L,32.36666666666667,2.2,0.0,2.2,4.4,13.3,10.0,14.5,37.8,0.0,0.0,3.3,0.0,22.8,1,857,857,857,543,599,687,504,890,1117,949,1363,607,536,1,1097,1103,1139,1,32:22
2022-23,1629111,Jock Landale,Jock,1610612756,PHX,Phoenix Suns,0042200221,2023-04-29T00:00:00,PHX @ DEN,L,10.366666666666667,0.0,6.9,0.0,13.9,3.5,6.9,3.5,41.7,0.0,0.0,3.5,6.9,32.6,1,857,857,857,1353,756,98,645,178,309,656,412,397,536,1,1130,106,692,1,10:22
2022-23,203082,Terrence Ross,Terrence,1610612756,PHX,Phoenix Suns,0042200221,2023-04-29T00:00:00,PHX @ DEN,L,5.15,0.0,0.0,0.0,0.0,0.0,14.0,0.0,28.0,0.0,0.0,0.0,0.0,8.4,1,857,857,857,1473,756,687,645,1176,1,1312,1,1240,536,1,1,1103,1549,1,5:09
2022-23,1631128,Christian Braun,Christian,1610612743,DEN,Denver Nuggets,0042200221,2023-04-29T00:00:00,DEN vs. PHX,W,13.936666666666667,2.6,0.0,2.6,0.0,7.7,5.2,20.7,51.7,0.0,2.6,5.2,5.2,47.8,1,1,1,1,1238,535,687,456,1176,617,468,1598,108,536,1639,1439,262,193,1,13:56
2022-23,203932,Aaron Gordon,Aaron,1610612743,DEN,Denver Nuggets,0042200221,2023-04-29T00:00:00,DEN vs. PHX,W,38.965,5.5,1.8,3.7,9.2,4.6,7.4,14.8,44.3,0.0,0.9,1.8,0.9,29.7,1,1,1,1,244,190,606,312,434,373,695,1384,303,536,1252,675,1084,825,1,38:58
2022-23,1629006,Josh Okogie,Josh,1610612756,PHX,Phoenix Suns,0042200221,2023-04-29T00:00:00,PHX @ DEN,L,18.763333333333332,0.0,3.8,0.0,3.8,17.3,3.8,19.2,38.4,0.0,0.0,3.8,0.0,15.2,1,857,857,857,1091,756,300,645,951,1410,354,1565,573,536,1,1218,1103,1419,1,18:46
2022-23,1629002,Chimezie Metu,Chimezie,1610612758,SAC,Sacramento Kings,0042200166,2023-04-28T00:00:00,SAC @ GSW,W,0.46,0.0,0.0,0.0,0.0,0.0,0.0,0.0,0.0,0.0,0.0,0.0,0.0,0.0,1,1,1,1,1711,756,687,645,1176,1,1,1,1634,536,1,1,1103,1601,1,0:28
2022-23,1629060,Rui Hachimura,Rui,1610612747,LAL,Los Angeles Lakers,0042200156,2023-04-28T00:00:00,LAL vs. MEM,W,21.816666666666666,3.3,0.0,3.3,6.6,9.9,9.9,5.0,19.8,1.7,0.0,1.7,1.7,27.7,1,1,1,1,985,426,687,363,664,813,937,510,1516,267,1,609,908,904,1,21:49
2022-23,1631254,Kenneth Lofton Jr.,Kenneth,1610612763,MEM,Memphis Grizzlies,0042200156,2023-04-28T00:00:00,MEM @ LAL,L,9.616666666666667,0.0,3.7,7.5,15.0,11.2,7.5,29.9,7.5,0.0,0.0,0.0,3.7,37.8,1,857,857,857,1374,756,313,65,144,935,703,1684,1631,536,1,1,470,473,1,9:37
2022-23,1629117,Wenyen Gabriel,Wenyen,1610612747,LAL,Los Angeles Lakers,0042200156,2023-04-28T00:00:00,LAL vs. MEM,W,10.35,7.0,7.0,7.0,20.9,20.9,7.0,0.0,20.9,7.0,0.0,13.9,0.0,46.6,1,1,1,1,1354,109,97,86,41,1558,657,1,1494,17,1,1700,1103,223,1,10:21
2022-23,203076,Anthony Davis,Anthony,1610612747,LAL,Los Angeles Lakers,0042200156,2023-04-28T00:00:00,LAL vs. MEM,W,28.483333333333334,2.5,2.5,0.0,15.2,16.4,5.1,12.6,20.2,6.3,0.0,2.5,5.1,61.0,1,1,1,1,719,547,477,645,135,1348,460,1239,1509,23,1,845,275,46,1,28:29
2022-23,203084,Harrison Barnes,Harrison,1610612758,SAC,Sacramento Kings,0042200166,2023-04-28T00:00:00,SAC @ GSW,W,14.54,0.0,7.4,0.0,5.0,12.4,5.0,9.9,39.6,2.5,0.0,0.0,5.0,31.7,1,1,1,1,1218,756,80,645,837,1031,451,1002,495,147,1,1,286,734,1,14:32
2022-23,2544,LeBron James,LeBron,1610612747,LAL,Los Angeles Lakers,0042200156,2023-04-28T00:00:00,LAL vs. MEM,W,31.25,0.0,2.3,9.2,11.5,19.6,2.3,8.1,20.7,0.0,0.0,2.3,4.6,42.6,1,1,1,1,592,756,519,29,299,1519,275,802,1496,536,1,784,339,313,1,31:15
2022-23,1629630,Ja Morant,Ja,1610612763,MEM,Memphis Grizzlies,0042200156,2023-04-28T00:00:00,MEM @ LAL,L,33.86666666666667,6.4,0.0,2.1,2.1,14.9,19.1,14.9,46.8,0.0,3.2,2.1,4.3,34.0,1,857,857,857,475,137,687,524,1135,1237,1562,1392,217,536,1679,748,396,633,1,33:52
2022-23,1628964,Mo Bamba,Mo,1610612747,LAL,Los Angeles Lakers,0042200156,2023-04-28T00:00:00,LAL vs. MEM,W,9.166666666666666,0.0,0.0,0.0,0.0,0.0,11.8,15.7,39.3,3.9,0.0,0.0,0.0,31.8,1,1,1,1,1385,756,687,645,1176,1,1119,1436,520,53,1,1,1103,732,1,9:10
2022-23,1628370,Malik Monk,Malik,1610612758,SAC,Sacramento Kings,0042200166,2023-04-28T00:00:00,SAC @ GSW,W,31.89,6.8,2.3,5.6,11.3,15.8,6.8,5.6,22.6,2.3,1.1,3.4,5.6,53.5,1,1,1,1,565,115,524,145,307,1310,638,565,1447,163,1366,1105,205,101,1,31:53
2022-23,1627780,Gary Payton II,Gary,1610612744,GSW,Golden State Warriors,0042200166,2023-04-28T00:00:00,GSW vs. SAC,L,10.493333333333334,0.0,0.0,0.0,0.0,13.7,0.0,27.4,41.2,3.4,3.4,3.4,0.0,15.8,1,857,857,857,1347,756,687,645,1176,1146,1,1672,420,71,1689,1117,1103,1401,1,10:30
2022-23,1631099,Keegan Murray,Keegan,1610612758,SAC,Sacramento Kings,0042200166,2023-04-28T00:00:00,SAC @ GSW,W,45.075,3.2,0.0,4.8,1.6,12.0,6.4,7.2,28.8,0.8,0.8,1.6,2.4,27.5,1,1,1,1,19,441,687,210,1174,989,599,708,1186,530,1171,586,728,923,1,45:05
2022-23,1628368,De'Aaron Fox,De'Aaron,1610612758,SAC,Sacramento Kings,0042200166,2023-04-28T00:00:00,SAC @ GSW,W,36.91,0.0,2.0,0.0,15.6,16.6,5.9,6.8,31.2,1.0,1.0,2.0,3.9,53.0,1,1,1,1,357,756,577,645,115,1363,531,658,1037,431,1294,711,447,107,1,36:55
2022-23,1629673,Jordan Poole,Jordan,1610612744,GSW,Golden State Warriors,0042200166,2023-04-28T00:00:00,GSW vs. SAC,L,26.206666666666667,0.0,0.0,0.0,2.7,23.4,4.1,17.9,24.7,0.0,1.4,4.1,6.9,18.5,1,857,857,857,807,756,687,645,1076,1605,372,1521,1382,536,1438,1267,113,1323,1,26:12
2022-23,1630541,Moses Moody,Moses,1610612744,GSW,Golden State Warriors,0042200166,2023-04-28T00:00:00,GSW vs. SAC,L,16.233333333333334,8.9,0.0,0.0,8.9,20.0,8.9,4.4,31.0,0.0,0.0,2.2,2.2,45.9,1,857,857,857,1162,57,687,645,460,1530,829,469,1047,536,1,769,767,239,1,16:14
2022-23,1629056,Terence Davis,Terence,1610612758,SAC,Sacramento Kings,0042200166,2023-04-28T00:00:00,SAC @ GSW,W,19.4,7.4,0.0,9.3,3.7,20.4,7.4,5.6,26.0,0.0,0.0,11.1,1.9,26.7,1,1,1,1,1069,92,687,28,966,1546,700,554,1335,536,1,1679,852,961,1,19:24
2022-23,203110,Draymond Green,Draymond,1610612744,GSW,Golden State Warriors,0042200166,2023-04-28T00:00:00,GSW vs. SAC,L,25.741666666666667,2.8,0.0,0.0,2.8,14.0,22.4,7.0,36.4,2.8,0.0,7.0,2.8,44.5,1,857,857,857,830,502,687,645,1068,1167,1620,681,701,114,1,1588,638,279,1,25:45
2022-23,1626145,Tyus Jones,Tyus,1610612763,MEM,Memphis Grizzlies,0042200156,2023-04-28T00:00:00,MEM @ LAL,L,18.016666666666666,0.0,0.0,0.0,0.0,20.0,8.0,18.0,59.9,0.0,0.0,0.0,2.0,44.6,1,857,857,857,1111,756,687,645,1176,1531,747,1526,54,536,1,1,815,278,1,18:01
2022-23,1630228,Jonathan Kuminga,Jonathan,1610612744,GSW,Golden State Warriors,0042200166,2023-04-28T00:00:00,GSW vs. SAC,L,3.75,0.0,0.0,0.0,0.0,0.0,0.0,0.0,0.0,0.0,0.0,0.0,0.0,1.9,1,857,857,857,1541,756,687,645,1176,1,1,1,1634,536,1,1,1103,1595,1,3:45
2022-23,1628989,Kevin Huerter,Kevin,1610612758,SAC,Sacramento Kings,0042200166,2023-04-28T00:00:00,SAC @ GSW,W,29.441666666666666,3.7,7.3,0.0,0.0,7.3,4.9,7.3,26.9,2.4,0.0,6.1,4.9,22.3,1,1,1,1,682,376,83,645,1176,577,448,728,1294,150,1,1528,295,1162,1,29:27
2022-23,1630556,Kessler Edwards,Kessler,1610612758,SAC,Sacramento Kings,0042200166,2023-04-28T00:00:00,SAC @ GSW,W,0.51,0.0,0.0,0.0,0.0,0.0,0.0,0.0,0.0,0.0,0.0,0.0,0.0,0.0,1,1,1,1,1702,756,687,645,1176,1,1,1,1634,536,1,1,1103,1601,1,0:31
2022-23,1630217,Desmond Bane,Desmond,1610612763,MEM,Memphis Grizzlies,0042200156,2023-04-28T00:00:00,MEM @ LAL,L,37.18333333333333,5.8,1.9,4.8,3.9,13.6,17.4,15.5,46.5,0.0,3.9,1.9,1.9,24.2,1,857,857,857,341,171,582,206,943,1131,1495,1429,224,536,1705,707,833,1082,1,37:11
2022-23,201939,Stephen Curry,Stephen,1610612744,GSW,Golden State Warriors,0042200166,2023-04-28T00:00:00,GSW vs. SAC,L,36.291666666666664,3.0,0.0,1.0,4.0,19.8,17.9,11.9,41.7,1.0,0.0,2.0,6.0,44.9,1,857,857,857,383,469,687,638,930,1526,1509,1160,398,423,1,720,181,266,1,36:18
2022-23,1628408,PJ Dozier,PJ,1610612758,SAC,Sacramento Kings,0042200166,2023-04-28T00:00:00,SAC @ GSW,W,0.46,0.0,0.0,0.0,0.0,0.0,0.0,0.0,0.0,0.0,0.0,0.0,0.0,0.0,1,1,1,1,1711,756,687,645,1176,1,1,1,1634,536,1,1,1103,1601,1,0:28
2022-23,203471,Dennis Schröder,Dennis,1610612747,LAL,Los Angeles Lakers,0042200156,2023-04-28T00:00:00,LAL vs. MEM,W,23.266666666666666,3.1,0.0,0.0,0.0,9.3,9.3,0.0,21.7,0.0,0.0,4.6,0.0,31.4,1,1,1,1,930,454,687,645,1176,748,871,1,1467,536,1,1351,1103,752,1,23:16
2022-23,203458,Alex Len,Alex,1610612758,SAC,Sacramento Kings,0042200166,2023-04-28T00:00:00,SAC @ GSW,W,0.46,0.0,0.0,0.0,0.0,0.0,0.0,0.0,0.0,0.0,0.0,0.0,0.0,0.0,1,1,1,1,1711,756,687,645,1176,1,1,1,1634,536,1,1,1103,1601,1,0:28
2022-23,1631223,David Roddy,David,1610612763,MEM,Memphis Grizzlies,0042200156,2023-04-28T00:00:00,MEM @ LAL,L,11.65,0.0,0.0,0.0,0.0,9.3,12.4,24.7,18.5,3.1,3.1,0.0,0.0,45.4,1,857,857,857,1318,756,687,645,1176,746,1177,1655,1551,92,1675,1,1103,255,1,11:39
2022-23,1628415,Dillon Brooks,Dillon,1610612763,MEM,Memphis Grizzlies,0042200156,2023-04-28T00:00:00,MEM @ LAL,L,26.1,4.1,0.0,4.1,5.5,11.0,19.3,15.2,38.6,0.0,1.4,1.4,0.0,23.2,1,857,857,857,814,327,687,268,769,917,1566,1408,563,536,1440,553,1103,1123,1,26:06
2022-23,1630214,Xavier Tillman,Xavier,1610612763,MEM,Memphis Grizzlies,0042200156,2023-04-28T00:00:00,MEM @ LAL,L,17.766666666666666,0.0,4.1,0.0,4.1,10.1,12.2,18.2,36.5,2.0,4.1,10.1,2.0,29.8,1,857,857,857,1116,756,275,645,924,833,1152,1540,687,186,1711,1670,807,819,1,17:46
2022-23,1627734,Domantas Sabonis,Domantas,1610612758,SAC,Sacramento Kings,0042200166,2023-04-28T00:00:00,SAC @ GSW,W,23.015,4.7,3.1,0.0,6.3,4.7,6.3,9.4,31.3,1.6,4.7,9.4,3.1,42.5,1,1,1,1,945,266,392,645,690,378,588,944,1033,286,1717,1659,564,317,1,23:01
2022-23,1629020,Jarred Vanderbilt,Jarred,1610612747,LAL,Los Angeles Lakers,0042200156,2023-04-28T00:00:00,LAL vs. MEM,W,15.283333333333333,0.0,7.1,0.0,0.0,30.6,0.0,23.6,18.8,4.7,0.0,2.4,4.7,54.4,1,1,1,1,1193,756,94,645,1176,1682,1,1642,1545,41,1,797,321,93,1,15:17
2022-23,1631108,Max Christie,Max,1610612747,LAL,Los Angeles Lakers,0042200156,2023-04-28T00:00:00,LAL vs. MEM,W,9.166666666666666,0.0,0.0,0.0,0.0,0.0,11.8,15.7,39.3,3.9,0.0,0.0,0.0,45.6,1,1,1,1,1385,756,687,645,1176,1,1119,1436,520,53,1,1,1103,250,1,9:10
2022-23,1629022,Lonnie Walker IV,Lonnie,1610612747,LAL,Los Angeles Lakers,0042200156,2023-04-28T00:00:00,LAL vs. MEM,W,9.166666666666666,11.8,0.0,11.8,0.0,0.0,11.8,15.7,39.3,0.0,0.0,0.0,0.0,42.0,1,1,1,1,1385,28,687,15,1176,1,1119,1436,520,536,1,1,1103,338,1,9:10
2022-23,1626168,Trey Lyles,Trey,1610612758,SAC,Sacramento Kings,0042200166,2023-04-28T00:00:00,SAC @ GSW,W,26.698333333333334,0.0,4.0,2.7,8.1,18.9,5.4,4.0,21.6,0.0,0.0,2.7,1.3,37.5,1,1,1,1,793,756,276,439,530,1492,488,447,1471,536,1,913,977,486,1,26:42
2022-23,1626156,D'Angelo Russell,D'Angelo,1610612747,LAL,Los Angeles Lakers,0042200156,2023-04-28T00:00:00,LAL vs. MEM,W,30.05,6.0,7.2,2.4,12.0,18.0,7.2,12.0,19.2,1.2,0.0,0.0,4.8,50.8,1,1,1,1,644,165,90,481,278,1440,675,1165,1538,362,1,1,312,142,1,30:03
2022-23,1628972,Troy Brown Jr.,Troy,1610612747,LAL,Los Angeles Lakers,0042200156,2023-04-28T00:00:00,LAL vs. MEM,W,9.166666666666666,0.0,0.0,0.0,0.0,0.0,11.8,15.7,39.3,0.0,0.0,0.0,0.0,25.9,1,1,1,1,1385,756,687,645,1176,1,1119,1436,520,536,1,1,1103,1003,1,9:10
2022-23,1628991,Jaren Jackson Jr.,Jaren,1610612763,MEM,Memphis Grizzlies,0042200156,2023-04-28T00:00:00,MEM @ LAL,L,31.766666666666666,2.3,0.0,0.0,4.5,15.9,18.1,12.5,40.8,0.0,2.3,5.7,4.5,23.0,1,857,857,857,569,592,687,645,881,1316,1522,1213,436,536,1609,1495,347,1133,1,31:46
2022-23,1626172,Kevon Looney,Kevon,1610612744,GSW,Golden State Warriors,0042200166,2023-04-28T00:00:00,GSW vs. SAC,L,27.415,0.0,7.9,0.0,7.9,21.0,18.4,17.1,34.1,0.0,2.6,1.3,3.9,36.9,1,857,857,857,763,756,66,645,551,1561,1543,1497,842,536,1642,543,442,506,1,27:25
2022-23,1630237,Anthony Lamb,Anthony,1610612744,GSW,Golden State Warriors,0042200166,2023-04-28T00:00:00,GSW vs. SAC,L,3.75,0.0,0.0,0.0,0.0,0.0,0.0,0.0,0.0,0.0,0.0,0.0,0.0,42.2,1,857,857,857,1541,756,687,645,1176,1,1,1,1634,536,1,1,1103,331,1,3:45
2022-23,1630559,Austin Reaves,Austin,1610612747,LAL,Los Angeles Lakers,0042200156,2023-04-28T00:00:00,LAL vs. MEM,W,33.666666666666664,3.2,3.2,2.1,8.6,20.3,4.3,10.7,21.4,2.1,1.1,2.1,0.0,36.6,1,1,1,1,486,440,385,521,496,1541,382,1062,1480,174,1339,753,1103,523,1,33:40
2022-23,1627736,Malik Beasley,Malik,1610612747,LAL,Los Angeles Lakers,0042200156,2023-04-28T00:00:00,LAL vs. MEM,W,9.166666666666666,0.0,7.9,19.6,7.9,0.0,11.8,15.7,39.3,0.0,3.9,3.9,7.9,56.6,1,1,1,1,1385,756,67,4,553,1,1119,1436,520,536,1709,1239,77,71,1,9:10
2022-23,1629723,John Konchar,John,1610612763,MEM,Memphis Grizzlies,0042200156,2023-04-28T00:00:00,MEM @ LAL,L,14.966666666666667,4.8,0.0,0.0,4.8,16.8,4.8,24.1,24.1,0.0,0.0,2.4,0.0,8.9,1,857,857,857,1203,255,687,645,855,1377,438,1647,1405,536,1,810,1103,1542,1,14:58
2022-23,1630533,Ziaire Williams,Ziaire,1610612763,MEM,Memphis Grizzlies,0042200156,2023-04-28T00:00:00,MEM @ LAL,L,9.7,0.0,0.0,7.4,7.4,11.1,7.4,29.7,7.4,0.0,3.7,3.7,3.7,33.0,1,857,857,857,1371,756,687,71,583,928,700,1681,1632,536,1698,1195,476,673,1,9:42
2022-23,1630558,Davion Mitchell,Davion,1610612758,SAC,Sacramento Kings,0042200166,2023-04-28T00:00:00,SAC @ GSW,W,11.14,9.7,0.0,0.0,6.5,0.0,6.5,6.5,12.9,0.0,0.0,0.0,3.2,56.9,1,1,1,1,1333,45,687,645,678,1,605,627,1616,536,1,1,552,64,1,11:08
2022-23,203210,JaMychal Green,JaMychal,1610612744,GSW,Golden State Warriors,0042200166,2023-04-28T00:00:00,GSW vs. SAC,L,3.8,0.0,0.0,0.0,0.0,0.0,0.0,0.0,0.0,0.0,0.0,0.0,0.0,11.4,1,857,857,857,1539,756,687,645,1176,1,1,1,1634,536,1,1,1103,1501,1,3:48
2022-23,203952,Andrew Wiggins,Andrew,1610612744,GSW,Golden State Warriors,0042200166,2023-04-28T00:00:00,GSW vs. SAC,L,33.11666666666667,2.2,2.2,2.2,10.9,15.2,14.1,14.1,30.4,2.2,1.1,4.3,4.3,36.3,1,857,857,857,505,606,538,516,331,1262,1329,1341,1081,168,1350,1301,378,529,1,33:07
2022-23,202691,Klay Thompson,Klay,1610612744,GSW,Golden State Warriors,0042200166,2023-04-28T00:00:00,GSW vs. SAC,L,35.05,0.0,0.0,4.1,8.2,19.5,16.4,16.4,37.0,0.0,2.1,3.1,2.1,22.0,1,857,857,857,438,756,687,270,522,1517,1455,1470,653,536,1584,1048,798,1178,1,35:03
2022-23,1628978,Donte DiVincenzo,Donte,1610612744,GSW,Golden State Warriors,0042200166,2023-04-28T00:00:00,GSW vs. SAC,L,18.151666666666667,11.9,0.0,4.0,0.0,11.9,11.9,15.9,35.7,0.0,2.0,5.9,5.9,33.3,1,857,857,857,1107,27,687,285,1176,985,1135,1447,746,536,1571,1516,182,663,1,18:09
2022-23,1630583,Santi Aldama,Santi,1610612763,MEM,Memphis Grizzlies,0042200156,2023-04-28T00:00:00,MEM @ LAL,L,29.366666666666667,0.0,4.9,0.0,9.8,17.2,17.2,19.6,44.1,0.0,1.2,0.0,2.5,25.7,1,857,857,857,685,756,207,645,392,1404,1484,1579,316,536,1404,1,716,1012,1,29:22
2022-23,1627749,Dejounte Murray,Dejounte,1610612737,ATL,Atlanta Hawks,0042200116,2023-04-27T00:00:00,ATL vs. BOS,L,37.53333333333333,0.0,4.8,0.0,5.8,3.8,10.6,15.3,34.5,0.0,1.0,1.0,1.9,39.2,1,857,857,857,322,756,220,645,744,326,998,1418,823,536,1281,454,840,427,1,37:32
2022-23,1630168,Onyeka Okongwu,Onyeka,1610612737,ATL,Atlanta Hawks,0042200116,2023-04-27T00:00:00,ATL vs. BOS,L,19.583333333333332,0.0,7.4,0.0,11.0,7.4,11.0,7.4,55.1,3.7,1.8,3.7,3.7,50.0,1,857,857,857,1064,756,82,645,318,580,1046,730,82,60,1550,1185,485,150,1,19:35
2022-23,1630552,Jalen Johnson,Jalen,1610612737,ATL,Atlanta Hawks,0042200116,2023-04-27T00:00:00,ATL vs. BOS,L,4.883333333333334,0.0,0.0,14.7,14.7,0.0,0.0,0.0,29.5,0.0,0.0,0.0,0.0,36.9,1,857,857,857,1484,756,687,11,152,1,1,1,1142,536,1,1,1103,511,1,4:53
2022-23,1630573,Sam Hauser,Sam,1610612738,BOS,Boston Celtics,0042200116,2023-04-27T00:00:00,BOS @ ATL,W,4.35,0.0,0.0,0.0,0.0,41.4,33.1,0.0,16.6,0.0,0.0,8.3,0.0,24.8,1,1,1,1,1505,756,687,645,1176,1711,1695,1,1594,536,1,1630,1103,1053,1,4:21
2022-23,1629684,Grant Williams,Grant,1610612738,BOS,Boston Celtics,0042200116,2023-04-27T00:00:00,BOS @ ATL,W,17.373333333333335,0.0,0.0,0.0,0.0,12.4,18.6,0.0,41.4,0.0,2.1,2.1,2.1,18.4,1,1,1,1,1131,756,687,645,1176,1038,1551,1,410,536,1587,739,794,1329,1,17:22
2022-23,1629057,Robert Williams III,Robert,1610612738,BOS,Boston Celtics,0042200116,2023-04-27T00:00:00,BOS @ ATL,W,16.583333333333332,0.0,0.0,0.0,8.7,13.0,17.4,4.3,47.8,6.5,0.0,4.3,0.0,54.7,1,1,1,1,1150,756,687,645,479,1086,1493,460,184,22,1,1299,1103,90,1,16:35
2022-23,1629631,De'Andre Hunter,De'Andre,1610612737,ATL,Atlanta Hawks,0042200116,2023-04-27T00:00:00,ATL vs. BOS,L,38.65,0.0,6.5,0.0,5.6,5.6,16.8,16.8,39.1,0.9,1.9,3.7,0.9,31.4,1,857,857,857,266,756,117,645,763,432,1472,1484,533,451,1556,1198,1081,754,1,38:39
2022-23,203991,Clint Capela,Clint,1610612737,ATL,Atlanta Hawks,0042200116,2023-04-27T00:00:00,ATL vs. BOS,L,27.733333333333334,2.6,5.2,0.0,13.0,2.6,15.6,18.2,31.2,0.0,1.3,1.3,1.3,32.5,1,857,857,857,752,531,182,645,215,272,1423,1536,1040,536,1423,541,992,703,1,27:44
2022-23,201143,Al Horford,Al,1610612738,BOS,Boston Celtics,0042200116,2023-04-27T00:00:00,BOS @ ATL,W,29.906666666666666,0.0,2.4,0.0,4.8,6.0,16.9,4.8,33.7,3.6,0.0,4.8,0.0,54.7,1,1,1,1,656,756,502,645,853,458,1477,498,875,63,1,1384,1103,91,1,29:54
2022-23,1628381,John Collins,John,1610612737,ATL,Atlanta Hawks,0042200116,2023-04-27T00:00:00,ATL vs. BOS,L,29.35,0.0,0.0,0.0,4.9,7.4,17.2,13.5,39.3,2.5,1.2,2.5,2.5,34.1,1,857,857,857,688,756,687,645,839,581,1486,1301,526,149,1405,825,715,628,1,29:21
2022-23,1627759,Jaylen Brown,Jaylen,1610612738,BOS,Boston Celtics,0042200116,2023-04-27T00:00:00,BOS @ ATL,W,39.583333333333336,0.0,5.5,5.5,12.7,7.3,16.4,3.6,38.2,0.9,3.6,2.7,0.9,38.2,1,1,1,1,210,756,166,158,234,569,1453,423,583,473,1695,922,1087,464,1,39:35
2022-23,1630180,Saddiq Bey,Saddiq,1610612737,ATL,Atlanta Hawks,0042200116,2023-04-27T00:00:00,ATL vs. BOS,L,22.283333333333335,0.0,3.2,0.0,3.2,6.5,6.5,11.3,45.2,0.0,1.6,1.6,1.6,26.3,1,857,857,857,963,756,383,645,1028,495,604,1113,267,536,1488,592,921,980,1,22:17
2022-23,203935,Marcus Smart,Marcus,1610612738,BOS,Boston Celtics,0042200116,2023-04-27T00:00:00,BOS @ ATL,W,32.55,4.4,6.6,5.5,8.8,8.8,19.9,2.2,31.0,0.0,0.0,0.0,4.4,37.4,1,1,1,1,536,292,110,154,464,708,1580,342,1054,536,1,1,361,491,1,32:33
2022-23,1630202,Payton Pritchard,Payton,1610612738,BOS,Boston Celtics,0042200116,2023-04-27T00:00:00,BOS @ ATL,W,0.043333333333333335,0.0,0.0,0.0,0.0,0.0,0.0,0.0,0.0,0.0,0.0,0.0,0.0,0.0,1,1,1,1,1728,756,687,645,1176,1,1,1,1634,536,1,1,1103,1601,1,0:03
2022-23,1628401,Derrick White,Derrick,1610612738,BOS,Boston Celtics,0042200116,2023-04-27T00:00:00,BOS @ ATL,W,29.76,0.0,2.4,0.0,4.8,8.5,18.1,4.8,41.1,1.2,0.0,3.6,0.0,17.4,1,1,1,1,663,756,500,645,849,657,1523,502,422,355,1,1167,1103,1351,1,29:46
2022-23,203992,Bogdan Bogdanović,Bogdan,1610612737,ATL,Atlanta Hawks,0042200116,2023-04-27T00:00:00,ATL vs. BOS,L,19.666666666666668,7.3,0.0,0.0,14.6,11.0,12.8,3.7,51.3,0.0,0.0,1.8,1.8,24.7,1,857,857,857,1061,96,687,645,156,913,1216,425,117,536,1,668,860,1062,1,19:40
2022-23,1628369,Jayson Tatum,Jayson,1610612738,BOS,Boston Celtics,0042200116,2023-04-27T00:00:00,BOS @ ATL,W,39.86666666666667,1.8,1.8,3.6,10.8,9.0,19.9,1.8,32.5,1.8,0.9,0.9,5.4,59.9,1,1,1,1,198,679,614,318,333,722,1578,325,950,230,1232,437,227,52,1,39:52
2022-23,1629027,Trae Young,Trae,1610612737,ATL,Atlanta Hawks,0042200116,2023-04-27T00:00:00,ATL vs. BOS,L,40.31666666666667,6.3,1.8,1.8,5.4,7.1,16.1,16.1,41.1,1.8,2.7,2.7,5.4,47.0,1,857,857,857,176,141,621,585,788,555,1444,1454,423,237,1645,904,234,213,1,40:19
2022-23,1627763,Malcolm Brogdon,Malcolm,1610612738,BOS,Boston Celtics,0042200116,2023-04-27T00:00:00,BOS @ ATL,W,29.983333333333334,2.4,0.0,3.6,9.6,12.0,14.4,2.4,45.6,0.0,1.2,1.2,3.6,30.5,1,1,1,1,649,571,687,322,411,991,1348,347,255,536,1392,526,499,794,1,29:59
2022-23,1630541,Moses Moody,Moses,1610612744,GSW,Golden State Warriors,0042200165,2023-04-26T00:00:00,GSW @ SAC,W,4.483333333333333,0.0,0.0,0.0,0.0,0.0,0.0,24.1,0.0,8.0,0.0,0.0,8.0,52.2,1,1,1,1,1502,756,687,645,1176,1,1,1648,1634,13,1,1,72,119,1,4:29
2022-23,200768,Kyle Lowry,Kyle,1610612748,MIA,Miami Heat,0042200105,2023-04-26T00:00:00,MIA @ MIL,W,18.208333333333332,9.9,0.0,0.0,4.0,9.9,4.0,2.0,27.7,0.0,0.0,11.9,0.0,26.1,1,1,1,1,1104,42,687,645,934,808,364,337,1263,536,1,1688,1103,994,1,18:13
2022-23,1628972,Troy Brown Jr.,Troy,1610612747,LAL,Los Angeles Lakers,0042200155,2023-04-26T00:00:00,LAL @ MEM,L,11.683333333333334,0.0,0.0,0.0,0.0,6.2,15.4,21.6,43.1,0.0,0.0,0.0,0.0,19.4,1,857,857,857,1316,756,687,645,1176,474,1417,1612,350,536,1,1,1103,1285,1,11:41
2022-23,203110,Draymond Green,Draymond,1610612744,GSW,Golden State Warriors,0042200165,2023-04-26T00:00:00,GSW @ SAC,W,31.75,4.5,2.3,0.0,13.6,9.1,14.7,11.3,34.0,1.1,0.0,4.5,7.9,54.8,1,1,1,1,570,281,523,645,188,727,1368,1117,853,381,1,1332,74,86,1,31:45
2022-23,203507,Giannis Antetokounmpo,Giannis,1610612749,MIL,Milwaukee Bucks,0042200105,2023-04-26T00:00:00,MIL vs. MIA,L,42.15833333333333,4.3,5.1,3.4,22.2,16.2,15.4,3.4,37.6,0.0,0.9,3.4,12.0,50.8,1,857,857,857,84,312,188,348,32,1337,1412,406,623,536,1194,1112,10,141,1,42:10
2022-23,1629060,Rui Hachimura,Rui,1610612747,LAL,Los Angeles Lakers,0042200155,2023-04-26T00:00:00,LAL @ MEM,L,21.183333333333334,0.0,0.0,3.4,6.8,0.0,15.3,11.9,47.6,0.0,0.0,5.1,1.7,19.4,1,857,857,857,1012,756,687,350,648,1,1408,1159,189,536,1,1431,896,1288,1,21:11
2022-23,1629020,Jarred Vanderbilt,Jarred,1610612747,LAL,Los Angeles Lakers,0042200155,2023-04-26T00:00:00,LAL @ MEM,L,17.783333333333335,4.0,0.0,8.1,12.1,12.1,16.2,12.1,36.4,0.0,0.0,8.1,2.0,26.1,1,857,857,857,1115,331,687,50,261,1008,1447,1185,692,536,1,1625,808,992,1,17:47
2022-23,1629216,Gabe Vincent,Gabe,1610612748,MIA,Miami Heat,0042200105,2023-04-26T00:00:00,MIA @ MIL,W,41.38333333333333,0.0,0.0,0.0,3.5,9.6,9.6,7.8,29.6,0.0,0.0,3.5,0.9,26.1,1,1,1,1,128,756,687,645,1000,775,893,777,1137,536,1,1132,1096,995,1,41:23
2022-23,1629117,Wenyen Gabriel,Wenyen,1610612747,LAL,Los Angeles Lakers,0042200155,2023-04-26T00:00:00,LAL @ MEM,L,8.033333333333333,0.0,0.0,0.0,9.0,9.0,0.0,26.9,62.7,0.0,0.0,4.5,4.5,51.1,1,857,857,857,1420,756,687,645,454,717,1,1670,43,536,1,1325,351,135,1,8:02
2022-23,1629630,Ja Morant,Ja,1610612763,MEM,Memphis Grizzlies,0042200155,2023-04-26T00:00:00,MEM vs. LAL,W,37.55,5.8,1.9,5.8,21.1,9.6,11.5,18.2,42.2,0.0,0.0,1.9,8.6,52.3,1,1,1,1,319,176,587,140,38,779,1088,1538,380,536,1,702,60,117,1,37:33
2022-23,1628960,Grayson Allen,Grayson,1610612749,MIL,Milwaukee Bucks,0042200105,2023-04-26T00:00:00,MIL vs. MIA,L,26.381666666666668,5.5,0.0,4.1,0.0,12.3,6.8,9.6,21.8,0.0,2.7,4.1,1.4,23.6,1,857,857,857,803,196,687,272,1176,1021,641,963,1463,536,1652,1262,974,1106,1,26:23
2022-23,1630583,Santi Aldama,Santi,1610612763,MEM,Memphis Grizzlies,0042200155,2023-04-26T00:00:00,MEM vs. LAL,W,13.883333333333333,0.0,10.4,5.2,10.4,0.0,7.8,5.2,15.6,0.0,0.0,2.6,0.0,53.2,1,1,1,1,1241,756,36,178,359,1,730,530,1603,536,1,878,1103,106,1,13:53
2022-23,1628978,Donte DiVincenzo,Donte,1610612744,GSW,Golden State Warriors,0042200165,2023-04-26T00:00:00,GSW @ SAC,W,17.22,0.0,0.0,0.0,4.2,4.2,23.0,16.7,33.4,2.1,0.0,4.2,0.0,26.1,1,1,1,1,1133,756,687,645,915,343,1637,1482,892,178,1,1280,1103,991,1,17:13
2022-23,1631223,David Roddy,David,1610612763,MEM,Memphis Grizzlies,0042200155,2023-04-26T00:00:00,MEM vs. LAL,W,1.4,0.0,0.0,0.0,0.0,0.0,0.0,0.0,0.0,0.0,0.0,0.0,0.0,0.0,1,1,1,1,1648,756,687,645,1176,1,1,1,1634,536,1,1,1103,1601,1,1:24
2022-23,203109,Jae Crowder,Jae,1610612749,MIL,Milwaukee Bucks,0042200105,2023-04-26T00:00:00,MIL vs. MIA,L,0.30833333333333335,0.0,0.0,0.0,0.0,0.0,0.0,0.0,0.0,0.0,0.0,0.0,0.0,0.0,1,857,857,857,1718,756,687,645,1176,1,1,1,1634,536,1,1,1103,1601,1,0:19
2022-23,1629673,Jordan Poole,Jordan,1610612744,GSW,Golden State Warriors,0042200165,2023-04-26T00:00:00,GSW @ SAC,W,23.266666666666666,0.0,0.0,3.1,9.3,9.3,6.2,13.9,43.3,1.5,4.6,1.5,4.6,48.9,1,1,1,1,930,756,687,390,429,748,582,1332,338,289,1716,581,330,171,1,23:16
2022-23,202710,Jimmy Butler III,Jimmy,1610612748,MIA,Miami Heat,0042200105,2023-04-26T00:00:00,MIA @ MIL,W,46.083333333333336,7.0,3.1,5.5,18.7,10.9,10.2,6.2,35.9,0.8,0.8,1.6,6.2,48.1,1,1,1,1,11,107,394,156,56,909,960,612,731,533,1166,583,153,186,1,46:05
2022-23,1631254,Kenneth Lofton Jr.,Kenneth,1610612763,MEM,Memphis Grizzlies,0042200155,2023-04-26T00:00:00,MEM vs. LAL,W,1.4,0.0,0.0,0.0,51.4,0.0,0.0,0.0,0.0,0.0,0.0,0.0,0.0,51.4,1,1,1,1,1648,756,687,645,4,1,1,1,1634,536,1,1,1103,130,1,1:24
2022-23,1627780,Gary Payton II,Gary,1610612744,GSW,Golden State Warriors,0042200165,2023-04-26T00:00:00,GSW @ SAC,W,15.62,0.0,9.2,0.0,18.4,16.1,6.9,6.9,36.9,0.0,0.0,2.3,0.0,48.9,1,1,1,1,1183,756,47,645,63,1334,652,667,662,536,1,785,1103,173,1,15:37
2022-23,1630556,Kessler Edwards,Kessler,1610612758,SAC,Sacramento Kings,0042200165,2023-04-26T00:00:00,SAC vs. GSW,L,0.11666666666666667,0.0,0.0,0.0,0.0,0.0,0.0,0.0,0.0,0.0,0.0,0.0,0.0,0.0,1,857,857,857,1725,756,687,645,1176,1,1,1,1634,536,1,1,1103,1601,1,0:07
2022-23,1628389,Bam Adebayo,Bam,1610612748,MIA,Miami Heat,0042200105,2023-04-26T00:00:00,MIA @ MIL,W,39.58833333333333,5.5,5.5,1.8,12.7,8.2,9.1,8.2,30.9,0.9,0.0,5.5,3.6,48.2,1,1,1,1,209,197,167,578,235,638,849,821,1059,474,1,1473,492,185,1,39:35
2022-23,1629011,Mitchell Robinson,Mitchell,1610612752,NYK,New York Knicks,0042200135,2023-04-26T00:00:00,NYK @ CLE,W,36.215,3.0,10.9,0.0,11.9,10.9,3.0,6.0,27.8,3.0,0.0,4.0,3.0,49.8,1,1,1,1,386,468,28,645,282,908,302,585,1253,102,1,1246,599,154,1,36:13
2022-23,1627734,Domantas Sabonis,Domantas,1610612758,SAC,Sacramento Kings,0042200165,2023-04-26T00:00:00,SAC vs. GSW,L,36.3,4.0,4.0,0.0,13.9,14.9,12.9,7.9,45.6,1.0,1.0,5.0,4.0,45.6,1,857,857,857,380,340,288,645,179,1236,1229,785,257,424,1302,1411,439,245,1,36:18
2022-23,1628368,De'Aaron Fox,De'Aaron,1610612758,SAC,Sacramento Kings,0042200165,2023-04-26T00:00:00,SAC vs. GSW,L,41.723333333333336,0.0,3.5,2.6,8.6,12.1,12.9,7.8,43.1,0.9,1.7,2.6,2.6,42.2,1,857,857,857,108,756,349,454,492,999,1237,771,349,505,1519,875,687,334,1,41:43
2022-23,1628392,Isaiah Hartenstein,Isaiah,1610612752,NYK,New York Knicks,0042200135,2023-04-26T00:00:00,NYK @ CLE,W,11.785,0.0,0.0,0.0,0.0,6.1,0.0,6.1,18.3,3.1,0.0,3.1,3.1,28.7,1,1,1,1,1311,756,687,645,1176,467,1,598,1559,93,1,1038,580,862,1,11:47
2022-23,1627885,Shaquille Harrison,Shaquille,1610612747,LAL,Los Angeles Lakers,0042200155,2023-04-26T00:00:00,LAL @ MEM,L,1.9666666666666666,0.0,0.0,0.0,0.0,0.0,0.0,36.6,73.2,0.0,18.3,0.0,0.0,76.9,1,857,857,857,1641,756,687,645,1176,1,1,1702,12,536,1727,1,1103,12,1,1:58
2022-23,1630540,Miles McBride,Miles,1610612752,NYK,New York Knicks,0042200135,2023-04-26T00:00:00,NYK @ CLE,W,0.245,0.0,0.0,0.0,0.0,0.0,0.0,0.0,0.0,0.0,0.0,0.0,0.0,0.0,1,1,1,1,1719,756,687,645,1176,1,1,1,1634,536,1,1,1103,1601,1,0:15
2022-23,1626168,Trey Lyles,Trey,1610612758,SAC,Sacramento Kings,0042200165,2023-04-26T00:00:00,SAC vs. GSW,L,13.05,0.0,0.0,0.0,5.5,16.6,13.8,5.5,38.6,0.0,0.0,2.8,5.5,34.5,1,857,857,857,1264,756,687,645,769,1361,1299,550,563,536,1,934,221,610,1,13:03
2022-23,1628378,Donovan Mitchell,Donovan,1610612739,CLE,Cleveland Cavaliers,0042200135,2023-04-26T00:00:00,CLE vs. NYK,L,44.083333333333336,4.9,0.0,1.6,9.8,7.3,14.7,16.3,32.7,0.8,1.6,1.6,1.6,40.8,1,857,857,857,35,242,687,621,393,578,1365,1465,940,527,1494,600,914,376,1,44:05
2022-23,1628386,Jarrett Allen,Jarrett,1610612739,CLE,Cleveland Cavaliers,0042200135,2023-04-26T00:00:00,CLE vs. NYK,L,35.93333333333333,0.0,0.0,0.0,4.0,8.0,18.0,12.0,34.1,0.0,1.0,4.0,0.0,14.8,1,857,857,857,401,756,687,645,928,627,1518,1168,851,536,1308,1252,1103,1427,1,35:56
2022-23,201572,Brook Lopez,Brook,1610612749,MIL,Milwaukee Bucks,0042200105,2023-04-26T00:00:00,MIL vs. MIA,L,43.54666666666667,0.0,2.5,0.0,6.6,17.4,12.4,7.4,34.7,0.8,0.0,2.5,2.5,29.3,1,857,857,857,47,756,490,645,663,1418,1180,740,814,520,1,829,709,842,1,43:33
2022-23,1630167,Obi Toppin,Obi,1610612752,NYK,New York Knicks,0042200135,2023-04-26T00:00:00,NYK @ CLE,W,21.9,0.0,0.0,6.6,6.6,3.3,0.0,3.3,19.7,0.0,1.6,1.6,0.0,29.4,1,1,1,1,980,756,687,97,667,299,1,394,1518,536,1499,606,1103,841,1,21:54
2022-23,1626192,Pat Connaughton,Pat,1610612749,MIL,Milwaukee Bucks,0042200105,2023-04-26T00:00:00,MIL vs. MIA,L,16.62,0.0,4.3,0.0,8.7,28.2,15.2,0.0,39.0,0.0,0.0,8.7,4.3,29.5,1,857,857,857,1148,756,254,645,482,1658,1398,1,540,536,1,1645,381,839,1,16:37
2022-23,203944,Julius Randle,Julius,1610612752,NYK,New York Knicks,0042200135,2023-04-26T00:00:00,NYK @ CLE,W,16.205,4.4,4.4,0.0,17.8,15.6,6.7,8.9,35.5,0.0,0.0,2.2,8.9,57.3,1,1,1,1,1164,290,247,645,80,1294,628,891,760,536,1,771,50,60,1,16:12
2022-23,203114,Khris Middleton,Khris,1610612749,MIL,Milwaukee Bucks,0042200105,2023-04-26T00:00:00,MIL vs. MIA,L,41.00833333333333,3.5,0.0,0.0,5.3,13.2,14.0,3.5,36.9,0.0,0.9,4.4,3.5,40.6,1,857,857,857,142,401,687,645,799,1101,1321,415,663,536,1215,1309,513,383,1,41:01
2022-23,1628973,Jalen Brunson,Jalen,1610612752,NYK,New York Knicks,0042200135,2023-04-26T00:00:00,NYK @ CLE,W,41.55,4.3,1.7,4.3,6.9,9.5,2.6,6.9,29.5,0.0,0.9,1.7,3.5,32.8,1,1,1,1,121,305,635,244,631,770,288,670,1144,536,1208,630,517,690,1,41:33
2022-23,1628415,Dillon Brooks,Dillon,1610612763,MEM,Memphis Grizzlies,0042200155,2023-04-26T00:00:00,MEM vs. LAL,W,29.566666666666666,0.0,0.0,0.0,2.4,12.2,18.3,15.8,36.5,0.0,2.4,4.9,0.0,11.4,1,1,1,1,672,756,687,645,1105,1009,1529,1445,685,536,1625,1395,1103,1497,1,29:34
2022-23,1630171,Isaac Okoro,Isaac,1610612739,CLE,Cleveland Cavaliers,0042200135,2023-04-26T00:00:00,CLE vs. NYK,L,19.721666666666668,0.0,0.0,3.7,7.3,5.5,20.1,11.0,21.9,0.0,0.0,5.5,1.8,36.9,1,857,857,857,1056,756,687,316,594,427,1585,1087,1458,536,1,1474,864,508,1,19:43
2022-23,1629022,Lonnie Walker IV,Lonnie,1610612747,LAL,Los Angeles Lakers,0042200155,2023-04-26T00:00:00,LAL @ MEM,L,4.666666666666667,0.0,0.0,0.0,0.0,0.0,0.0,15.4,61.7,0.0,0.0,0.0,0.0,0.0,1,857,857,857,1496,756,687,645,1176,1,1,1424,46,536,1,1,1103,1601,1,4:40
2022-23,1626145,Tyus Jones,Tyus,1610612763,MEM,Memphis Grizzlies,0042200155,2023-04-26T00:00:00,MEM vs. LAL,W,15.116666666666667,0.0,0.0,0.0,0.0,4.8,19.1,4.8,19.1,0.0,0.0,0.0,2.4,30.2,1,1,1,1,1197,756,687,645,1176,383,1557,491,1541,536,1,1,734,804,1,15:07
2022-23,203469,Cody Zeller,Cody,1610612748,MIA,Miami Heat,0042200105,2023-04-26T00:00:00,MIA @ MIL,W,10.25,0.0,7.0,0.0,14.0,21.1,3.5,0.0,28.1,0.0,0.0,0.0,0.0,22.5,1,1,1,1,1357,756,95,645,170,1562,329,1,1230,536,1,1,1103,1152,1,10:15
2022-23,1629130,Duncan Robinson,Duncan,1610612748,MIA,Miami Heat,0042200105,2023-04-26T00:00:00,MIA @ MIL,W,15.056666666666667,0.0,7.2,0.0,0.0,2.4,4.8,2.4,28.7,0.0,0.0,2.4,2.4,11.2,1,1,1,1,1200,756,91,645,1176,264,434,346,1188,536,1,806,730,1504,1,15:03
2022-23,1628989,Kevin Huerter,Kevin,1610612758,SAC,Sacramento Kings,0042200165,2023-04-26T00:00:00,SAC vs. GSW,L,16.116666666666667,0.0,0.0,0.0,13.4,15.6,15.6,17.9,44.7,0.0,2.2,4.5,0.0,37.5,1,857,857,857,1169,756,687,645,195,1302,1428,1522,292,536,1606,1324,1103,484,1,16:07
2022-23,203076,Anthony Davis,Anthony,1610612747,LAL,Los Angeles Lakers,0042200155,2023-04-26T00:00:00,LAL @ MEM,L,35.166666666666664,6.1,7.2,2.0,22.5,6.1,15.4,6.1,36.9,2.0,0.0,3.1,3.1,64.8,1,857,857,857,434,149,92,534,29,471,1411,602,664,183,1,1043,577,31,1,35:10
2022-23,203458,Alex Len,Alex,1610612758,SAC,Sacramento Kings,0042200165,2023-04-26T00:00:00,SAC vs. GSW,L,11.583333333333334,3.1,6.2,0.0,6.2,12.4,15.5,12.4,43.5,0.0,0.0,3.1,3.1,22.1,1,857,857,857,1321,452,129,645,694,1036,1422,1211,331,536,1,1053,570,1172,1,11:35
2022-23,1627747,Caris LeVert,Caris,1610612739,CLE,Cleveland Cavaliers,0042200135,2023-04-26T00:00:00,CLE vs. NYK,L,37.45,2.9,2.9,1.9,3.8,9.6,10.6,13.5,34.6,0.0,0.0,2.9,3.8,30.8,1,857,857,857,326,489,428,549,948,783,999,1297,819,536,1,986,456,782,1,37:27
2022-23,1629628,RJ Barrett,RJ,1610612752,NYK,New York Knicks,0042200135,2023-04-26T00:00:00,NYK @ CLE,W,35.93333333333333,2.0,0.0,9.0,10.0,11.0,0.0,6.0,24.0,0.0,0.0,3.0,3.0,30.9,1,1,1,1,401,631,687,32,375,915,1,590,1406,536,1,1026,592,780,1,35:56
2022-23,1629622,Max Strus,Max,1610612748,MIA,Miami Heat,0042200105,2023-04-26T00:00:00,MIA @ MIL,W,38.0,0.0,0.0,0.0,0.0,13.3,10.4,7.6,34.1,1.9,0.0,3.8,2.8,22.4,1,1,1,1,297,756,687,645,1176,1109,991,752,847,208,1,1209,627,1156,1,38:00
2022-23,201567,Kevin Love,Kevin,1610612748,MIA,Miami Heat,0042200105,2023-04-26T00:00:00,MIA @ MIL,W,32.13666666666666,0.0,3.4,0.0,0.0,10.1,7.8,9.0,31.4,1.1,0.0,6.7,3.4,38.0,1,1,1,1,552,756,362,645,1176,827,740,899,1031,389,1,1573,535,468,1,32:08
2022-23,203471,Dennis Schröder,Dennis,1610612747,LAL,Los Angeles Lakers,0042200155,2023-04-26T00:00:00,LAL @ MEM,L,19.001666666666665,0.0,0.0,0.0,0.0,3.8,17.1,13.3,41.7,0.0,0.0,0.0,1.9,10.8,1,857,857,857,1085,756,687,645,1176,323,1481,1282,395,536,1,1,846,1514,1,19:00
2022-23,1626171,Bobby Portis,Bobby,1610612749,MIL,Milwaukee Bucks,0042200105,2023-04-26T00:00:00,MIL vs. MIA,L,16.78,0.0,0.0,0.0,0.0,17.2,6.4,10.7,34.3,0.0,0.0,0.0,2.1,10.3,1,857,857,857,1146,756,687,645,1176,1405,602,1068,834,536,1,1,783,1523,1,16:47
2022-23,1630558,Davion Mitchell,Davion,1610612758,SAC,Sacramento Kings,0042200165,2023-04-26T00:00:00,SAC vs. GSW,L,24.226666666666667,3.0,4.5,0.0,5.9,16.3,10.4,13.4,47.6,0.0,0.0,1.5,0.0,15.9,1,857,857,857,892,470,246,645,724,1345,990,1290,192,536,1,567,1103,1392,1,24:14
2022-23,1626156,D'Angelo Russell,D'Angelo,1610612747,LAL,Los Angeles Lakers,0042200155,2023-04-26T00:00:00,LAL @ MEM,L,30.43166666666667,0.0,2.4,7.1,4.7,7.1,15.4,7.1,37.9,0.0,0.0,1.2,2.4,38.8,1,857,857,857,623,756,508,81,861,550,1413,692,605,536,1,518,736,444,1,30:26
2022-23,203952,Andrew Wiggins,Andrew,1610612744,GSW,Golden State Warriors,0042200165,2023-04-26T00:00:00,GSW @ SAC,W,38.75333333333333,4.6,1.9,2.8,9.3,12.1,6.5,11.1,40.9,1.9,0.0,4.6,0.0,33.3,1,1,1,1,261,269,603,427,428,998,609,1100,432,219,1,1353,1103,667,1,38:45
2022-23,1628997,Caleb Martin,Caleb,1610612748,MIA,Miami Heat,0042200105,2023-04-26T00:00:00,MIA @ MIL,W,20.838333333333335,3.5,0.0,0.0,3.5,10.4,10.4,1.7,41.5,0.0,0.0,0.0,1.7,12.3,1,1,1,1,1021,410,687,645,1001,856,987,324,407,536,1,1,890,1481,1,20:50
2022-23,2544,LeBron James,LeBron,1610612747,LAL,Los Angeles Lakers,0042200155,2023-04-26T00:00:00,LAL @ MEM,L,36.95,1.9,3.9,4.9,7.8,5.8,11.7,14.6,37.0,1.0,0.0,1.0,4.9,34.6,1,857,857,857,354,641,295,201,558,447,1113,1378,651,432,1,457,300,605,1,36:57
2022-23,1626172,Kevon Looney,Kevon,1610612744,GSW,Golden State Warriors,0042200165,2023-04-26T00:00:00,GSW @ SAC,W,34.53666666666667,0.0,0.0,0.0,4.2,9.4,14.6,8.3,50.0,1.0,0.0,4.2,1.0,44.7,1,1,1,1,453,756,687,645,917,760,1359,836,134,410,1,1277,1058,272,1,34:32
2022-23,201980,Danny Green,Danny,1610612739,CLE,Cleveland Cavaliers,0042200135,2023-04-26T00:00:00,CLE vs. NYK,L,4.25,0.0,0.0,0.0,0.0,16.9,33.9,0.0,16.9,0.0,0.0,16.9,0.0,1.7,1,857,857,857,1510,756,687,645,1176,1386,1696,1,1584,536,1,1715,1103,1596,1,4:15
2022-23,201939,Stephen Curry,Stephen,1610612744,GSW,Golden State Warriors,0042200165,2023-04-26T00:00:00,GSW @ SAC,W,41.95666666666666,6.9,2.6,3.4,12.0,12.0,13.7,9.4,46.3,0.0,0.0,1.7,4.3,34.7,1,1,1,1,93,114,472,346,272,993,1296,950,229,536,1,621,390,603,1,41:57
2022-23,204060,Joe Ingles,Joe,1610612749,MIL,Milwaukee Bucks,0042200105,2023-04-26T00:00:00,MIL vs. MIA,L,7.921666666666667,0.0,0.0,0.0,0.0,27.3,9.1,0.0,45.4,0.0,0.0,0.0,0.0,2.3,1,857,857,857,1422,756,687,645,1176,1655,848,1,264,536,1,1,1103,1594,1,7:55
2022-23,1628404,Josh Hart,Josh,1610612752,NYK,New York Knicks,0042200135,2023-04-26T00:00:00,NYK @ CLE,W,46.766666666666666,0.0,0.0,0.0,1.5,10.0,2.3,6.2,26.2,0.8,0.0,1.5,1.5,18.0,1,1,1,1,7,756,687,645,1175,820,276,604,1331,534,1,579,931,1336,1,46:46
2022-23,203084,Harrison Barnes,Harrison,1610612758,SAC,Sacramento Kings,0042200165,2023-04-26T00:00:00,SAC vs. GSW,L,33.11666666666667,2.2,2.2,0.0,4.3,14.1,12.0,10.9,50.0,1.1,0.0,1.1,5.4,27.3,1,857,857,857,505,606,538,645,902,1178,1140,1082,136,397,1,495,226,931,1,33:07
2022-23,1629312,Haywood Highsmith,Haywood,1610612748,MIA,Miami Heat,0042200105,2023-04-26T00:00:00,MIA @ MIL,W,3.455,20.8,0.0,0.0,20.8,0.0,20.8,0.0,41.7,0.0,0.0,20.8,0.0,83.4,1,1,1,1,1565,3,687,645,43,1,1597,1,396,536,1,1723,1103,7,1,3:27
2022-23,1631108,Max Christie,Max,1610612747,LAL,Los Angeles Lakers,0042200155,2023-04-26T00:00:00,LAL @ MEM,L,1.9666666666666666,0.0,0.0,0.0,0.0,0.0,0.0,36.6,73.2,0.0,0.0,0.0,0.0,27.5,1,857,857,857,1641,756,687,645,1176,1,1,1702,12,536,1,1,1103,924,1,1:58
2022-23,1630214,Xavier Tillman,Xavier,1610612763,MEM,Memphis Grizzlies,0042200155,2023-04-26T00:00:00,MEM vs. LAL,W,31.1,0.0,0.0,2.3,9.3,9.3,8.1,19.7,46.3,0.0,0.0,1.2,1.2,23.4,1,1,1,1,600,756,687,495,431,745,759,1580,231,536,1,513,1028,1117,1,31:06
2022-23,1630533,Ziaire Williams,Ziaire,1610612763,MEM,Memphis Grizzlies,0042200155,2023-04-26T00:00:00,MEM vs. LAL,W,1.4,0.0,0.0,0.0,0.0,0.0,0.0,0.0,0.0,0.0,0.0,0.0,0.0,12.9,1,1,1,1,1648,756,687,645,1176,1,1,1,1634,536,1,1,1103,1460,1,1:24
2022-23,1628991,Jaren Jackson Jr.,Jaren,1610612763,MEM,Memphis Grizzlies,0042200155,2023-04-26T00:00:00,MEM vs. LAL,W,37.95,0.0,5.7,0.0,5.7,9.5,17.1,14.2,37.9,1.9,0.9,4.7,2.8,35.1,1,1,1,1,301,756,154,645,749,767,1483,1349,595,207,1274,1371,626,580,1,37:57
2022-23,1627736,Malik Beasley,Malik,1610612747,LAL,Los Angeles Lakers,0042200155,2023-04-26T00:00:00,LAL @ MEM,L,11.133333333333333,0.0,9.7,0.0,0.0,6.5,0.0,22.6,58.2,0.0,0.0,0.0,0.0,20.0,1,857,857,857,1334,756,43,645,1176,498,1,1630,62,536,1,1,1103,1256,1,11:08
2022-23,1630596,Evan Mobley,Evan,1610612739,CLE,Cleveland Cavaliers,0042200135,2023-04-26T00:00:00,CLE vs. NYK,L,38.916666666666664,0.0,0.0,0.0,3.7,10.2,10.2,16.7,35.2,0.9,1.9,0.0,1.9,21.1,1,857,857,857,249,756,687,645,968,839,962,1479,778,457,1552,1,855,1214,1,38:55
2022-23,202691,Klay Thompson,Klay,1610612744,GSW,Golden State Warriors,0042200165,2023-04-26T00:00:00,GSW @ SAC,W,32.413333333333334,2.2,7.8,3.3,4.4,12.2,13.3,6.7,48.9,0.0,0.0,5.6,1.1,27.7,1,1,1,1,541,600,70,358,891,1012,1266,640,155,536,1,1480,1038,906,1,32:25
2022-23,1631099,Keegan Murray,Keegan,1610612758,SAC,Sacramento Kings,0042200165,2023-04-26T00:00:00,SAC vs. GSW,L,34.61666666666667,0.0,0.0,4.2,4.2,15.6,16.6,8.3,43.7,0.0,1.0,1.0,0.0,17.9,1,857,857,857,450,756,687,264,919,1300,1463,834,327,536,1324,482,1103,1342,1,34:37
2022-23,202083,Wesley Matthews,Wesley,1610612749,MIL,Milwaukee Bucks,0042200105,2023-04-26T00:00:00,MIL vs. MIA,L,23.658333333333335,0.0,0.0,0.0,0.0,13.7,12.2,10.7,45.6,0.0,1.5,1.5,1.5,13.7,1,857,857,857,908,756,687,645,1176,1141,1154,1059,254,536,1469,574,937,1447,1,23:40
2022-23,1629723,John Konchar,John,1610612763,MEM,Memphis Grizzlies,0042200155,2023-04-26T00:00:00,MEM vs. LAL,W,10.148333333333333,0.0,0.0,0.0,0.0,0.0,21.3,21.3,42.6,0.0,0.0,7.1,0.0,12.8,1,1,1,1,1360,756,687,645,1176,1,1607,1609,370,536,1,1594,1103,1464,1,10:09
2022-23,1630193,Immanuel Quickley,Immanuel,1610612752,NYK,New York Knicks,0042200135,2023-04-26T00:00:00,NYK @ CLE,W,29.4,0.0,6.1,2.4,0.0,9.8,3.7,4.9,19.6,0.0,0.0,3.7,6.1,28.0,1,1,1,1,684,756,133,472,1176,801,340,506,1521,536,1,1184,162,895,1,29:24
2022-23,1628370,Malik Monk,Malik,1610612758,SAC,Sacramento Kings,0042200165,2023-04-26T00:00:00,SAC vs. GSW,L,29.15,6.2,1.2,8.6,12.3,12.3,13.6,2.5,44.5,0.0,2.5,3.7,11.1,42.6,1,857,857,857,692,146,673,41,252,1028,1287,351,299,536,1628,1193,12,315,1,29:09
2022-23,1630205,Lamar Stevens,Lamar,1610612739,CLE,Cleveland Cavaliers,0042200135,2023-04-26T00:00:00,CLE vs. NYK,L,5.133333333333334,0.0,0.0,0.0,0.0,14.0,0.0,56.1,42.1,0.0,0.0,0.0,0.0,21.0,1,857,857,857,1476,756,687,645,1176,1172,1,1723,385,536,1,1,1103,1218,1,5:08
2022-23,1628379,Luke Kennard,Luke,1610612763,MEM,Memphis Grizzlies,0042200155,2023-04-26T00:00:00,MEM vs. LAL,W,17.651666666666667,0.0,0.0,6.1,0.0,0.0,6.1,8.2,28.6,0.0,0.0,6.1,0.0,33.7,1,1,1,1,1119,756,687,113,1176,1,569,819,1201,536,1,1530,1103,646,1,17:39
2022-23,1630217,Desmond Bane,Desmond,1610612763,MEM,Memphis Grizzlies,0042200155,2023-04-26T00:00:00,MEM vs. LAL,W,42.833333333333336,1.7,4.2,3.4,10.1,8.4,15.1,14.3,38.7,0.0,0.0,0.8,2.5,42.4,1,1,1,1,68,711,268,355,372,653,1394,1353,559,536,1,416,698,321,1,42:50
2022-23,1629636,Darius Garland,Darius,1610612739,CLE,Cleveland Cavaliers,0042200135,2023-04-26T00:00:00,CLE vs. NYK,L,40.06166666666667,3.6,0.0,1.8,5.4,10.8,14.4,12.6,32.4,0.0,0.0,5.4,6.3,21.0,1,857,857,857,185,386,687,583,781,897,1341,1230,967,536,1,1462,150,1220,1,40:04
2022-23,201950,Jrue Holiday,Jrue,1610612749,MIL,Milwaukee Bucks,0042200105,2023-04-26T00:00:00,MIL vs. MIA,L,46.61666666666667,1.5,1.5,1.5,3.1,15.4,12.4,7.0,32.4,0.0,0.0,0.8,3.9,28.4,1,857,857,857,9,727,665,627,1038,1285,1176,676,956,536,1,406,451,878,1,46:37
2022-23,1626224,Cedi Osman,Cedi,1610612739,CLE,Cleveland Cavaliers,0042200135,2023-04-26T00:00:00,CLE vs. NYK,L,14.45,0.0,0.0,0.0,0.0,7.5,27.4,19.9,39.9,0.0,0.0,5.0,2.5,21.7,1,857,857,857,1220,756,687,645,1176,589,1672,1585,479,536,1,1414,707,1194,1,14:27
2022-23,1630559,Austin Reaves,Austin,1610612747,LAL,Los Angeles Lakers,0042200155,2023-04-26T00:00:00,LAL @ MEM,L,40.03333333333333,0.0,1.8,0.0,1.8,7.2,12.6,10.8,39.6,0.0,0.9,3.6,4.5,31.1,1,857,857,857,187,756,618,645,1163,562,1194,1075,503,536,1230,1158,350,765,1,40:02
2022-23,201145,Jeff Green,Jeff,1610612743,DEN,Denver Nuggets,0042200145,2023-04-25T00:00:00,DEN vs. MIN,W,18.716666666666665,0.0,0.0,0.0,0.0,17.3,3.8,7.7,23.1,1.9,0.0,3.8,1.9,13.8,1,1,1,1,1093,756,687,645,1176,1413,355,766,1434,203,1,1222,838,1443,1,18:43
2022-23,1629008,Michael Porter Jr.,Michael,1610612743,DEN,Denver Nuggets,0042200145,2023-04-25T00:00:00,DEN vs. MIN,W,38.913333333333334,0.0,2.8,0.0,1.9,13.9,10.2,5.6,44.4,0.0,0.0,2.8,0.0,24.1,1,1,1,1,251,756,444,645,1157,1156,964,553,301,536,1,945,1103,1087,1,38:55
2022-23,1629631,De'Andre Hunter,De'Andre,1610612737,ATL,Atlanta Hawks,0042200115,2023-04-25T00:00:00,ATL @ BOS,W,41.83166666666666,0.0,2.6,0.0,1.7,5.2,8.6,18.1,41.3,0.0,0.0,2.6,4.3,15.3,1,1,1,1,103,756,470,645,1167,413,803,1529,418,536,1,871,387,1414,1,41:50
2022-23,203999,Nikola Jokić,Nikola,1610612743,DEN,Denver Nuggets,0042200145,2023-04-25T00:00:00,DEN vs. MIN,W,41.905,1.7,6.9,3.4,8.6,15.5,9.4,6.9,44.7,1.7,1.7,3.4,6.9,65.6,1,1,1,1,98,702,100,345,493,1288,883,662,293,251,1518,1118,112,27,1,41:54
2022-23,101108,Chris Paul,Chris,1610612756,PHX,Phoenix Suns,0042200175,2023-04-25T00:00:00,PHX vs. LAC,W,37.45,1.9,4.8,0.0,1.9,6.7,23.1,9.6,30.8,0.0,0.0,1.9,0.0,35.1,1,1,1,1,326,651,218,645,1146,518,1639,972,1072,536,1,704,1103,582,1,37:27
2022-23,201569,Eric Gordon,Eric,1610612746,LAC,LA Clippers,0042200175,2023-04-25T00:00:00,LAC @ PHX,L,20.833333333333332,0.0,0.0,0.0,0.0,15.6,13.8,25.9,44.9,0.0,0.0,3.5,0.0,11.2,1,857,857,857,1022,756,687,645,1176,1295,1302,1664,279,536,1,1124,1103,1505,1,20:50
2022-23,201933,Blake Griffin,Blake,1610612738,BOS,Boston Celtics,0042200115,2023-04-25T00:00:00,BOS vs. ATL,L,5.883333333333334,0.0,0.0,0.0,0.0,12.2,12.2,18.4,49.0,0.0,0.0,12.2,0.0,14.7,1,857,857,857,1456,756,687,645,1176,1016,1162,1543,151,536,1,1690,1103,1429,1,5:53
2022-23,1626166,Cameron Payne,Cameron,1610612756,PHX,Phoenix Suns,0042200175,2023-04-25T00:00:00,PHX vs. LAC,W,3.2666666666666666,0.0,0.0,0.0,0.0,0.0,0.0,0.0,66.1,0.0,0.0,0.0,0.0,33.1,1,1,1,1,1574,756,687,645,1176,1,1,1,22,536,1,1,1103,672,1,3:16
2022-23,201143,Al Horford,Al,1610612738,BOS,Boston Celtics,0042200115,2023-04-25T00:00:00,BOS vs. ATL,L,33.06666666666667,0.0,0.0,0.0,0.0,15.2,6.5,8.7,26.1,5.4,0.0,2.2,0.0,37.8,1,857,857,857,509,756,687,645,1176,1265,611,879,1334,26,1,761,1103,474,1,33:04
2022-23,1626164,Devin Booker,Devin,1610612756,PHX,Phoenix Suns,0042200175,2023-04-25T00:00:00,PHX vs. LAC,W,41.65,7.8,4.3,8.6,12.1,6.9,24.2,6.9,38.0,0.0,0.9,3.5,5.2,64.5,1,1,1,1,113,80,255,42,268,535,1650,668,589,536,1204,1125,256,33,1,41:39
2022-23,1629638,Nickeil Alexander-Walker,Nickeil,1610612750,MIN,Minnesota Timberwolves,0042200145,2023-04-25T00:00:00,MIN @ DEN,L,38.166666666666664,2.8,0.0,0.0,3.8,13.2,8.5,12.3,28.3,0.0,0.0,2.8,1.9,21.4,1,857,857,857,288,496,687,645,957,1104,788,1193,1214,536,1,965,847,1206,1,38:10
2022-23,202687,Bismack Biyombo,Bismack,1610612756,PHX,Phoenix Suns,0042200175,2023-04-25T00:00:00,PHX vs. LAC,W,12.383333333333333,2.9,0.0,0.0,11.6,32.0,23.3,5.8,46.5,8.7,0.0,14.5,8.7,83.1,1,1,1,1,1288,484,687,645,295,1688,1641,573,223,10,1,1702,58,8,1,12:23
2022-23,203497,Rudy Gobert,Rudy,1610612750,MIN,Minnesota Timberwolves,0042200145,2023-04-25T00:00:00,MIN @ DEN,L,40.45166666666667,1.8,6.2,0.0,8.9,12.5,14.2,14.2,32.0,0.0,0.0,5.3,4.4,35.6,1,857,857,857,168,684,127,645,457,1043,1337,1350,996,536,1,1457,358,561,1,40:27
2022-23,1629013,Landry Shamet,Landry,1610612756,PHX,Phoenix Suns,0042200175,2023-04-25T00:00:00,PHX vs. LAC,W,8.945,0.0,0.0,0.0,0.0,24.1,40.2,0.0,48.3,0.0,0.0,4.0,0.0,12.1,1,1,1,1,1394,756,687,645,1176,1618,1704,1,173,536,1,1253,1103,1484,1,8:57
2022-23,1628381,John Collins,John,1610612737,ATL,Atlanta Hawks,0042200115,2023-04-25T00:00:00,ATL @ BOS,W,30.641666666666666,2.3,2.3,2.3,11.7,7.0,7.0,20.0,42.3,0.0,1.2,3.5,2.3,31.6,1,1,1,1,618,579,512,488,287,548,668,1588,376,536,1380,1140,740,744,1,30:39
2022-23,203484,Kentavious Caldwell-Pope,Kentavious,1610612743,DEN,Denver Nuggets,0042200145,2023-04-25T00:00:00,DEN vs. MIN,W,26.036666666666665,4.1,0.0,2.8,5.5,15.2,9.7,13.8,52.5,0.0,0.0,5.5,5.5,24.7,1,1,1,1,817,322,687,431,768,1261,902,1323,100,536,1,1478,220,1059,1,26:02
2022-23,1630168,Onyeka Okongwu,Onyeka,1610612737,ATL,Atlanta Hawks,0042200115,2023-04-25T00:00:00,ATL @ BOS,W,26.883333333333333,0.0,4.0,0.0,8.0,2.7,13.4,13.4,42.9,1.3,1.3,2.7,4.0,31.2,1,1,1,1,782,756,284,645,534,274,1273,1291,359,328,1431,903,431,761,1,26:53
2022-23,1629027,Trae Young,Trae,1610612737,ATL,Atlanta Hawks,0042200115,2023-04-25T00:00:00,ATL @ BOS,W,44.108333333333334,9.8,1.6,2.4,6.5,4.9,8.2,19.6,40.8,0.0,3.3,3.3,3.3,52.5,1,1,1,1,34,44,656,473,673,395,764,1578,435,536,1680,1078,547,112,1,44:07
2022-23,201566,Russell Westbrook,Russell,1610612746,LAC,LA Clippers,0042200175,2023-04-25T00:00:00,LAC @ PHX,L,39.46666666666667,0.0,3.6,0.0,3.6,14.6,13.7,18.2,34.7,0.0,0.9,3.6,5.5,27.9,1,857,857,857,216,756,324,645,978,1214,1293,1541,817,536,1238,1174,225,898,1,39:28
2022-23,1628988,Aaron Holiday,Aaron,1610612737,ATL,Atlanta Hawks,0042200115,2023-04-25T00:00:00,ATL @ BOS,W,3.8833333333333333,0.0,0.0,0.0,0.0,18.5,18.5,0.0,92.7,0.0,0.0,0.0,0.0,4.6,1,1,1,1,1534,756,687,645,1176,1479,1549,1,5,536,1,1,1103,1580,1,3:53
2022-23,1629669,Jaylen Nowell,Jaylen,1610612750,MIN,Minnesota Timberwolves,0042200145,2023-04-25T00:00:00,MIN @ DEN,L,8.32,0.0,0.0,0.0,8.7,17.3,43.3,17.3,17.3,0.0,0.0,13.0,0.0,4.3,1,857,857,857,1413,756,687,645,483,1412,1707,1501,1579,536,1,1694,1103,1585,1,8:19
2022-23,1629006,Josh Okogie,Josh,1610612756,PHX,Phoenix Suns,0042200175,2023-04-25T00:00:00,PHX vs. LAC,W,32.75333333333333,2.2,0.0,2.2,4.4,14.3,25.3,11.0,41.8,0.0,0.0,3.3,1.1,26.3,1,1,1,1,528,603,687,510,898,1195,1659,1091,393,536,1,1087,1042,983,1,32:45
2022-23,1629057,Robert Williams III,Robert,1610612738,BOS,Boston Celtics,0042200115,2023-04-25T00:00:00,BOS vs. ATL,L,27.266666666666666,0.0,2.6,0.0,13.2,13.2,17.2,2.6,29.0,0.0,0.0,5.3,1.3,28.3,1,857,857,857,771,756,460,645,202,1103,1485,361,1165,536,1,1449,986,885,1,27:16
2022-23,1628470,Torrey Craig,Torrey,1610612756,PHX,Phoenix Suns,0042200175,2023-04-25T00:00:00,PHX vs. LAC,W,16.888333333333332,0.0,0.0,0.0,0.0,0.0,34.1,0.0,34.1,0.0,0.0,6.4,0.0,5.1,1,1,1,1,1140,756,687,645,1176,1,1697,1,846,536,1,1551,1103,1575,1,16:53
2022-23,203992,Bogdan Bogdanović,Bogdan,1610612737,ATL,Atlanta Hawks,0042200115,2023-04-25T00:00:00,ATL @ BOS,W,34.785,0.0,2.1,3.1,4.1,4.1,10.3,12.4,41.4,2.1,0.0,2.1,3.1,43.2,1,1,1,1,446,756,557,388,921,340,985,1210,414,180,1,738,571,305,1,34:47
2022-23,1627750,Jamal Murray,Jamal,1610612743,DEN,Denver Nuggets,0042200145,2023-04-25T00:00:00,DEN vs. MIN,W,41.13333333333333,4.4,1.8,7.0,8.8,17.5,11.4,7.0,45.5,0.0,0.0,1.8,5.3,42.3,1,1,1,1,136,299,632,83,475,1424,1078,683,259,536,1,641,245,330,1,41:08
2022-23,1628971,Bruce Brown,Bruce,1610612743,DEN,Denver Nuggets,0042200145,2023-04-25T00:00:00,DEN vs. MIN,W,29.883333333333333,7.2,4.8,2.4,7.2,18.1,9.6,4.8,33.7,0.0,1.2,0.0,4.8,26.5,1,1,1,1,657,103,216,478,604,1448,898,499,871,536,1395,1,308,970,1,29:53
2022-23,1630538,Bones Hyland,Bones,1610612746,LAC,LA Clippers,0042200175,2023-04-25T00:00:00,LAC @ PHX,L,15.15,0.0,0.0,0.0,9.5,14.3,16.6,7.1,28.5,0.0,0.0,2.4,0.0,28.5,1,857,857,857,1196,756,687,645,416,1191,1462,700,1203,536,1,801,1103,872,1,15:09
2022-23,1629611,Terance Mann,Terance,1610612746,LAC,LA Clippers,0042200175,2023-04-25T00:00:00,LAC @ PHX,L,27.4,0.0,3.9,0.0,5.3,14.5,11.8,9.2,23.6,0.0,1.3,2.6,2.6,23.6,1,857,857,857,765,756,291,645,801,1206,1126,933,1420,536,1427,885,683,1103,1,27:24
2022-23,201144,Mike Conley,Mike,1610612750,MIN,Minnesota Timberwolves,0042200145,2023-04-25T00:00:00,MIN @ DEN,L,38.38333333333333,1.9,1.9,1.9,1.9,11.3,10.3,12.2,31.9,0.0,0.9,2.8,1.9,26.5,1,857,857,857,275,662,600,560,1154,939,979,1187,1008,536,1264,955,850,969,1,38:23
2022-23,1628401,Derrick White,Derrick,1610612738,BOS,Boston Celtics,0042200115,2023-04-25T00:00:00,BOS vs. ATL,L,31.36,0.0,4.6,3.4,9.2,2.3,16.1,6.9,32.1,2.3,1.1,1.1,4.6,41.3,1,857,857,857,588,756,237,342,439,261,1443,665,983,161,1370,510,341,360,1,31:22
2022-23,203935,Marcus Smart,Marcus,1610612738,BOS,Boston Celtics,0042200115,2023-04-25T00:00:00,BOS vs. ATL,L,26.506666666666668,0.0,0.0,4.1,5.4,16.3,6.8,6.8,24.4,0.0,1.4,5.4,4.1,19.8,1,857,857,857,799,756,687,274,775,1340,640,655,1396,536,1437,1467,422,1272,1,26:30
2022-23,1630233,Nathan Knight,Nathan,1610612750,MIN,Minnesota Timberwolves,0042200145,2023-04-25T00:00:00,MIN @ DEN,L,0.18,0.0,0.0,0.0,0.0,0.0,0.0,0.0,0.0,0.0,0.0,0.0,0.0,0.0,1,857,857,857,1723,756,687,645,1176,1,1,1,1634,536,1,1,1103,1601,1,0:11
2022-23,203991,Clint Capela,Clint,1610612737,ATL,Atlanta Hawks,0042200115,2023-04-25T00:00:00,ATL @ BOS,W,20.746666666666666,0.0,0.0,0.0,6.9,10.4,3.5,24.3,48.6,1.7,1.7,0.0,1.7,29.3,1,1,1,1,1024,756,687,645,628,862,324,1653,165,246,1525,1,888,844,1,20:45
2022-23,201587,Nicolas Batum,Nicolas,1610612746,LAC,LA Clippers,0042200175,2023-04-25T00:00:00,LAC @ PHX,L,26.588333333333335,6.8,13.5,4.1,5.4,14.9,12.2,9.5,24.4,0.0,1.4,1.4,1.4,47.7,1,857,857,857,797,116,18,276,777,1239,1155,955,1399,536,1435,550,976,196,1,26:35
2022-23,1630573,Sam Hauser,Sam,1610612738,BOS,Boston Celtics,0042200115,2023-04-25T00:00:00,BOS vs. ATL,L,13.5,0.0,0.0,8.0,0.0,0.0,21.3,0.0,21.3,2.7,0.0,0.0,0.0,43.7,1,857,857,857,1251,756,687,53,1176,1,1608,1,1485,128,1,1,1103,293,1,13:30
2022-23,1631128,Christian Braun,Christian,1610612743,DEN,Denver Nuggets,0042200145,2023-04-25T00:00:00,DEN vs. MIN,W,9.566666666666666,0.0,0.0,0.0,0.0,18.8,0.0,7.5,30.1,0.0,0.0,3.8,0.0,16.6,1,1,1,1,1375,756,687,645,1176,1489,1,749,1096,536,1,1204,1103,1378,1,9:34
2022-23,1626157,Karl-Anthony Towns,Karl-Anthony,1610612750,MIN,Minnesota Timberwolves,0042200145,2023-04-25T00:00:00,MIN @ DEN,L,38.38166666666667,2.8,1.9,1.9,15.0,14.1,13.1,18.8,30.0,0.9,0.9,5.6,9.4,43.8,1,857,857,857,276,500,599,559,141,1175,1247,1556,1104,449,1265,1490,34,291,1,38:23
2022-23,201142,Kevin Durant,Kevin,1610612756,PHX,Phoenix Suns,0042200175,2023-04-25T00:00:00,PHX vs. LAC,W,44.233333333333334,4.9,1.6,8.1,4.9,10.6,21.2,8.1,35.8,0.8,0.0,2.4,5.7,40.0,1,1,1,1,32,243,658,49,842,878,1605,817,741,528,1,822,202,398,1,44:14
2022-23,203486,Mason Plumlee,Mason,1610612746,LAC,LA Clippers,0042200175,2023-04-25T00:00:00,LAC @ PHX,L,23.895,6.0,16.6,3.0,18.1,15.1,13.6,10.5,27.1,0.0,0.0,6.0,10.5,59.5,1,857,857,857,901,156,10,402,70,1251,1284,1052,1282,536,1,1524,15,53,1,23:54
2022-23,1627826,Ivica Zubac,Ivica,1610612746,LAC,LA Clippers,0042200175,2023-04-25T00:00:00,LAC @ PHX,L,23.866666666666667,0.0,3.0,3.0,15.1,15.1,12.1,22.6,42.2,1.5,0.0,3.0,6.0,48.3,1,857,857,857,902,756,409,401,137,1255,1147,1628,379,296,1,1029,171,182,1,23:52
2022-23,1627759,Jaylen Brown,Jaylen,1610612738,BOS,Boston Celtics,0042200115,2023-04-25T00:00:00,BOS vs. ATL,L,38.46666666666667,0.0,1.9,5.6,18.7,13.1,11.2,7.5,29.9,0.0,0.9,2.8,2.8,43.9,1,857,857,857,272,756,601,146,58,1092,1067,746,1116,536,1262,952,634,290,1,38:28
2022-23,1626181,Norman Powell,Norman,1610612746,LAC,LA Clippers,0042200175,2023-04-25T00:00:00,LAC @ PHX,L,38.87833333333333,1.9,0.0,2.8,5.6,16.7,11.1,17.6,37.0,0.0,0.9,4.6,5.6,30.5,1,857,857,857,253,666,687,428,765,1369,1055,1512,650,536,1257,1348,214,797,1,38:53
2022-23,203085,Austin Rivers,Austin,1610612750,MIN,Minnesota Timberwolves,0042200145,2023-04-25T00:00:00,MIN @ DEN,L,13.931666666666667,0.0,0.0,0.0,5.2,15.5,31.0,18.1,31.0,0.0,0.0,2.6,0.0,16.0,1,857,857,857,1240,756,687,645,810,1292,1687,1531,1050,536,1,872,1103,1388,1,13:56
2022-23,1627752,Taurean Prince,Taurean,1610612750,MIN,Minnesota Timberwolves,0042200145,2023-04-25T00:00:00,MIN @ DEN,L,22.268333333333334,12.9,0.0,3.2,6.5,14.5,19.4,11.3,25.9,1.6,1.6,3.2,0.0,30.7,1,857,857,857,965,19,687,377,677,1210,1568,1115,1346,278,1491,1071,1103,786,1,22:16
2022-23,1630180,Saddiq Bey,Saddiq,1610612737,ATL,Atlanta Hawks,0042200115,2023-04-25T00:00:00,ATL @ BOS,W,23.62,0.0,3.0,0.0,6.1,9.1,9.1,25.9,54.9,0.0,3.0,1.5,3.0,25.6,1,1,1,1,912,756,406,645,706,733,857,1663,85,536,1673,577,583,1019,1,23:37
2022-23,1630552,Jalen Johnson,Jalen,1610612737,ATL,Atlanta Hawks,0042200115,2023-04-25T00:00:00,ATL @ BOS,W,13.5,0.0,8.0,0.0,0.0,5.3,10.7,13.3,53.3,0.0,0.0,2.7,0.0,25.6,1,1,1,1,1251,756,64,645,1176,421,1005,1288,90,536,1,897,1103,1020,1,13:30
2022-23,1630162,Anthony Edwards,Anthony,1610612750,MIN,Minnesota Timberwolves,0042200145,2023-04-25T00:00:00,MIN @ DEN,L,39.916666666666664,3.6,1.8,3.6,16.2,14.4,18.9,18.0,32.5,1.8,0.0,2.7,1.8,48.8,1,857,857,857,196,384,615,320,105,1205,1555,1528,954,231,1,916,871,175,1,39:55
2022-23,1628369,Jayson Tatum,Jayson,1610612738,BOS,Boston Celtics,0042200115,2023-04-25T00:00:00,BOS vs. ATL,L,38.2,5.7,3.8,3.8,11.3,11.3,9.4,4.7,28.3,0.9,0.0,1.9,3.8,39.2,1,857,857,857,285,182,309,298,305,944,880,487,1217,446,1,692,467,431,1,38:12
2022-23,1627763,Malcolm Brogdon,Malcolm,1610612738,BOS,Boston Celtics,0042200115,2023-04-25T00:00:00,BOS vs. ATL,L,25.75,2.8,0.0,7.0,8.4,5.6,21.0,4.2,28.0,0.0,1.4,2.8,1.4,30.9,1,857,857,857,828,503,687,84,509,433,1599,452,1240,536,1446,950,966,777,1,25:45
2022-23,202694,Marcus Morris Sr.,Marcus,1610612746,LAC,LA Clippers,0042200175,2023-04-25T00:00:00,LAC @ PHX,L,23.921666666666667,3.0,6.0,0.0,9.0,13.5,12.0,25.6,48.2,0.0,0.0,0.0,1.5,27.1,1,857,857,857,900,462,141,645,445,1130,1144,1659,178,536,1,1,939,940,1,23:55
2022-23,1629028,Deandre Ayton,Deandre,1610612756,PHX,Phoenix Suns,0042200175,2023-04-25T00:00:00,PHX vs. LAC,W,35.61666666666667,0.0,5.1,0.0,16.2,2.0,26.3,8.1,34.4,0.0,0.0,3.0,4.0,39.1,1,1,1,1,420,756,193,645,106,258,1667,807,832,536,1,1034,425,435,1,35:37
2022-23,1627814,Damion Lee,Damion,1610612756,PHX,Phoenix Suns,0042200175,2023-04-25T00:00:00,PHX vs. LAC,W,6.8133333333333335,0.0,0.0,0.0,0.0,26.4,47.6,10.6,42.3,0.0,0.0,15.9,0.0,1.1,1,1,1,1,1440,756,687,645,1176,1646,1709,1053,377,536,1,1710,1103,1598,1,6:49
2022-23,203932,Aaron Gordon,Aaron,1610612743,DEN,Denver Nuggets,0042200145,2023-04-25T00:00:00,DEN vs. MIN,W,33.845,2.1,4.3,4.3,8.5,18.1,13.8,8.5,55.3,0.0,1.1,5.3,4.3,27.9,1,1,1,1,478,616,260,253,501,1450,1303,857,81,536,1335,1454,395,900,1,33:51
2022-23,1629060,Rui Hachimura,Rui,1610612747,LAL,Los Angeles Lakers,0042200154,2023-04-24T00:00:00,LAL vs. MEM,W,26.316666666666666,2.7,0.0,0.0,0.0,6.8,12.3,10.9,38.3,0.0,2.7,0.0,1.4,21.5,1,1,1,1,805,514,687,645,1176,524,1171,1084,576,536,1653,1,973,1202,1,26:19
2022-23,1629020,Jarred Vanderbilt,Jarred,1610612747,LAL,Los Angeles Lakers,0042200154,2023-04-24T00:00:00,LAL vs. MEM,W,19.633333333333333,5.5,7.3,3.7,14.7,16.5,16.5,18.3,55.0,5.5,0.0,0.0,1.8,56.3,1,1,1,1,1062,193,84,313,154,1357,1459,1542,84,25,1,1,859,74,1,19:38
2022-23,203507,Giannis Antetokounmpo,Giannis,1610612749,MIL,Milwaukee Bucks,0042200104,2023-04-24T00:00:00,MIL @ MIA,L,38.45,5.6,3.7,3.7,22.5,16.9,1.9,18.7,31.8,1.9,0.9,2.8,5.6,56.6,1,857,857,857,273,184,312,303,30,1381,261,1554,1011,215,1263,953,208,69,1,38:27
2022-23,1629312,Haywood Highsmith,Haywood,1610612748,MIA,Miami Heat,0042200104,2023-04-24T00:00:00,MIA vs. MIL,W,14.366666666666667,7.5,0.0,0.0,0.0,7.5,5.0,12.5,30.1,0.0,2.5,2.5,0.0,24.1,1,1,1,1,1224,90,687,645,1176,595,455,1221,1101,536,1630,838,1103,1086,1,14:22
2022-23,1629130,Duncan Robinson,Duncan,1610612748,MIA,Miami Heat,0042200104,2023-04-24T00:00:00,MIA vs. MIL,W,30.30666666666667,3.6,0.0,3.6,0.0,8.3,9.5,3.6,40.4,0.0,0.0,1.2,1.2,20.5,1,1,1,1,629,391,687,324,1176,647,888,419,453,536,1,520,1021,1238,1,30:18
2022-23,201572,Brook Lopez,Brook,1610612749,MIL,Milwaukee Bucks,0042200104,2023-04-24T00:00:00,MIL @ MIA,L,38.765,3.7,5.6,0.0,14.9,20.4,4.6,18.6,31.6,2.8,0.9,1.9,3.7,57.8,1,857,857,857,260,371,160,645,149,1548,427,1549,1019,118,1259,681,475,58,1,38:46
2022-23,204060,Joe Ingles,Joe,1610612749,MIL,Milwaukee Bucks,0042200104,2023-04-24T00:00:00,MIL @ MIA,L,18.086666666666666,0.0,0.0,0.0,0.0,15.9,6.0,4.0,35.8,0.0,0.0,4.0,0.0,22.7,1,857,857,857,1109,756,687,645,1176,1323,544,444,740,536,1,1248,1103,1144,1,18:05
2022-23,1626171,Bobby Portis,Bobby,1610612749,MIL,Milwaukee Bucks,0042200104,2023-04-24T00:00:00,MIL @ MIA,L,12.736666666666666,0.0,0.0,0.0,5.7,14.1,8.5,11.3,28.3,0.0,0.0,0.0,0.0,22.0,1,857,857,857,1275,756,687,645,755,1179,787,1112,1219,536,1,1,1103,1176,1,12:44
2022-23,202710,Jimmy Butler III,Jimmy,1610612748,MIA,Miami Heat,0042200104,2023-04-24T00:00:00,MIA vs. MIL,W,40.75,8.8,2.7,8.8,19.4,15.0,12.4,11.5,40.6,0.9,1.8,0.0,9.7,63.4,1,1,1,1,156,58,458,34,49,1247,1179,1130,445,489,1529,1,27,35,1,40:45
2022-23,1629622,Max Strus,Max,1610612748,MIA,Miami Heat,0042200104,2023-04-24T00:00:00,MIA vs. MIL,W,17.046666666666667,0.0,0.0,0.0,0.0,21.1,12.7,21.1,42.2,0.0,0.0,6.3,2.1,-4.2,1,1,1,1,1136,756,687,645,1176,1564,1203,1604,378,536,1,1547,789,1718,1,17:03
2022-23,1628972,Troy Brown Jr.,Troy,1610612747,LAL,Los Angeles Lakers,0042200154,2023-04-24T00:00:00,LAL vs. MEM,W,21.816666666666666,0.0,3.3,3.3,9.9,5.0,18.2,6.6,42.9,0.0,0.0,0.0,0.0,20.3,1,1,1,1,985,756,375,363,387,398,1524,634,356,536,1,1,1103,1248,1,21:49
2022-23,1630583,Santi Aldama,Santi,1610612763,MEM,Memphis Grizzlies,0042200154,2023-04-24T00:00:00,MEM @ LAL,L,7.416666666666667,0.0,0.0,0.0,9.7,24.3,0.0,9.7,19.4,0.0,0.0,4.9,4.9,44.7,1,857,857,857,1432,756,687,645,405,1622,1,984,1527,536,1,1391,304,275,1,7:25
2022-23,203114,Khris Middleton,Khris,1610612749,MIL,Milwaukee Bucks,0042200104,2023-04-24T00:00:00,MIL @ MIA,L,37.29,2.9,1.9,2.9,3.9,18.3,4.8,16.4,29.0,0.0,1.0,5.8,2.9,32.1,1,857,857,857,335,486,584,416,944,1468,439,1467,1173,536,1286,1508,615,723,1,37:17
2022-23,1628991,Jaren Jackson Jr.,Jaren,1610612763,MEM,Memphis Grizzlies,0042200154,2023-04-24T00:00:00,MEM @ LAL,L,42.03333333333333,1.7,6.9,0.0,8.6,8.6,10.3,8.6,36.0,4.3,1.7,3.4,3.4,37.1,1,857,857,857,90,706,102,645,495,667,976,868,727,50,1515,1115,524,500,1,42:02
2022-23,1629630,Ja Morant,Ja,1610612763,MEM,Memphis Grizzlies,0042200154,2023-04-24T00:00:00,MEM @ LAL,L,44.03333333333333,4.1,0.0,3.3,11.4,12.3,5.7,9.0,37.6,0.8,1.6,2.5,4.1,34.6,1,857,857,857,37,328,687,370,304,1019,513,902,621,526,1496,824,421,606,1,44:02
2022-23,1628997,Caleb Martin,Caleb,1610612748,MIA,Miami Heat,0042200104,2023-04-24T00:00:00,MIA vs. MIL,W,24.906666666666666,2.9,2.9,5.8,2.9,10.1,14.5,1.4,40.5,0.0,0.0,2.9,1.4,43.8,1,1,1,1,866,488,426,138,1057,832,1351,322,450,536,1,990,950,292,1,24:54
2022-23,1630217,Desmond Bane,Desmond,1610612763,MEM,Memphis Grizzlies,0042200154,2023-04-24T00:00:00,MEM @ LAL,L,46.78333333333333,3.8,5.4,3.1,9.2,13.1,9.2,10.8,40.0,0.0,2.3,3.1,3.1,37.6,1,857,857,857,6,356,173,392,436,1089,866,1072,475,536,1611,1046,575,479,1,46:47
2022-23,201950,Jrue Holiday,Jrue,1610612749,MIL,Milwaukee Bucks,0042200104,2023-04-24T00:00:00,MIL @ MIA,L,40.583333333333336,0.0,0.0,1.8,5.3,21.3,4.4,16.0,26.6,0.9,1.8,3.5,0.9,32.3,1,857,857,857,161,756,687,591,792,1568,402,1449,1306,487,1533,1146,1091,711,1,40:35
2022-23,1630559,Austin Reaves,Austin,1610612747,LAL,Los Angeles Lakers,0042200154,2023-04-24T00:00:00,LAL vs. MEM,W,41.6,0.0,2.6,3.5,6.9,11.3,16.4,10.4,32.9,0.0,1.7,3.5,6.1,31.8,1,1,1,1,116,756,465,338,636,938,1456,1041,924,536,1522,1126,170,731,1,41:36
2022-23,203469,Cody Zeller,Cody,1610612748,MIA,Miami Heat,0042200104,2023-04-24T00:00:00,MIA vs. MIL,W,7.385,0.0,0.0,0.0,9.7,9.7,19.5,0.0,39.0,0.0,4.9,4.9,4.9,15.6,1,1,1,1,1434,756,687,645,398,799,1570,1,539,536,1719,1396,299,1402,1,7:23
2022-23,200768,Kyle Lowry,Kyle,1610612748,MIA,Miami Heat,0042200104,2023-04-24T00:00:00,MIA vs. MIL,W,23.7,0.0,0.0,3.0,6.1,7.6,12.2,1.5,39.5,1.5,0.0,1.5,1.5,32.4,1,1,1,1,906,756,687,398,710,600,1151,323,507,294,1,572,938,709,1,23:42
2022-23,1629216,Gabe Vincent,Gabe,1610612748,MIA,Miami Heat,0042200104,2023-04-24T00:00:00,MIA vs. MIL,W,28.91,3.7,0.0,3.7,5.0,14.9,14.9,14.9,42.3,0.0,0.0,5.0,0.0,31.6,1,1,1,1,698,368,687,304,833,1241,1378,1395,375,536,1,1413,1103,742,1,28:55
2022-23,1628379,Luke Kennard,Luke,1610612763,MEM,Memphis Grizzlies,0042200154,2023-04-24T00:00:00,MEM @ LAL,L,13.631666666666666,0.0,15.8,0.0,0.0,5.3,5.3,18.5,31.7,0.0,0.0,5.3,0.0,32.5,1,857,857,857,1247,756,12,645,1176,419,478,1547,1016,536,1,1450,1103,699,1,13:38
2022-23,203471,Dennis Schröder,Dennis,1610612747,LAL,Los Angeles Lakers,0042200154,2023-04-24T00:00:00,LAL vs. MEM,W,30.383333333333333,2.4,0.0,0.0,7.1,8.3,14.2,7.1,30.8,2.4,1.2,1.2,5.9,26.7,1,1,1,1,627,577,687,645,615,645,1333,697,1068,159,1383,519,184,967,1,30:23
2022-23,1628960,Grayson Allen,Grayson,1610612749,MIL,Milwaukee Bucks,0042200104,2023-04-24T00:00:00,MIL @ MIA,L,33.31333333333333,3.2,0.0,3.2,0.0,11.9,2.2,16.2,30.3,0.0,0.0,1.1,3.2,15.1,1,857,857,857,500,437,687,374,1176,984,269,1460,1089,536,1,494,551,1420,1,33:19
2022-23,1628975,Jevon Carter,Jevon,1610612749,MIL,Milwaukee Bucks,0042200104,2023-04-24T00:00:00,MIL @ MIA,L,0.14666666666666667,0.0,0.0,0.0,0.0,0.0,0.0,0.0,0.0,0.0,0.0,0.0,0.0,0.0,1,857,857,857,1724,756,687,645,1176,1,1,1,1634,536,1,1,1103,1601,1,0:09
2022-23,1631223,David Roddy,David,1610612763,MEM,Memphis Grizzlies,0042200154,2023-04-24T00:00:00,MEM @ LAL,L,19.7,0.0,5.5,0.0,3.7,3.7,9.1,20.1,32.9,0.0,1.8,3.7,1.8,32.9,1,857,857,857,1057,756,163,645,977,317,854,1592,923,536,1545,1175,863,683,1,19:42
2022-23,203076,Anthony Davis,Anthony,1610612747,LAL,Los Angeles Lakers,0042200154,2023-04-24T00:00:00,LAL vs. MEM,W,41.9,4.3,2.6,0.0,5.2,13.7,18.0,12.0,37.8,3.4,0.9,2.6,4.3,36.3,1,1,1,1,99,307,471,645,812,1147,1520,1171,608,70,1200,867,389,530,1,41:54
2022-23,1628389,Bam Adebayo,Bam,1610612748,MIA,Miami Heat,0042200104,2023-04-24T00:00:00,MIA vs. MIL,W,30.415,3.6,0.0,0.0,7.1,14.2,11.8,11.8,45.0,1.2,2.4,3.6,4.7,36.2,1,1,1,1,626,394,687,645,618,1183,1127,1155,278,366,1618,1148,319,531,1,30:25
2022-23,1627736,Malik Beasley,Malik,1610612747,LAL,Los Angeles Lakers,0042200154,2023-04-24T00:00:00,LAL vs. MEM,W,9.033333333333333,0.0,0.0,0.0,0.0,8.0,19.9,8.0,63.8,0.0,0.0,0.0,0.0,12.0,1,1,1,1,1391,756,687,645,1176,622,1582,794,38,536,1,1,1103,1488,1,9:02
2022-23,1626156,D'Angelo Russell,D'Angelo,1610612747,LAL,Los Angeles Lakers,0042200154,2023-04-24T00:00:00,LAL vs. MEM,W,28.85,3.7,0.0,6.2,10.0,15.0,22.5,12.5,39.9,0.0,0.0,7.5,1.2,25.8,1,1,1,1,702,364,687,109,379,1243,1626,1216,477,536,1,1609,1008,1007,1,28:51
2022-23,2544,LeBron James,LeBron,1610612747,LAL,Los Angeles Lakers,0042200154,2023-04-24T00:00:00,LAL vs. MEM,W,45.46666666666667,1.6,0.0,2.4,9.5,10.3,12.7,11.1,39.6,1.6,0.8,2.4,4.8,48.7,1,1,1,1,13,725,687,485,417,843,1202,1098,498,282,1167,800,317,178,1,45:28
2022-23,1630214,Xavier Tillman,Xavier,1610612763,MEM,Memphis Grizzlies,0042200154,2023-04-24T00:00:00,MEM @ LAL,L,41.51833333333333,1.7,0.0,3.5,8.7,13.0,8.7,9.5,38.2,0.9,1.7,4.3,0.9,30.9,1,857,857,857,124,697,687,335,481,1085,812,961,584,499,1523,1298,1097,779,1,41:31
2022-23,1626145,Tyus Jones,Tyus,1610612763,MEM,Memphis Grizzlies,0042200154,2023-04-24T00:00:00,MEM @ LAL,L,8.966666666666667,0.0,0.0,0.0,8.0,8.0,20.1,20.1,32.1,0.0,0.0,0.0,0.0,24.9,1,857,857,857,1393,756,687,645,536,629,1584,1591,989,536,1,1,1103,1047,1,8:58
2022-23,1628415,Dillon Brooks,Dillon,1610612763,MEM,Memphis Grizzlies,0042200154,2023-04-24T00:00:00,MEM @ LAL,L,40.916666666666664,1.8,0.0,3.5,5.3,15.0,6.2,7.9,38.7,0.0,0.9,4.4,0.9,19.4,1,857,857,857,145,693,687,332,795,1242,578,783,554,536,1216,1313,1092,1291,1,40:55
2022-23,1626192,Pat Connaughton,Pat,1610612749,MIL,Milwaukee Bucks,0042200104,2023-04-24T00:00:00,MIL @ MIA,L,20.628333333333334,1.7,7.0,1.7,3.5,22.7,0.0,24.4,27.9,0.0,0.0,3.5,5.2,34.4,1,857,857,857,1028,696,96,599,999,1592,1,1654,1247,536,1,1134,246,617,1,20:38
2022-23,201567,Kevin Love,Kevin,1610612748,MIA,Miami Heat,0042200104,2023-04-24T00:00:00,MIA vs. MIL,W,22.213333333333335,0.0,0.0,0.0,0.0,16.2,9.7,16.2,38.9,3.2,0.0,6.5,0.0,42.8,1,1,1,1,968,756,687,645,1176,1336,909,1459,545,80,1,1558,1103,308,1,22:13
2022-23,1631128,Christian Braun,Christian,1610612743,DEN,Denver Nuggets,0042200144,2023-04-23T00:00:00,DEN @ MIN,L,13.025,0.0,0.0,0.0,0.0,5.5,16.6,11.1,49.8,0.0,2.8,5.5,0.0,10.8,1,857,857,857,1265,756,687,645,1176,430,1460,1096,138,536,1654,1477,1103,1515,1,13:02
2022-23,1626168,Trey Lyles,Trey,1610612758,SAC,Sacramento Kings,0042200164,2023-04-23T00:00:00,SAC @ GSW,L,11.925,0.0,0.0,6.0,6.0,6.0,0.0,0.0,36.2,0.0,0.0,3.0,3.0,38.6,1,857,857,857,1309,756,687,120,712,459,1,1,707,536,1,1031,589,455,1,11:56
2022-23,1630171,Isaac Okoro,Isaac,1610612739,CLE,Cleveland Cavaliers,0042200134,2023-04-23T00:00:00,CLE @ NYK,L,17.126666666666665,4.2,6.3,0.0,12.6,16.8,10.5,8.4,33.6,4.2,2.1,2.1,0.0,31.5,1,857,857,857,1134,317,126,645,241,1376,997,843,880,51,1590,742,1103,748,1,17:08
2022-23,1629631,De'Andre Hunter,De'Andre,1610612737,ATL,Atlanta Hawks,0042200114,2023-04-23T00:00:00,ATL vs. BOS,L,40.4,0.0,3.6,1.8,7.1,8.9,9.8,16.0,42.8,0.9,0.0,2.7,2.7,38.7,1,857,857,857,172,756,333,588,614,712,926,1451,361,482,1,901,667,454,1,40:24
2022-23,202691,Klay Thompson,Klay,1610612744,GSW,Golden State Warriors,0042200164,2023-04-23T00:00:00,GSW vs. SAC,W,39.125,4.6,4.6,1.8,3.7,14.7,12.9,8.3,36.8,0.0,0.0,0.9,1.8,31.2,1,1,1,1,235,275,235,569,972,1225,1228,833,670,536,1,443,857,762,1,39:08
2022-23,201939,Stephen Curry,Stephen,1610612744,GSW,Golden State Warriors,0042200164,2023-04-23T00:00:00,GSW vs. SAC,W,42.7,2.5,0.0,11.0,6.7,15.2,9.3,11.0,35.4,0.0,0.8,2.5,4.2,38.8,1,1,1,1,72,545,687,18,649,1258,870,1088,766,536,1189,848,403,446,1,42:42
2022-23,1629628,RJ Barrett,RJ,1610612752,NYK,New York Knicks,0042200134,2023-04-23T00:00:00,NYK vs. CLE,W,37.5,0.0,1.9,1.9,17.3,10.6,11.5,6.7,44.2,1.0,0.0,1.9,6.7,31.6,1,1,1,1,325,756,586,550,87,876,1091,646,314,440,1,703,122,745,1,37:30
2022-23,203999,Nikola Jokić,Nikola,1610612743,DEN,Denver Nuggets,0042200144,2023-04-23T00:00:00,DEN @ MIN,L,39.13333333333333,6.4,0.0,0.0,18.4,15.6,4.6,7.4,35.0,0.0,0.9,2.8,9.2,61.8,1,857,857,857,234,130,687,645,65,1303,420,734,792,536,1248,935,37,44,1,39:08
2022-23,1626224,Cedi Osman,Cedi,1610612739,CLE,Cleveland Cavaliers,0042200134,2023-04-23T00:00:00,CLE @ NYK,L,21.033333333333335,3.4,0.0,3.4,3.4,13.7,10.3,15.4,47.9,0.0,0.0,5.1,5.1,30.8,1,857,857,857,1015,415,687,347,1004,1140,974,1422,183,536,1,1434,265,781,1,21:02
2022-23,1627780,Gary Payton II,Gary,1610612744,GSW,Golden State Warriors,0042200164,2023-04-23T00:00:00,GSW vs. SAC,W,7.225,0.0,0.0,0.0,10.0,0.0,24.9,10.0,49.8,0.0,5.0,0.0,0.0,10.0,1,1,1,1,1437,756,687,645,382,1,1652,1009,137,536,1721,1,1103,1530,1,7:14
2022-23,1628973,Jalen Brunson,Jalen,1610612752,NYK,New York Knicks,0042200134,2023-04-23T00:00:00,NYK vs. CLE,W,42.93666666666667,6.7,5.0,0.0,5.0,9.2,8.4,5.9,38.6,0.8,0.8,0.8,2.5,39.6,1,1,1,1,64,117,196,645,827,741,776,577,565,512,1187,415,700,416,1,42:56
2022-23,1627747,Caris LeVert,Caris,1610612739,CLE,Cleveland Cavaliers,0042200134,2023-04-23T00:00:00,CLE @ NYK,L,38.766666666666666,0.9,4.6,0.9,3.7,10.2,19.5,2.8,39.0,0.9,0.0,1.9,4.6,30.5,1,857,857,857,259,748,231,640,965,841,1571,366,538,453,1,680,329,798,1,38:46
2022-23,1628404,Josh Hart,Josh,1610612752,NYK,New York Knicks,0042200134,2023-04-23T00:00:00,NYK vs. CLE,W,39.95,4.5,0.0,7.2,9.0,9.9,4.5,6.3,39.6,0.0,3.6,1.8,2.7,30.1,1,1,1,1,193,287,687,77,446,815,407,618,494,536,1694,659,655,805,1,39:57
2022-23,1630540,Miles McBride,Miles,1610612752,NYK,New York Knicks,0042200134,2023-04-23T00:00:00,NYK vs. CLE,W,5.0633333333333335,21.3,0.0,0.0,0.0,14.2,14.2,0.0,42.7,0.0,0.0,0.0,7.1,29.9,1,1,1,1,1477,2,687,645,1176,1186,1334,1,366,536,1,1,100,813,1,5:04
2022-23,1629027,Trae Young,Trae,1610612737,ATL,Atlanta Hawks,0042200114,2023-04-23T00:00:00,ATL vs. BOS,L,40.55,3.6,0.0,1.8,10.7,10.7,9.8,13.3,44.4,0.0,0.9,1.8,9.8,58.7,1,857,857,857,162,393,687,590,345,884,915,1285,302,536,1220,650,25,55,1,40:33
2022-23,203458,Alex Len,Alex,1610612758,SAC,Sacramento Kings,0042200164,2023-04-23T00:00:00,SAC @ GSW,L,10.591666666666667,0.0,6.8,6.8,13.6,6.8,0.0,0.0,27.2,0.0,0.0,10.2,6.8,37.4,1,857,857,857,1345,756,105,90,189,522,1,1,1280,536,1,1671,114,490,1,10:36
2022-23,1628971,Bruce Brown,Bruce,1610612743,DEN,Denver Nuggets,0042200144,2023-04-23T00:00:00,DEN @ MIN,L,25.995,5.5,0.0,5.5,11.1,18.0,15.2,11.1,47.1,0.0,1.4,4.2,1.4,32.1,1,857,857,857,819,191,687,152,316,1444,1401,1097,208,536,1443,1275,970,719,1,25:60
2022-23,1628978,Donte DiVincenzo,Donte,1610612744,GSW,Golden State Warriors,0042200164,2023-04-23T00:00:00,GSW vs. SAC,W,16.083333333333332,0.0,0.0,0.0,0.0,9.0,20.1,13.4,40.3,0.0,0.0,2.2,0.0,32.2,1,1,1,1,1170,756,687,645,1176,716,1587,1294,463,536,1,774,1103,713,1,16:05
2022-23,1626157,Karl-Anthony Towns,Karl-Anthony,1610612750,MIN,Minnesota Timberwolves,0042200144,2023-04-23T00:00:00,MIN vs. DEN,W,36.31333333333333,5.0,3.0,2.0,9.9,12.9,6.9,9.9,35.7,1.0,1.0,5.9,9.9,36.9,1,1,1,1,379,239,414,542,386,1077,655,1003,747,425,1301,1515,18,507,1,36:19
2022-23,1629684,Grant Williams,Grant,1610612738,BOS,Boston Celtics,0042200114,2023-04-23T00:00:00,BOS @ ATL,W,0.935,0.0,0.0,0.0,0.0,0.0,77.0,0.0,77.0,0.0,0.0,0.0,0.0,0.0,1,1,1,1,1674,756,687,645,1176,1,1724,1,8,536,1,1,1103,1601,1,0:56
2022-23,1627759,Jaylen Brown,Jaylen,1610612738,BOS,Boston Celtics,0042200114,2023-04-23T00:00:00,BOS @ ATL,W,42.46666666666667,2.5,4.2,7.6,15.3,9.3,13.6,6.8,33.9,0.0,2.5,3.4,4.2,32.5,1,1,1,1,77,542,262,60,133,752,1286,654,862,536,1634,1106,398,701,1,42:28
2022-23,1630228,Jonathan Kuminga,Jonathan,1610612744,GSW,Golden State Warriors,0042200164,2023-04-23T00:00:00,GSW vs. SAC,W,2.85,0.0,0.0,0.0,0.0,25.3,25.3,0.0,25.3,0.0,0.0,0.0,0.0,15.2,1,1,1,1,1590,756,687,645,1176,1636,1658,1,1368,536,1,1,1103,1418,1,2:51
2022-23,1628989,Kevin Huerter,Kevin,1610612758,SAC,Sacramento Kings,0042200164,2023-04-23T00:00:00,SAC @ GSW,L,19.916666666666668,0.0,0.0,0.0,3.6,5.4,9.0,23.5,32.5,1.8,0.0,1.8,0.0,21.0,1,857,857,857,1050,756,687,645,981,425,841,1641,947,229,1,660,1103,1223,1,19:55
2022-23,1631099,Keegan Murray,Keegan,1610612758,SAC,Sacramento Kings,0042200164,2023-04-23T00:00:00,SAC @ GSW,L,32.88166666666667,4.4,5.5,2.2,6.6,10.9,12.0,18.6,39.4,0.0,1.1,3.3,1.1,36.0,1,857,857,857,521,297,164,512,668,910,1146,1552,510,536,1354,1083,1043,537,1,32:53
2022-23,1629669,Jaylen Nowell,Jaylen,1610612750,MIN,Minnesota Timberwolves,0042200144,2023-04-23T00:00:00,MIN vs. DEN,W,3.6333333333333333,0.0,0.0,0.0,0.0,0.0,19.8,19.8,99.1,0.0,0.0,0.0,0.0,35.7,1,1,1,1,1560,756,687,645,1176,1,1576,1584,4,536,1,1,1103,556,1,3:38
2022-23,1629638,Nickeil Alexander-Walker,Nickeil,1610612750,MIN,Minnesota Timberwolves,0042200144,2023-04-23T00:00:00,MIN vs. DEN,W,37.95,0.0,0.0,0.0,1.9,14.2,6.6,8.5,39.8,0.0,0.0,0.9,1.9,14.5,1,1,1,1,301,756,687,645,1152,1187,626,862,482,536,1,450,844,1434,1,37:57
2022-23,201145,Jeff Green,Jeff,1610612743,DEN,Denver Nuggets,0042200144,2023-04-23T00:00:00,DEN @ MIN,L,18.383333333333333,0.0,0.0,0.0,0.0,13.7,7.8,7.8,39.2,2.0,0.0,7.8,2.0,14.5,1,857,857,857,1099,756,687,645,1176,1142,736,778,530,197,1,1618,825,1435,1,18:23
2022-23,1628381,John Collins,John,1610612737,ATL,Atlanta Hawks,0042200114,2023-04-23T00:00:00,ATL vs. BOS,L,24.816666666666666,4.4,2.9,0.0,0.0,4.4,11.6,23.2,40.6,1.5,1.5,2.9,1.5,21.0,1,857,857,857,869,303,423,645,1176,355,1105,1637,446,309,1458,992,948,1219,1,24:49
2022-23,1630180,Saddiq Bey,Saddiq,1610612737,ATL,Atlanta Hawks,0042200114,2023-04-23T00:00:00,ATL vs. BOS,L,21.416666666666668,0.0,0.0,3.4,6.7,15.1,5.0,3.4,40.3,0.0,0.0,0.0,1.7,14.5,1,857,857,857,1003,756,687,355,653,1256,457,401,456,536,1,1,899,1437,1,21:25
2022-23,1629162,Jordan McLaughlin,Jordan,1610612750,MIN,Minnesota Timberwolves,0042200144,2023-04-23T00:00:00,MIN vs. DEN,W,3.8,0.0,0.0,0.0,0.0,66.3,0.0,18.9,37.9,0.0,0.0,0.0,0.0,14.2,1,1,1,1,1539,756,687,645,1176,1721,1,1559,599,536,1,1,1103,1439,1,3:48
2022-23,1630168,Onyeka Okongwu,Onyeka,1610612737,ATL,Atlanta Hawks,0042200114,2023-04-23T00:00:00,ATL vs. BOS,L,18.466666666666665,0.0,7.8,0.0,7.8,3.9,3.9,0.0,42.9,0.0,0.0,9.7,5.8,21.1,1,857,857,857,1098,756,68,645,557,329,361,1,357,536,1,1663,186,1215,1,18:28
2022-23,203497,Rudy Gobert,Rudy,1610612750,MIN,Minnesota Timberwolves,0042200144,2023-04-23T00:00:00,MIN vs. DEN,W,39.34166666666667,1.8,3.7,0.0,12.8,16.5,4.6,9.2,34.8,1.8,1.8,3.7,0.9,35.2,1,1,1,1,223,676,323,645,225,1352,413,927,810,225,1547,1180,1086,577,1,39:21
2022-23,203935,Marcus Smart,Marcus,1610612738,BOS,Boston Celtics,0042200114,2023-04-23T00:00:00,BOS @ ATL,W,29.366666666666667,2.5,2.5,0.0,12.3,11.0,12.3,7.4,36.8,0.0,0.0,4.9,4.9,34.1,1,1,1,1,685,559,495,645,256,916,1163,732,671,536,1,1404,293,631,1,29:22
2022-23,1630558,Davion Mitchell,Davion,1610612758,SAC,Sacramento Kings,0042200164,2023-04-23T00:00:00,SAC @ GSW,L,28.476666666666667,2.5,0.0,7.6,7.6,10.1,7.6,5.1,37.9,0.0,1.3,1.3,1.3,21.1,1,857,857,857,721,546,687,61,569,830,709,518,597,536,1414,536,1000,1212,1,28:29
2022-23,1627752,Taurean Prince,Taurean,1610612750,MIN,Minnesota Timberwolves,0042200144,2023-04-23T00:00:00,MIN vs. DEN,W,23.333333333333332,4.6,1.5,0.0,0.0,20.1,3.1,12.3,43.2,0.0,1.5,0.0,3.1,13.3,1,1,1,1,926,271,666,645,1176,1535,307,1202,344,536,1473,1,574,1455,1,23:20
2022-23,1627763,Malcolm Brogdon,Malcolm,1610612738,BOS,Boston Celtics,0042200114,2023-04-23T00:00:00,BOS @ ATL,W,22.616666666666667,3.2,0.0,0.0,12.7,3.2,12.7,3.2,28.7,0.0,0.0,1.6,1.6,34.7,1,1,1,1,954,442,687,645,233,293,1209,384,1194,536,1,585,925,599,1,22:37
2022-23,203085,Austin Rivers,Austin,1610612750,MIN,Minnesota Timberwolves,0042200144,2023-04-23T00:00:00,MIN vs. DEN,W,10.541666666666666,0.0,10.2,6.8,6.8,13.7,0.0,6.8,20.5,0.0,0.0,0.0,0.0,21.2,1,1,1,1,1346,756,38,89,645,1139,1,659,1504,536,1,1,1103,1211,1,10:33
2022-23,1629673,Jordan Poole,Jordan,1610612744,GSW,Golden State Warriors,0042200164,2023-04-23T00:00:00,GSW vs. SAC,W,26.133333333333333,2.8,0.0,2.8,16.5,8.3,15.2,15.2,49.6,0.0,0.0,2.8,6.9,43.3,1,1,1,1,810,508,687,434,100,642,1397,1406,140,536,1,929,109,301,1,26:08
2022-23,1629636,Darius Garland,Darius,1610612739,CLE,Cleveland Cavaliers,0042200134,2023-04-23T00:00:00,CLE @ NYK,L,36.151666666666664,4.0,0.0,0.0,10.0,5.0,12.9,8.0,41.8,0.0,0.0,4.0,3.0,40.2,1,857,857,857,387,338,687,645,383,400,1238,793,391,536,1,1249,598,392,1,36:09
2022-23,203992,Bogdan Bogdanović,Bogdan,1610612737,ATL,Atlanta Hawks,0042200114,2023-04-23T00:00:00,ATL vs. BOS,L,19.266666666666666,3.7,0.0,0.0,3.7,3.7,0.0,5.6,37.4,0.0,0.0,11.2,0.0,19.4,1,857,857,857,1072,366,687,645,962,319,1,557,632,536,1,1680,1103,1284,1,19:16
2022-23,203932,Aaron Gordon,Aaron,1610612743,DEN,Denver Nuggets,0042200144,2023-04-23T00:00:00,DEN @ MIN,L,42.708333333333336,1.7,4.2,1.7,6.7,5.9,9.3,5.1,35.4,0.8,2.5,5.1,0.8,24.4,1,857,857,857,71,708,265,612,651,451,869,519,767,510,1632,1425,1100,1076,1,42:43
2022-23,1628401,Derrick White,Derrick,1610612738,BOS,Boston Celtics,0042200114,2023-04-23T00:00:00,BOS @ ATL,W,31.548333333333332,0.0,0.0,8.0,6.8,6.8,13.7,4.6,32.0,0.0,0.0,3.4,2.3,24.4,1,1,1,1,579,756,687,54,643,526,1294,479,1004,536,1,1114,750,1074,1,31:33
2022-23,201599,DeAndre Jordan,DeAndre,1610612743,DEN,Denver Nuggets,0042200144,2023-04-23T00:00:00,DEN @ MIN,L,4.083333333333333,0.0,0.0,0.0,0.0,0.0,17.6,0.0,17.6,0.0,0.0,0.0,8.8,51.1,1,857,857,857,1518,756,687,645,1176,1,1503,1,1574,536,1,1,52,134,1,4:05
2022-23,1628368,De'Aaron Fox,De'Aaron,1610612758,SAC,Sacramento Kings,0042200164,2023-04-23T00:00:00,SAC @ GSW,L,39.88333333333333,4.5,6.3,2.7,10.8,13.5,9.9,11.7,37.9,0.0,1.8,3.6,6.3,50.8,1,857,857,857,197,285,125,436,334,1129,939,1145,598,536,1542,1164,149,140,1,39:53
2022-23,203937,Kyle Anderson,Kyle,1610612750,MIN,Minnesota Timberwolves,0042200144,2023-04-23T00:00:00,MIN vs. DEN,W,22.12,6.5,0.0,6.5,13.0,11.4,8.1,8.1,32.5,1.6,0.0,4.9,0.0,53.2,1,1,1,1,972,125,687,100,213,950,761,815,945,273,1,1400,1103,105,1,22:07
2022-23,1630573,Sam Hauser,Sam,1610612738,BOS,Boston Celtics,0042200114,2023-04-23T00:00:00,BOS @ ATL,W,9.906666666666666,0.0,0.0,0.0,0.0,7.3,0.0,0.0,50.9,0.0,0.0,3.6,0.0,19.6,1,1,1,1,1366,756,687,645,1176,567,1,1,120,536,1,1169,1103,1279,1,9:54
2022-23,203110,Draymond Green,Draymond,1610612744,GSW,Golden State Warriors,0042200164,2023-04-23T00:00:00,GSW vs. SAC,W,30.991666666666667,2.3,2.3,0.0,4.6,13.9,15.1,8.1,20.9,1.2,0.0,4.6,5.8,49.4,1,1,1,1,606,584,515,645,869,1164,1392,813,1492,374,1,1356,192,162,1,30:60
2022-23,1630162,Anthony Edwards,Anthony,1610612750,MIN,Minnesota Timberwolves,0042200144,2023-04-23T00:00:00,MIN vs. DEN,W,45.36666666666667,0.0,0.0,1.6,9.5,14.3,4.0,7.9,31.7,2.4,0.8,0.8,4.0,49.0,1,1,1,1,15,756,687,626,415,1194,365,786,1015,158,1169,408,438,167,1,45:22
2022-23,203488,Mike Muscala,Mike,1610612738,BOS,Boston Celtics,0042200114,2023-04-23T00:00:00,BOS @ ATL,W,1.2833333333333334,0.0,0.0,0.0,0.0,0.0,56.1,0.0,0.0,0.0,0.0,0.0,0.0,0.0,1,1,1,1,1652,756,687,645,1176,1,1713,1,1634,536,1,1,1103,1601,1,1:17
2022-23,1628369,Jayson Tatum,Jayson,1610612738,BOS,Boston Celtics,0042200114,2023-04-23T00:00:00,BOS @ ATL,W,38.77333333333333,4.6,0.9,1.9,5.6,8.4,13.0,5.6,29.7,2.8,0.9,1.9,6.5,47.7,1,1,1,1,258,270,682,562,764,649,1241,555,1126,119,1258,679,132,194,1,38:46
2022-23,201937,Ricky Rubio,Ricky,1610612739,CLE,Cleveland Cavaliers,0042200134,2023-04-23T00:00:00,CLE @ NYK,L,6.1,0.0,0.0,0.0,0.0,17.7,17.7,5.9,11.8,0.0,0.0,5.9,0.0,26.0,1,857,857,857,1451,756,687,645,1176,1432,1506,579,1623,536,1,1513,1103,1001,1,6:06
2022-23,1628386,Jarrett Allen,Jarrett,1610612739,CLE,Cleveland Cavaliers,0042200134,2023-04-23T00:00:00,CLE @ NYK,L,40.013333333333335,1.8,1.8,0.0,12.6,11.7,14.4,9.0,37.8,0.0,2.7,0.9,0.9,18.7,1,857,857,857,190,681,617,645,243,969,1343,903,610,536,1649,434,1090,1317,1,40:01
2022-23,201143,Al Horford,Al,1610612738,BOS,Boston Celtics,0042200114,2023-04-23T00:00:00,BOS @ ATL,W,34.016666666666666,0.0,0.0,0.0,0.0,9.5,7.4,8.5,31.7,0.0,0.0,3.2,1.1,26.1,1,1,1,1,469,756,687,645,1176,769,698,849,1014,536,1,1059,1055,990,1,34:01
2022-23,1629008,Michael Porter Jr.,Michael,1610612743,DEN,Denver Nuggets,0042200144,2023-04-23T00:00:00,DEN @ MIN,L,41.23833333333334,3.5,0.0,2.6,5.2,13.1,4.4,7.0,34.9,1.7,0.0,1.7,0.9,26.2,1,857,857,857,135,403,687,446,802,1091,393,680,794,244,1,640,1094,989,1,41:14
2022-23,201980,Danny Green,Danny,1610612739,CLE,Cleveland Cavaliers,0042200134,2023-04-23T00:00:00,CLE @ NYK,L,3.5166666666666666,0.0,0.0,0.0,0.0,30.7,30.7,0.0,40.9,0.0,0.0,10.2,0.0,0.0,1,857,857,857,1561,756,687,645,1176,1684,1686,1,428,536,1,1672,1103,1601,1,3:31
2022-23,201144,Mike Conley,Mike,1610612750,MIN,Minnesota Timberwolves,0042200144,2023-04-23T00:00:00,MIN vs. DEN,W,42.6,2.5,0.0,0.0,5.1,12.7,1.7,10.1,38.9,0.0,0.0,3.4,2.5,27.4,1,1,1,1,76,543,687,645,824,1063,254,1022,546,536,1,1103,696,928,1,42:36
2022-23,1630552,Jalen Johnson,Jalen,1610612737,ATL,Atlanta Hawks,0042200114,2023-04-23T00:00:00,ATL vs. BOS,L,5.716666666666667,0.0,0.0,0.0,12.6,12.6,0.0,0.0,37.8,0.0,0.0,0.0,0.0,56.0,1,857,857,857,1462,756,687,645,244,1058,1,1,611,536,1,1,1103,77,1,5:43
2022-23,1630541,Moses Moody,Moses,1610612744,GSW,Golden State Warriors,0042200164,2023-04-23T00:00:00,GSW vs. SAC,W,5.366666666666666,0.0,0.0,0.0,0.0,0.0,13.4,40.2,40.2,0.0,0.0,6.7,0.0,20.1,1,1,1,1,1470,756,687,645,1176,1,1275,1706,465,536,1,1572,1103,1253,1,5:22
2022-23,1629011,Mitchell Robinson,Mitchell,1610612752,NYK,New York Knicks,0042200134,2023-04-23T00:00:00,NYK vs. CLE,W,27.366666666666667,0.0,10.5,0.0,13.2,11.8,6.6,9.2,42.1,2.6,0.0,2.6,2.6,43.0,1,1,1,1,767,756,34,645,206,979,619,935,384,130,1,887,681,306,1,27:22
2022-23,203484,Kentavious Caldwell-Pope,Kentavious,1610612743,DEN,Denver Nuggets,0042200144,2023-04-23T00:00:00,DEN @ MIN,L,39.666666666666664,0.0,0.0,2.7,1.8,15.4,1.8,5.4,30.9,0.9,0.0,1.8,1.8,17.8,1,857,857,857,205,756,687,435,1162,1284,259,547,1064,475,1,661,869,1343,1,39:40
2022-23,1626172,Kevon Looney,Kevon,1610612744,GSW,Golden State Warriors,0042200164,2023-04-23T00:00:00,GSW vs. SAC,W,32.00833333333333,0.0,0.0,0.0,9.0,18.0,11.2,9.0,45.0,1.1,0.0,4.5,1.1,42.5,1,1,1,1,561,756,687,645,448,1441,1070,904,277,384,1,1327,1036,318,1,32:01
2022-23,1627750,Jamal Murray,Jamal,1610612743,DEN,Denver Nuggets,0042200144,2023-04-23T00:00:00,DEN @ MIN,L,40.766666666666666,4.4,1.8,1.8,8.8,6.2,7.9,5.3,37.1,0.0,0.9,0.9,1.8,28.2,1,857,857,857,155,293,627,593,467,478,744,539,646,536,1219,427,883,888,1,40:46
2022-23,1628370,Malik Monk,Malik,1610612758,SAC,Sacramento Kings,0042200164,2023-04-23T00:00:00,SAC @ GSW,L,28.341666666666665,5.1,5.1,0.0,5.1,12.7,0.0,7.6,35.6,0.0,1.3,2.5,5.1,41.3,1,857,857,857,722,229,190,645,822,1066,1,755,759,536,1415,851,271,364,1,28:21
2022-23,1627734,Domantas Sabonis,Domantas,1610612758,SAC,Sacramento Kings,0042200164,2023-04-23T00:00:00,SAC @ GSW,L,37.016666666666666,0.0,0.0,0.0,11.7,12.6,10.7,16.5,40.8,1.9,1.0,3.9,1.9,40.3,1,857,857,857,351,756,687,645,291,1060,1010,1473,433,199,1290,1234,829,390,1,37:01
2022-23,203952,Andrew Wiggins,Andrew,1610612744,GSW,Golden State Warriors,0042200164,2023-04-23T00:00:00,GSW vs. SAC,W,37.516666666666666,2.9,3.8,0.0,11.5,15.4,12.5,12.5,36.5,3.8,1.0,2.9,2.9,42.3,1,1,1,1,323,491,299,645,301,1279,1183,1215,688,56,1282,983,621,329,1,37:31
2022-23,1630556,Kessler Edwards,Kessler,1610612758,SAC,Sacramento Kings,0042200164,2023-04-23T00:00:00,SAC @ GSW,L,0.39166666666666666,0.0,0.0,0.0,0.0,0.0,0.0,0.0,0.0,0.0,0.0,0.0,0.0,0.0,1,857,857,857,1714,756,687,645,1176,1,1,1,1634,536,1,1,1103,1601,1,0:24
2022-23,1629057,Robert Williams III,Robert,1610612738,BOS,Boston Celtics,0042200114,2023-04-23T00:00:00,BOS @ ATL,W,28.86,0.0,3.7,0.0,10.0,8.7,11.2,7.5,32.4,2.5,0.0,6.2,5.0,56.8,1,1,1,1,701,756,314,645,380,689,1066,745,957,144,1,1537,283,66,1,28:52
2022-23,1628378,Donovan Mitchell,Donovan,1610612739,CLE,Cleveland Cavaliers,0042200134,2023-04-23T00:00:00,CLE @ NYK,L,41.975,1.7,0.0,1.7,5.1,13.7,18.0,7.7,36.0,0.0,1.7,3.4,0.9,17.4,1,857,857,857,92,705,687,608,816,1145,1517,768,721,536,1517,1116,1099,1352,1,41:59
2022-23,203991,Clint Capela,Clint,1610612737,ATL,Atlanta Hawks,0042200114,2023-04-23T00:00:00,ATL vs. BOS,L,29.533333333333335,2.4,4.9,0.0,7.3,12.2,11.0,21.9,41.4,1.2,2.4,2.4,3.7,29.7,1,857,857,857,676,561,210,645,593,1010,1041,1618,409,350,1626,820,490,826,1,29:32
2022-23,203084,Harrison Barnes,Harrison,1610612758,SAC,Sacramento Kings,0042200164,2023-04-23T00:00:00,SAC @ GSW,L,30.575,3.5,0.0,0.0,2.4,14.1,13.0,17.7,40.0,0.0,0.0,2.4,1.2,16.6,1,857,857,857,620,397,687,645,1116,1177,1239,1514,472,536,1,796,1022,1375,1,30:35
2022-23,1630202,Payton Pritchard,Payton,1610612738,BOS,Boston Celtics,0042200114,2023-04-23T00:00:00,BOS @ ATL,W,0.22666666666666666,0.0,0.0,0.0,0.0,0.0,0.0,0.0,0.0,0.0,0.0,0.0,0.0,0.0,1,1,1,1,1720,756,687,645,1176,1,1,1,1634,536,1,1,1103,1601,1,0:14
2022-23,1630596,Evan Mobley,Evan,1610612739,CLE,Cleveland Cavaliers,0042200134,2023-04-23T00:00:00,CLE @ NYK,L,35.31666666666667,0.0,2.0,2.0,10.2,13.3,17.3,6.1,32.6,2.0,1.0,6.1,2.0,29.5,1,857,857,857,431,756,562,535,370,1107,1492,599,943,185,1316,1529,803,838,1,35:19
2022-23,1630167,Obi Toppin,Obi,1610612752,NYK,New York Knicks,0042200134,2023-04-23T00:00:00,NYK vs. CLE,W,20.008333333333333,0.0,9.0,0.0,3.6,10.8,12.6,0.0,32.4,0.0,0.0,1.8,0.0,29.0,1,1,1,1,1048,756,51,645,983,898,1195,1,961,536,1,657,1103,848,1,20:01
2022-23,1627749,Dejounte Murray,Dejounte,1610612737,ATL,Atlanta Hawks,0042200114,2023-04-23T00:00:00,ATL vs. BOS,L,39.833333333333336,0.0,1.8,1.8,5.4,9.0,9.9,16.3,43.4,0.9,0.9,3.6,0.9,41.4,1,857,857,857,201,756,612,580,776,725,943,1462,337,477,1234,1165,1088,357,1,39:50
2022-23,203944,Julius Randle,Julius,1610612752,NYK,New York Knicks,0042200134,2023-04-23T00:00:00,NYK vs. CLE,W,27.3,0.0,0.0,0.0,5.3,9.2,6.6,9.2,44.8,1.3,0.0,1.3,2.6,17.0,1,1,1,1,769,756,687,645,798,742,621,937,281,332,1,544,679,1368,1,27:18
2022-23,1630193,Immanuel Quickley,Immanuel,1610612752,NYK,New York Knicks,0042200134,2023-04-23T00:00:00,NYK vs. CLE,W,19.241666666666667,0.0,0.0,0.0,0.0,7.5,13.1,0.0,26.2,0.0,0.0,1.9,3.7,7.3,1,1,1,1,1074,756,687,645,1176,592,1245,1,1329,536,1,685,471,1559,1,19:15
2022-23,1628392,Isaiah Hartenstein,Isaiah,1610612752,NYK,New York Knicks,0042200134,2023-04-23T00:00:00,NYK vs. CLE,W,20.633333333333333,0.0,0.0,0.0,0.0,7.0,12.2,0.0,34.9,3.5,0.0,8.7,5.2,41.2,1,1,1,1,1027,756,687,645,1176,542,1156,1,797,69,1,1647,248,365,1,20:38
2022-23,1626149,Montrezl Harrell,Montrezl,1610612755,PHI,Philadelphia 76ers,0042200124,2023-04-22T00:00:00,PHI @ BKN,W,4.866666666666666,0.0,0.0,0.0,0.0,14.8,0.0,0.0,0.0,0.0,0.0,0.0,0.0,8.9,1,1,1,1,1485,756,687,645,1176,1230,1,1,1634,536,1,1,1103,1544,1,4:52
2022-23,1628975,Jevon Carter,Jevon,1610612749,MIL,Milwaukee Bucks,0042200103,2023-04-22T00:00:00,MIL @ MIA,L,12.39,0.0,0.0,0.0,0.0,17.4,5.8,2.9,34.9,0.0,0.0,0.0,0.0,8.7,1,857,857,857,1287,756,687,645,1176,1420,527,370,803,536,1,1,1103,1547,1,12:23
2022-23,1629013,Landry Shamet,Landry,1610612756,PHX,Phoenix Suns,0042200174,2023-04-22T00:00:00,PHX @ LAC,W,4.843333333333334,0.0,0.0,0.0,0.0,14.9,22.3,14.9,44.6,0.0,0.0,7.4,0.0,8.9,1,1,1,1,1486,756,687,645,1176,1235,1618,1391,294,536,1,1606,1103,1541,1,4:51
2022-23,1629667,Jalen McDaniels,Jalen,1610612755,PHI,Philadelphia 76ers,0042200124,2023-04-22T00:00:00,PHI @ BKN,W,14.983333333333333,4.8,4.8,0.0,4.8,4.8,4.8,7.2,28.8,0.0,0.0,0.0,0.0,13.0,1,1,1,1,1202,256,219,645,856,385,437,710,1178,536,1,1,1103,1459,1,14:59
2022-23,1629117,Wenyen Gabriel,Wenyen,1610612747,LAL,Los Angeles Lakers,0042200153,2023-04-22T00:00:00,LAL vs. MEM,W,1.1833333333333333,0.0,0.0,0.0,0.0,0.0,0.0,0.0,0.0,0.0,0.0,0.0,0.0,0.0,1,1,1,1,1656,756,687,645,1176,1,1,1,1634,536,1,1,1103,1601,1,1:11
2022-23,1626220,Royce O'Neale,Royce,1610612751,BKN,Brooklyn Nets,0042200124,2023-04-22T00:00:00,BKN vs. PHI,L,24.626666666666665,0.0,0.0,4.4,0.0,5.8,14.6,2.9,26.3,0.0,0.0,1.5,1.5,21.1,1,857,857,857,877,756,687,238,1176,448,1361,372,1322,536,1,564,945,1216,1,24:38
2022-23,1630538,Bones Hyland,Bones,1610612746,LAC,LA Clippers,0042200174,2023-04-22T00:00:00,LAC vs. PHX,L,18.3,0.0,3.9,0.0,0.0,3.9,5.9,3.9,31.5,0.0,0.0,2.0,2.0,19.7,1,857,857,857,1102,756,293,645,1176,330,537,440,1027,536,1,715,823,1277,1,18:18
2022-23,1629216,Gabe Vincent,Gabe,1610612748,MIA,Miami Heat,0042200103,2023-04-22T00:00:00,MIA vs. MIL,W,17.8,0.0,0.0,0.0,4.0,10.1,0.0,10.1,36.4,0.0,2.0,4.0,2.0,12.5,1,1,1,1,1114,756,687,645,925,829,1,1019,697,536,1579,1255,809,1470,1,17:48
2022-23,203648,Thanasis Antetokounmpo,Thanasis,1610612749,MIL,Milwaukee Bucks,0042200103,2023-04-22T00:00:00,MIL @ MIA,L,3.933333333333333,0.0,0.0,0.0,0.0,0.0,18.3,0.0,18.3,0.0,0.0,0.0,0.0,0.0,1,857,857,857,1523,756,687,645,1176,1,1531,1,1562,536,1,1,1103,1601,1,3:56
2022-23,204060,Joe Ingles,Joe,1610612749,MIL,Milwaukee Bucks,0042200103,2023-04-22T00:00:00,MIL @ MIA,L,22.381666666666668,0.0,0.0,0.0,3.2,9.7,3.2,9.7,45.0,1.6,0.0,1.6,3.2,10.5,1,857,857,857,959,756,687,645,1029,787,311,977,274,280,1,587,554,1521,1,22:23
2022-23,201587,Nicolas Batum,Nicolas,1610612746,LAC,LA Clippers,0042200174,2023-04-22T00:00:00,LAC vs. PHX,L,5.6,0.0,0.0,0.0,0.0,45.0,0.0,32.1,51.4,0.0,0.0,12.9,0.0,0.0,1,857,857,857,1464,756,687,645,1176,1714,1,1695,112,536,1,1693,1103,1601,1,5:36
2022-23,2617,Udonis Haslem,Udonis,1610612748,MIA,Miami Heat,0042200103,2023-04-22T00:00:00,MIA vs. MIL,W,2.466666666666667,0.0,0.0,0.0,0.0,29.2,0.0,43.8,29.2,0.0,0.0,0.0,0.0,17.5,1,1,1,1,1610,756,687,645,1176,1666,1,1710,1155,536,1,1,1103,1349,1,2:28
2022-23,1626145,Tyus Jones,Tyus,1610612763,MEM,Memphis Grizzlies,0042200153,2023-04-22T00:00:00,MEM @ LAL,L,16.53,0.0,0.0,0.0,0.0,17.4,15.2,17.4,43.6,0.0,0.0,0.0,0.0,15.9,1,857,857,857,1152,756,687,645,1176,1419,1402,1505,330,536,1,1,1103,1393,1,16:32
2022-23,1627814,Damion Lee,Damion,1610612756,PHX,Phoenix Suns,0042200174,2023-04-22T00:00:00,PHX @ LAC,W,13.783333333333333,0.0,0.0,0.0,0.0,13.1,15.7,0.0,15.7,0.0,0.0,5.2,0.0,14.9,1,1,1,1,1243,756,687,645,1176,1087,1430,1,1602,536,1,1444,1103,1426,1,13:47
2022-23,200782,P.J. Tucker,P.J.,1610612755,PHI,Philadelphia 76ers,0042200124,2023-04-22T00:00:00,PHI @ BKN,W,29.456666666666667,0.0,3.7,0.0,0.0,8.6,9.8,12.2,29.3,0.0,0.0,4.9,2.4,18.7,1,1,1,1,681,756,322,645,1176,665,920,1189,1148,536,1,1401,718,1319,1,29:27
2022-23,201988,Patty Mills,Patty,1610612751,BKN,Brooklyn Nets,0042200124,2023-04-22T00:00:00,BKN vs. PHI,L,5.3,0.0,0.0,0.0,0.0,0.0,0.0,0.0,0.0,0.0,0.0,6.8,6.8,0.0,1,857,857,857,1471,756,687,645,1176,1,1,1,1634,536,1,1575,115,1601,1,5:18
2022-23,1626181,Norman Powell,Norman,1610612746,LAC,LA Clippers,0042200174,2023-04-22T00:00:00,LAC vs. PHX,L,36.7,2.9,2.0,0.0,3.9,14.7,13.7,14.7,35.3,0.0,2.9,4.9,3.9,19.9,1,857,857,857,363,477,574,645,939,1222,1297,1382,770,536,1663,1405,445,1266,1,36:42
2022-23,203552,Seth Curry,Seth,1610612751,BKN,Brooklyn Nets,0042200124,2023-04-22T00:00:00,BKN vs. PHI,L,21.51,3.3,3.3,0.0,3.3,21.8,15.1,11.7,46.9,0.0,0.0,0.0,0.0,18.6,1,857,857,857,1000,421,365,645,1011,1576,1391,1142,215,536,1,1,1103,1322,1,21:31
2022-23,1627777,Georges Niang,Georges,1610612755,PHI,Philadelphia 76ers,0042200124,2023-04-22T00:00:00,PHI @ BKN,W,9.943333333333333,7.2,7.2,0.0,14.5,7.2,7.2,10.9,29.0,0.0,0.0,0.0,0.0,19.9,1,1,1,1,1364,102,88,645,160,565,679,1081,1172,536,1,1,1103,1265,1,9:57
2022-23,201572,Brook Lopez,Brook,1610612749,MIL,Milwaukee Bucks,0042200103,2023-04-22T00:00:00,MIL @ MIA,L,29.916666666666668,2.4,0.0,0.0,4.8,22.9,13.2,16.8,40.9,1.2,0.0,1.2,0.0,20.0,1,857,857,857,654,570,687,645,854,1595,1256,1487,431,358,1,527,1103,1261,1,29:55
2022-23,203496,Robert Covington,Robert,1610612746,LAC,LA Clippers,0042200174,2023-04-22T00:00:00,LAC vs. PHX,L,8.333333333333334,0.0,0.0,0.0,0.0,0.0,13.0,8.6,8.6,0.0,0.0,8.6,0.0,18.1,1,857,857,857,1411,756,687,645,1176,1,1240,872,1627,536,1,1644,1103,1333,1,8:20
2022-23,1627736,Malik Beasley,Malik,1610612747,LAL,Los Angeles Lakers,0042200153,2023-04-22T00:00:00,LAL vs. MEM,W,13.421666666666667,0.0,0.0,0.0,0.0,0.0,16.1,16.1,37.6,0.0,0.0,2.7,0.0,6.4,1,1,1,1,1256,756,687,645,1176,1,1446,1455,624,536,1,906,1103,1567,1,13:25
2022-23,203925,Joe Harris,Joe,1610612751,BKN,Brooklyn Nets,0042200124,2023-04-22T00:00:00,BKN vs. PHI,L,13.356666666666667,0.0,0.0,0.0,5.4,16.2,10.8,5.4,21.6,0.0,0.0,8.1,2.7,17.2,1,857,857,857,1261,756,687,645,782,1335,1019,544,1473,536,1,1624,657,1359,1,13:21
2022-23,1630209,Omer Yurtseven,Omer,1610612748,MIA,Miami Heat,0042200103,2023-04-22T00:00:00,MIA vs. MIL,W,3.4166666666666665,0.0,0.0,0.0,0.0,21.1,21.1,31.6,42.1,0.0,0.0,0.0,0.0,15.8,1,1,1,1,1566,756,687,645,1176,1562,1603,1692,381,536,1,1,1103,1398,1,3:25
2022-23,203086,Meyers Leonard,Meyers,1610612749,MIL,Milwaukee Bucks,0042200103,2023-04-22T00:00:00,MIL @ MIA,L,3.933333333333333,0.0,0.0,0.0,0.0,0.0,18.3,0.0,18.3,0.0,0.0,0.0,0.0,11.0,1,857,857,857,1523,756,687,645,1176,1,1531,1,1562,536,1,1,1103,1511,1,3:56
2022-23,1631223,David Roddy,David,1610612763,MEM,Memphis Grizzlies,0042200153,2023-04-22T00:00:00,MEM @ LAL,L,13.416666666666666,0.0,0.0,5.4,5.4,26.8,10.7,26.8,48.3,0.0,0.0,2.7,0.0,15.6,1,857,857,857,1257,756,687,166,786,1651,1013,1669,172,536,1,907,1103,1403,1,13:25
2022-23,203469,Cody Zeller,Cody,1610612748,MIA,Miami Heat,0042200103,2023-04-22T00:00:00,MIA vs. MIL,W,7.416666666666667,0.0,0.0,0.0,0.0,29.1,19.4,14.6,48.5,0.0,0.0,0.0,0.0,20.4,1,1,1,1,1432,756,687,645,1176,1665,1569,1374,166,536,1,1,1103,1243,1,7:25
2022-23,1630178,Tyrese Maxey,Tyrese,1610612755,PHI,Philadelphia 76ers,0042200124,2023-04-22T00:00:00,PHI @ BKN,W,39.18333333333333,6.4,0.0,4.6,7.4,14.7,3.7,7.4,31.2,0.0,1.8,2.8,1.8,27.7,1,1,1,1,231,131,687,219,590,1220,341,729,1035,536,1549,930,858,907,1,39:11
2022-23,202710,Jimmy Butler III,Jimmy,1610612748,MIA,Miami Heat,0042200103,2023-04-22T00:00:00,MIA vs. MIL,W,28.183333333333334,6.4,3.8,5.1,17.9,7.7,3.8,12.8,28.1,0.0,1.3,2.6,2.6,58.8,1,1,1,1,730,136,301,183,77,606,353,1244,1228,536,1418,856,694,54,1,28:11
2022-23,1626164,Devin Booker,Devin,1610612756,PHX,Phoenix Suns,0042200174,2023-04-22T00:00:00,PHX @ LAC,W,41.45,0.0,2.6,1.7,10.4,16.5,15.6,12.2,41.7,0.0,0.0,0.9,5.2,48.9,1,1,1,1,127,756,461,602,355,1356,1427,1186,394,536,1,424,252,170,1,41:27
2022-23,1630583,Santi Aldama,Santi,1610612763,MEM,Memphis Grizzlies,0042200153,2023-04-22T00:00:00,MEM @ LAL,L,11.283333333333333,0.0,9.6,0.0,0.0,25.5,25.5,19.1,63.8,0.0,0.0,9.6,6.4,23.6,1,857,857,857,1329,756,44,645,1176,1639,1662,1564,37,536,1,1661,141,1105,1,11:17
2022-23,201569,Eric Gordon,Eric,1610612746,LAC,LA Clippers,0042200174,2023-04-22T00:00:00,LAC vs. PHX,L,32.05,0.0,3.4,3.4,4.5,6.7,15.7,6.7,35.9,1.1,0.0,0.0,0.0,24.0,1,857,857,857,556,756,360,354,886,520,1431,648,729,387,1,1,1103,1090,1,32:03
2022-23,203114,Khris Middleton,Khris,1610612749,MIL,Milwaukee Bucks,0042200103,2023-04-22T00:00:00,MIL @ MIA,L,33.995,3.2,0.0,2.1,8.5,16.9,9.5,19.1,38.1,0.0,1.1,3.2,6.4,41.3,1,857,857,857,472,443,687,525,503,1391,891,1562,586,536,1333,1060,145,363,1,33:60
2022-23,201935,James Harden,James,1610612755,PHI,Philadelphia 76ers,0042200124,2023-04-22T00:00:00,PHI @ BKN,W,40.36666666666667,1.8,0.0,1.8,3.6,12.5,8.9,12.5,28.5,0.9,1.8,2.7,4.5,41.1,1,1,1,1,173,683,687,587,986,1045,832,1217,1202,481,1538,902,355,366,1,40:22
2022-23,1628969,Mikal Bridges,Mikal,1610612751,BKN,Brooklyn Nets,0042200124,2023-04-22T00:00:00,BKN vs. PHI,L,38.69,2.8,0.0,0.0,3.7,8.4,19.5,4.7,33.5,0.0,0.9,1.9,2.8,24.7,1,857,857,857,262,504,687,645,964,652,1572,484,887,536,1260,682,640,1064,1,38:41
2022-23,1628470,Torrey Craig,Torrey,1610612756,PHX,Phoenix Suns,0042200174,2023-04-22T00:00:00,PHX @ LAC,W,24.74,2.9,2.9,2.9,8.7,20.4,11.6,17.5,49.5,1.5,0.0,2.9,0.0,24.7,1,1,1,1,871,483,420,414,477,1544,1109,1507,142,307,1,995,1103,1060,1,24:44
2022-23,1630699,MarJon Beauchamp,MarJon,1610612749,MIL,Milwaukee Bucks,0042200103,2023-04-22T00:00:00,MIL @ MIA,L,3.933333333333333,0.0,0.0,27.5,0.0,0.0,18.3,0.0,18.3,0.0,0.0,0.0,9.2,56.7,1,857,857,857,1523,756,687,3,1176,1,1531,1,1562,536,1,1,39,67,1,3:56
2022-23,201567,Kevin Love,Kevin,1610612748,MIA,Miami Heat,0042200103,2023-04-22T00:00:00,MIA vs. MIL,W,20.571666666666665,0.0,0.0,0.0,0.0,5.2,0.0,12.2,31.5,1.7,0.0,0.0,0.0,40.9,1,1,1,1,1033,756,687,645,1176,416,1,1192,1025,243,1,1,1103,370,1,20:34
2022-23,1628972,Troy Brown Jr.,Troy,1610612747,LAL,Los Angeles Lakers,0042200153,2023-04-22T00:00:00,LAL vs. MEM,W,16.816666666666666,0.0,0.0,0.0,4.3,4.3,12.8,8.6,47.1,2.1,0.0,2.1,0.0,24.8,1,1,1,1,1142,756,687,645,907,348,1222,867,207,172,1,754,1103,1052,1,16:49
2022-23,202699,Tobias Harris,Tobias,1610612755,PHI,Philadelphia 76ers,0042200124,2023-04-22T00:00:00,PHI @ BKN,W,37.38333333333333,1.9,5.8,0.0,15.4,13.5,7.7,10.6,30.8,1.0,0.0,1.9,2.9,45.2,1,1,1,1,332,648,151,645,125,1124,717,1055,1067,439,1,705,616,263,1,37:23
2022-23,1629006,Josh Okogie,Josh,1610612756,PHX,Phoenix Suns,0042200174,2023-04-22T00:00:00,PHX @ LAC,W,24.598333333333333,2.9,0.0,8.8,5.9,11.7,20.5,2.9,29.3,1.5,0.0,2.9,2.9,25.0,1,1,1,1,880,479,687,36,732,970,1593,373,1151,304,1,1002,609,1040,1,24:36
2022-23,203471,Dennis Schröder,Dennis,1610612747,LAL,Los Angeles Lakers,0042200153,2023-04-22T00:00:00,LAL vs. MEM,W,23.983333333333334,3.0,0.0,0.0,3.0,10.5,9.0,10.5,36.0,0.0,0.0,1.5,0.0,25.1,1,1,1,1,898,466,687,645,1045,868,837,1049,719,536,1,570,1103,1038,1,23:59
2022-23,1630559,Austin Reaves,Austin,1610612747,LAL,Los Angeles Lakers,0042200153,2023-04-22T00:00:00,LAL vs. MEM,W,35.416666666666664,2.0,6.1,0.0,8.1,14.2,6.1,15.2,32.5,0.0,1.0,2.0,5.1,25.6,1,1,1,1,426,628,136,645,528,1188,565,1410,949,536,1314,729,270,1018,1,35:25
2022-23,202694,Marcus Morris Sr.,Marcus,1610612746,LAC,LA Clippers,0042200174,2023-04-22T00:00:00,LAC vs. PHX,L,24.7,7.3,0.0,4.4,2.9,18.9,17.5,16.0,37.9,1.5,1.5,2.9,2.9,25.7,1,857,857,857,872,99,687,241,1055,1496,1498,1450,599,306,1459,997,612,1017,1,24:42
2022-23,1630194,Paul Reed,Paul,1610612755,PHI,Philadelphia 76ers,0042200124,2023-04-22T00:00:00,PHI @ BKN,W,31.916666666666668,0.0,2.3,0.0,11.3,15.8,9.0,12.4,33.8,1.1,2.3,3.4,0.0,40.6,1,1,1,1,564,756,525,645,309,1309,839,1208,867,383,1608,1104,1103,380,1,31:55
2022-23,201142,Kevin Durant,Kevin,1610612756,PHX,Phoenix Suns,0042200174,2023-04-22T00:00:00,PHX @ LAC,W,44.55,5.7,1.6,2.4,3.2,15.4,14.5,11.3,37.2,0.0,1.6,2.4,6.5,40.6,1,1,1,1,25,181,660,475,1027,1280,1358,1114,639,536,1489,814,137,382,1,44:33
2022-23,200768,Kyle Lowry,Kyle,1610612748,MIA,Miami Heat,0042200103,2023-04-22T00:00:00,MIA vs. MIL,W,27.561666666666667,0.0,0.0,0.0,2.6,10.4,9.1,6.5,20.9,1.3,1.3,2.6,3.9,33.6,1,1,1,1,760,756,687,645,1087,866,856,631,1493,333,1426,882,446,650,1,27:34
2022-23,1629001,De'Anthony Melton,De'Anthony,1610612755,PHI,Philadelphia 76ers,0042200124,2023-04-22T00:00:00,PHI @ BKN,W,27.816666666666666,0.0,12.9,0.0,2.6,11.6,5.2,9.1,31.1,0.0,0.0,1.3,1.3,26.4,1,1,1,1,747,756,19,645,1090,967,470,916,1046,536,1,539,997,977,1,27:49
2022-23,1627826,Ivica Zubac,Ivica,1610612746,LAC,LA Clippers,0042200174,2023-04-22T00:00:00,LAC vs. PHX,L,24.416666666666668,2.9,2.9,2.9,5.9,8.8,17.7,11.8,38.3,0.0,1.5,1.5,2.9,27.0,1,857,857,857,884,476,418,408,729,707,1505,1150,575,536,1463,566,606,946,1,24:25
2022-23,1629661,Cameron Johnson,Cameron,1610612751,BKN,Brooklyn Nets,0042200124,2023-04-22T00:00:00,BKN vs. PHI,L,39.93333333333333,1.8,0.0,3.6,5.4,11.7,19.8,6.3,39.7,0.0,1.8,0.9,5.4,27.0,1,857,857,857,194,680,687,321,779,972,1577,619,493,536,1541,435,230,942,1,39:56
2022-23,1629020,Jarred Vanderbilt,Jarred,1610612747,LAL,Los Angeles Lakers,0042200153,2023-04-22T00:00:00,LAL vs. MEM,W,21.245,0.0,0.0,0.0,0.0,11.9,8.5,16.9,23.7,5.1,0.0,8.5,1.7,27.5,1,1,1,1,1011,756,687,645,1176,980,786,1492,1416,29,1,1639,897,925,1,21:15
2022-23,201950,Jrue Holiday,Jrue,1610612749,MIL,Milwaukee Bucks,0042200103,2023-04-22T00:00:00,MIL @ MIA,L,35.9,0.0,2.0,3.0,8.0,18.1,11.0,17.0,36.1,1.0,2.0,1.0,5.0,27.6,1,857,857,857,407,756,565,403,537,1447,1047,1496,713,417,1576,470,280,913,1,35:54
2022-23,1628960,Grayson Allen,Grayson,1610612749,MIL,Milwaukee Bucks,0042200103,2023-04-22T00:00:00,MIL @ MIA,L,27.116666666666667,0.0,0.0,2.7,2.7,21.2,11.9,23.9,37.2,0.0,1.3,1.3,1.3,27.6,1,857,857,857,775,756,687,445,1084,1565,1139,1646,638,536,1429,546,984,911,1,27:07
2022-23,1630217,Desmond Bane,Desmond,1610612763,MEM,Memphis Grizzlies,0042200153,2023-04-22T00:00:00,MEM @ LAL,L,32.88333333333333,2.2,2.2,3.3,6.6,19.7,14.2,10.9,39.4,0.0,0.0,3.3,0.0,28.5,1,857,857,857,519,604,535,369,669,1521,1336,1086,512,536,1,1082,1103,876,1,32:53
2022-23,101108,Chris Paul,Chris,1610612756,PHX,Phoenix Suns,0042200174,2023-04-22T00:00:00,PHX @ LAC,W,38.035,3.8,1.9,0.0,3.8,16.1,12.3,11.4,37.9,2.8,2.8,0.0,2.8,52.3,1,1,1,1,295,360,593,645,956,1332,1170,1121,604,112,1659,1,629,115,1,38:02
2022-23,203109,Jae Crowder,Jae,1610612749,MIL,Milwaukee Bucks,0042200103,2023-04-22T00:00:00,MIL @ MIA,L,13.445,8.0,0.0,0.0,10.7,13.4,10.7,0.0,32.1,0.0,0.0,0.0,2.7,28.7,1,857,857,857,1253,70,687,645,340,1122,1012,1,985,536,1,1,665,865,1,13:27
2022-23,203506,Victor Oladipo,Victor,1610612748,MIA,Miami Heat,0042200103,2023-04-22T00:00:00,MIA vs. MIL,W,19.105,7.5,0.0,7.5,15.1,9.4,7.5,3.8,26.4,1.9,0.0,5.7,1.9,39.4,1,1,1,1,1081,89,687,63,138,762,707,433,1317,210,1,1493,848,419,1,19:06
2022-23,203915,Spencer Dinwiddie,Spencer,1610612751,BKN,Brooklyn Nets,0042200124,2023-04-22T00:00:00,BKN vs. PHI,L,39.53666666666667,0.0,0.0,1.8,7.3,11.8,22.8,4.6,36.4,0.9,0.0,2.7,1.8,28.8,1,857,857,857,213,756,687,576,596,978,1629,477,696,471,1,924,866,858,1,39:32
2022-23,1628389,Bam Adebayo,Bam,1610612748,MIA,Miami Heat,0042200103,2023-04-22T00:00:00,MIA vs. MIL,W,30.128333333333334,0.0,4.8,2.4,7.2,7.2,6.0,9.6,19.1,1.2,0.0,4.8,6.0,46.2,1,1,1,1,640,756,222,482,608,560,547,965,1539,363,1,1379,178,233,1,30:08
2022-23,1629028,Deandre Ayton,Deandre,1610612756,PHX,Phoenix Suns,0042200174,2023-04-22T00:00:00,PHX @ LAC,W,35.91833333333334,0.0,5.0,0.0,14.0,14.0,15.0,12.0,44.1,2.0,0.0,2.0,2.0,39.2,1,1,1,1,406,756,200,645,172,1173,1387,1170,319,191,1,724,812,433,1,35:55
2022-23,1627827,Dorian Finney-Smith,Dorian,1610612751,BKN,Brooklyn Nets,0042200124,2023-04-22T00:00:00,BKN vs. PHI,L,19.133333333333333,9.4,0.0,3.8,3.8,11.3,16.9,3.8,41.4,1.9,0.0,1.9,0.0,29.5,1,857,857,857,1079,48,687,299,959,942,1478,431,415,211,1,691,1103,833,1,19:08
2022-23,1630214,Xavier Tillman,Xavier,1610612763,MEM,Memphis Grizzlies,0042200153,2023-04-22T00:00:00,MEM @ LAL,L,39.38333333333333,0.0,0.0,1.8,5.5,19.2,13.7,12.8,43.9,1.8,0.9,2.7,0.0,29.6,1,857,857,857,219,756,687,573,772,1506,1295,1245,323,226,1239,927,1103,829,1,39:23
2022-23,201566,Russell Westbrook,Russell,1610612746,LAC,LA Clippers,0042200174,2023-04-22T00:00:00,LAC vs. PHX,L,40.45,6.2,3.6,3.6,23.1,7.1,15.1,8.9,33.8,0.9,0.9,2.7,1.8,46.5,1,857,857,857,169,142,335,326,24,553,1395,895,868,484,1223,899,881,226,1,40:27
2022-23,1629003,Shake Milton,Shake,1610612755,PHI,Philadelphia 76ers,0042200124,2023-04-22T00:00:00,PHI @ BKN,W,4.083333333333333,0.0,0.0,0.0,0.0,0.0,35.3,26.4,35.3,0.0,0.0,26.4,8.8,38.8,1,1,1,1,1518,756,687,645,1176,1,1703,1666,773,536,1,1726,52,445,1,4:05
2022-23,2544,LeBron James,LeBron,1610612747,LAL,Los Angeles Lakers,0042200153,2023-04-22T00:00:00,LAL vs. MEM,W,36.0,11.0,5.0,6.0,16.0,14.0,9.0,17.0,32.0,1.0,1.0,3.0,5.0,46.3,1,1,1,1,395,30,201,123,111,1169,836,1494,998,420,1305,1019,282,231,1,36:00
2022-23,1629060,Rui Hachimura,Rui,1610612747,LAL,Los Angeles Lakers,0042200153,2023-04-22T00:00:00,LAL vs. MEM,W,22.1,8.1,3.3,6.5,13.0,3.3,14.7,3.3,35.8,0.0,0.0,1.6,1.6,37.5,1,1,1,1,973,67,381,99,211,296,1363,386,738,536,1,598,916,487,1,22:06
2022-23,1626156,D'Angelo Russell,D'Angelo,1610612747,LAL,Los Angeles Lakers,0042200153,2023-04-22T00:00:00,LAL vs. MEM,W,31.183333333333334,2.3,0.0,2.3,6.9,13.9,8.1,17.3,23.1,0.0,0.0,1.2,4.6,38.4,1,1,1,1,596,586,687,496,633,1153,758,1502,1433,536,1,511,338,459,1,31:11
2022-23,203486,Mason Plumlee,Mason,1610612746,LAC,LA Clippers,0042200174,2023-04-22T00:00:00,LAC vs. PHX,L,19.416666666666668,3.7,3.7,3.7,11.1,13.0,5.6,13.0,33.4,1.9,1.9,5.6,3.7,38.4,1,857,857,857,1068,372,317,309,314,1083,498,1264,894,220,1553,1481,478,462,1,19:25
2022-23,201609,Goran Dragic,Goran,1610612749,MIL,Milwaukee Bucks,0042200103,2023-04-22T00:00:00,MIL @ MIA,L,3.933333333333333,0.0,18.3,0.0,0.0,0.0,18.3,0.0,18.3,0.0,0.0,0.0,9.2,32.0,1,857,857,857,1523,756,6,645,1176,1,1531,1,1562,536,1,1,39,724,1,3:56
2022-23,1629611,Terance Mann,Terance,1610612746,LAC,LA Clippers,0042200174,2023-04-22T00:00:00,LAC vs. PHX,L,30.033333333333335,2.4,6.0,0.0,4.8,13.2,8.4,10.8,33.6,1.2,1.2,3.6,1.2,31.6,1,857,857,857,646,572,144,645,858,1102,777,1074,883,361,1390,1157,1018,738,1,30:02
2022-23,1629723,John Konchar,John,1610612763,MEM,Memphis Grizzlies,0042200153,2023-04-22T00:00:00,MEM @ LAL,L,8.871666666666666,0.0,0.0,0.0,0.0,16.2,0.0,8.1,48.7,0.0,0.0,8.1,0.0,31.7,1,857,857,857,1395,756,687,645,1176,1338,1,812,162,536,1,1626,1103,737,1,8:52
2022-23,1629130,Duncan Robinson,Duncan,1610612748,MIA,Miami Heat,0042200103,2023-04-22T00:00:00,MIA vs. MIL,W,23.55,7.6,0.0,4.6,6.1,4.6,6.1,7.6,18.3,0.0,0.0,0.0,0.0,37.6,1,1,1,1,916,84,687,220,702,366,568,758,1558,536,1,1,1103,480,1,23:33
2022-23,1626192,Pat Connaughton,Pat,1610612749,MIL,Milwaukee Bucks,0042200103,2023-04-22T00:00:00,MIL @ MIA,L,25.966666666666665,4.2,4.2,4.2,2.8,15.3,8.3,4.2,33.3,0.0,0.0,2.8,0.0,35.9,1,857,857,857,820,320,270,265,1072,1266,770,451,905,536,1,941,1103,544,1,25:58
2022-23,1629622,Max Strus,Max,1610612748,MIA,Miami Heat,0042200103,2023-04-22T00:00:00,MIA vs. MIL,W,23.266666666666666,9.3,0.0,6.2,9.3,12.4,7.7,12.4,30.9,0.0,0.0,0.0,0.0,23.2,1,1,1,1,930,49,687,111,429,1030,723,1205,1055,536,1,1,1103,1122,1,23:16
2022-23,202687,Bismack Biyombo,Bismack,1610612756,PHX,Phoenix Suns,0042200174,2023-04-22T00:00:00,PHX @ LAC,W,12.081666666666667,0.0,8.9,6.0,6.0,20.9,14.9,6.0,17.9,3.0,0.0,3.0,3.0,22.0,1,1,1,1,1297,756,52,128,721,1557,1377,584,1573,103,1,1015,600,1175,1,12:05
2022-23,1628415,Dillon Brooks,Dillon,1610612763,MEM,Memphis Grizzlies,0042200153,2023-04-22T00:00:00,MEM @ LAL,L,19.166666666666668,0.0,0.0,3.8,7.5,26.3,11.3,11.3,48.8,0.0,3.8,3.8,1.9,21.4,1,857,857,857,1077,756,687,300,576,1645,1073,1109,158,536,1700,1201,849,1205,1,19:10
2022-23,1628991,Jaren Jackson Jr.,Jaren,1610612763,MEM,Memphis Grizzlies,0042200153,2023-04-22T00:00:00,MEM @ LAL,L,31.65,2.3,4.5,0.0,6.8,18.2,12.5,13.6,38.7,0.0,3.4,4.5,4.5,21.6,1,857,857,857,574,591,242,645,646,1462,1186,1314,556,536,1688,1336,346,1196,1,31:39
2022-23,1628379,Luke Kennard,Luke,1610612763,MEM,Memphis Grizzlies,0042200153,2023-04-22T00:00:00,MEM @ LAL,L,25.311666666666667,0.0,2.8,0.0,5.7,15.6,8.5,14.2,39.8,0.0,0.0,2.8,0.0,21.5,1,857,857,857,854,756,431,645,750,1304,792,1348,485,536,1,970,1103,1203,1,25:19
2022-23,1629651,Nic Claxton,Nic,1610612751,BKN,Brooklyn Nets,0042200124,2023-04-22T00:00:00,BKN vs. PHI,L,37.913333333333334,3.8,7.6,2.8,15.2,10.4,23.7,4.7,32.3,3.8,0.0,1.9,4.7,42.6,1,857,857,857,303,359,78,419,134,865,1646,490,975,57,1,697,318,312,1,37:55
2022-23,1629312,Haywood Highsmith,Haywood,1610612748,MIA,Miami Heat,0042200103,2023-04-22T00:00:00,MIA vs. MIL,W,3.933333333333333,0.0,0.0,0.0,18.3,18.3,18.3,27.5,36.6,0.0,0.0,9.2,0.0,47.6,1,1,1,1,1523,756,687,645,66,1465,1531,1673,678,536,1,1654,1103,197,1,3:56
2022-23,1629630,Ja Morant,Ja,1610612763,MEM,Memphis Grizzlies,0042200153,2023-04-22T00:00:00,MEM @ LAL,L,41.50333333333333,8.7,1.7,8.7,12.1,17.3,13.0,10.4,41.6,0.0,1.7,1.7,9.5,62.7,1,857,857,857,125,61,634,39,263,1414,1243,1043,401,536,1524,632,31,37,1,41:30
2022-23,1628997,Caleb Martin,Caleb,1610612748,MIA,Miami Heat,0042200103,2023-04-22T00:00:00,MIA vs. MIL,W,32.6,1.1,6.6,1.1,4.4,9.9,9.9,3.3,26.5,0.0,0.0,4.4,3.3,35.6,1,1,1,1,534,736,111,635,896,816,941,397,1311,536,1,1316,540,564,1,32:36
2022-23,1626171,Bobby Portis,Bobby,1610612749,MIL,Milwaukee Bucks,0042200103,2023-04-22T00:00:00,MIL @ MIA,L,23.155,3.1,3.1,0.0,9.3,12.4,4.7,20.2,34.2,0.0,0.0,9.3,1.6,42.8,1,857,857,857,936,451,398,645,426,1040,428,1595,837,536,1,1657,929,309,1,23:09
2022-23,203076,Anthony Davis,Anthony,1610612747,LAL,Los Angeles Lakers,0042200153,2023-04-22T00:00:00,LAL vs. MEM,W,38.65,3.7,3.7,5.6,14.9,11.2,10.2,17.7,27.9,2.8,0.0,2.8,5.6,61.8,1,1,1,1,266,370,315,148,146,931,972,1516,1244,115,1,949,211,43,1,38:39
2022-23,1628386,Jarrett Allen,Jarrett,1610612739,CLE,Cleveland Cavaliers,0042200133,2023-04-21T00:00:00,CLE @ NYK,L,36.888333333333335,0.0,2.0,0.0,5.9,20.5,12.7,12.7,42.9,2.0,0.0,0.0,2.0,19.0,1,857,857,857,358,756,576,645,731,1550,1204,1243,355,198,1,1,827,1304,1,36:53
2022-23,1627763,Malcolm Brogdon,Malcolm,1610612738,BOS,Boston Celtics,0042200113,2023-04-21T00:00:00,BOS @ ATL,L,28.516666666666666,6.3,0.0,2.5,7.6,13.9,10.1,12.6,45.4,0.0,1.3,1.3,1.3,29.9,1,857,857,857,716,140,687,467,571,1160,954,1236,263,536,1412,534,1002,810,1,28:31
2022-23,1630205,Lamar Stevens,Lamar,1610612739,CLE,Cleveland Cavaliers,0042200133,2023-04-21T00:00:00,CLE @ NYK,L,3.683333333333333,0.0,0.0,0.0,0.0,29.3,9.8,0.0,19.5,0.0,0.0,0.0,9.8,54.7,1,857,857,857,1553,756,687,645,1176,1668,916,1,1522,536,1,1,20,88,1,3:41
2022-23,1628404,Josh Hart,Josh,1610612752,NYK,New York Knicks,0042200133,2023-04-21T00:00:00,NYK vs. CLE,W,28.666666666666668,5.0,2.5,5.0,5.0,8.8,6.3,6.3,32.7,0.0,0.0,3.8,6.3,29.8,1,1,1,1,709,233,481,187,829,698,589,615,941,536,1,1206,152,823,1,28:40
2022-23,1630167,Obi Toppin,Obi,1610612752,NYK,New York Knicks,0042200133,2023-04-21T00:00:00,NYK vs. CLE,W,15.066666666666666,11.9,0.0,7.2,9.6,4.8,16.7,9.6,33.5,2.4,0.0,4.8,2.4,64.8,1,1,1,1,1199,26,687,79,413,384,1465,964,890,155,1,1378,731,32,1,15:04
2022-23,203937,Kyle Anderson,Kyle,1610612750,MIN,Minnesota Timberwolves,0042200143,2023-04-21T00:00:00,MIN vs. DEN,L,28.7,0.0,2.5,0.0,2.5,8.8,2.5,6.3,40.1,0.0,1.3,6.3,0.0,21.8,1,857,857,857,706,756,485,645,1101,695,280,614,468,536,1409,1541,1103,1189,1,28:42
2022-23,1626157,Karl-Anthony Towns,Karl-Anthony,1610612750,MIN,Minnesota Timberwolves,0042200143,2023-04-21T00:00:00,MIN vs. DEN,L,41.53333333333333,1.7,0.0,3.5,13.9,8.7,6.1,11.3,46.8,0.9,0.9,1.7,4.3,33.7,1,857,857,857,123,698,687,336,180,679,561,1108,216,500,1209,631,379,643,1,41:32
2022-23,201599,DeAndre Jordan,DeAndre,1610612743,DEN,Denver Nuggets,0042200143,2023-04-21T00:00:00,DEN @ MIN,W,0.4666666666666667,0.0,0.0,0.0,0.0,154.3,154.3,154.3,154.3,0.0,0.0,0.0,0.0,0.0,1,1,1,1,1710,756,687,645,1176,1726,1728,1728,1,536,1,1,1103,1601,1,0:28
2022-23,1627747,Caris LeVert,Caris,1610612739,CLE,Cleveland Cavaliers,0042200133,2023-04-21T00:00:00,CLE @ NYK,L,35.361666666666665,0.0,0.0,0.0,8.1,19.3,13.2,13.2,42.8,0.0,0.0,3.1,3.1,25.8,1,857,857,857,429,756,687,645,527,1513,1255,1279,364,536,1,1037,581,1011,1,35:22
2022-23,1629610,DaQuan Jeffries,DaQuan,1610612752,NYK,New York Knicks,0042200133,2023-04-21T00:00:00,NYK vs. CLE,W,3.683333333333333,0.0,0.0,0.0,0.0,0.0,19.5,19.5,39.1,0.0,0.0,19.5,9.8,0.0,1,1,1,1,1553,756,687,645,1176,1,1573,1576,535,536,1,1721,20,1601,1,3:41
2022-23,1626224,Cedi Osman,Cedi,1610612739,CLE,Cleveland Cavaliers,0042200133,2023-04-21T00:00:00,CLE @ NYK,L,16.171666666666667,0.0,0.0,0.0,0.0,22.3,0.0,13.4,57.9,0.0,0.0,2.2,2.2,12.0,1,857,857,857,1168,756,687,645,1176,1585,1,1289,63,536,1,772,764,1486,1,16:10
2022-23,201937,Ricky Rubio,Ricky,1610612739,CLE,Cleveland Cavaliers,0042200133,2023-04-21T00:00:00,CLE @ NYK,L,5.4,0.0,0.0,0.0,0.0,13.3,0.0,0.0,26.7,0.0,0.0,13.3,0.0,12.7,1,857,857,857,1469,756,687,645,1176,1115,1,1,1303,536,1,1697,1103,1466,1,5:24
2022-23,203526,Raul Neto,Raul,1610612739,CLE,Cleveland Cavaliers,0042200133,2023-04-21T00:00:00,CLE @ NYK,L,3.683333333333333,0.0,0.0,0.0,0.0,29.3,9.8,0.0,19.5,0.0,0.0,0.0,9.8,4.9,1,857,857,857,1553,756,687,645,1176,1668,916,1,1522,536,1,1,20,1579,1,3:41
2022-23,1627759,Jaylen Brown,Jaylen,1610612738,BOS,Boston Celtics,0042200113,2023-04-21T00:00:00,BOS @ ATL,L,33.31666666666667,7.6,0.0,3.2,13.0,10.8,24.9,7.6,38.9,0.0,1.1,5.4,1.1,28.9,1,857,857,857,499,88,687,375,217,899,1651,750,543,536,1347,1464,1047,852,1,33:19
2022-23,1630573,Sam Hauser,Sam,1610612738,BOS,Boston Celtics,0042200113,2023-04-21T00:00:00,BOS @ ATL,L,9.451666666666666,0.0,0.0,0.0,0.0,11.4,22.9,15.2,60.9,0.0,0.0,3.8,0.0,4.6,1,857,857,857,1377,756,687,645,1176,952,1633,1409,50,536,1,1213,1103,1582,1,9:27
2022-23,1628401,Derrick White,Derrick,1610612738,BOS,Boston Celtics,0042200113,2023-04-21T00:00:00,BOS @ ATL,L,30.133333333333333,0.0,0.0,0.0,0.0,8.4,17.9,8.4,33.5,0.0,1.2,6.0,3.6,26.8,1,857,857,857,638,756,687,645,1176,651,1512,839,890,536,1389,1519,503,957,1,30:08
2022-23,1630552,Jalen Johnson,Jalen,1610612737,ATL,Atlanta Hawks,0042200113,2023-04-21T00:00:00,ATL vs. BOS,W,13.25,5.4,0.0,5.4,5.4,32.6,19.0,8.2,16.3,0.0,0.0,2.7,2.7,46.7,1,1,1,1,1262,201,687,161,774,1693,1556,818,1597,536,1,919,653,217,1,13:15
2022-23,1628973,Jalen Brunson,Jalen,1610612752,NYK,New York Knicks,0042200133,2023-04-21T00:00:00,NYK vs. CLE,W,37.905,3.8,0.0,1.9,17.1,5.7,6.6,2.8,38.0,0.0,0.0,1.9,2.8,35.9,1,1,1,1,304,358,687,554,91,439,627,369,592,536,1,698,624,547,1,37:54
2022-23,201143,Al Horford,Al,1610612738,BOS,Boston Celtics,0042200113,2023-04-21T00:00:00,BOS @ ATL,L,28.516666666666666,0.0,0.0,0.0,2.5,8.8,15.1,8.8,37.9,0.0,0.0,1.3,1.3,21.8,1,857,857,857,716,756,687,645,1098,705,1396,886,603,536,1,534,1002,1187,1,28:31
2022-23,1627749,Dejounte Murray,Dejounte,1610612737,ATL,Atlanta Hawks,0042200113,2023-04-21T00:00:00,ATL vs. BOS,W,37.166666666666664,3.9,1.9,0.0,9.7,22.3,3.9,6.8,34.9,0.0,0.0,0.0,2.9,39.4,1,1,1,1,342,352,581,645,407,1586,357,653,802,536,1,1,613,418,1,37:10
2022-23,1629684,Grant Williams,Grant,1610612738,BOS,Boston Celtics,0042200113,2023-04-21T00:00:00,BOS @ ATL,L,17.698333333333334,4.1,4.1,0.0,0.0,16.3,18.3,8.1,48.8,0.0,0.0,4.1,6.1,45.6,1,857,857,857,1117,329,274,645,1176,1339,1537,814,159,536,1,1258,165,249,1,17:42
2022-23,1629628,RJ Barrett,RJ,1610612752,NYK,New York Knicks,0042200133,2023-04-21T00:00:00,NYK vs. CLE,W,30.746666666666666,8.2,0.0,7.0,11.7,9.4,7.0,5.9,37.5,0.0,0.0,4.7,1.2,39.9,1,1,1,1,615,65,687,82,290,755,666,575,630,536,1,1364,1024,405,1,30:45
2022-23,203085,Austin Rivers,Austin,1610612750,MIN,Minnesota Timberwolves,0042200143,2023-04-21T00:00:00,MIN vs. DEN,L,5.568333333333333,0.0,0.0,0.0,0.0,25.9,0.0,25.9,25.9,0.0,0.0,0.0,0.0,9.7,1,857,857,857,1466,756,687,645,1176,1640,1,1662,1348,536,1,1,1103,1533,1,5:34
2022-23,203932,Aaron Gordon,Aaron,1610612743,DEN,Denver Nuggets,0042200143,2023-04-21T00:00:00,DEN @ MIN,W,30.726666666666667,0.0,0.0,0.0,4.7,10.5,9.4,8.2,37.5,0.0,1.2,4.7,3.5,27.4,1,1,1,1,616,756,687,645,866,873,877,825,628,536,1378,1365,512,927,1,30:44
2022-23,1630193,Immanuel Quickley,Immanuel,1610612752,NYK,New York Knicks,0042200133,2023-04-21T00:00:00,NYK vs. CLE,W,23.153333333333332,3.1,4.7,0.0,6.2,4.7,10.9,3.1,28.0,0.0,0.0,0.0,3.1,22.1,1,1,1,1,937,450,229,645,693,375,1030,382,1239,536,1,1,569,1170,1,23:09
2022-23,201980,Danny Green,Danny,1610612739,CLE,Cleveland Cavaliers,0042200133,2023-04-21T00:00:00,CLE @ NYK,L,11.966666666666667,0.0,0.0,0.0,0.0,6.0,0.0,6.0,18.1,3.0,3.0,3.0,0.0,20.8,1,857,857,857,1308,756,687,645,1176,457,1,592,1568,98,1672,1027,1103,1231,1,11:58
2022-23,203484,Kentavious Caldwell-Pope,Kentavious,1610612743,DEN,Denver Nuggets,0042200143,2023-04-21T00:00:00,DEN @ MIN,W,28.5,2.5,3.8,6.3,2.5,8.8,5.1,15.2,45.5,1.3,1.3,6.3,1.3,27.7,1,1,1,1,718,548,307,106,1097,706,459,1407,260,341,1413,1544,1001,905,1,28:30
2022-23,1630168,Onyeka Okongwu,Onyeka,1610612737,ATL,Atlanta Hawks,0042200113,2023-04-21T00:00:00,ATL vs. BOS,W,23.323333333333334,0.0,0.0,0.0,6.2,24.7,10.8,4.6,24.7,4.6,0.0,7.7,0.0,28.6,1,1,1,1,928,756,687,645,699,1627,1022,482,1386,43,1,1614,1103,868,1,23:19
2022-23,203944,Julius Randle,Julius,1610612752,NYK,New York Knicks,0042200133,2023-04-21T00:00:00,NYK vs. CLE,W,32.93333333333333,3.3,3.3,0.0,2.2,6.6,4.4,3.3,37.2,0.0,1.1,2.2,2.2,28.5,1,1,1,1,515,434,380,645,1132,509,395,393,640,536,1352,764,778,870,1,32:56
2022-23,203991,Clint Capela,Clint,1610612737,ATL,Atlanta Hawks,0042200113,2023-04-21T00:00:00,ATL vs. BOS,W,24.676666666666666,0.0,5.8,2.9,14.6,19.0,2.9,10.2,35.0,0.0,0.0,2.9,1.5,36.8,1,1,1,1,873,756,150,413,157,1497,297,1029,790,536,1,999,947,514,1,24:41
2022-23,1629636,Darius Garland,Darius,1610612739,CLE,Cleveland Cavaliers,0042200133,2023-04-21T00:00:00,CLE @ NYK,L,32.733333333333334,3.3,2.2,0.0,6.6,25.3,14.3,12.1,48.4,0.0,2.2,2.2,1.1,28.5,1,857,857,857,529,428,532,645,665,1638,1339,1181,171,536,1602,766,1041,875,1,32:44
2022-23,1628392,Isaiah Hartenstein,Isaiah,1610612752,NYK,New York Knicks,0042200133,2023-04-21T00:00:00,NYK vs. CLE,W,17.571666666666665,6.1,2.0,0.0,12.3,4.1,10.2,8.2,28.7,2.0,0.0,2.0,2.0,46.1,1,1,1,1,1123,148,561,645,255,337,971,823,1191,182,1,732,801,235,1,17:34
2022-23,203935,Marcus Smart,Marcus,1610612738,BOS,Boston Celtics,0042200113,2023-04-21T00:00:00,BOS @ ATL,L,32.68333333333333,9.9,3.3,2.2,8.8,7.7,18.7,11.0,41.9,0.0,1.1,0.0,1.1,52.4,1,857,857,857,531,39,374,508,470,610,1552,1093,390,536,1355,1,1040,113,1,32:41
2022-23,1631128,Christian Braun,Christian,1610612743,DEN,Denver Nuggets,0042200143,2023-04-21T00:00:00,DEN @ MIN,W,13.953333333333333,5.2,0.0,10.3,15.5,23.2,15.5,5.2,25.8,0.0,0.0,5.2,0.0,28.4,1,1,1,1,1237,220,687,21,120,1601,1419,529,1351,536,1,1436,1103,881,1,13:57
2022-23,203497,Rudy Gobert,Rudy,1610612750,MIN,Minnesota Timberwolves,0042200143,2023-04-21T00:00:00,MIN vs. DEN,L,32.35,2.2,8.9,1.1,15.6,12.2,5.6,8.9,44.5,0.0,1.1,6.7,7.8,37.3,1,857,857,857,544,598,53,634,116,1017,499,896,297,536,1360,1570,79,495,1,32:21
2022-23,1629008,Michael Porter Jr.,Michael,1610612743,DEN,Denver Nuggets,0042200143,2023-04-21T00:00:00,DEN @ MIN,W,39.58,0.0,1.8,0.0,10.9,9.1,3.6,11.8,40.0,0.9,0.0,2.7,1.8,40.7,1,1,1,1,211,756,610,645,326,729,338,1153,473,472,1,923,867,377,1,39:35
2022-23,1630540,Miles McBride,Miles,1610612752,NYK,New York Knicks,0042200133,2023-04-21T00:00:00,NYK vs. CLE,W,3.9116666666666666,0.0,0.0,0.0,0.0,0.0,18.4,18.4,36.8,0.0,0.0,0.0,0.0,11.0,1,1,1,1,1533,756,687,645,1176,1,1546,1545,668,536,1,1,1103,1508,1,3:55
2022-23,203999,Nikola Jokić,Nikola,1610612743,DEN,Denver Nuggets,0042200143,2023-04-21T00:00:00,DEN @ MIN,W,38.04,1.9,1.9,0.0,13.2,9.5,3.8,11.4,37.9,0.0,0.0,3.8,4.7,47.5,1,1,1,1,293,660,595,645,199,765,351,1120,606,536,1,1208,320,201,1,38:02
2022-23,1627750,Jamal Murray,Jamal,1610612743,DEN,Denver Nuggets,0042200143,2023-04-21T00:00:00,DEN @ MIN,W,38.2,0.0,0.0,0.0,5.7,12.3,9.4,14.1,41.5,0.9,0.0,2.8,5.7,42.1,1,1,1,1,285,756,687,645,754,1018,880,1342,406,446,1,964,204,336,1,38:12
2022-23,1630180,Saddiq Bey,Saddiq,1610612737,ATL,Atlanta Hawks,0042200113,2023-04-21T00:00:00,ATL vs. BOS,W,26.716666666666665,4.0,6.7,4.0,5.4,18.9,9.4,4.0,29.6,0.0,0.0,0.0,1.3,35.8,1,1,1,1,792,332,106,279,783,1491,882,446,1133,536,1,1,978,549,1,26:43
2022-23,1628378,Donovan Mitchell,Donovan,1610612739,CLE,Cleveland Cavaliers,0042200133,2023-04-21T00:00:00,CLE @ NYK,L,37.961666666666666,4.7,0.9,2.8,13.3,18.0,12.3,12.3,39.8,0.0,1.9,2.8,3.8,35.9,1,857,857,857,300,264,681,420,198,1445,1173,1200,484,536,1562,971,465,539,1,37:58
2022-23,1629731,Dean Wade,Dean,1610612739,CLE,Cleveland Cavaliers,0042200133,2023-04-21T00:00:00,CLE @ NYK,L,3.683333333333333,0.0,0.0,0.0,0.0,29.3,9.8,0.0,19.5,0.0,0.0,0.0,9.8,23.5,1,857,857,857,1553,756,687,645,1176,1668,916,1,1522,536,1,1,20,1112,1,3:41
2022-23,1629011,Mitchell Robinson,Mitchell,1610612752,NYK,New York Knicks,0042200133,2023-04-21T00:00:00,NYK vs. CLE,W,30.428333333333335,0.0,3.5,0.0,7.1,7.1,7.1,3.5,40.2,2.4,2.4,0.0,2.4,37.7,1,1,1,1,624,756,339,645,619,551,670,417,466,160,1617,1,735,476,1,30:26
2022-23,201144,Mike Conley,Mike,1610612750,MIN,Minnesota Timberwolves,0042200143,2023-04-21T00:00:00,MIN vs. DEN,L,39.05,0.0,0.0,0.0,1.8,10.1,4.6,12.0,35.0,0.0,0.0,3.7,3.7,21.1,1,857,857,857,239,756,687,645,1158,834,422,1166,785,536,1,1186,482,1213,1,39:03
2022-23,1628381,John Collins,John,1610612737,ATL,Atlanta Hawks,0042200113,2023-04-21T00:00:00,ATL vs. BOS,W,20.616666666666667,0.0,8.7,0.0,3.5,22.7,3.5,12.2,31.4,0.0,0.0,3.5,1.7,23.6,1,1,1,1,1031,756,55,645,997,1593,328,1190,1029,536,1,1136,887,1108,1,20:37
2022-23,1629638,Nickeil Alexander-Walker,Nickeil,1610612750,MIN,Minnesota Timberwolves,0042200143,2023-04-21T00:00:00,MIN vs. DEN,L,21.55666666666667,5.0,0.0,0.0,3.3,3.3,3.3,8.4,46.8,0.0,0.0,3.3,0.0,19.9,1,857,857,857,999,234,687,645,1013,303,318,838,219,536,1,1098,1103,1269,1,21:33
2022-23,1629656,Quentin Grimes,Quentin,1610612752,NYK,New York Knicks,0042200133,2023-04-21T00:00:00,NYK vs. CLE,W,13.433333333333334,0.0,5.4,0.0,5.4,0.0,5.4,0.0,42.9,2.7,2.7,2.7,0.0,19.8,1,1,1,1,1255,756,175,645,787,1,486,1,358,126,1646,905,1103,1271,1,13:26
2022-23,201145,Jeff Green,Jeff,1610612743,DEN,Denver Nuggets,0042200143,2023-04-21T00:00:00,DEN @ MIN,W,26.766666666666666,4.0,0.0,0.0,5.4,14.8,8.1,12.1,40.3,0.0,0.0,2.7,5.4,22.1,1,1,1,1,788,333,687,645,785,1230,756,1183,455,536,1,911,232,1174,1,26:46
2022-23,1630596,Evan Mobley,Evan,1610612739,CLE,Cleveland Cavaliers,0042200133,2023-04-21T00:00:00,CLE @ NYK,L,36.51166666666666,0.0,3.9,0.0,9.9,20.7,12.8,14.8,43.4,1.0,0.0,3.0,0.0,23.2,1,857,857,857,371,756,290,645,390,1556,1219,1386,336,428,1,1008,1103,1124,1,36:31
2022-23,201577,Robin Lopez,Robin,1610612739,CLE,Cleveland Cavaliers,0042200133,2023-04-21T00:00:00,CLE @ NYK,L,3.683333333333333,0.0,19.5,0.0,19.5,29.3,9.8,0.0,19.5,0.0,0.0,19.5,9.8,41.0,1,857,857,857,1553,756,5,645,48,1668,916,1,1522,536,1,1721,20,369,1,3:41
2022-23,1629027,Trae Young,Trae,1610612737,ATL,Atlanta Hawks,0042200113,2023-04-21T00:00:00,ATL vs. BOS,W,36.516666666666666,2.0,4.9,3.9,13.8,24.6,6.9,9.9,31.5,2.0,0.0,1.0,4.9,56.9,1,1,1,1,370,639,206,287,184,1626,651,996,1020,196,1,462,289,63,1,36:31
2022-23,1629057,Robert Williams III,Robert,1610612738,BOS,Boston Celtics,0042200113,2023-04-21T00:00:00,BOS @ ATL,L,19.483333333333334,0.0,3.7,0.0,7.4,14.8,20.3,12.9,48.0,0.0,0.0,1.8,0.0,23.1,1,857,857,857,1065,756,318,645,587,1229,1588,1258,182,536,1,674,1103,1128,1,19:29
2022-23,1630162,Anthony Edwards,Anthony,1610612750,MIN,Minnesota Timberwolves,0042200143,2023-04-21T00:00:00,MIN vs. DEN,L,43.94833333333333,5.7,0.0,8.2,11.5,10.6,5.7,9.0,47.5,0.8,0.8,0.8,6.6,49.9,1,857,857,857,39,179,687,48,303,883,515,909,197,524,1178,410,129,152,1,43:57
2022-23,203992,Bogdan Bogdanović,Bogdan,1610612737,ATL,Atlanta Hawks,0042200113,2023-04-21T00:00:00,ATL vs. BOS,W,22.316666666666666,4.8,3.2,4.8,6.5,16.1,11.3,4.8,19.4,1.6,0.0,1.6,3.2,42.4,1,1,1,1,961,252,384,207,679,1333,1074,503,1528,279,1,589,553,323,1,22:19
2022-23,1630171,Isaac Okoro,Isaac,1610612739,CLE,Cleveland Cavaliers,0042200133,2023-04-21T00:00:00,CLE @ NYK,L,12.271666666666667,0.0,0.0,11.7,5.9,32.3,2.9,5.9,58.7,0.0,0.0,2.9,5.9,21.7,1,857,857,857,1289,756,687,16,730,1690,299,576,57,536,1,1004,185,1192,1,12:16
2022-23,201565,Derrick Rose,Derrick,1610612752,NYK,New York Knicks,0042200133,2023-04-21T00:00:00,NYK vs. CLE,W,2.5,0.0,0.0,0.0,0.0,0.0,28.8,28.8,57.6,0.0,0.0,0.0,0.0,21.6,1,1,1,1,1609,756,687,645,1176,1,1674,1679,64,536,1,1,1103,1197,1,2:30
2022-23,1629631,De'Andre Hunter,De'Andre,1610612737,ATL,Atlanta Hawks,0042200113,2023-04-21T00:00:00,ATL vs. BOS,W,35.416666666666664,1.0,0.0,0.0,6.1,19.3,2.0,7.1,34.6,0.0,0.0,3.0,3.0,13.1,1,1,1,1,426,739,687,645,705,1510,265,698,820,536,1,1036,582,1456,1,35:25
2022-23,1629669,Jaylen Nowell,Jaylen,1610612750,MIN,Minnesota Timberwolves,0042200143,2023-04-21T00:00:00,MIN vs. DEN,L,12.426666666666666,0.0,0.0,0.0,0.0,14.5,5.8,0.0,69.5,0.0,0.0,0.0,0.0,7.8,1,857,857,857,1285,756,687,645,1176,1208,526,1,17,536,1,1,1103,1553,1,12:26
2022-23,1628971,Bruce Brown,Bruce,1610612743,DEN,Denver Nuggets,0042200143,2023-04-21T00:00:00,DEN @ MIN,W,23.766666666666666,6.1,0.0,6.1,18.2,13.6,9.1,4.5,33.3,1.5,0.0,4.5,0.0,38.8,1,1,1,1,905,154,687,117,68,1137,847,476,898,295,1,1334,1103,447,1,23:46
2022-23,1628369,Jayson Tatum,Jayson,1610612738,BOS,Boston Celtics,0042200113,2023-04-21T00:00:00,BOS @ ATL,L,40.2,5.4,1.8,2.7,7.2,12.5,12.5,12.5,41.2,0.0,1.8,0.9,4.5,45.2,1,857,857,857,178,203,620,442,610,1054,1190,1224,419,536,1539,431,352,262,1,40:12
2022-23,1627752,Taurean Prince,Taurean,1610612750,MIN,Minnesota Timberwolves,0042200143,2023-04-21T00:00:00,MIN vs. DEN,L,14.866666666666667,4.8,0.0,0.0,4.8,4.8,12.1,14.5,53.3,0.0,0.0,2.4,4.8,30.8,1,857,857,857,1208,251,687,645,848,390,1148,1370,92,536,1,813,306,784,1,14:52
2022-23,1629673,Jordan Poole,Jordan,1610612744,GSW,Golden State Warriors,0042200163,2023-04-20T00:00:00,GSW vs. SAC,W,27.85,5.2,2.6,5.2,7.8,6.5,1.3,14.2,36.2,0.0,1.3,2.6,7.8,46.5,1,1,1,1,745,216,469,179,560,496,252,1347,708,536,1421,873,82,225,1,27:51
2022-23,1629611,Terance Mann,Terance,1610612746,LAC,LA Clippers,0042200173,2023-04-20T00:00:00,LAC vs. PHX,L,25.666666666666668,0.0,4.2,0.0,5.6,8.4,16.8,8.4,56.1,0.0,0.0,7.0,0.0,32.4,1,857,857,857,835,756,267,645,761,654,1473,845,77,536,1,1590,1103,705,1,25:40
2022-23,1630194,Paul Reed,Paul,1610612755,PHI,Philadelphia 76ers,0042200123,2023-04-20T00:00:00,PHI @ BKN,W,10.375,6.9,0.0,0.0,6.9,6.9,0.0,0.0,27.8,0.0,0.0,0.0,0.0,31.9,1,1,1,1,1352,111,687,645,629,538,1,1,1255,536,1,1,1103,728,1,10:23
2022-23,1628989,Kevin Huerter,Kevin,1610612758,SAC,Sacramento Kings,0042200163,2023-04-20T00:00:00,SAC @ GSW,L,28.675,2.5,0.0,2.5,7.5,23.9,17.6,8.8,35.2,1.3,0.0,6.3,0.0,32.4,1,857,857,857,708,551,687,469,573,1613,1499,885,777,344,1,1542,1103,708,1,28:41
2022-23,203925,Joe Harris,Joe,1610612751,BKN,Brooklyn Nets,0042200123,2023-04-20T00:00:00,BKN vs. PHI,L,3.506666666666667,0.0,0.0,0.0,0.0,0.0,20.5,30.8,41.1,0.0,0.0,0.0,0.0,0.0,1,857,857,857,1564,756,687,645,1176,1,1594,1691,425,536,1,1,1103,1601,1,3:30
2022-23,1626172,Kevon Looney,Kevon,1610612744,GSW,Golden State Warriors,0042200163,2023-04-20T00:00:00,GSW vs. SAC,W,30.933333333333334,2.3,2.3,0.0,4.7,8.1,1.2,16.3,34.9,0.0,0.0,1.2,0.0,49.5,1,1,1,1,610,581,514,645,867,636,251,1463,796,536,1,515,1103,160,1,30:56
2022-23,1629001,De'Anthony Melton,De'Anthony,1610612755,PHI,Philadelphia 76ers,0042200123,2023-04-20T00:00:00,PHI @ BKN,W,30.133333333333333,3.6,3.6,6.0,7.2,9.6,6.0,4.8,26.3,0.0,0.0,1.2,2.4,28.6,1,1,1,1,638,388,332,126,609,772,545,494,1325,536,1,524,731,869,1,30:08
2022-23,1628368,De'Aaron Fox,De'Aaron,1610612758,SAC,Sacramento Kings,0042200163,2023-04-20T00:00:00,SAC @ GSW,L,37.70166666666667,0.0,5.7,3.8,7.6,18.1,20.1,6.7,32.5,0.0,0.0,2.9,7.6,49.9,1,857,857,857,309,756,153,296,567,1456,1583,645,955,536,1,978,84,151,1,37:42
2022-23,1630237,Anthony Lamb,Anthony,1610612744,GSW,Golden State Warriors,0042200163,2023-04-20T00:00:00,GSW vs. SAC,W,7.1,0.0,0.0,0.0,0.0,10.1,15.2,10.1,10.1,5.1,0.0,0.0,0.0,10.1,1,1,1,1,1438,756,687,645,1176,834,1400,1023,1625,33,1,1,1103,1526,1,7:06
2022-23,1631116,Patrick Baldwin Jr.,Patrick,1610612744,GSW,Golden State Warriors,0042200163,2023-04-20T00:00:00,GSW vs. SAC,W,2.5166666666666666,0.0,0.0,0.0,0.0,0.0,0.0,0.0,0.0,0.0,0.0,0.0,0.0,17.2,1,1,1,1,1608,756,687,645,1176,1,1,1,1634,536,1,1,1103,1360,1,2:31
2022-23,203915,Spencer Dinwiddie,Spencer,1610612751,BKN,Brooklyn Nets,0042200123,2023-04-20T00:00:00,BKN vs. PHI,L,42.21666666666667,0.0,2.6,0.0,5.1,9.4,11.9,6.0,39.2,0.0,0.9,0.9,5.1,31.6,1,857,857,857,83,756,475,645,820,759,1137,586,527,536,1193,419,267,741,1,42:13
2022-23,203954,Joel Embiid,Joel,1610612755,PHI,Philadelphia 76ers,0042200123,2023-04-20T00:00:00,PHI @ BKN,W,37.625,0.0,0.0,0.0,7.7,15.3,8.6,9.6,32.5,1.9,1.0,4.8,2.9,31.6,1,1,1,1,315,756,687,645,566,1269,804,967,948,205,1277,1381,622,746,1,37:38
2022-23,1630541,Moses Moody,Moses,1610612744,GSW,Golden State Warriors,0042200163,2023-04-20T00:00:00,GSW vs. SAC,W,15.783333333333333,0.0,0.0,0.0,9.1,0.0,18.2,0.0,13.7,0.0,0.0,6.8,4.6,37.9,1,1,1,1,1179,756,687,645,442,1,1528,1,1611,536,1,1577,344,472,1,15:47
2022-23,1627827,Dorian Finney-Smith,Dorian,1610612751,BKN,Brooklyn Nets,0042200123,2023-04-20T00:00:00,BKN vs. PHI,L,36.35,0.0,0.0,0.0,0.0,7.9,10.9,6.9,37.6,1.0,0.0,3.0,0.0,17.1,1,857,857,857,377,756,687,645,1176,621,1031,673,617,426,1,1011,1103,1362,1,36:21
2022-23,1630556,Kessler Edwards,Kessler,1610612758,SAC,Sacramento Kings,0042200163,2023-04-20T00:00:00,SAC @ GSW,L,3.145,0.0,0.0,0.0,0.0,22.9,0.0,0.0,22.9,0.0,0.0,0.0,0.0,0.0,1,857,857,857,1583,756,687,645,1176,1596,1,1,1439,536,1,1,1103,1601,1,3:09
2022-23,1627826,Ivica Zubac,Ivica,1610612746,LAC,LA Clippers,0042200173,2023-04-20T00:00:00,LAC vs. PHX,L,22.333333333333332,3.2,0.0,0.0,9.7,30.6,3.2,14.5,22.6,0.0,0.0,1.6,0.0,21.9,1,857,857,857,960,438,687,645,408,1683,312,1367,1448,536,1,588,1103,1179,1,22:20
2022-23,203210,JaMychal Green,JaMychal,1610612744,GSW,Golden State Warriors,0042200163,2023-04-20T00:00:00,GSW vs. SAC,W,10.166666666666666,0.0,0.0,0.0,0.0,0.0,28.3,7.1,28.3,3.5,0.0,10.6,0.0,28.7,1,1,1,1,1359,756,687,645,1176,1,1673,690,1212,67,1,1675,1103,864,1,10:10
2022-23,201935,James Harden,James,1610612755,PHI,Philadelphia 76ers,0042200123,2023-04-20T00:00:00,PHI @ BKN,W,29.356666666666666,0.0,2.5,0.0,7.4,14.7,4.9,7.4,34.3,0.0,0.0,2.5,4.9,38.0,1,1,1,1,687,756,494,645,589,1224,449,733,833,536,1,823,291,467,1,29:21
2022-23,1628969,Mikal Bridges,Mikal,1610612751,BKN,Brooklyn Nets,0042200123,2023-04-20T00:00:00,BKN vs. PHI,L,43.163333333333334,5.8,1.7,5.0,6.7,6.7,11.7,3.3,35.0,0.8,1.7,0.8,1.7,38.1,1,857,857,857,56,170,647,189,656,515,1112,399,786,516,1505,413,902,465,1,43:10
2022-23,203486,Mason Plumlee,Mason,1610612746,LAC,LA Clippers,0042200173,2023-04-20T00:00:00,LAC vs. PHX,L,16.266666666666666,0.0,0.0,0.0,8.9,13.3,6.6,8.9,57.5,2.2,0.0,8.9,0.0,38.7,1,857,857,857,1159,756,687,645,461,1110,625,888,68,165,1,1650,1103,450,1,16:16
2022-23,1628470,Torrey Craig,Torrey,1610612756,PHX,Phoenix Suns,0042200173,2023-04-20T00:00:00,PHX @ LAC,W,27.266666666666666,4.0,5.3,0.0,0.0,15.8,0.0,14.5,47.5,0.0,0.0,6.6,4.0,28.8,1,1,1,1,771,341,179,645,1176,1314,1,1369,194,536,1,1563,440,857,1,27:16
2022-23,201142,Kevin Durant,Kevin,1610612756,PHX,Phoenix Suns,0042200173,2023-04-20T00:00:00,PHX @ LAC,W,41.5,5.2,0.0,8.7,12.1,13.9,4.3,13.9,45.1,0.0,0.9,0.0,6.1,37.0,1,1,1,1,126,213,687,38,262,1158,392,1328,272,536,1210,1,168,501,1,41:30
2022-23,1629056,Terence Davis,Terence,1610612758,SAC,Sacramento Kings,0042200163,2023-04-20T00:00:00,SAC @ GSW,L,10.816666666666666,0.0,10.0,0.0,0.0,10.0,13.3,0.0,33.3,0.0,0.0,6.7,0.0,31.0,1,857,857,857,1344,756,40,645,1176,819,1264,1,903,536,1,1568,1103,774,1,10:49
2022-23,202687,Bismack Biyombo,Bismack,1610612756,PHX,Phoenix Suns,0042200173,2023-04-20T00:00:00,PHX @ LAC,W,11.116666666666667,0.0,0.0,0.0,6.5,13.0,0.0,22.7,51.8,3.2,0.0,6.5,9.7,47.9,1,1,1,1,1335,756,687,645,676,1082,1,1631,107,81,1,1557,28,189,1,11:07
2022-23,1627814,Damion Lee,Damion,1610612756,PHX,Phoenix Suns,0042200173,2023-04-20T00:00:00,PHX @ LAC,W,11.366666666666667,0.0,0.0,0.0,0.0,19.0,15.8,22.2,50.7,0.0,0.0,6.3,3.2,25.3,1,1,1,1,1326,756,687,645,1176,1499,1438,1623,122,536,1,1546,561,1028,1,11:22
2022-23,1627734,Domantas Sabonis,Domantas,1610612758,SAC,Sacramento Kings,0042200163,2023-04-20T00:00:00,SAC @ GSW,L,34.71666666666667,2.1,0.0,4.1,14.5,16.6,22.8,10.4,29.0,0.0,2.1,1.0,1.0,41.7,1,857,857,857,449,622,687,266,159,1365,1631,1040,1168,536,1588,481,1059,347,1,34:43
2022-23,1628370,Malik Monk,Malik,1610612758,SAC,Sacramento Kings,0042200163,2023-04-20T00:00:00,SAC @ GSW,L,24.575,0.0,0.0,0.0,2.9,8.8,17.6,4.4,26.4,0.0,2.9,0.0,4.4,19.9,1,857,857,857,882,756,687,645,1051,697,1500,467,1318,536,1662,1,367,1264,1,24:35
2022-23,1630558,Davion Mitchell,Davion,1610612758,SAC,Sacramento Kings,0042200163,2023-04-20T00:00:00,SAC @ GSW,L,17.561666666666667,0.0,0.0,0.0,4.1,16.4,26.6,10.2,20.5,0.0,0.0,0.0,0.0,13.7,1,857,857,857,1125,756,687,645,923,1347,1670,1034,1502,536,1,1,1103,1445,1,17:34
2022-23,203952,Andrew Wiggins,Andrew,1610612744,GSW,Golden State Warriors,0042200163,2023-04-20T00:00:00,GSW vs. SAC,W,34.16833333333334,2.1,2.1,0.0,8.4,3.2,9.5,12.6,29.5,1.1,0.0,3.2,5.3,35.7,1,1,1,1,465,619,551,645,506,292,885,1240,1141,405,1,1058,242,554,1,34:10
2022-23,1626220,Royce O'Neale,Royce,1610612751,BKN,Brooklyn Nets,0042200123,2023-04-20T00:00:00,BKN vs. PHI,L,29.966666666666665,4.8,2.4,2.4,2.4,14.4,15.6,8.4,33.6,1.2,0.0,2.4,2.4,23.7,1,857,857,857,651,256,504,479,1111,1204,1426,844,879,359,1,808,726,1102,1,29:58
2022-23,1626164,Devin Booker,Devin,1610612756,PHX,Phoenix Suns,0042200173,2023-04-20T00:00:00,PHX @ LAC,W,44.516666666666666,8.1,4.0,4.0,19.4,14.6,4.0,14.6,46.9,1.6,1.6,1.6,4.0,58.0,1,1,1,1,27,69,277,278,50,1211,369,1373,213,276,1493,595,424,57,1,44:31
2022-23,201566,Russell Westbrook,Russell,1610612746,LAC,LA Clippers,0042200173,2023-04-20T00:00:00,LAC vs. PHX,L,39.81666666666667,0.0,0.0,6.3,14.5,22.6,12.7,11.8,38.0,0.9,0.9,3.6,4.5,57.5,1,857,857,857,204,756,687,105,161,1591,1199,1146,594,476,1235,1166,348,59,1,39:49
2022-23,1629661,Cameron Johnson,Cameron,1610612751,BKN,Brooklyn Nets,0042200123,2023-04-20T00:00:00,BKN vs. PHI,L,43.733333333333334,2.5,1.6,0.0,4.9,6.6,13.2,5.8,32.9,0.0,0.0,2.5,2.5,23.9,1,857,857,857,43,558,653,645,838,510,1251,569,921,536,1,828,711,1095,1,43:44
2022-23,203496,Robert Covington,Robert,1610612746,LAC,LA Clippers,0042200173,2023-04-20T00:00:00,LAC vs. PHX,L,3.65,0.0,0.0,0.0,0.0,0.0,0.0,0.0,19.7,9.9,0.0,0.0,0.0,41.4,1,857,857,857,1558,756,687,645,1176,1,1,1,1518,7,1,1,1103,356,1,3:39
2022-23,202699,Tobias Harris,Tobias,1610612755,PHI,Philadelphia 76ers,0042200123,2023-04-20T00:00:00,PHI @ BKN,W,35.92666666666667,3.0,6.0,0.0,8.0,16.0,7.0,10.0,34.1,0.0,2.0,1.0,1.0,23.9,1,1,1,1,405,463,142,645,538,1329,664,1012,850,536,1575,469,1065,1094,1,35:56
2022-23,1630549,Day'Ron Sharpe,Day'Ron,1610612751,BKN,Brooklyn Nets,0042200123,2023-04-20T00:00:00,BKN vs. PHI,L,2.25,0.0,0.0,0.0,0.0,48.0,48.0,0.0,32.0,0.0,0.0,0.0,0.0,24.0,1,857,857,857,1621,756,687,645,1176,1717,1710,1,998,536,1,1,1103,1092,1,2:15
2022-23,1630538,Bones Hyland,Bones,1610612746,LAC,LA Clippers,0042200173,2023-04-20T00:00:00,LAC vs. PHX,L,21.383333333333333,13.5,0.0,10.1,13.5,3.4,16.8,6.7,50.5,0.0,3.4,6.7,6.7,42.4,1,857,857,857,1004,15,687,23,192,304,1474,647,129,536,1685,1574,119,324,1,21:23
2022-23,1630560,Cam Thomas,Cam,1610612751,BKN,Brooklyn Nets,0042200123,2023-04-20T00:00:00,BKN vs. PHI,L,11.196666666666667,0.0,0.0,0.0,12.9,16.1,16.1,0.0,32.2,0.0,0.0,6.4,0.0,24.8,1,857,857,857,1332,756,687,645,222,1331,1445,1,982,536,1,1554,1103,1057,1,11:12
2022-23,1629667,Jalen McDaniels,Jalen,1610612755,PHI,Philadelphia 76ers,0042200123,2023-04-20T00:00:00,PHI @ BKN,W,11.683333333333334,6.2,6.2,0.0,12.3,6.2,6.2,0.0,24.7,0.0,0.0,3.1,0.0,20.3,1,1,1,1,1316,147,132,645,253,474,580,1,1389,536,1,1047,1103,1246,1,11:41
2022-23,203933,T.J. Warren,T.J.,1610612756,PHX,Phoenix Suns,0042200173,2023-04-20T00:00:00,PHX @ LAC,W,3.65,0.0,0.0,0.0,0.0,0.0,0.0,0.0,0.0,0.0,0.0,9.9,0.0,0.0,1,1,1,1,1558,756,687,645,1176,1,1,1,1634,536,1,1666,1103,1601,1,3:39
2022-23,1628408,PJ Dozier,PJ,1610612758,SAC,Sacramento Kings,0042200163,2023-04-20T00:00:00,SAC @ GSW,L,3.0166666666666666,0.0,0.0,0.0,0.0,23.9,0.0,0.0,23.9,0.0,0.0,0.0,11.9,64.4,1,857,857,857,1585,756,687,645,1176,1614,1,1,1412,536,1,1,11,34,1,3:01
2022-23,1630178,Tyrese Maxey,Tyrese,1610612755,PHI,Philadelphia 76ers,0042200123,2023-04-20T00:00:00,PHI @ BKN,W,36.29333333333334,2.0,3.0,2.0,9.9,15.9,8.9,9.9,33.7,0.0,0.0,4.0,0.0,34.8,1,1,1,1,382,635,413,541,384,1317,833,1004,872,536,1,1245,1103,593,1,36:18
2022-23,200782,P.J. Tucker,P.J.,1610612755,PHI,Philadelphia 76ers,0042200123,2023-04-20T00:00:00,PHI @ BKN,W,29.283333333333335,0.0,0.0,0.0,2.5,17.2,8.6,12.3,36.9,1.2,0.0,3.7,3.7,25.3,1,1,1,1,689,756,687,645,1103,1407,802,1197,661,349,1,1187,481,1030,1,29:17
2022-23,203084,Harrison Barnes,Harrison,1610612758,SAC,Sacramento Kings,0042200163,2023-04-20T00:00:00,SAC @ GSW,L,34.361666666666665,3.1,1.0,5.2,6.3,16.8,23.0,7.3,35.6,0.0,0.0,1.0,2.1,19.1,1,857,857,857,458,445,677,176,687,1375,1638,727,754,536,1,483,790,1301,1,34:22
2022-23,201587,Nicolas Batum,Nicolas,1610612746,LAC,LA Clippers,0042200173,2023-04-20T00:00:00,LAC vs. PHX,L,19.1,0.0,0.0,0.0,0.0,35.8,3.8,17.0,18.8,3.8,0.0,5.7,0.0,19.0,1,857,857,857,1082,756,687,645,1176,1701,348,1493,1544,59,1,1494,1103,1303,1,19:06
2022-23,1629651,Nic Claxton,Nic,1610612751,BKN,Brooklyn Nets,0042200123,2023-04-20T00:00:00,BKN vs. PHI,L,27.616666666666667,5.2,0.0,2.6,20.9,6.5,2.6,0.0,39.1,0.0,0.0,1.3,5.2,37.5,1,857,857,857,759,212,687,448,42,504,289,1,534,536,1,542,250,483,1,27:37
2022-23,1629002,Chimezie Metu,Chimezie,1610612758,SAC,Sacramento Kings,0042200163,2023-04-20T00:00:00,SAC @ GSW,L,3.0166666666666666,0.0,0.0,0.0,0.0,23.9,0.0,0.0,23.9,0.0,0.0,0.0,0.0,0.0,1,857,857,857,1585,756,687,645,1176,1614,1,1,1412,536,1,1,1103,1601,1,3:01
2022-23,1628978,Donte DiVincenzo,Donte,1610612744,GSW,Golden State Warriors,0042200163,2023-04-20T00:00:00,GSW vs. SAC,W,26.783333333333335,1.3,6.7,0.0,2.7,5.4,14.8,8.1,24.2,0.0,0.0,1.3,1.3,48.9,1,1,1,1,784,734,107,645,1081,423,1371,803,1402,536,1,548,981,168,1,26:47
2022-23,1626168,Trey Lyles,Trey,1610612758,SAC,Sacramento Kings,0042200163,2023-04-20T00:00:00,SAC @ GSW,L,12.75,0.0,5.6,0.0,0.0,11.3,5.6,8.5,28.2,0.0,2.8,2.8,2.8,22.6,1,857,857,857,1274,756,155,645,1176,943,508,850,1221,536,1657,962,633,1150,1,12:45
2022-23,203458,Alex Len,Alex,1610612758,SAC,Sacramento Kings,0042200163,2023-04-20T00:00:00,SAC @ GSW,L,7.846666666666667,0.0,0.0,0.0,0.0,18.4,9.2,0.0,18.4,4.6,0.0,18.4,9.2,34.9,1,857,857,857,1424,756,687,645,1176,1471,861,1,1557,44,1,1720,38,589,1,7:51
2022-23,201569,Eric Gordon,Eric,1610612746,LAC,LA Clippers,0042200173,2023-04-20T00:00:00,LAC vs. PHX,L,31.383333333333333,1.1,0.0,1.1,4.6,21.8,12.6,12.6,32.1,1.1,0.0,3.4,2.3,25.7,1,857,857,857,585,735,687,633,874,1577,1197,1234,988,378,1,1119,746,1015,1,31:23
2022-23,1629013,Landry Shamet,Landry,1610612756,PHX,Phoenix Suns,0042200173,2023-04-20T00:00:00,PHX @ LAC,W,3.7333333333333334,0.0,0.0,0.0,0.0,0.0,0.0,0.0,19.3,0.0,0.0,0.0,0.0,40.5,1,1,1,1,1552,756,687,645,1176,1,1,1,1530,536,1,1,1103,387,1,3:44
2022-23,1629006,Josh Okogie,Josh,1610612756,PHX,Phoenix Suns,0042200173,2023-04-20T00:00:00,PHX @ LAC,W,20.84,1.7,0.0,0.0,3.5,10.4,8.6,12.1,44.9,0.0,1.7,1.7,5.2,36.1,1,1,1,1,1020,700,687,645,1002,855,809,1180,280,536,1520,627,257,535,1,20:50
2022-23,1629028,Deandre Ayton,Deandre,1610612756,PHX,Phoenix Suns,0042200173,2023-04-20T00:00:00,PHX @ LAC,W,35.32,5.1,3.1,0.0,6.1,12.2,3.1,9.2,34.7,0.0,1.0,1.0,6.1,26.7,1,1,1,1,430,226,405,645,701,1013,304,929,818,536,1315,475,163,963,1,35:19
2022-23,1626181,Norman Powell,Norman,1610612746,LAC,LA Clippers,0042200173,2023-04-20T00:00:00,LAC vs. PHX,L,40.55,6.2,1.8,3.6,14.2,20.4,11.5,13.3,42.6,0.9,0.9,2.7,6.2,45.7,1,857,857,857,162,144,625,328,165,1547,1093,1285,368,485,1220,896,157,242,1,40:33
2022-23,101108,Chris Paul,Chris,1610612756,PHX,Phoenix Suns,0042200173,2023-04-20T00:00:00,PHX @ LAC,W,40.69,0.0,1.8,0.0,5.3,14.2,1.8,13.3,44.2,0.9,1.8,3.5,2.7,33.4,1,1,1,1,158,756,626,645,793,1180,256,1283,310,488,1532,1143,673,660,1,40:41
2022-23,201939,Stephen Curry,Stephen,1610612744,GSW,Golden State Warriors,0042200163,2023-04-20T00:00:00,GSW vs. SAC,W,36.95,7.8,7.8,2.9,9.7,4.9,11.7,11.7,29.2,1.0,1.0,3.9,4.9,54.3,1,1,1,1,354,76,69,411,399,393,1113,1139,1152,432,1293,1236,300,95,1,36:57
2022-23,202694,Marcus Morris Sr.,Marcus,1610612746,LAC,LA Clippers,0042200173,2023-04-20T00:00:00,LAC vs. PHX,L,19.85,0.0,0.0,0.0,0.0,10.9,5.4,7.3,54.4,0.0,0.0,7.3,0.0,17.8,1,857,857,857,1051,756,687,645,1176,904,489,716,88,536,1,1602,1103,1344,1,19:51
2022-23,1631099,Keegan Murray,Keegan,1610612758,SAC,Sacramento Kings,0042200163,2023-04-20T00:00:00,SAC @ GSW,L,21.816666666666666,0.0,0.0,1.7,0.0,14.9,13.2,13.2,29.7,1.7,0.0,8.3,1.7,28.1,1,857,857,857,985,756,687,618,1176,1234,1253,1277,1127,267,1,1629,908,894,1,21:49
2022-23,1630228,Jonathan Kuminga,Jonathan,1610612744,GSW,Golden State Warriors,0042200163,2023-04-20T00:00:00,GSW vs. SAC,W,13.216666666666667,5.4,5.4,0.0,16.3,5.4,8.2,13.6,16.3,0.0,0.0,5.4,2.7,35.1,1,1,1,1,1263,199,171,645,103,426,765,1312,1596,536,1,1469,652,579,1,13:13
2022-23,1627777,Georges Niang,Georges,1610612755,PHI,Philadelphia 76ers,0042200123,2023-04-20T00:00:00,PHI @ BKN,W,19.323333333333334,0.0,0.0,0.0,3.7,7.5,3.7,0.0,22.4,0.0,0.0,0.0,0.0,11.9,1,1,1,1,1071,756,687,645,963,588,346,1,1451,536,1,1,1103,1490,1,19:19
2022-23,202691,Klay Thompson,Klay,1610612744,GSW,Golden State Warriors,0042200163,2023-04-20T00:00:00,GSW vs. SAC,W,34.531666666666666,3.1,3.1,3.1,0.0,7.3,4.2,16.7,35.4,1.0,1.0,0.0,2.1,27.1,1,1,1,1,454,448,393,384,1176,570,378,1480,765,409,1326,1,791,939,1,34:32
2022-23,203937,Kyle Anderson,Kyle,1610612750,MIN,Minnesota Timberwolves,0042200142,2023-04-19T00:00:00,MIN @ DEN,L,26.75,2.7,5.4,2.7,10.8,10.8,13.5,10.8,40.4,0.0,0.0,5.4,1.3,34.2,1,857,857,857,789,522,174,440,337,894,1280,1071,454,536,1,1460,979,623,1,26:45
2022-23,1628389,Bam Adebayo,Bam,1610612748,MIA,Miami Heat,0042200102,2023-04-19T00:00:00,MIA @ MIL,L,24.9,0.0,2.9,0.0,23.1,17.3,18.8,14.5,46.3,0.0,1.4,1.4,1.4,36.9,1,857,857,857,867,756,425,645,25,1416,1553,1362,234,536,1457,562,949,510,1,24:54
2022-23,1628964,Mo Bamba,Mo,1610612747,LAL,Los Angeles Lakers,0042200152,2023-04-19T00:00:00,LAL @ MEM,L,0.5133333333333333,0.0,0.0,0.0,0.0,0.0,0.0,0.0,0.0,0.0,0.0,0.0,0.0,0.0,1,857,857,857,1689,756,687,645,1176,1,1,1,1634,536,1,1,1103,1601,1,0:31
2022-23,1627752,Taurean Prince,Taurean,1610612750,MIN,Minnesota Timberwolves,0042200142,2023-04-19T00:00:00,MIN @ DEN,L,18.183333333333334,2.0,0.0,5.9,4.0,15.8,9.9,29.7,51.5,0.0,0.0,9.9,2.0,33.9,1,857,857,857,1106,636,687,131,932,1312,936,1682,110,536,1,1667,818,637,1,18:11
2022-23,203999,Nikola Jokić,Nikola,1610612743,DEN,Denver Nuggets,0042200142,2023-04-19T00:00:00,DEN vs. MIN,W,37.233333333333334,3.9,10.6,0.0,15.5,6.8,3.9,10.6,36.7,0.0,1.0,3.9,7.7,46.7,1,1,1,1,338,353,32,645,121,521,356,1058,672,536,1287,1231,83,218,1,37:14
2022-23,1628379,Luke Kennard,Luke,1610612763,MEM,Memphis Grizzlies,0042200152,2023-04-19T00:00:00,MEM vs. LAL,W,24.378333333333334,5.9,0.0,0.0,3.0,7.4,3.0,11.8,44.3,0.0,1.5,0.0,1.5,36.5,1,1,1,1,887,168,687,645,1049,583,300,1152,309,536,1465,1,940,525,1,24:23
2022-23,1629008,Michael Porter Jr.,Michael,1610612743,DEN,Denver Nuggets,0042200142,2023-04-19T00:00:00,DEN vs. MIN,W,28.666666666666668,2.5,2.5,0.0,2.5,6.3,2.5,13.8,25.1,0.0,0.0,5.0,3.8,32.9,1,1,1,1,709,550,481,645,1100,482,281,1321,1371,536,1,1420,468,682,1,28:40
2022-23,203497,Rudy Gobert,Rudy,1610612750,MIN,Minnesota Timberwolves,0042200142,2023-04-19T00:00:00,MIN @ DEN,L,38.9,0.0,1.9,1.9,13.0,9.3,12.0,13.9,42.6,0.9,0.0,4.6,3.7,32.9,1,857,857,857,252,756,604,563,218,744,1143,1330,369,456,1,1347,480,680,1,38:54
2022-23,1629060,Rui Hachimura,Rui,1610612747,LAL,Los Angeles Lakers,0042200152,2023-04-19T00:00:00,LAL @ MEM,L,32.00333333333333,0.0,0.0,3.4,9.0,14.6,7.9,4.5,36.0,0.0,0.0,1.1,3.4,36.0,1,857,857,857,562,756,687,352,447,1216,741,473,724,536,1,504,533,538,1,32:00
2022-23,203086,Meyers Leonard,Meyers,1610612749,MIL,Milwaukee Bucks,0042200102,2023-04-19T00:00:00,MIL vs. MIA,W,1.2666666666666666,0.0,0.0,0.0,0.0,0.0,85.3,0.0,0.0,0.0,0.0,0.0,0.0,0.0,1,1,1,1,1653,756,687,645,1176,1,1725,1,1634,536,1,1,1103,1601,1,1:16
2022-23,2544,LeBron James,LeBron,1610612747,LAL,Los Angeles Lakers,0042200152,2023-04-19T00:00:00,LAL @ MEM,L,38.87,3.7,6.5,5.6,18.5,14.8,10.2,7.4,37.0,0.9,0.0,0.9,3.7,48.1,1,857,857,857,254,373,119,150,61,1233,965,736,648,455,1,444,479,187,1,38:52
2022-23,1630533,Ziaire Williams,Ziaire,1610612763,MEM,Memphis Grizzlies,0042200152,2023-04-19T00:00:00,MEM vs. LAL,W,0.3433333333333333,0.0,0.0,0.0,0.0,0.0,0.0,0.0,0.0,0.0,0.0,0.0,0.0,0.0,1,1,1,1,1715,756,687,645,1176,1,1,1,1634,536,1,1,1103,1601,1,0:21
2022-23,203469,Cody Zeller,Cody,1610612748,MIA,Miami Heat,0042200102,2023-04-19T00:00:00,MIA @ MIL,L,12.0,0.0,0.0,0.0,12.0,18.0,0.0,0.0,12.0,0.0,0.0,3.0,0.0,48.3,1,857,857,857,1299,756,687,645,274,1442,1,1,1620,536,1,1019,1103,181,1,12:00
2022-23,1628997,Caleb Martin,Caleb,1610612748,MIA,Miami Heat,0042200102,2023-04-19T00:00:00,MIA @ MIL,L,28.983333333333334,2.5,0.0,7.5,5.0,19.9,0.0,2.5,27.3,0.0,1.2,1.2,2.5,33.8,1,857,857,857,696,556,687,68,835,1528,1,354,1278,536,1407,532,708,640,1,28:59
2022-23,1627750,Jamal Murray,Jamal,1610612743,DEN,Denver Nuggets,0042200142,2023-04-19T00:00:00,DEN vs. MIN,W,38.955,1.8,0.0,4.6,7.4,6.5,5.5,12.9,37.0,0.0,0.9,2.8,5.5,49.1,1,1,1,1,245,670,687,217,586,500,497,1259,655,536,1253,940,216,166,1,38:57
2022-23,1630699,MarJon Beauchamp,MarJon,1610612749,MIL,Milwaukee Bucks,0042200102,2023-04-19T00:00:00,MIL vs. MIA,W,1.2666666666666666,0.0,0.0,0.0,0.0,0.0,85.3,0.0,0.0,0.0,0.0,0.0,0.0,0.0,1,1,1,1,1653,756,687,645,1176,1,1725,1,1634,536,1,1,1103,1601,1,1:16
2022-23,1629216,Gabe Vincent,Gabe,1610612748,MIA,Miami Heat,0042200102,2023-04-19T00:00:00,MIA @ MIL,L,21.0,5.1,0.0,0.0,6.9,20.6,22.3,22.3,51.4,0.0,1.7,0.0,1.7,33.4,1,857,857,857,1016,222,687,645,642,1553,1617,1626,112,536,1516,1,893,654,1,21:00
2022-23,202710,Jimmy Butler III,Jimmy,1610612748,MIA,Miami Heat,0042200102,2023-04-19T00:00:00,MIA @ MIL,L,28.3,7.6,6.4,0.0,12.7,26.7,20.4,25.4,58.5,0.0,0.0,0.0,7.6,48.5,1,857,857,857,724,85,123,645,237,1647,1589,1658,58,536,1,1,85,180,1,28:18
2022-23,1629022,Lonnie Walker IV,Lonnie,1610612747,LAL,Los Angeles Lakers,0042200152,2023-04-19T00:00:00,LAL @ MEM,L,0.5133333333333333,0.0,0.0,0.0,0.0,0.0,0.0,0.0,0.0,0.0,0.0,0.0,0.0,0.0,1,857,857,857,1689,756,687,645,1176,1,1,1,1634,536,1,1,1103,1601,1,0:31
2022-23,1629638,Nickeil Alexander-Walker,Nickeil,1610612750,MIN,Minnesota Timberwolves,0042200142,2023-04-19T00:00:00,MIN @ DEN,L,26.633333333333333,2.7,0.0,2.7,2.7,8.1,10.8,10.8,43.3,0.0,0.0,2.7,2.7,15.4,1,857,857,857,795,516,687,437,1080,631,1023,1076,342,536,1,914,654,1409,1,26:38
2022-23,1631128,Christian Braun,Christian,1610612743,DEN,Denver Nuggets,0042200142,2023-04-19T00:00:00,DEN vs. MIN,W,7.361666666666666,0.0,0.0,9.8,9.8,14.7,9.8,9.8,48.9,0.0,0.0,4.9,0.0,21.5,1,1,1,1,1435,756,687,25,396,1219,924,991,153,536,1,1402,1103,1201,1,7:22
2022-23,1629117,Wenyen Gabriel,Wenyen,1610612747,LAL,Los Angeles Lakers,0042200152,2023-04-19T00:00:00,LAL @ MEM,L,0.5133333333333333,0.0,0.0,0.0,0.0,0.0,0.0,0.0,0.0,0.0,0.0,70.1,0.0,-70.1,1,857,857,857,1689,756,687,645,1176,1,1,1,1634,536,1,1728,1103,1727,1,0:31
2022-23,201609,Goran Dragic,Goran,1610612749,MIL,Milwaukee Bucks,0042200102,2023-04-19T00:00:00,MIL vs. MIA,W,3.3333333333333335,0.0,0.0,0.0,0.0,0.0,32.4,0.0,43.2,0.0,0.0,0.0,10.8,21.6,1,1,1,1,1569,756,687,645,1176,1,1691,1,345,536,1,1,13,1198,1,3:20
2022-23,201572,Brook Lopez,Brook,1610612749,MIL,Milwaukee Bucks,0042200102,2023-04-19T00:00:00,MIL vs. MIA,W,33.6,2.1,5.4,0.0,25.7,11.8,2.1,9.6,36.4,1.1,1.1,2.1,3.2,42.6,1,1,1,1,492,610,176,645,17,975,267,975,695,402,1343,757,555,311,1,33:36
2022-23,1629669,Jaylen Nowell,Jaylen,1610612750,MIN,Minnesota Timberwolves,0042200142,2023-04-19T00:00:00,MIN @ DEN,L,15.85,0.0,0.0,0.0,4.5,13.6,20.4,18.2,54.5,0.0,0.0,0.0,2.3,4.5,1,857,857,857,1176,756,687,645,880,1136,1590,1535,87,536,1,1,755,1583,1,15:51
2022-23,1628960,Grayson Allen,Grayson,1610612749,MIL,Milwaukee Bucks,0042200102,2023-04-19T00:00:00,MIL vs. MIA,W,31.085,6.9,3.5,0.0,2.3,12.7,5.8,6.9,34.7,0.0,0.0,0.0,4.6,21.9,1,1,1,1,603,110,346,645,1118,1070,524,675,812,536,1,1,332,1182,1,31:05
2022-23,203114,Khris Middleton,Khris,1610612749,MIL,Milwaukee Bucks,0042200102,2023-04-19T00:00:00,MIL vs. MIA,W,27.66,3.9,2.6,2.6,7.8,11.7,5.2,7.8,33.8,0.0,1.3,0.0,1.3,42.6,1,1,1,1,758,346,462,449,556,971,475,776,866,536,1425,1,989,316,1,27:40
2022-23,201145,Jeff Green,Jeff,1610612743,DEN,Denver Nuggets,0042200142,2023-04-19T00:00:00,DEN vs. MIN,W,26.116666666666667,0.0,0.0,2.8,11.0,8.3,5.5,9.6,30.3,1.4,0.0,4.1,4.1,20.7,1,1,1,1,812,756,687,433,321,644,496,976,1086,326,1,1272,415,1235,1,26:07
2022-23,1630559,Austin Reaves,Austin,1610612747,LAL,Los Angeles Lakers,0042200152,2023-04-19T00:00:00,LAL @ MEM,L,37.153333333333336,1.0,1.9,2.9,7.8,11.6,8.7,7.8,34.9,0.0,1.0,1.9,3.9,22.3,1,857,857,857,343,745,580,415,561,965,815,770,799,536,1289,708,449,1159,1,37:09
2022-23,1628972,Troy Brown Jr.,Troy,1610612747,LAL,Los Angeles Lakers,0042200152,2023-04-19T00:00:00,LAL @ MEM,L,11.433333333333334,0.0,0.0,0.0,0.0,18.9,12.6,12.6,56.7,0.0,0.0,0.0,0.0,22.7,1,857,857,857,1324,756,687,645,1176,1494,1195,1232,72,536,1,1,1103,1147,1,11:26
2022-23,1631223,David Roddy,David,1610612763,MEM,Memphis Grizzlies,0042200152,2023-04-19T00:00:00,MEM vs. LAL,W,20.926666666666666,5.2,0.0,0.0,0.0,3.4,6.9,12.0,34.4,1.7,0.0,5.2,0.0,22.7,1,1,1,1,1017,219,687,645,1176,307,650,1172,830,250,1,1437,1103,1142,1,20:56
2022-23,1629622,Max Strus,Max,1610612748,MIA,Miami Heat,0042200102,2023-04-19T00:00:00,MIA @ MIL,L,31.433333333333334,0.0,0.0,0.0,0.0,25.2,18.3,22.9,45.8,0.0,0.0,1.1,0.0,20.0,1,857,857,857,582,756,687,645,1176,1633,1538,1635,244,536,1,508,1103,1257,1,31:26
2022-23,1627736,Malik Beasley,Malik,1610612747,LAL,Los Angeles Lakers,0042200152,2023-04-19T00:00:00,LAL @ MEM,L,12.583333333333334,0.0,0.0,0.0,5.7,11.4,11.4,5.7,51.5,0.0,0.0,2.9,2.9,20.0,1,857,857,857,1280,756,687,645,748,955,1081,568,109,536,1,976,623,1258,1,12:35
2022-23,1626171,Bobby Portis,Bobby,1610612749,MIL,Milwaukee Bucks,0042200102,2023-04-19T00:00:00,MIL vs. MIA,W,27.95,10.3,0.0,2.6,5.2,14.2,9.0,0.0,33.5,2.6,0.0,6.4,0.0,59.9,1,1,1,1,742,35,687,459,814,1182,838,1,888,136,1,1555,1103,50,1,27:57
2022-23,201144,Mike Conley,Mike,1610612750,MIN,Minnesota Timberwolves,0042200142,2023-04-19T00:00:00,MIN @ DEN,L,37.766666666666666,1.0,0.0,0.0,3.8,11.4,8.6,12.4,38.1,0.0,0.0,0.0,5.7,23.5,1,857,857,857,307,746,687,645,953,954,799,1206,585,536,1,1,200,1109,1,37:46
2022-23,1629312,Haywood Highsmith,Haywood,1610612748,MIA,Miami Heat,0042200102,2023-04-19T00:00:00,MIA @ MIL,L,12.0,6.0,0.0,0.0,6.0,18.0,0.0,0.0,12.0,3.0,0.0,0.0,0.0,44.7,1,857,857,857,1299,159,687,645,714,1442,1,1,1620,99,1,1,1103,274,1,12:00
2022-23,1626156,D'Angelo Russell,D'Angelo,1610612747,LAL,Los Angeles Lakers,0042200152,2023-04-19T00:00:00,LAL @ MEM,L,30.186666666666667,0.0,2.4,0.0,0.0,13.1,8.3,9.5,33.4,0.0,0.0,6.0,0.0,19.6,1,857,857,857,634,756,507,645,1176,1093,772,962,893,536,1,1517,1103,1282,1,30:11
2022-23,1628415,Dillon Brooks,Dillon,1610612763,MEM,Memphis Grizzlies,0042200152,2023-04-19T00:00:00,MEM vs. LAL,W,22.573333333333334,0.0,8.0,3.2,6.4,9.6,14.4,6.4,38.3,0.0,1.6,8.0,1.6,25.0,1,1,1,1,957,756,65,380,683,774,1340,622,578,536,1485,1622,923,1039,1,22:34
2022-23,1628975,Jevon Carter,Jevon,1610612749,MIL,Milwaukee Bucks,0042200102,2023-04-19T00:00:00,MIL vs. MIA,W,14.086666666666666,0.0,0.0,0.0,0.0,10.2,12.8,15.3,20.4,0.0,0.0,0.0,0.0,25.3,1,1,1,1,1231,756,687,645,1176,842,1214,1417,1505,536,1,1,1103,1032,1,14:05
2022-23,203109,Jae Crowder,Jae,1610612749,MIL,Milwaukee Bucks,0042200102,2023-04-19T00:00:00,MIL vs. MIA,W,15.411666666666667,0.0,0.0,0.0,0.0,14.0,7.0,7.0,32.7,0.0,0.0,7.0,0.0,18.9,1,1,1,1,1188,756,687,645,1176,1170,662,684,936,536,1,1589,1103,1308,1,15:25
2022-23,203471,Dennis Schröder,Dennis,1610612747,LAL,Los Angeles Lakers,0042200152,2023-04-19T00:00:00,LAL @ MEM,L,15.961666666666666,0.0,0.0,0.0,0.0,29.3,4.5,4.5,45.1,0.0,2.3,4.5,2.3,8.3,1,857,857,857,1173,756,687,645,1176,1667,408,474,273,536,1607,1330,758,1550,1,15:58
2022-23,1630217,Desmond Bane,Desmond,1610612763,MEM,Memphis Grizzlies,0042200152,2023-04-19T00:00:00,MEM vs. LAL,W,35.09,2.1,0.0,2.1,8.2,9.2,13.3,5.1,34.9,0.0,2.1,4.1,2.1,18.8,1,1,1,1,437,626,687,533,523,743,1268,525,800,536,1583,1264,799,1314,1,35:05
2022-23,200768,Kyle Lowry,Kyle,1610612748,MIA,Miami Heat,0042200102,2023-04-19T00:00:00,MIA @ MIL,L,18.383333333333333,0.0,0.0,0.0,0.0,35.2,5.9,19.6,43.1,0.0,2.0,2.0,2.0,26.0,1,857,857,857,1099,756,687,645,1176,1700,533,1577,351,536,1568,714,825,997,1,18:23
2022-23,1630162,Anthony Edwards,Anthony,1610612750,MIN,Minnesota Timberwolves,0042200142,2023-04-19T00:00:00,MIN @ DEN,L,41.71666666666667,1.7,0.0,6.0,8.6,8.6,11.2,12.9,39.7,2.6,0.0,3.5,5.2,54.7,1,857,857,857,109,701,687,119,491,675,1064,1260,490,135,1,1122,260,89,1,41:43
2022-23,1631108,Max Christie,Max,1610612747,LAL,Los Angeles Lakers,0042200152,2023-04-19T00:00:00,LAL @ MEM,L,0.5133333333333333,0.0,0.0,0.0,0.0,0.0,0.0,0.0,0.0,0.0,0.0,0.0,0.0,0.0,1,857,857,857,1689,756,687,645,1176,1,1,1,1634,536,1,1,1103,1601,1,0:31
2022-23,1629130,Duncan Robinson,Duncan,1610612748,MIA,Miami Heat,0042200102,2023-04-19T00:00:00,MIA @ MIL,L,25.6,0.0,4.2,0.0,0.0,12.7,14.1,5.6,30.9,0.0,0.0,2.8,1.4,31.6,1,857,857,857,841,756,263,645,1176,1062,1324,559,1056,536,1,954,960,740,1,25:36
2022-23,1626145,Tyus Jones,Tyus,1610612763,MEM,Memphis Grizzlies,0042200152,2023-04-19T00:00:00,MEM vs. LAL,W,36.28666666666667,2.0,2.0,2.0,7.9,5.0,14.9,11.9,39.7,0.0,0.0,3.0,3.0,31.0,1,1,1,1,384,634,571,540,545,399,1376,1161,492,536,1,1013,601,773,1,36:17
2022-23,1629020,Jarred Vanderbilt,Jarred,1610612747,LAL,Los Angeles Lakers,0042200152,2023-04-19T00:00:00,LAL @ MEM,L,21.625,3.3,3.3,0.0,10.0,15.0,3.3,10.0,40.0,1.7,0.0,5.0,3.3,39.0,1,857,857,857,996,423,370,645,378,1244,317,1011,476,262,1,1417,539,439,1,21:38
2022-23,203484,Kentavious Caldwell-Pope,Kentavious,1610612743,DEN,Denver Nuggets,0042200142,2023-04-19T00:00:00,DEN vs. MIN,W,39.233333333333334,1.8,0.0,1.8,1.8,2.8,7.3,12.8,31.2,0.0,1.8,0.9,2.8,16.1,1,1,1,1,227,674,687,571,1160,276,692,1251,1038,536,1548,442,648,1384,1,39:14
2022-23,203648,Thanasis Antetokounmpo,Thanasis,1610612749,MIL,Milwaukee Bucks,0042200102,2023-04-19T00:00:00,MIL vs. MIA,W,1.2666666666666666,0.0,0.0,0.0,0.0,0.0,85.3,0.0,0.0,0.0,0.0,0.0,0.0,0.0,1,1,1,1,1653,756,687,645,1176,1,1725,1,1634,536,1,1,1103,1601,1,1:16
2022-23,1627885,Shaquille Harrison,Shaquille,1610612747,LAL,Los Angeles Lakers,0042200152,2023-04-19T00:00:00,LAL @ MEM,L,0.5133333333333333,0.0,0.0,0.0,0.0,0.0,0.0,0.0,0.0,0.0,0.0,0.0,0.0,0.0,1,857,857,857,1689,756,687,645,1176,1,1,1,1634,536,1,1,1103,1601,1,0:31
2022-23,201950,Jrue Holiday,Jrue,1610612749,MIL,Milwaukee Bucks,0042200102,2023-04-19T00:00:00,MIL vs. MIA,W,32.81666666666667,0.0,3.3,5.5,11.0,12.1,5.5,3.3,32.9,0.0,0.0,3.3,0.0,51.0,1,1,1,1,525,756,377,155,324,997,494,395,922,536,1,1085,1103,137,1,32:49
2022-23,1628991,Jaren Jackson Jr.,Jaren,1610612763,MEM,Memphis Grizzlies,0042200152,2023-04-19T00:00:00,MEM vs. LAL,W,39.82333333333333,4.5,0.0,0.0,7.2,8.1,13.6,7.2,36.2,2.7,1.8,2.7,9.0,39.1,1,1,1,1,203,283,687,645,603,635,1285,714,710,123,1543,918,46,434,1,39:49
2022-23,1626192,Pat Connaughton,Pat,1610612749,MIL,Milwaukee Bucks,0042200102,2023-04-19T00:00:00,MIL vs. MIA,W,25.15,7.2,0.0,7.2,5.7,8.6,5.7,12.9,28.6,1.4,0.0,2.9,0.0,52.0,1,1,1,1,857,104,687,80,747,670,514,1254,1197,311,1,977,1103,123,1,25:09
2022-23,1630583,Santi Aldama,Santi,1610612763,MEM,Memphis Grizzlies,0042200152,2023-04-19T00:00:00,MEM vs. LAL,W,14.393333333333333,0.0,0.0,0.0,0.0,0.0,5.0,17.5,35.0,0.0,0.0,0.0,0.0,28.5,1,1,1,1,1223,756,687,645,1176,1,454,1508,789,536,1,1,1103,873,1,14:24
2022-23,1630214,Xavier Tillman,Xavier,1610612763,MEM,Memphis Grizzlies,0042200152,2023-04-19T00:00:00,MEM vs. LAL,W,31.656666666666666,4.5,2.3,4.5,20.5,5.7,14.8,8.0,38.7,0.0,0.0,1.1,2.3,47.9,1,1,1,1,573,280,521,224,45,437,1370,788,558,536,1,507,754,191,1,31:39
2022-23,203076,Anthony Davis,Anthony,1610612747,LAL,Los Angeles Lakers,0042200152,2023-04-19T00:00:00,LAL @ MEM,L,37.61666666666667,1.9,1.9,0.0,5.7,15.3,8.6,7.7,32.5,4.8,3.8,2.9,4.8,39.5,1,857,857,857,316,655,588,645,745,1272,805,760,946,38,1702,980,314,417,1,37:37
2022-23,201567,Kevin Love,Kevin,1610612748,MIA,Miami Heat,0042200102,2023-04-19T00:00:00,MIA @ MIL,L,11.1,0.0,0.0,0.0,0.0,38.9,9.7,32.4,51.9,3.2,0.0,0.0,6.5,45.7,1,857,857,857,1336,756,687,645,1176,1708,912,1696,106,79,1,1,133,241,1,11:06
2022-23,203506,Victor Oladipo,Victor,1610612748,MIA,Miami Heat,0042200102,2023-04-19T00:00:00,MIA @ MIL,L,26.3,2.7,0.0,4.1,2.7,21.9,8.2,15.1,30.1,0.0,0.0,2.7,2.7,28.1,1,857,857,857,806,513,687,271,1077,1582,766,1403,1095,536,1,926,650,892,1,26:18
2022-23,203932,Aaron Gordon,Aaron,1610612743,DEN,Denver Nuggets,0042200142,2023-04-19T00:00:00,DEN vs. MIN,W,32.65,0.0,2.2,2.2,13.2,3.3,8.8,15.4,30.9,0.0,1.1,5.5,2.2,31.4,1,1,1,1,532,756,530,507,201,301,827,1425,1063,536,1356,1476,775,751,1,32:39
2022-23,204060,Joe Ingles,Joe,1610612749,MIL,Milwaukee Bucks,0042200102,2023-04-19T00:00:00,MIL vs. MIA,W,25.106666666666666,8.6,4.3,8.6,2.9,8.6,4.3,4.3,25.8,0.0,0.0,1.4,0.0,45.6,1,1,1,1,859,62,256,43,1059,672,385,458,1350,536,1,561,1103,246,1,25:06
2022-23,1631254,Kenneth Lofton Jr.,Kenneth,1610612763,MEM,Memphis Grizzlies,0042200152,2023-04-19T00:00:00,MEM vs. LAL,W,0.3433333333333333,0.0,0.0,0.0,0.0,0.0,0.0,0.0,0.0,0.0,0.0,0.0,0.0,0.0,1,1,1,1,1715,756,687,645,1176,1,1,1,1634,536,1,1,1103,1601,1,0:21
2022-23,1626157,Karl-Anthony Towns,Karl-Anthony,1610612750,MIN,Minnesota Timberwolves,0042200142,2023-04-19T00:00:00,MIN @ DEN,L,34.2,0.0,2.1,0.0,2.1,10.5,8.4,13.7,37.9,1.1,1.1,5.3,4.2,26.7,1,857,857,857,463,756,552,645,1136,871,780,1316,601,406,1330,1447,404,959,1,34:12
2022-23,1628971,Bruce Brown,Bruce,1610612743,DEN,Denver Nuggets,0042200142,2023-04-19T00:00:00,DEN vs. MIN,W,29.783333333333335,4.8,0.0,7.3,7.3,7.3,7.3,8.5,33.8,0.0,0.0,4.8,0.0,26.7,1,1,1,1,661,253,687,73,601,566,680,848,865,536,1,1388,1103,962,1,29:47
2022-23,1629723,John Konchar,John,1610612763,MEM,Memphis Grizzlies,0042200152,2023-04-19T00:00:00,MEM vs. LAL,W,14.185,0.0,5.1,0.0,5.1,10.2,5.1,5.1,35.5,5.1,2.5,2.5,0.0,45.4,1,1,1,1,1228,756,191,645,823,837,462,521,761,32,1633,850,1103,254,1,14:11
2022-23,1628369,Jayson Tatum,Jayson,1610612738,BOS,Boston Celtics,0042200112,2023-04-18T00:00:00,BOS vs. ATL,W,39.516666666666666,3.6,0.0,5.5,12.8,20.0,10.0,10.0,29.2,0.9,0.9,0.9,1.8,47.4,1,1,1,1,215,378,687,157,230,1534,951,1013,1159,470,1237,440,865,208,1,39:31
2022-23,1630168,Onyeka Okongwu,Onyeka,1610612737,ATL,Atlanta Hawks,0042200112,2023-04-18T00:00:00,ATL @ BOS,L,23.783333333333335,0.0,3.0,0.0,12.1,12.1,9.1,7.6,51.5,3.0,0.0,1.5,0.0,39.8,1,857,857,857,904,756,407,645,267,1004,845,751,111,96,1,571,1103,410,1,23:47
2022-23,201566,Russell Westbrook,Russell,1610612746,LAC,LA Clippers,0042200172,2023-04-18T00:00:00,LAC @ PHX,L,36.096666666666664,9.0,3.0,4.0,14.0,10.0,11.0,8.0,29.9,2.0,1.0,2.0,5.0,44.4,1,857,857,857,389,56,412,283,177,818,1040,796,1119,194,1303,721,284,282,1,36:06
2022-23,1628973,Jalen Brunson,Jalen,1610612752,NYK,New York Knicks,0042200132,2023-04-18T00:00:00,NYK @ CLE,L,36.295,4.0,0.0,4.0,6.0,23.8,12.9,15.9,29.8,0.0,0.0,1.0,7.9,44.6,1,857,857,857,381,339,687,284,723,1612,1230,1448,1123,536,1,464,75,277,1,36:18
2022-23,203935,Marcus Smart,Marcus,1610612738,BOS,Boston Celtics,0042200112,2023-04-18T00:00:00,BOS vs. ATL,W,32.15,3.4,0.0,2.2,9.0,20.2,7.8,10.1,31.4,0.0,0.0,1.1,2.2,41.4,1,1,1,1,551,418,687,502,455,1537,738,1017,1032,536,1,503,763,355,1,32:09
2022-23,1626164,Devin Booker,Devin,1610612756,PHX,Phoenix Suns,0042200172,2023-04-18T00:00:00,PHX vs. LAC,W,44.79666666666667,1.6,1.6,4.8,11.3,12.1,15.3,8.0,30.5,0.0,2.4,3.2,4.0,42.4,1,1,1,1,21,722,662,208,310,996,1406,798,1080,536,1621,1068,430,327,1,44:48
2022-23,1630180,Saddiq Bey,Saddiq,1610612737,ATL,Atlanta Hawks,0042200112,2023-04-18T00:00:00,ATL @ BOS,L,14.833333333333334,0.0,0.0,0.0,0.0,19.4,4.9,7.3,58.2,0.0,0.0,2.4,0.0,2.9,1,857,857,857,1210,756,687,645,1176,1516,445,719,61,536,1,815,1103,1592,1,14:50
2022-23,1627759,Jaylen Brown,Jaylen,1610612738,BOS,Boston Celtics,0042200112,2023-04-18T00:00:00,BOS vs. ATL,W,35.95,3.0,2.0,3.0,10.0,18.0,8.0,7.0,30.0,2.0,2.0,0.0,2.0,35.6,1,1,1,1,399,465,567,404,376,1446,751,686,1102,192,1572,1,814,558,1,35:57
2022-23,1626181,Norman Powell,Norman,1610612746,LAC,LA Clippers,0042200172,2023-04-18T00:00:00,LAC @ PHX,L,27.996666666666666,0.0,2.6,2.6,10.3,7.7,10.3,2.6,28.3,1.3,2.6,3.9,3.9,37.0,1,857,857,857,741,756,473,460,365,612,978,357,1215,337,1636,1227,454,502,1,27:60
2022-23,201587,Nicolas Batum,Nicolas,1610612746,LAC,LA Clippers,0042200172,2023-04-18T00:00:00,LAC @ PHX,L,19.033333333333335,0.0,0.0,0.0,0.0,15.1,9.5,11.3,26.5,0.0,0.0,5.7,0.0,5.1,1,857,857,857,1083,756,687,645,1176,1257,884,1118,1313,536,1,1496,1103,1576,1,19:02
2022-23,1628378,Donovan Mitchell,Donovan,1610612739,CLE,Cleveland Cavaliers,0042200132,2023-04-18T00:00:00,CLE vs. NYK,W,38.916666666666664,1.9,0.0,4.6,3.7,20.4,10.2,11.1,27.8,0.9,0.9,3.7,1.9,42.5,1,1,1,1,249,668,687,215,968,1542,962,1099,1257,457,1256,1191,855,320,1,38:55
2022-23,203486,Mason Plumlee,Mason,1610612746,LAC,LA Clippers,0042200172,2023-04-18T00:00:00,LAC @ PHX,L,13.6,0.0,0.0,0.0,0.0,5.3,15.9,0.0,21.2,0.0,0.0,0.0,2.6,9.0,1,857,857,857,1248,756,687,645,1176,420,1439,1,1489,536,1,1,677,1539,1,13:36
2022-23,101108,Chris Paul,Chris,1610612756,PHX,Phoenix Suns,0042200172,2023-04-18T00:00:00,PHX vs. LAC,W,37.653333333333336,1.9,3.8,0.0,1.9,12.4,15.3,9.6,28.7,1.0,0.0,2.9,1.0,36.1,1,1,1,1,314,656,302,645,1148,1035,1409,966,1190,442,1,979,1071,533,1,37:39
2022-23,1629027,Trae Young,Trae,1610612737,ATL,Atlanta Hawks,0042200112,2023-04-18T00:00:00,ATL @ BOS,L,33.833333333333336,9.6,2.1,7.4,10.6,12.8,4.3,18.1,44.7,0.0,4.3,0.0,5.3,40.0,1,857,857,857,479,46,549,69,347,1071,380,1532,290,536,1712,1,236,402,1,33:50
2022-23,1629636,Darius Garland,Darius,1610612739,CLE,Cleveland Cavaliers,0042200132,2023-04-18T00:00:00,CLE vs. NYK,W,36.35,9.9,3.0,7.9,4.0,15.8,10.9,7.9,25.7,0.0,0.0,2.0,6.9,41.7,1,1,1,1,377,40,415,55,931,1315,1031,784,1355,536,1,719,107,346,1,36:21
2022-23,1628386,Jarrett Allen,Jarrett,1610612739,CLE,Cleveland Cavaliers,0042200132,2023-04-18T00:00:00,CLE vs. NYK,W,34.83,5.2,2.1,0.0,8.3,23.8,7.2,12.4,26.9,3.1,1.0,2.1,2.1,43.9,1,1,1,1,443,217,558,645,517,1611,678,1207,1295,91,1321,737,796,289,1,34:50
2022-23,1630688,Ish Wainright,Ish,1610612756,PHX,Phoenix Suns,0042200172,2023-04-18T00:00:00,PHX vs. LAC,W,0.6866666666666666,0.0,0.0,0.0,0.0,0.0,0.0,0.0,0.0,0.0,0.0,0.0,0.0,0.0,1,1,1,1,1681,756,687,645,1176,1,1,1,1634,536,1,1,1103,1601,1,0:41
2022-23,1628392,Isaiah Hartenstein,Isaiah,1610612752,NYK,New York Knicks,0042200132,2023-04-18T00:00:00,NYK @ CLE,L,26.75,2.7,2.7,0.0,5.4,24.2,13.5,13.5,37.7,0.0,1.3,5.4,1.3,28.1,1,857,857,857,789,522,452,645,784,1619,1280,1297,614,536,1433,1460,979,890,1,26:45
2022-23,202695,Kawhi Leonard,Kawhi,1610612746,LAC,LA Clippers,0042200172,2023-04-18T00:00:00,LAC @ PHX,L,38.83,5.6,4.6,3.7,11.1,11.1,6.5,7.4,26.0,0.0,0.0,0.9,4.6,52.9,1,857,857,857,255,188,232,308,313,926,608,737,1338,536,1,445,331,109,1,38:50
2022-23,1629599,Amir Coffey,Amir,1610612746,LAC,LA Clippers,0042200172,2023-04-18T00:00:00,LAC @ PHX,L,0.97,0.0,0.0,0.0,0.0,74.2,74.2,0.0,74.2,0.0,0.0,0.0,0.0,0.0,1,857,857,857,1666,756,687,645,1176,1722,1721,1,9,536,1,1,1103,1601,1,0:58
2022-23,201569,Eric Gordon,Eric,1610612746,LAC,LA Clippers,0042200172,2023-04-18T00:00:00,LAC @ PHX,L,32.33,0.0,6.7,0.0,0.0,13.4,5.6,6.7,26.7,0.0,1.1,4.5,0.0,18.3,1,857,857,857,546,756,109,645,1176,1119,500,644,1299,536,1361,1322,1103,1332,1,32:20
2022-23,1629656,Quentin Grimes,Quentin,1610612752,NYK,New York Knicks,0042200132,2023-04-18T00:00:00,NYK @ CLE,L,21.916666666666668,3.3,0.0,3.3,0.0,19.7,9.9,16.4,32.9,0.0,0.0,1.6,3.3,28.9,1,857,857,857,979,432,687,368,1176,1522,932,1469,927,536,1,604,545,849,1,21:55
2022-23,1628436,Luke Kornet,Luke,1610612738,BOS,Boston Celtics,0042200112,2023-04-18T00:00:00,BOS vs. ATL,W,0.8133333333333334,0.0,0.0,0.0,0.0,221.3,0.0,0.0,88.5,0.0,0.0,0.0,0.0,0.0,1,1,1,1,1680,756,687,645,1176,1728,1,1,6,536,1,1,1103,1601,1,0:49
2022-23,1629011,Mitchell Robinson,Mitchell,1610612752,NYK,New York Knicks,0042200132,2023-04-18T00:00:00,NYK @ CLE,L,21.25,0.0,0.0,0.0,3.4,23.7,11.9,13.6,23.7,6.8,1.7,5.1,1.7,30.5,1,857,857,857,1010,756,687,645,1005,1610,1131,1306,1418,19,1512,1429,898,795,1,21:15
2022-23,1630538,Bones Hyland,Bones,1610612746,LAC,LA Clippers,0042200172,2023-04-18T00:00:00,LAC @ PHX,L,14.103333333333333,0.0,0.0,5.1,10.2,10.2,25.5,5.1,30.6,2.6,0.0,5.1,5.1,26.5,1,857,857,857,1230,756,687,184,369,840,1663,523,1076,139,1,1432,269,968,1,14:06
2022-23,1630573,Sam Hauser,Sam,1610612738,BOS,Boston Celtics,0042200112,2023-04-18T00:00:00,BOS vs. ATL,W,14.83,0.0,0.0,0.0,0.0,4.9,9.7,4.9,38.8,0.0,0.0,2.4,0.0,16.0,1,1,1,1,1211,756,687,645,1176,391,906,504,549,536,1,816,1103,1387,1,14:50
2022-23,1630193,Immanuel Quickley,Immanuel,1610612752,NYK,New York Knicks,0042200132,2023-04-18T00:00:00,NYK @ CLE,L,23.1,7.8,3.1,3.1,6.2,21.8,12.5,7.8,31.2,0.0,0.0,4.7,3.1,30.7,1,857,857,857,940,77,396,385,692,1578,1182,775,1039,536,1,1361,567,787,1,23:06
2022-23,1629631,De'Andre Hunter,De'Andre,1610612737,ATL,Atlanta Hawks,0042200112,2023-04-18T00:00:00,ATL @ BOS,L,38.35,1.9,1.9,1.9,3.8,7.5,1.9,11.3,46.9,0.0,0.9,2.8,0.9,30.9,1,857,857,857,277,661,598,558,960,594,262,1107,212,536,1266,957,1078,778,1,38:21
2022-23,1630554,Jason Preston,Jason,1610612746,LAC,LA Clippers,0042200172,2023-04-18T00:00:00,LAC @ PHX,L,0.97,0.0,0.0,0.0,0.0,74.2,74.2,0.0,74.2,0.0,0.0,0.0,0.0,0.0,1,857,857,857,1666,756,687,645,1176,1722,1721,1,9,536,1,1,1103,1601,1,0:58
2022-23,1628404,Josh Hart,Josh,1610612752,NYK,New York Knicks,0042200132,2023-04-18T00:00:00,NYK @ CLE,L,26.783333333333335,0.0,0.0,2.7,2.7,40.3,14.8,20.2,37.6,0.0,1.3,2.7,1.3,15.9,1,857,857,857,784,756,687,441,1081,1710,1371,1593,616,536,1432,909,981,1395,1,26:47
2022-23,1627814,Damion Lee,Damion,1610612756,PHX,Phoenix Suns,0042200172,2023-04-18T00:00:00,PHX vs. LAC,W,3.203333333333333,0.0,0.0,0.0,0.0,0.0,22.5,22.5,67.4,0.0,0.0,0.0,0.0,0.0,1,1,1,1,1582,756,687,645,1176,1,1627,1627,21,536,1,1,1103,1601,1,3:12
2022-23,1628381,John Collins,John,1610612737,ATL,Atlanta Hawks,0042200112,2023-04-18T00:00:00,ATL @ BOS,L,29.55,0.0,0.0,0.0,2.4,7.3,7.3,14.6,48.7,1.2,3.7,1.2,1.2,19.1,1,857,857,857,674,756,687,645,1104,572,685,1379,160,351,1696,530,1013,1298,1,29:33
2022-23,1630596,Evan Mobley,Evan,1610612739,CLE,Cleveland Cavaliers,0042200132,2023-04-18T00:00:00,CLE vs. NYK,W,39.166666666666664,0.0,6.4,0.0,11.0,16.5,10.1,9.2,27.6,1.8,0.9,2.8,3.7,35.5,1,1,1,1,232,756,120,645,318,1360,956,930,1267,224,1247,931,485,568,1,39:10
2022-23,1628401,Derrick White,Derrick,1610612738,BOS,Boston Celtics,0042200112,2023-04-18T00:00:00,BOS vs. ATL,W,33.75333333333333,2.1,0.0,4.3,19.2,21.3,13.9,11.7,32.0,3.2,1.1,1.1,1.1,49.5,1,1,1,1,482,614,687,252,53,1571,1307,1144,1001,82,1337,489,1051,158,1,33:45
2022-23,1629013,Landry Shamet,Landry,1610612756,PHX,Phoenix Suns,0042200172,2023-04-18T00:00:00,PHX vs. LAC,W,13.996666666666666,0.0,0.0,0.0,0.0,5.1,12.9,5.1,41.2,0.0,0.0,0.0,0.0,15.4,1,1,1,1,1234,756,687,645,1176,412,1225,527,421,536,1,1,1103,1408,1,13:60
2022-23,1629006,Josh Okogie,Josh,1610612756,PHX,Phoenix Suns,0042200172,2023-04-18T00:00:00,PHX vs. LAC,W,15.303333333333333,0.0,0.0,0.0,4.7,9.4,18.8,9.4,42.3,0.0,0.0,7.1,2.4,32.0,1,1,1,1,1192,756,687,645,864,761,1554,946,374,536,1,1593,738,726,1,15:18
2022-23,202687,Bismack Biyombo,Bismack,1610612756,PHX,Phoenix Suns,0042200172,2023-04-18T00:00:00,PHX vs. LAC,W,14.553333333333333,9.9,9.9,0.0,14.8,9.9,32.2,9.9,29.7,7.4,0.0,4.9,0.0,56.9,1,1,1,1,1216,41,42,645,150,810,1690,998,1129,16,1,1409,1103,62,1,14:33
2022-23,1629057,Robert Williams III,Robert,1610612738,BOS,Boston Celtics,0042200112,2023-04-18T00:00:00,BOS vs. ATL,W,22.886666666666667,0.0,3.1,3.1,12.6,12.6,6.3,6.3,25.2,3.1,0.0,3.1,0.0,32.2,1,1,1,1,948,756,390,381,246,1056,590,617,1369,87,1,1055,1103,712,1,22:53
2022-23,1626224,Cedi Osman,Cedi,1610612739,CLE,Cleveland Cavaliers,0042200132,2023-04-18T00:00:00,CLE vs. NYK,W,22.75,4.7,0.0,0.0,3.2,31.6,11.1,22.2,38.0,1.6,1.6,4.7,0.0,24.1,1,1,1,1,949,263,687,645,1033,1687,1052,1621,593,283,1481,1373,1103,1088,1,22:45
2022-23,1630167,Obi Toppin,Obi,1610612752,NYK,New York Knicks,0042200132,2023-04-18T00:00:00,NYK @ CLE,L,14.986666666666666,0.0,0.0,0.0,4.8,12.0,2.4,4.8,28.8,2.4,0.0,2.4,0.0,32.4,1,857,857,857,1201,756,687,645,857,992,279,497,1179,154,1,807,1103,704,1,14:59
2022-23,1630552,Jalen Johnson,Jalen,1610612737,ATL,Atlanta Hawks,0042200112,2023-04-18T00:00:00,ATL @ BOS,L,4.75,0.0,0.0,0.0,0.0,45.5,0.0,22.7,45.5,0.0,0.0,0.0,0.0,19.7,1,857,857,857,1489,756,687,645,1176,1715,1,1633,260,536,1,1,1103,1276,1,4:45
2022-23,1629028,Deandre Ayton,Deandre,1610612756,PHX,Phoenix Suns,0042200172,2023-04-18T00:00:00,PHX vs. LAC,W,31.596666666666668,2.3,2.3,0.0,6.8,12.5,9.1,9.1,31.9,0.0,0.0,5.7,2.3,32.6,1,1,1,1,578,590,520,645,644,1053,852,923,1006,536,1,1498,752,694,1,31:36
2022-23,203526,Raul Neto,Raul,1610612739,CLE,Cleveland Cavaliers,0042200132,2023-04-18T00:00:00,CLE vs. NYK,W,3.216666666666667,0.0,0.0,0.0,0.0,78.3,0.0,44.8,44.8,0.0,0.0,22.4,0.0,0.0,1,1,1,1,1576,756,687,645,1176,1725,1,1712,283,536,1,1724,1103,1601,1,3:13
2022-23,201142,Kevin Durant,Kevin,1610612756,PHX,Phoenix Suns,0042200172,2023-04-18T00:00:00,PHX vs. LAC,W,44.43,4.9,0.0,1.6,4.9,10.5,17.0,9.7,35.7,1.6,0.8,1.6,8.9,35.4,1,1,1,1,29,249,687,623,846,872,1480,988,751,275,1175,596,48,572,1,44:26
2022-23,203991,Clint Capela,Clint,1610612737,ATL,Atlanta Hawks,0042200112,2023-04-18T00:00:00,ATL @ BOS,L,21.95,3.3,3.3,0.0,6.6,9.8,0.0,19.7,49.2,1.6,1.6,0.0,1.6,35.1,1,857,857,857,978,433,379,645,670,805,1,1581,147,270,1498,1,911,581,1,21:57
2022-23,1630527,Brandon Boston,Brandon,1610612746,LAC,LA Clippers,0042200172,2023-04-18T00:00:00,LAC @ PHX,L,0.97,0.0,0.0,0.0,0.0,74.2,74.2,0.0,74.2,0.0,0.0,0.0,0.0,-37.1,1,857,857,857,1666,756,687,645,1176,1722,1721,1,9,536,1,1,1103,1725,1,0:58
2022-23,1627826,Ivica Zubac,Ivica,1610612746,LAC,LA Clippers,0042200172,2023-04-18T00:00:00,LAC @ PHX,L,29.483333333333334,0.0,2.4,0.0,4.9,14.7,8.5,7.3,29.3,0.0,2.4,1.2,6.1,22.2,1,857,857,857,679,756,497,645,841,1217,794,725,1149,536,1627,531,164,1164,1,29:29
2022-23,1629628,RJ Barrett,RJ,1610612752,NYK,New York Knicks,0042200132,2023-04-18T00:00:00,NYK @ CLE,L,33.36333333333334,6.5,2.2,4.3,8.6,17.3,14.0,8.6,25.9,0.0,0.0,1.1,4.3,22.2,1,857,857,857,498,127,541,246,490,1409,1320,870,1343,536,1,493,383,1163,1,33:22
2022-23,203992,Bogdan Bogdanović,Bogdan,1610612737,ATL,Atlanta Hawks,0042200112,2023-04-18T00:00:00,ATL @ BOS,L,33.016666666666666,4.4,5.5,2.2,6.5,8.7,6.5,7.6,45.8,0.0,0.0,4.4,0.0,34.2,1,857,857,857,511,301,170,514,671,685,614,756,245,536,1,1303,1103,621,1,33:01
2022-23,1630171,Isaac Okoro,Isaac,1610612739,CLE,Cleveland Cavaliers,0042200132,2023-04-18T00:00:00,CLE vs. NYK,W,2.75,0.0,0.0,0.0,0.0,26.2,0.0,0.0,0.0,0.0,0.0,26.2,13.1,-10.5,1,1,1,1,1598,756,687,645,1176,1643,1,1,1634,536,1,1725,8,1721,1,2:45
2022-23,1627749,Dejounte Murray,Dejounte,1610612737,ATL,Atlanta Hawks,0042200112,2023-04-18T00:00:00,ATL @ BOS,L,39.93333333333333,4.5,0.0,0.0,5.4,7.2,3.6,12.6,46.9,0.0,2.7,0.9,0.0,48.9,1,857,857,857,194,286,687,645,779,564,336,1235,214,536,1650,435,1103,172,1,39:56
2022-23,1627747,Caris LeVert,Caris,1610612739,CLE,Cleveland Cavaliers,0042200132,2023-04-18T00:00:00,CLE vs. NYK,W,39.85,8.1,4.5,1.8,7.2,19.9,9.0,10.8,28.9,0.0,0.9,0.9,1.8,28.3,1,1,1,1,200,68,244,581,605,1529,840,1080,1175,536,1233,439,870,884,1,39:51
2022-23,201980,Danny Green,Danny,1610612739,CLE,Cleveland Cavaliers,0042200132,2023-04-18T00:00:00,CLE vs. NYK,W,19.803333333333335,5.5,0.0,5.5,0.0,23.6,14.5,14.5,32.7,0.0,0.0,5.5,0.0,23.3,1,1,1,1,1053,198,687,160,1176,1609,1357,1372,933,536,1,1471,1103,1120,1,19:48
2022-23,1628470,Torrey Craig,Torrey,1610612756,PHX,Phoenix Suns,0042200172,2023-04-18T00:00:00,PHX vs. LAC,W,31.63,0.0,3.4,0.0,2.3,12.5,14.8,9.1,31.9,0.0,0.0,2.3,0.0,33.7,1,1,1,1,576,756,355,645,1124,1051,1374,921,1009,536,1,781,1103,645,1,31:38
2022-23,201577,Robin Lopez,Robin,1610612739,CLE,Cleveland Cavaliers,0042200132,2023-04-18T00:00:00,CLE vs. NYK,W,2.3666666666666667,0.0,0.0,0.0,60.8,30.4,0.0,0.0,0.0,0.0,0.0,0.0,0.0,60.8,1,1,1,1,1617,756,687,645,3,1674,1,1,1634,536,1,1,1103,48,1,2:22
2022-23,1627763,Malcolm Brogdon,Malcolm,1610612738,BOS,Boston Celtics,0042200112,2023-04-18T00:00:00,BOS vs. ATL,W,28.066666666666666,0.0,2.6,0.0,5.1,7.7,11.5,5.1,28.2,1.3,0.0,2.6,5.1,49.3,1,1,1,1,737,756,474,645,818,609,1095,526,1222,338,1,859,266,164,1,28:04
2022-23,1629611,Terance Mann,Terance,1610612746,LAC,LA Clippers,0042200172,2023-04-18T00:00:00,LAC @ PHX,L,25.616666666666667,0.0,4.2,0.0,2.8,11.2,14.1,2.8,30.9,0.0,0.0,5.6,1.4,14.6,1,857,857,857,840,756,264,645,1065,937,1322,367,1060,536,1,1489,961,1430,1,25:37
2022-23,201143,Al Horford,Al,1610612738,BOS,Boston Celtics,0042200112,2023-04-18T00:00:00,BOS vs. ATL,W,32.03333333333333,2.2,0.0,0.0,2.2,12.4,10.1,7.9,27.0,3.4,0.0,0.0,0.0,32.9,1,1,1,1,559,596,687,645,1125,1029,958,779,1289,73,1,1,1103,681,1,32:02
2022-23,1630540,Miles McBride,Miles,1610612752,NYK,New York Knicks,0042200132,2023-04-18T00:00:00,NYK @ CLE,L,2.5416666666666665,0.0,0.0,0.0,0.0,0.0,0.0,0.0,56.7,0.0,0.0,0.0,0.0,0.0,1,857,857,857,1606,756,687,645,1176,1,1,1,73,536,1,1,1103,1601,1,2:33
2022-23,203944,Julius Randle,Julius,1610612752,NYK,New York Knicks,0042200132,2023-04-18T00:00:00,NYK @ CLE,L,33.013333333333335,10.9,7.6,2.2,10.9,29.4,17.4,17.4,32.7,0.0,4.4,2.2,3.3,32.8,1,857,857,857,514,32,76,513,329,1672,1496,1506,934,536,1715,763,546,686,1,33:01
2022-23,203933,T.J. Warren,T.J.,1610612756,PHX,Phoenix Suns,0042200172,2023-04-18T00:00:00,PHX vs. LAC,W,2.15,0.0,0.0,0.0,0.0,33.5,0.0,0.0,0.0,0.0,0.0,16.7,0.0,0.0,1,1,1,1,1630,756,687,645,1176,1696,1,1,1634,536,1,1714,1103,1601,1,2:09
2022-23,203954,Joel Embiid,Joel,1610612755,PHI,Philadelphia 76ers,0042200122,2023-04-17T00:00:00,PHI vs. BKN,W,37.00333333333333,1.9,5.8,1.9,9.7,16.5,0.0,5.8,17.5,2.9,1.0,1.9,9.7,55.7,1,1,1,1,353,642,149,544,402,1359,1,574,1576,107,1292,710,26,79,1,37:00
2022-23,1630556,Kessler Edwards,Kessler,1610612758,SAC,Sacramento Kings,0042200162,2023-04-17T00:00:00,SAC vs. GSW,W,0.18666666666666668,0.0,0.0,0.0,0.0,0.0,0.0,0.0,0.0,0.0,0.0,0.0,0.0,0.0,1,1,1,1,1722,756,687,645,1176,1,1,1,1634,536,1,1,1103,1601,1,0:11
2022-23,1631099,Keegan Murray,Keegan,1610612758,SAC,Sacramento Kings,0042200162,2023-04-17T00:00:00,SAC vs. GSW,W,16.316666666666666,0.0,4.4,0.0,0.0,13.2,4.4,4.4,26.5,0.0,0.0,4.4,2.2,20.1,1,1,1,1,1156,756,248,645,1176,1105,398,468,1314,536,1,1315,772,1254,1,16:19
2022-23,1628368,De'Aaron Fox,De'Aaron,1610612758,SAC,Sacramento Kings,0042200162,2023-04-17T00:00:00,SAC vs. GSW,W,35.88333333333333,6.0,0.0,6.0,12.0,5.0,11.0,9.0,34.1,1.0,0.0,3.0,1.0,56.7,1,1,1,1,408,157,687,121,271,404,1049,913,844,416,1,1028,1064,68,1,35:53
2022-23,1627777,Georges Niang,Georges,1610612755,PHI,Philadelphia 76ers,0042200122,2023-04-17T00:00:00,PHI vs. BKN,W,12.853333333333333,0.0,0.0,0.0,0.0,25.2,0.0,0.0,16.8,0.0,0.0,8.4,0.0,-2.2,1,1,1,1,1270,756,687,645,1176,1634,1,1,1592,536,1,1636,1103,1717,1,12:51
2022-23,203915,Spencer Dinwiddie,Spencer,1610612751,BKN,Brooklyn Nets,0042200122,2023-04-17T00:00:00,BKN @ PHI,L,41.25,1.7,0.0,0.0,5.2,8.7,12.2,8.7,33.2,0.0,2.6,1.7,4.4,24.3,1,857,857,857,133,695,687,645,803,686,1158,882,909,536,1641,638,372,1078,1,41:15
2022-23,1629673,Jordan Poole,Jordan,1610612744,GSW,Golden State Warriors,0042200162,2023-04-17T00:00:00,GSW @ SAC,L,15.5,0.0,0.0,0.0,4.6,13.9,18.6,11.6,37.2,0.0,2.3,4.6,7.0,25.8,1,857,857,857,1187,756,687,645,870,1163,1550,1135,642,536,1613,1354,105,1009,1,15:30
2022-23,200782,P.J. Tucker,P.J.,1610612755,PHI,Philadelphia 76ers,0042200122,2023-04-17T00:00:00,PHI vs. BKN,W,22.18,0.0,0.0,0.0,0.0,8.1,0.0,6.5,16.2,0.0,0.0,1.6,0.0,22.9,1,1,1,1,970,756,687,645,1176,634,1,628,1598,536,1,597,1103,1136,1,22:11
2022-23,202699,Tobias Harris,Tobias,1610612755,PHI,Philadelphia 76ers,0042200122,2023-04-17T00:00:00,PHI vs. BKN,W,32.78333333333333,4.4,2.2,4.4,13.2,16.5,0.0,4.4,15.4,0.0,0.0,4.4,2.2,44.4,1,1,1,1,526,295,533,237,203,1353,1,466,1606,536,1,1310,776,283,1,32:47
2022-23,203552,Seth Curry,Seth,1610612751,BKN,Brooklyn Nets,0042200122,2023-04-17T00:00:00,BKN @ PHI,L,20.245,5.3,0.0,0.0,0.0,7.1,14.2,8.9,32.0,0.0,0.0,3.6,3.6,26.7,1,857,857,857,1041,206,687,645,1176,552,1335,892,997,536,1,1150,508,966,1,20:15
2022-23,203952,Andrew Wiggins,Andrew,1610612744,GSW,Golden State Warriors,0042200162,2023-04-17T00:00:00,GSW @ SAC,L,39.11666666666667,1.8,0.0,1.8,7.4,19.3,14.7,12.9,38.7,0.0,0.9,4.6,3.7,26.7,1,857,857,857,237,673,687,568,588,1511,1367,1255,561,536,1249,1343,483,964,1,39:07
2022-23,203458,Alex Len,Alex,1610612758,SAC,Sacramento Kings,0042200162,2023-04-17T00:00:00,SAC vs. GSW,W,8.268333333333333,0.0,0.0,0.0,17.4,8.7,17.4,8.7,34.8,4.4,0.0,13.1,0.0,27.0,1,1,1,1,1415,756,687,645,85,682,1494,878,809,48,1,1696,1103,945,1,8:16
2022-23,1629056,Terence Davis,Terence,1610612758,SAC,Sacramento Kings,0042200162,2023-04-17T00:00:00,SAC vs. GSW,W,1.7333333333333334,0.0,0.0,0.0,0.0,0.0,0.0,0.0,41.5,0.0,0.0,0.0,0.0,-20.8,1,1,1,1,1645,756,687,645,1176,1,1,1,403,536,1,1,1103,1724,1,1:44
2022-23,1626220,Royce O'Neale,Royce,1610612751,BKN,Brooklyn Nets,0042200122,2023-04-17T00:00:00,BKN @ PHI,L,35.5,0.0,0.0,0.0,0.0,8.1,13.2,9.1,26.4,0.0,1.0,5.1,2.0,24.0,1,857,857,857,424,756,687,645,1176,632,1252,924,1319,536,1313,1427,806,1091,1,35:30
2022-23,203110,Draymond Green,Draymond,1610612744,GSW,Golden State Warriors,0042200162,2023-04-17T00:00:00,GSW @ SAC,L,31.3,2.3,0.0,2.3,4.6,21.9,13.8,17.3,34.5,0.0,1.2,5.8,4.6,21.0,1,857,857,857,590,588,687,497,873,1580,1300,1500,824,536,1372,1503,340,1217,1,31:18
2022-23,1626172,Kevon Looney,Kevon,1610612744,GSW,Golden State Warriors,0042200162,2023-04-17T00:00:00,GSW @ SAC,L,22.948333333333334,3.1,0.0,0.0,9.4,23.5,11.0,12.5,50.2,1.6,1.6,7.8,0.0,28.1,1,857,857,857,947,446,687,645,420,1607,1043,1225,132,285,1480,1619,1103,891,1,22:57
2022-23,1627863,Danuel House Jr.,Danuel,1610612755,PHI,Philadelphia 76ers,0042200122,2023-04-17T00:00:00,PHI vs. BKN,W,2.1633333333333336,0.0,0.0,0.0,0.0,0.0,0.0,33.3,33.3,0.0,0.0,0.0,0.0,20.0,1,1,1,1,1629,756,687,645,1176,1,1,1697,904,536,1,1,1103,1262,1,2:10
2022-23,203210,JaMychal Green,JaMychal,1610612744,GSW,Golden State Warriors,0042200162,2023-04-17T00:00:00,GSW @ SAC,L,0.8333333333333334,0.0,0.0,0.0,0.0,0.0,43.2,0.0,0.0,0.0,0.0,43.2,0.0,0.0,1,857,857,857,1679,756,687,645,1176,1,1706,1,1634,536,1,1727,1103,1601,1,0:50
2022-23,1628978,Donte DiVincenzo,Donte,1610612744,GSW,Golden State Warriors,0042200162,2023-04-17T00:00:00,GSW @ SAC,L,12.65,0.0,0.0,0.0,0.0,11.4,22.8,8.5,39.8,0.0,0.0,5.7,0.0,5.4,1,857,857,857,1279,756,687,645,1176,949,1630,863,482,536,1,1497,1103,1573,1,12:39
2022-23,203925,Joe Harris,Joe,1610612751,BKN,Brooklyn Nets,0042200122,2023-04-17T00:00:00,BKN @ PHI,L,12.785,0.0,0.0,0.0,0.0,5.6,0.0,0.0,16.9,0.0,0.0,2.8,0.0,17.5,1,857,857,857,1272,756,687,645,1176,435,1,1,1590,536,1,956,1103,1350,1,12:47
2022-23,1630194,Paul Reed,Paul,1610612755,PHI,Philadelphia 76ers,0042200122,2023-04-17T00:00:00,PHI vs. BKN,W,10.996666666666666,6.5,6.5,0.0,19.6,16.4,0.0,0.0,13.1,3.3,0.0,3.3,6.5,34.7,1,1,1,1,1338,123,115,645,47,1346,1,1,1613,78,1,1080,131,598,1,10:60
2022-23,1627734,Domantas Sabonis,Domantas,1610612758,SAC,Sacramento Kings,0042200162,2023-04-17T00:00:00,SAC vs. GSW,W,39.626666666666665,7.3,10.0,0.0,12.7,6.4,6.4,9.1,29.1,0.0,0.9,4.5,10.0,34.3,1,1,1,1,207,101,39,645,238,484,595,918,1163,536,1236,1333,16,618,1,39:38
2022-23,1630558,Davion Mitchell,Davion,1610612758,SAC,Sacramento Kings,0042200162,2023-04-17T00:00:00,SAC vs. GSW,W,28.288333333333334,2.5,0.0,2.5,2.5,6.4,6.4,10.2,28.0,0.0,0.0,2.5,3.8,34.2,1,1,1,1,725,540,687,466,1095,485,596,1027,1237,536,1,853,463,622,1,28:17
2022-23,201939,Stephen Curry,Stephen,1610612744,GSW,Golden State Warriors,0042200162,2023-04-17T00:00:00,GSW @ SAC,L,40.77166666666667,1.8,0.0,4.4,7.1,20.3,12.4,12.4,44.1,0.9,0.0,1.8,8.8,34.1,1,857,857,857,154,690,687,232,620,1540,1178,1204,315,490,1,648,51,630,1,40:46
2022-23,1629667,Jalen McDaniels,Jalen,1610612755,PHI,Philadelphia 76ers,0042200122,2023-04-17T00:00:00,PHI vs. BKN,W,22.033333333333335,0.0,0.0,0.0,0.0,16.3,0.0,3.3,13.1,0.0,0.0,6.5,1.6,12.1,1,1,1,1,977,756,687,645,1176,1344,1,390,1614,536,1,1561,912,1483,1,22:02
2022-23,1628989,Kevin Huerter,Kevin,1610612758,SAC,Sacramento Kings,0042200162,2023-04-17T00:00:00,SAC vs. GSW,W,29.73,2.4,4.8,0.0,7.3,9.7,7.3,8.5,24.2,2.4,1.2,6.1,1.2,33.9,1,1,1,1,664,565,214,645,599,792,681,851,1401,152,1396,1526,1014,635,1,29:44
2022-23,1630541,Moses Moody,Moses,1610612744,GSW,Golden State Warriors,0042200162,2023-04-17T00:00:00,GSW @ SAC,L,8.466666666666667,0.0,17.0,0.0,17.0,17.0,12.8,8.5,42.5,0.0,0.0,8.5,0.0,48.9,1,857,857,857,1406,756,8,645,92,1395,1211,854,371,536,1,1640,1103,169,1,8:28
2022-23,1628370,Malik Monk,Malik,1610612758,SAC,Sacramento Kings,0042200162,2023-04-17T00:00:00,SAC vs. GSW,W,31.38,0.0,3.4,5.7,6.9,3.4,10.3,11.5,32.1,1.1,0.0,1.1,3.4,36.4,1,1,1,1,587,756,351,143,640,308,980,1128,987,377,1,509,521,528,1,31:23
2022-23,1628969,Mikal Bridges,Mikal,1610612751,BKN,Brooklyn Nets,0042200122,2023-04-17T00:00:00,BKN @ PHI,L,41.12,6.1,0.0,0.0,3.5,8.8,14.0,11.4,35.0,0.0,0.9,1.8,6.1,32.8,1,857,857,857,137,151,687,645,995,691,1316,1123,788,536,1214,642,161,685,1,41:07
2022-23,1629001,De'Anthony Melton,De'Anthony,1610612755,PHI,Philadelphia 76ers,0042200122,2023-04-17T00:00:00,PHI vs. BKN,W,21.283333333333335,0.0,0.0,5.1,3.4,20.3,0.0,3.4,16.9,3.4,0.0,5.1,3.4,32.8,1,1,1,1,1008,756,687,185,1006,1539,1,403,1589,72,1,1428,530,687,1,21:17
2022-23,203084,Harrison Barnes,Harrison,1610612758,SAC,Sacramento Kings,0042200162,2023-04-17T00:00:00,SAC vs. GSW,W,33.971666666666664,7.4,0.0,4.2,10.6,7.4,7.4,8.5,25.4,0.0,0.0,1.1,5.3,32.5,1,1,1,1,473,93,687,255,348,585,699,852,1362,536,1,487,237,696,1,33:58
2022-23,1627780,Gary Payton II,Gary,1610612744,GSW,Golden State Warriors,0042200162,2023-04-17T00:00:00,GSW @ SAC,L,26.78,1.3,4.0,0.0,8.1,18.8,9.4,8.1,37.6,0.0,0.0,0.0,2.7,32.5,1,857,857,857,787,733,279,645,532,1490,879,804,615,536,1,1,661,697,1,26:47
2022-23,1629661,Cameron Johnson,Cameron,1610612751,BKN,Brooklyn Nets,0042200122,2023-04-17T00:00:00,BKN @ PHI,L,40.78,6.2,0.0,5.3,8.8,8.8,14.1,11.5,35.3,0.9,1.8,2.6,4.4,37.3,1,857,857,857,153,145,687,173,468,701,1328,1129,771,491,1528,893,363,494,1,40:47
2022-23,1630228,Jonathan Kuminga,Jonathan,1610612744,GSW,Golden State Warriors,0042200162,2023-04-17T00:00:00,GSW @ SAC,L,3.933333333333333,0.0,0.0,0.0,0.0,0.0,54.9,27.5,36.6,0.0,0.0,0.0,0.0,11.0,1,857,857,857,1523,756,687,645,1176,1,1712,1673,678,536,1,1,1103,1511,1,3:56
2022-23,1629651,Nic Claxton,Nic,1610612751,BKN,Brooklyn Nets,0042200122,2023-04-17T00:00:00,BKN @ PHI,L,20.918333333333333,0.0,0.0,0.0,0.0,13.8,15.5,12.0,55.1,0.0,0.0,5.2,1.7,15.8,1,857,857,857,1018,756,687,645,1176,1149,1420,1174,83,536,1,1438,892,1397,1,20:55
2022-23,201935,James Harden,James,1610612755,PHI,Philadelphia 76ers,0042200122,2023-04-17T00:00:00,PHI vs. BKN,W,38.483333333333334,2.8,2.8,0.0,1.9,15.9,0.0,3.7,16.8,0.0,0.0,1.9,0.9,29.5,1,1,1,1,271,501,438,645,1155,1320,1,428,1591,536,1,685,1079,837,1,38:29
2022-23,202691,Klay Thompson,Klay,1610612744,GSW,Golden State Warriors,0042200162,2023-04-17T00:00:00,GSW @ SAC,L,37.7,0.0,3.8,2.9,1.9,18.1,17.2,14.3,42.0,0.0,1.0,1.9,1.9,31.0,1,857,857,857,310,756,304,418,1150,1457,1487,1355,386,536,1275,699,842,767,1,37:42
2022-23,1626168,Trey Lyles,Trey,1610612758,SAC,Sacramento Kings,0042200162,2023-04-17T00:00:00,SAC vs. GSW,W,14.615,0.0,0.0,0.0,0.0,4.9,9.9,9.9,44.3,0.0,0.0,7.4,2.5,10.6,1,1,1,1,1215,756,687,645,1176,396,931,993,305,536,1,1604,713,1520,1,14:37
2022-23,1627827,Dorian Finney-Smith,Dorian,1610612751,BKN,Brooklyn Nets,0042200122,2023-04-17T00:00:00,BKN @ PHI,L,27.401666666666667,3.9,0.0,0.0,2.6,10.5,18.4,10.5,39.4,0.0,0.0,2.6,0.0,28.8,1,857,857,857,764,343,687,645,1086,869,1545,1050,511,536,1,884,1103,859,1,27:24
2022-23,1630178,Tyrese Maxey,Tyrese,1610612755,PHI,Philadelphia 76ers,0042200122,2023-04-17T00:00:00,PHI vs. BKN,W,40.22,0.9,4.5,3.6,12.5,17.9,0.0,5.4,17.9,0.9,0.0,1.8,1.8,35.4,1,1,1,1,177,750,245,323,248,1438,1,541,1572,479,1,653,876,569,1,40:13
2022-23,203114,Khris Middleton,Khris,1610612749,MIL,Milwaukee Bucks,0042200101,2023-04-16T00:00:00,MIL vs. MIA,L,33.09166666666667,13.1,6.5,1.1,8.7,10.9,2.2,8.7,45.7,0.0,0.0,1.1,7.6,48.7,1,857,857,857,508,17,116,636,478,903,271,877,253,536,1,496,89,177,1,33:06
2022-23,1630192,Zeke Nnaji,Zeke,1610612743,DEN,Denver Nuggets,0042200141,2023-04-16T00:00:00,DEN vs. MIN,W,4.25,0.0,16.9,0.0,16.9,16.9,0.0,0.0,16.9,0.0,0.0,0.0,0.0,69.5,1,1,1,1,1510,756,9,645,93,1386,1,1,1584,536,1,1,1103,16,1,4:15
2022-23,1628389,Bam Adebayo,Bam,1610612748,MIA,Miami Heat,0042200101,2023-04-16T00:00:00,MIA @ MIL,W,32.70333333333333,2.2,2.2,2.2,22.0,14.3,5.5,6.6,30.8,0.0,0.0,4.4,4.4,48.8,1,1,1,1,530,602,531,509,35,1196,495,635,1066,536,1,1314,365,176,1,32:42
2022-23,203486,Mason Plumlee,Mason,1610612746,LAC,LA Clippers,0042200171,2023-04-16T00:00:00,LAC @ PHX,W,17.566666666666666,0.0,0.0,0.0,12.3,0.0,6.1,18.4,20.5,0.0,0.0,8.2,2.0,47.5,1,1,1,1,1124,756,687,645,254,1,574,1546,1503,536,1,1628,800,199,1,17:34
2022-23,1631111,Wendell Moore Jr.,Wendell,1610612750,MIN,Minnesota Timberwolves,0042200141,2023-04-16T00:00:00,MIN @ DEN,L,2.066666666666667,0.0,0.0,0.0,0.0,0.0,34.8,0.0,34.8,0.0,0.0,0.0,0.0,-17.4,1,857,857,857,1634,756,687,645,1176,1,1701,1,804,536,1,1,1103,1722,1,2:04
2022-23,203076,Anthony Davis,Anthony,1610612747,LAL,Los Angeles Lakers,0042200151,2023-04-16T00:00:00,LAL @ MEM,W,36.538333333333334,3.9,3.9,7.9,15.8,6.9,9.9,10.8,35.5,6.9,1.0,1.0,3.0,66.9,1,1,1,1,368,344,292,56,113,533,930,1079,764,18,1300,461,604,25,1,36:32
2022-23,201950,Jrue Holiday,Jrue,1610612749,MIL,Milwaukee Bucks,0042200101,2023-04-16T00:00:00,MIL vs. MIA,L,34.81666666666667,2.1,3.1,0.0,6.2,12.4,3.1,12.4,47.6,0.0,0.0,3.1,1.0,52.1,1,857,857,857,444,624,400,645,695,1032,308,1209,191,536,1,1051,1060,121,1,34:49
2022-23,1629060,Rui Hachimura,Rui,1610612747,LAL,Los Angeles Lakers,0042200151,2023-04-16T00:00:00,LAL @ MEM,W,29.788333333333334,2.4,10.9,7.3,12.1,9.7,4.8,10.9,38.7,0.0,0.0,2.4,2.4,44.4,1,1,1,1,660,566,29,74,269,790,441,1083,557,536,1,812,725,284,1,29:47
2022-23,1629111,Jock Landale,Jock,1610612756,PHX,Phoenix Suns,0042200171,2023-04-16T00:00:00,PHX vs. LAC,L,7.55,0.0,0.0,0.0,9.5,0.0,9.5,0.0,47.7,4.8,0.0,4.8,9.5,52.0,1,857,857,857,1429,756,687,645,414,1,892,1,186,39,1,1376,32,122,1,7:33
2022-23,1629723,John Konchar,John,1610612763,MEM,Memphis Grizzlies,0042200151,2023-04-16T00:00:00,MEM vs. LAL,L,0.5116666666666667,0.0,0.0,0.0,0.0,0.0,0.0,0.0,0.0,0.0,0.0,0.0,0.0,0.0,1,857,857,857,1694,756,687,645,1176,1,1,1,1634,536,1,1,1103,1601,1,0:31
2022-23,202710,Jimmy Butler III,Jimmy,1610612748,MIA,Miami Heat,0042200101,2023-04-16T00:00:00,MIA @ MIL,W,42.891666666666666,1.7,0.0,5.0,23.5,12.6,8.4,5.0,35.3,0.0,3.4,3.4,6.7,53.3,1,1,1,1,66,712,687,186,23,1057,778,516,774,536,1684,1099,124,102,1,42:54
2022-23,1631169,Josh Minott,Josh,1610612750,MIN,Minnesota Timberwolves,0042200141,2023-04-16T00:00:00,MIN @ DEN,L,6.316666666666666,0.0,0.0,0.0,0.0,0.0,11.4,11.4,34.2,5.7,0.0,5.7,0.0,45.6,1,857,857,857,1448,756,687,645,1176,1,1079,1125,839,24,1,1499,1103,247,1,6:19
2022-23,202695,Kawhi Leonard,Kawhi,1610612746,LAC,LA Clippers,0042200171,2023-04-16T00:00:00,LAC @ PHX,W,41.55,0.0,2.6,2.6,10.4,13.0,6.1,15.6,38.1,0.9,0.0,3.5,6.1,47.2,1,1,1,1,121,756,463,450,358,1084,560,1433,587,501,1,1129,169,211,1,41:33
2022-23,1628964,Mo Bamba,Mo,1610612747,LAL,Los Angeles Lakers,0042200151,2023-04-16T00:00:00,LAL @ MEM,W,0.5116666666666667,0.0,0.0,0.0,0.0,0.0,0.0,0.0,0.0,0.0,0.0,0.0,0.0,0.0,1,1,1,1,1694,756,687,645,1176,1,1,1,1634,536,1,1,1103,1601,1,0:31
2022-23,2544,LeBron James,LeBron,1610612747,LAL,Los Angeles Lakers,0042200151,2023-04-16T00:00:00,LAL @ MEM,W,34.005,8.5,3.2,4.2,10.6,15.9,8.5,14.8,48.7,3.2,0.0,1.1,5.3,54.7,1,1,1,1,470,63,388,257,349,1318,785,1390,161,86,1,485,238,87,1,34:00
2022-23,203999,Nikola Jokić,Nikola,1610612743,DEN,Denver Nuggets,0042200141,2023-04-16T00:00:00,DEN vs. MIN,W,28.483333333333334,0.0,2.5,0.0,15.2,7.6,6.3,3.8,30.3,0.0,2.5,7.6,6.3,51.6,1,1,1,1,719,756,477,645,135,599,592,434,1085,536,1631,1611,148,128,1,28:29
2022-23,1627885,Shaquille Harrison,Shaquille,1610612747,LAL,Los Angeles Lakers,0042200151,2023-04-16T00:00:00,LAL @ MEM,W,0.5116666666666667,0.0,0.0,0.0,0.0,0.0,0.0,0.0,0.0,0.0,0.0,0.0,0.0,0.0,1,1,1,1,1694,756,687,645,1176,1,1,1,1634,536,1,1,1103,1601,1,0:31
2022-23,1630162,Anthony Edwards,Anthony,1610612750,MIN,Minnesota Timberwolves,0042200141,2023-04-16T00:00:00,MIN @ DEN,L,27.683333333333334,5.2,0.0,3.9,10.4,10.4,9.1,11.7,44.2,1.3,1.3,5.2,5.2,46.7,1,857,857,857,756,214,687,292,357,861,851,1141,311,334,1424,1443,253,219,1,27:41
2022-23,1628991,Jaren Jackson Jr.,Jaren,1610612763,MEM,Memphis Grizzlies,0042200151,2023-04-16T00:00:00,MEM vs. LAL,L,37.126666666666665,3.9,1.9,0.0,21.3,15.5,16.5,20.4,48.5,1.9,3.9,2.9,5.8,49.5,1,857,857,857,345,351,579,645,37,1293,1458,1596,169,200,1707,994,191,161,1,37:08
2022-23,201142,Kevin Durant,Kevin,1610612756,PHX,Phoenix Suns,0042200171,2023-04-16T00:00:00,PHX vs. LAC,L,44.528333333333336,0.0,2.4,3.2,1.6,2.4,8.9,8.9,37.2,1.6,0.8,3.2,6.5,50.4,1,857,857,857,26,756,499,376,1173,266,831,894,637,277,1174,1072,136,146,1,44:32
2022-23,201566,Russell Westbrook,Russell,1610612746,LAC,LA Clippers,0042200171,2023-04-16T00:00:00,LAC @ PHX,W,36.46666666666667,0.0,2.0,0.0,3.9,12.8,2.0,22.7,43.4,3.0,2.0,2.0,4.9,46.6,1,1,1,1,373,756,573,645,935,1076,264,1632,333,104,1570,716,288,224,1,36:28
2022-23,1629022,Lonnie Walker IV,Lonnie,1610612747,LAL,Los Angeles Lakers,0042200151,2023-04-16T00:00:00,LAL @ MEM,W,0.5116666666666667,0.0,0.0,0.0,0.0,0.0,0.0,0.0,0.0,0.0,0.0,0.0,0.0,0.0,1,1,1,1,1694,756,687,645,1176,1,1,1,1634,536,1,1,1103,1601,1,0:31
2022-23,201567,Kevin Love,Kevin,1610612748,MIA,Miami Heat,0042200101,2023-04-16T00:00:00,MIA @ MIL,W,22.616666666666667,4.8,3.2,0.0,3.2,15.9,11.1,0.0,44.6,0.0,0.0,3.2,6.4,46.3,1,1,1,1,954,262,387,645,1031,1322,1058,1,295,536,1,1062,144,229,1,22:37
2022-23,1631108,Max Christie,Max,1610612747,LAL,Los Angeles Lakers,0042200151,2023-04-16T00:00:00,LAL @ MEM,W,0.5116666666666667,0.0,0.0,0.0,0.0,0.0,0.0,0.0,0.0,0.0,0.0,0.0,0.0,0.0,1,1,1,1,1694,756,687,645,1176,1,1,1,1634,536,1,1,1103,1601,1,0:31
2022-23,1631254,Kenneth Lofton Jr.,Kenneth,1610612763,MEM,Memphis Grizzlies,0042200151,2023-04-16T00:00:00,MEM vs. LAL,L,0.5116666666666667,0.0,0.0,0.0,0.0,0.0,0.0,0.0,0.0,0.0,0.0,0.0,0.0,0.0,1,857,857,857,1694,756,687,645,1176,1,1,1,1634,536,1,1,1103,1601,1,0:31
2022-23,1629117,Wenyen Gabriel,Wenyen,1610612747,LAL,Los Angeles Lakers,0042200151,2023-04-16T00:00:00,LAL @ MEM,W,0.5116666666666667,0.0,0.0,0.0,0.0,0.0,0.0,0.0,0.0,0.0,0.0,0.0,0.0,0.0,1,1,1,1,1694,756,687,645,1176,1,1,1,1634,536,1,1,1103,1601,1,0:31
2022-23,1627736,Malik Beasley,Malik,1610612747,LAL,Los Angeles Lakers,0042200151,2023-04-16T00:00:00,LAL @ MEM,W,10.378333333333334,0.0,0.0,0.0,0.0,13.9,0.0,13.9,55.5,0.0,0.0,6.9,0.0,0.7,1,1,1,1,1351,756,687,645,1176,1155,1,1327,80,536,1,1583,1103,1600,1,10:23
2022-23,1630559,Austin Reaves,Austin,1610612747,LAL,Los Angeles Lakers,0042200151,2023-04-16T00:00:00,LAL @ MEM,W,30.621666666666666,2.4,2.4,5.9,11.8,10.6,11.8,12.9,37.6,1.2,1.2,1.2,2.4,45.4,1,1,1,1,619,578,511,135,286,879,1116,1257,619,368,1381,517,739,256,1,30:37
2022-23,202687,Bismack Biyombo,Bismack,1610612756,PHX,Phoenix Suns,0042200171,2023-04-16T00:00:00,PHX vs. LAC,L,4.65,0.0,0.0,7.7,0.0,15.5,7.7,7.7,15.5,7.7,0.0,7.7,15.5,49.5,1,857,857,857,1497,756,687,58,1176,1289,724,769,1604,15,1,1615,5,155,1,4:39
2022-23,1627750,Jamal Murray,Jamal,1610612743,DEN,Denver Nuggets,0042200141,2023-04-16T00:00:00,DEN vs. MIN,W,33.15,3.3,3.3,2.2,10.9,6.5,2.2,3.3,21.7,1.1,2.2,3.3,3.3,51.7,1,1,1,1,503,436,381,518,332,503,270,386,1465,399,1597,1076,549,127,1,33:09
2022-23,1629622,Max Strus,Max,1610612748,MIA,Miami Heat,0042200101,2023-04-16T00:00:00,MIA @ MIL,W,38.266666666666666,0.0,0.0,0.0,1.9,16.9,10.3,5.6,32.0,0.0,0.0,2.8,0.0,15.1,1,1,1,1,281,756,687,645,1153,1385,984,566,1003,536,1,960,1103,1422,1,38:16
2022-23,203085,Austin Rivers,Austin,1610612750,MIN,Minnesota Timberwolves,0042200141,2023-04-16T00:00:00,MIN @ DEN,L,16.2,0.0,0.0,0.0,0.0,20.0,11.1,4.4,31.1,0.0,0.0,0.0,2.2,12.4,1,857,857,857,1165,756,687,645,1176,1532,1054,470,1041,536,1,1,765,1473,1,16:12
2022-23,1626156,D'Angelo Russell,D'Angelo,1610612747,LAL,Los Angeles Lakers,0042200151,2023-04-16T00:00:00,LAL @ MEM,W,35.765,3.0,2.0,3.0,6.0,9.1,8.1,13.1,36.2,0.0,0.0,3.0,2.0,35.5,1,1,1,1,415,460,564,400,711,726,754,1273,706,536,1,1032,811,565,1,35:46
2022-23,201599,DeAndre Jordan,DeAndre,1610612743,DEN,Denver Nuggets,0042200141,2023-04-16T00:00:00,DEN vs. MIN,W,5.94,12.1,0.0,0.0,24.2,24.2,0.0,0.0,24.2,0.0,0.0,12.1,0.0,21.2,1,1,1,1,1455,22,687,645,21,1620,1,1,1400,536,1,1689,1103,1209,1,5:56
2022-23,1630217,Desmond Bane,Desmond,1610612763,MEM,Memphis Grizzlies,0042200151,2023-04-16T00:00:00,MEM vs. LAL,L,36.571666666666665,4.9,3.0,6.9,5.9,16.7,16.7,21.7,45.3,0.0,3.9,4.9,3.0,35.4,1,857,857,857,367,240,416,87,727,1371,1467,1613,265,536,1710,1406,605,570,1,36:34
2022-23,202083,Wesley Matthews,Wesley,1610612749,MIL,Milwaukee Bucks,0042200101,2023-04-16T00:00:00,MIL vs. MIA,L,17.608333333333334,6.1,0.0,0.0,0.0,18.4,6.1,12.3,49.1,2.0,0.0,4.1,2.0,35.0,1,857,857,857,1121,150,687,645,1176,1473,572,1194,150,184,1,1259,802,585,1,17:37
2022-23,203932,Aaron Gordon,Aaron,1610612743,DEN,Denver Nuggets,0042200141,2023-04-16T00:00:00,DEN vs. MIN,W,23.326666666666668,9.3,4.6,3.1,3.1,3.1,0.0,3.1,21.6,0.0,1.5,4.6,4.6,34.7,1,1,1,1,927,50,233,391,1039,288,1,379,1470,536,1475,1349,334,597,1,23:20
2022-23,1629020,Jarred Vanderbilt,Jarred,1610612747,LAL,Los Angeles Lakers,0042200151,2023-04-16T00:00:00,LAL @ MEM,W,23.361666666666668,0.0,3.1,0.0,3.1,17.0,12.3,20.0,46.2,0.0,0.0,6.2,4.6,13.6,1,1,1,1,925,756,402,645,1040,1392,1172,1590,236,536,1,1532,335,1449,1,23:22
2022-23,1629162,Jordan McLaughlin,Jordan,1610612750,MIN,Minnesota Timberwolves,0042200141,2023-04-16T00:00:00,MIN @ DEN,L,10.31,0.0,0.0,0.0,0.0,0.0,7.0,21.0,41.9,0.0,3.5,7.0,3.5,13.6,1,857,857,857,1356,756,687,645,1176,1,659,1602,388,536,1691,1586,514,1448,1,10:19
2022-23,201145,Jeff Green,Jeff,1610612743,DEN,Denver Nuggets,0042200141,2023-04-16T00:00:00,DEN vs. MIN,W,22.683333333333334,0.0,0.0,0.0,0.0,12.7,4.8,0.0,34.9,1.6,0.0,4.8,0.0,14.1,1,1,1,1,951,756,687,645,1176,1065,432,1,795,281,1,1374,1103,1440,1,22:41
2022-23,1629630,Ja Morant,Ja,1610612763,MEM,Memphis Grizzlies,0042200151,2023-04-16T00:00:00,MEM vs. LAL,L,30.116666666666667,4.8,3.6,4.8,12.0,16.7,19.1,21.5,43.0,0.0,0.0,3.6,6.0,33.7,1,857,857,857,641,260,331,212,281,1372,1561,1610,352,536,1,1153,177,644,1,30:07
2022-23,1630533,Ziaire Williams,Ziaire,1610612763,MEM,Memphis Grizzlies,0042200151,2023-04-16T00:00:00,MEM vs. LAL,L,0.5116666666666667,0.0,0.0,0.0,0.0,0.0,0.0,0.0,0.0,0.0,0.0,0.0,0.0,-70.4,1,857,857,857,1694,756,687,645,1176,1,1,1,1634,536,1,1,1103,1728,1,0:31
2022-23,1627826,Ivica Zubac,Ivica,1610612746,LAC,LA Clippers,0042200171,2023-04-16T00:00:00,LAC @ PHX,W,29.69333333333333,0.0,4.8,0.0,12.1,18.2,4.8,19.4,46.1,0.0,1.2,3.6,3.6,32.7,1,1,1,1,666,756,211,645,265,1461,444,1575,240,536,1398,1171,493,691,1,29:42
2022-23,1629028,Deandre Ayton,Deandre,1610612756,PHX,Phoenix Suns,0042200171,2023-04-16T00:00:00,PHX vs. LAC,L,33.138333333333335,0.0,0.0,2.2,17.4,3.3,9.8,11.9,34.8,1.1,2.2,4.3,1.1,32.2,1,857,857,857,504,756,687,517,86,297,921,1164,811,398,1598,1300,1046,718,1,33:08
2022-23,1626181,Norman Powell,Norman,1610612746,LAC,LA Clippers,0042200171,2023-04-16T00:00:00,LAC @ PHX,W,23.211666666666666,1.6,4.7,0.0,6.2,0.0,7.8,14.0,24.8,0.0,3.1,0.0,3.1,31.0,1,1,1,1,934,726,230,645,696,1,727,1333,1378,536,1676,1,573,768,1,23:13
2022-23,1628971,Bruce Brown,Bruce,1610612743,DEN,Denver Nuggets,0042200141,2023-04-16T00:00:00,DEN vs. MIN,W,25.333333333333332,2.8,0.0,2.8,8.5,14.2,4.3,0.0,34.1,1.4,0.0,1.4,2.8,30.0,1,1,1,1,852,493,687,421,498,1185,381,1,847,313,1,560,627,807,1,25:20
2022-23,202704,Reggie Jackson,Reggie,1610612743,DEN,Denver Nuggets,0042200141,2023-04-16T00:00:00,DEN vs. MIN,W,4.25,0.0,0.0,0.0,0.0,16.9,0.0,0.0,16.9,0.0,0.0,0.0,0.0,29.6,1,1,1,1,1510,756,687,645,1176,1386,1,1,1584,536,1,1,1103,828,1,4:15
2022-23,203507,Giannis Antetokounmpo,Giannis,1610612749,MIL,Milwaukee Bucks,0042200101,2023-04-16T00:00:00,MIL vs. MIA,L,10.833333333333334,0.0,0.0,0.0,13.3,23.3,0.0,19.9,53.2,0.0,0.0,6.6,6.6,28.6,1,857,857,857,1343,756,687,645,197,1603,1,1586,93,536,1,1567,127,867,1,10:50
2022-23,1629638,Nickeil Alexander-Walker,Nickeil,1610612750,MIN,Minnesota Timberwolves,0042200141,2023-04-16T00:00:00,MIN @ DEN,L,23.5,0.0,0.0,0.0,0.0,9.2,4.6,13.8,24.5,1.5,0.0,1.5,3.1,17.2,1,857,857,857,918,756,687,645,1176,738,419,1320,1393,292,1,578,579,1361,1,23:30
2022-23,1628972,Troy Brown Jr.,Troy,1610612747,LAL,Los Angeles Lakers,0042200151,2023-04-16T00:00:00,LAL @ MEM,W,16.866666666666667,6.4,0.0,0.0,0.0,12.8,0.0,12.8,51.2,0.0,0.0,2.1,2.1,17.3,1,1,1,1,1141,133,687,645,1176,1074,1,1246,118,536,1,751,788,1356,1,16:52
2022-23,1630233,Nathan Knight,Nathan,1610612750,MIN,Minnesota Timberwolves,0042200141,2023-04-16T00:00:00,MIN @ DEN,L,4.55,15.8,0.0,0.0,15.8,0.0,0.0,15.8,31.6,0.0,0.0,0.0,0.0,17.4,1,857,857,857,1498,10,687,645,112,1,1,1443,1017,536,1,1,1103,1353,1,4:33
2022-23,204060,Joe Ingles,Joe,1610612749,MIL,Milwaukee Bucks,0042200101,2023-04-16T00:00:00,MIL vs. MIA,L,15.353333333333333,0.0,0.0,0.0,0.0,11.7,2.3,9.4,37.5,0.0,0.0,7.0,2.3,28.1,1,857,857,857,1190,756,687,645,1176,973,278,943,626,536,1,1592,742,889,1,15:21
2022-23,1628379,Luke Kennard,Luke,1610612763,MEM,Memphis Grizzlies,0042200151,2023-04-16T00:00:00,MEM vs. LAL,L,25.7,0.0,2.8,0.0,2.8,15.4,18.2,15.4,33.6,0.0,0.0,1.4,1.4,18.1,1,857,857,857,832,756,440,645,1067,1282,1526,1423,881,536,1,556,964,1335,1,25:42
2022-23,1628415,Dillon Brooks,Dillon,1610612763,MEM,Memphis Grizzlies,0042200151,2023-04-16T00:00:00,MEM vs. LAL,L,28.871666666666666,2.5,0.0,5.0,7.5,13.7,15.0,21.2,47.4,0.0,0.0,3.7,2.5,27.2,1,857,857,857,700,554,687,195,579,1143,1380,1606,199,536,1,1200,704,936,1,28:52
2022-23,1630583,Santi Aldama,Santi,1610612763,MEM,Memphis Grizzlies,0042200151,2023-04-16T00:00:00,MEM vs. LAL,L,24.333333333333332,0.0,0.0,0.0,3.0,19.2,23.7,22.2,47.3,0.0,0.0,0.0,0.0,26.9,1,857,857,857,888,756,687,645,1048,1508,1643,1624,202,536,1,1,1103,948,1,24:20
2022-23,1626157,Karl-Anthony Towns,Karl-Anthony,1610612750,MIN,Minnesota Timberwolves,0042200141,2023-04-16T00:00:00,MIN @ DEN,L,29.566666666666666,4.9,0.0,0.0,9.7,9.7,6.1,14.6,29.2,0.0,0.0,2.4,6.1,26.8,1,857,857,857,672,246,687,645,400,797,562,1377,1153,536,1,819,166,956,1,29:34
2022-23,1629216,Gabe Vincent,Gabe,1610612748,MIA,Miami Heat,0042200101,2023-04-16T00:00:00,MIA @ MIL,W,33.43833333333333,2.2,1.1,2.2,0.0,15.1,7.5,6.5,34.5,0.0,0.0,4.3,2.2,26.3,1,1,1,1,497,608,676,520,1176,1253,706,626,828,536,1,1295,780,982,1,33:26
2022-23,201569,Eric Gordon,Eric,1610612746,LAC,LA Clippers,0042200171,2023-04-16T00:00:00,LAC @ PHX,W,32.5,0.0,0.0,5.5,6.6,16.6,4.4,17.7,44.3,0.0,1.1,3.3,2.2,25.7,1,1,1,1,538,756,687,153,659,1368,401,1518,306,536,1358,1093,768,1014,1,32:30
2022-23,200768,Kyle Lowry,Kyle,1610612748,MIA,Miami Heat,0042200101,2023-04-16T00:00:00,MIA @ MIL,W,18.5,3.9,0.0,0.0,3.9,17.5,5.8,3.9,35.0,0.0,0.0,3.9,1.9,18.9,1,1,1,1,1097,349,687,645,941,1426,529,438,787,536,1,1235,828,1311,1,18:30
2022-23,201572,Brook Lopez,Brook,1610612749,MIL,Milwaukee Bucks,0042200101,2023-04-16T00:00:00,MIL vs. MIA,L,35.766666666666666,1.0,3.0,0.0,8.1,11.1,3.0,12.1,46.3,3.0,0.0,2.0,3.0,25.5,1,857,857,857,413,741,408,645,533,919,303,1177,232,97,1,725,588,1025,1,35:46
2022-23,1626145,Tyus Jones,Tyus,1610612763,MEM,Memphis Grizzlies,0042200151,2023-04-16T00:00:00,MEM vs. LAL,L,25.355,0.0,0.0,2.8,8.5,21.3,12.8,14.2,39.8,0.0,0.0,2.8,1.4,25.4,1,857,857,857,850,756,687,422,500,1569,1215,1346,486,536,1,967,958,1027,1,25:21
2022-23,1629669,Jaylen Nowell,Jaylen,1610612750,MIN,Minnesota Timberwolves,0042200141,2023-04-16T00:00:00,MIN @ DEN,L,21.9,0.0,4.9,0.0,3.3,18.1,14.8,8.2,49.3,0.0,0.0,1.6,1.6,25.0,1,857,857,857,980,756,205,645,1022,1449,1373,826,144,536,1,606,910,1042,1,21:54
2022-23,201144,Mike Conley,Mike,1610612750,MIN,Minnesota Timberwolves,0042200141,2023-04-16T00:00:00,MIN @ DEN,L,24.956666666666667,0.0,0.0,0.0,2.9,11.5,4.3,14.4,20.2,0.0,1.4,0.0,1.4,25.0,1,857,857,857,864,756,687,645,1058,961,390,1361,1510,536,1456,1,952,1043,1,24:57
2022-23,1629611,Terance Mann,Terance,1610612746,LAC,LA Clippers,0042200171,2023-04-16T00:00:00,LAC @ PHX,W,24.266666666666666,5.9,0.0,5.9,8.9,10.4,4.5,20.8,29.7,0.0,0.0,4.5,7.4,24.9,1,1,1,1,891,167,687,132,456,857,404,1601,1131,536,1,1321,93,1044,1,24:16
2022-23,1628960,Grayson Allen,Grayson,1610612749,MIL,Milwaukee Bucks,0042200101,2023-04-16T00:00:00,MIL vs. MIA,L,31.421666666666667,0.0,0.0,3.4,6.9,10.3,4.6,6.9,48.1,0.0,0.0,2.3,2.3,19.4,1,857,857,857,583,756,687,344,641,845,415,663,179,536,1,783,747,1290,1,31:25
2022-23,1630538,Bones Hyland,Bones,1610612746,LAC,LA Clippers,0042200171,2023-04-16T00:00:00,LAC @ PHX,W,13.383333333333333,0.0,0.0,0.0,0.0,0.0,8.1,18.8,21.5,0.0,8.1,2.7,0.0,19.4,1,1,1,1,1260,756,687,645,1176,1,756,1557,1475,536,1723,911,1103,1289,1,13:23
2022-23,1629130,Duncan Robinson,Duncan,1610612748,MIA,Miami Heat,0042200101,2023-04-16T00:00:00,MIA @ MIL,W,6.446666666666666,16.8,0.0,0.0,0.0,22.3,16.8,16.8,44.7,0.0,0.0,0.0,0.0,23.5,1,1,1,1,1446,9,687,645,1176,1589,1468,1483,291,536,1,1,1103,1113,1,6:27
2022-23,203484,Kentavious Caldwell-Pope,Kentavious,1610612743,DEN,Denver Nuggets,0042200141,2023-04-16T00:00:00,DEN vs. MIN,W,31.383333333333333,3.4,0.0,5.7,4.6,4.6,5.7,3.4,27.5,0.0,0.0,0.0,0.0,23.3,1,1,1,1,585,412,687,144,874,368,516,409,1269,536,1,1,1103,1118,1,31:23
2022-23,1628997,Caleb Martin,Caleb,1610612748,MIA,Miami Heat,0042200101,2023-04-16T00:00:00,MIA @ MIL,W,25.67,4.2,0.0,5.6,5.6,9.8,7.0,1.4,30.9,0.0,0.0,5.6,4.2,23.3,1,1,1,1,834,316,687,147,762,802,663,321,1065,536,1,1485,405,1119,1,25:40
2022-23,1631212,Peyton Watson,Peyton,1610612743,DEN,Denver Nuggets,0042200141,2023-04-16T00:00:00,DEN vs. MIN,W,4.25,0.0,0.0,0.0,0.0,16.9,0.0,0.0,16.9,0.0,0.0,0.0,8.5,22.9,1,1,1,1,1510,756,687,645,1176,1386,1,1,1584,536,1,1,64,1137,1,4:15
2022-23,1630688,Ish Wainright,Ish,1610612756,PHX,Phoenix Suns,0042200171,2023-04-16T00:00:00,PHX vs. LAC,L,6.695,0.0,0.0,0.0,0.0,10.8,5.4,5.4,32.3,5.4,0.0,5.4,0.0,22.6,1,857,857,857,1441,756,687,645,1176,893,487,543,976,27,1,1459,1103,1151,1,6:42
2022-23,1631128,Christian Braun,Christian,1610612743,DEN,Denver Nuggets,0042200141,2023-04-16T00:00:00,DEN vs. MIN,W,19.45,1.9,0.0,3.7,3.7,14.8,3.7,1.9,33.3,1.9,0.0,0.0,1.9,20.5,1,1,1,1,1067,667,687,310,967,1232,343,327,899,221,1,1,854,1239,1,19:27
2022-23,1628427,Vlatko Čančar,Vlatko,1610612743,DEN,Denver Nuggets,0042200141,2023-04-16T00:00:00,DEN vs. MIN,W,2.066666666666667,0.0,0.0,0.0,0.0,0.0,0.0,0.0,0.0,0.0,0.0,0.0,0.0,20.9,1,1,1,1,1634,756,687,645,1176,1,1,1,1634,536,1,1,1103,1225,1,2:04
2022-23,203471,Dennis Schröder,Dennis,1610612747,LAL,Los Angeles Lakers,0042200151,2023-04-16T00:00:00,LAL @ MEM,W,20.116666666666667,0.0,0.0,0.0,3.6,10.7,3.6,7.2,50.1,0.0,0.0,5.4,1.8,21.8,1,1,1,1,1046,756,687,645,984,891,333,706,133,536,1,1458,877,1188,1,20:07
2022-23,1630214,Xavier Tillman,Xavier,1610612763,MEM,Memphis Grizzlies,0042200151,2023-04-16T00:00:00,MEM vs. LAL,L,21.861666666666668,0.0,0.0,0.0,3.3,18.1,11.5,19.8,32.9,0.0,4.9,3.3,0.0,21.6,1,857,857,857,984,756,687,645,1020,1454,1092,1582,920,536,1720,1086,1103,1199,1,21:52
2022-23,203937,Kyle Anderson,Kyle,1610612750,MIN,Minnesota Timberwolves,0042200141,2023-04-16T00:00:00,MIN @ DEN,L,25.95,2.8,0.0,0.0,11.1,15.3,9.7,13.9,41.6,1.4,1.4,1.4,1.4,35.7,1,857,857,857,823,506,687,645,315,1268,907,1326,402,323,1444,554,968,557,1,25:57
2022-23,1626164,Devin Booker,Devin,1610612756,PHX,Phoenix Suns,0042200171,2023-04-16T00:00:00,PHX vs. LAC,L,43.321666666666665,3.3,1.7,5.0,11.6,4.2,10.0,10.0,38.2,2.5,0.8,2.5,4.2,39.6,1,857,857,857,50,424,650,196,294,342,946,1010,581,145,1181,832,414,415,1,43:19
2022-23,1628975,Jevon Carter,Jevon,1610612749,MIL,Milwaukee Bucks,0042200101,2023-04-16T00:00:00,MIL vs. MIA,L,22.675,0.0,0.0,0.0,0.0,19.1,3.2,9.5,47.6,0.0,1.6,1.6,3.2,9.4,1,857,857,857,952,756,687,645,1176,1501,309,960,188,536,1483,584,560,1536,1,22:41
2022-23,203497,Rudy Gobert,Rudy,1610612750,MIN,Minnesota Timberwolves,0042200141,2023-04-16T00:00:00,MIN @ DEN,L,25.716666666666665,0.0,2.8,0.0,8.4,21.0,11.2,12.6,36.4,2.8,0.0,4.2,5.6,40.0,1,857,857,857,831,756,441,645,508,1559,1062,1233,698,113,1,1281,210,399,1,25:43
2022-23,1628470,Torrey Craig,Torrey,1610612756,PHX,Phoenix Suns,0042200171,2023-04-16T00:00:00,PHX vs. LAC,L,26.905,12.0,2.7,10.7,16.1,0.0,12.0,10.7,32.1,0.0,0.0,6.7,2.7,40.5,1,857,857,857,781,23,453,19,109,1,1145,1064,990,536,1,1571,666,384,1,26:54
2022-23,202397,Ish Smith,Ish,1610612743,DEN,Denver Nuggets,0042200141,2023-04-16T00:00:00,DEN vs. MIN,W,4.25,0.0,0.0,0.0,0.0,16.9,0.0,0.0,16.9,0.0,0.0,8.5,0.0,10.2,1,1,1,1,1510,756,687,645,1176,1386,1,1,1584,536,1,1638,1103,1525,1,4:15
2022-23,203109,Jae Crowder,Jae,1610612749,MIL,Milwaukee Bucks,0042200101,2023-04-16T00:00:00,MIL vs. MIA,L,11.766666666666667,0.0,0.0,0.0,0.0,30.6,6.1,12.2,49.0,0.0,0.0,6.1,0.0,7.6,1,857,857,857,1312,756,687,645,1176,1681,570,1191,151,536,1,1531,1103,1555,1,11:46
2022-23,203082,Terrence Ross,Terrence,1610612756,PHX,Phoenix Suns,0042200171,2023-04-16T00:00:00,PHX vs. LAC,L,4.233333333333333,0.0,0.0,0.0,0.0,0.0,0.0,0.0,17.0,0.0,0.0,0.0,0.0,10.2,1,857,857,857,1515,756,687,645,1176,1,1,1,1582,536,1,1,1103,1524,1,4:14
2022-23,201587,Nicolas Batum,Nicolas,1610612746,LAC,LA Clippers,0042200171,2023-04-16T00:00:00,LAC @ PHX,W,21.361666666666668,0.0,0.0,0.0,0.0,16.9,6.7,21.9,50.6,0.0,0.0,1.7,0.0,10.4,1,1,1,1,1005,756,687,645,1176,1380,636,1617,126,536,1,616,1103,1522,1,21:22
2022-23,101108,Chris Paul,Chris,1610612756,PHX,Phoenix Suns,0042200171,2023-04-16T00:00:00,PHX vs. LAC,L,38.68333333333333,1.9,0.0,0.0,0.0,2.8,8.4,10.2,33.5,0.0,0.0,3.7,0.9,37.4,1,857,857,857,263,664,687,645,1176,278,773,1032,886,536,1,1196,1082,489,1,38:41
2022-23,1626171,Bobby Portis,Bobby,1610612749,MIL,Milwaukee Bucks,0042200101,2023-04-16T00:00:00,MIL vs. MIA,L,26.666666666666668,2.7,0.0,2.7,18.9,13.5,6.8,8.1,43.2,0.0,0.0,5.4,6.8,41.3,1,857,857,857,794,518,687,438,55,1126,637,809,345,536,1,1463,118,362,1,26:40
2022-23,1631223,David Roddy,David,1610612763,MEM,Memphis Grizzlies,0042200151,2023-04-16T00:00:00,MEM vs. LAL,L,8.528333333333334,0.0,0.0,0.0,0.0,8.4,12.7,16.9,25.3,0.0,0.0,0.0,0.0,11.4,1,857,857,857,1404,756,687,645,1176,655,1201,1489,1365,536,1,1,1103,1500,1,8:32
2022-23,1629006,Josh Okogie,Josh,1610612756,PHX,Phoenix Suns,0042200171,2023-04-16T00:00:00,PHX vs. LAC,L,6.616666666666666,0.0,0.0,0.0,0.0,10.9,5.4,5.4,21.8,0.0,0.0,10.9,0.0,6.5,1,857,857,857,1443,756,687,645,1176,905,490,546,1464,536,1,1677,1103,1566,1,6:37
2022-23,1629639,Tyler Herro,Tyler,1610612748,MIA,Miami Heat,0042200101,2023-04-16T00:00:00,MIA @ MIL,W,19.466666666666665,3.7,0.0,0.0,7.4,18.5,16.6,0.0,33.3,1.8,0.0,1.8,0.0,35.9,1,1,1,1,1066,374,687,645,585,1476,1464,1,902,222,1,676,1103,548,1,19:28
2022-23,1627752,Taurean Prince,Taurean,1610612750,MIN,Minnesota Timberwolves,0042200141,2023-04-16T00:00:00,MIN @ DEN,L,21.283333333333335,0.0,0.0,0.0,0.0,15.2,11.8,6.8,47.4,0.0,0.0,1.7,0.0,5.1,1,857,857,857,1008,756,687,645,1176,1263,1129,652,201,536,1,618,1103,1577,1,21:17
2022-23,1629008,Michael Porter Jr.,Michael,1610612743,DEN,Denver Nuggets,0042200141,2023-04-16T00:00:00,DEN vs. MIN,W,31.183333333333334,0.0,2.3,3.5,6.9,4.6,5.8,3.5,25.4,0.0,1.2,1.2,1.2,42.9,1,1,1,1,596,756,517,337,633,372,523,411,1364,536,1375,511,1029,307,1,31:11
2022-23,1629013,Landry Shamet,Landry,1610612756,PHX,Phoenix Suns,0042200171,2023-04-16T00:00:00,PHX vs. LAC,L,23.678333333333335,0.0,0.0,6.1,6.1,7.6,7.6,6.1,48.7,0.0,0.0,0.0,0.0,12.0,1,857,857,857,907,756,687,115,708,601,711,597,164,536,1,1,1103,1487,1,23:41
2022-23,1630549,Day'Ron Sharpe,Day'Ron,1610612751,BKN,Brooklyn Nets,0042200121,2023-04-15T00:00:00,BKN @ PHI,L,17.398333333333333,0.0,4.1,0.0,8.3,26.9,4.1,10.3,45.5,2.1,0.0,6.2,2.1,41.8,1,857,857,857,1130,756,272,645,515,1652,376,1039,258,181,1,1534,795,342,1,17:24
2022-23,1628973,Jalen Brunson,Jalen,1610612752,NYK,New York Knicks,0042200131,2023-04-15T00:00:00,NYK @ CLE,W,29.493333333333332,2.4,6.1,0.0,14.6,7.3,9.8,11.0,34.2,0.0,0.0,3.7,3.7,45.7,1,1,1,1,678,560,135,645,155,575,914,1090,840,536,1,1181,488,244,1,29:30
2022-23,1630573,Sam Hauser,Sam,1610612738,BOS,Boston Celtics,0042200111,2023-04-15T00:00:00,BOS vs. ATL,W,11.015,0.0,0.0,0.0,0.0,6.5,9.8,6.5,39.2,0.0,0.0,6.5,0.0,3.9,1,1,1,1,1337,756,687,645,1176,505,927,632,528,536,1,1562,1103,1588,1,11:01
2022-23,1628378,Donovan Mitchell,Donovan,1610612739,CLE,Cleveland Cavaliers,0042200131,2023-04-15T00:00:00,CLE vs. NYK,L,43.63333333333333,3.3,1.7,8.3,9.9,18.2,17.3,14.0,33.0,0.8,0.8,0.8,4.1,54.5,1,857,857,857,46,426,651,47,387,1458,1491,1335,915,521,1179,412,417,92,1,43:38
2022-23,203992,Bogdan Bogdanović,Bogdan,1610612737,ATL,Atlanta Hawks,0042200111,2023-04-15T00:00:00,ATL @ BOS,L,27.666666666666668,3.9,3.9,3.9,2.6,9.1,7.8,2.6,36.4,2.6,0.0,2.6,1.3,40.1,1,857,857,857,757,347,294,291,1088,731,735,358,693,132,1,881,990,396,1,27:40
2022-23,203110,Draymond Green,Draymond,1610612744,GSW,Golden State Warriors,0042200161,2023-04-15T00:00:00,GSW @ SAC,L,33.445,0.0,0.0,0.0,2.2,14.0,9.7,10.8,47.4,1.1,1.1,3.2,2.2,40.1,1,857,857,857,496,756,687,645,1133,1168,904,1070,200,401,1346,1070,781,394,1,33:27
2022-23,1627734,Domantas Sabonis,Domantas,1610612758,SAC,Sacramento Kings,0042200161,2023-04-15T00:00:00,SAC vs. GSW,W,34.86833333333333,0.0,2.1,2.1,10.3,4.1,9.3,6.2,35.1,0.0,2.1,3.1,4.1,40.5,1,1,1,1,440,756,559,531,364,339,874,606,780,536,1585,1050,416,388,1,34:52
2022-23,203925,Joe Harris,Joe,1610612751,BKN,Brooklyn Nets,0042200121,2023-04-15T00:00:00,BKN @ PHI,L,14.016666666666667,0.0,0.0,0.0,0.0,20.5,12.8,0.0,36.0,0.0,0.0,2.6,0.0,8.7,1,857,857,857,1232,756,687,645,1176,1552,1221,1,728,536,1,861,1103,1546,1,14:01
2022-23,1627759,Jaylen Brown,Jaylen,1610612738,BOS,Boston Celtics,0042200111,2023-04-15T00:00:00,BOS vs. ATL,W,37.016666666666666,4.9,6.8,1.9,17.5,13.6,9.7,13.6,37.0,0.0,1.0,2.9,2.9,43.7,1,1,1,1,351,248,104,545,83,1135,911,1311,657,536,1290,998,611,295,1,37:01
2022-23,1628989,Kevin Huerter,Kevin,1610612758,SAC,Sacramento Kings,0042200161,2023-04-15T00:00:00,SAC vs. GSW,W,30.966666666666665,2.3,0.0,2.3,7.0,3.5,10.5,8.1,34.9,1.2,0.0,2.3,2.3,20.9,1,1,1,1,607,583,687,494,624,310,993,816,801,373,1,794,743,1224,1,30:58
2022-23,201143,Al Horford,Al,1610612738,BOS,Boston Celtics,0042200111,2023-04-15T00:00:00,BOS vs. ATL,W,38.086666666666666,0.0,0.0,0.0,0.0,16.1,6.6,14.2,39.7,1.9,0.0,1.9,0.9,25.3,1,1,1,1,292,756,687,645,1176,1330,624,1344,489,209,1,694,1076,1029,1,38:05
2022-23,203944,Julius Randle,Julius,1610612752,NYK,New York Knicks,0042200131,2023-04-15T00:00:00,NYK @ CLE,W,33.553333333333335,10.7,2.1,5.4,4.3,8.6,8.6,12.9,30.0,0.0,0.0,4.3,2.1,40.8,1,1,1,1,494,33,543,167,903,669,800,1253,1102,536,1,1294,782,374,1,33:33
2022-23,1629003,Shake Milton,Shake,1610612755,PHI,Philadelphia 76ers,0042200121,2023-04-15T00:00:00,PHI vs. BKN,W,3.25,0.0,0.0,0.0,22.2,0.0,22.2,22.2,44.3,0.0,0.0,0.0,0.0,55.4,1,1,1,1,1575,756,687,645,33,1,1616,1621,306,536,1,1,1103,82,1,3:15
2022-23,1630561,David Duke Jr.,David,1610612751,BKN,Brooklyn Nets,0042200121,2023-04-15T00:00:00,BKN @ PHI,L,4.716666666666667,0.0,0.0,15.3,15.3,30.5,0.0,15.3,45.8,0.0,0.0,7.6,7.6,7.6,1,857,857,857,1491,756,687,8,130,1676,1,1411,245,536,1,1612,85,1556,1,4:43
2022-23,201937,Ricky Rubio,Ricky,1610612739,CLE,Cleveland Cavaliers,0042200131,2023-04-15T00:00:00,CLE vs. NYK,L,5.516666666666667,0.0,0.0,0.0,0.0,58.7,13.1,13.1,39.2,0.0,0.0,13.1,0.0,22.2,1,857,857,857,1467,756,687,645,1176,1719,1244,1269,531,536,1,1695,1103,1166,1,5:31
2022-23,1629673,Jordan Poole,Jordan,1610612744,GSW,Golden State Warriors,0042200161,2023-04-15T00:00:00,GSW @ SAC,L,21.731666666666666,0.0,0.0,8.3,3.3,11.6,11.6,6.6,36.4,1.7,0.0,1.7,8.3,40.9,1,857,857,857,991,756,687,46,1019,964,1104,638,691,265,1,610,69,371,1,21:44
2022-23,1627788,Furkan Korkmaz,Furkan,1610612755,PHI,Philadelphia 76ers,0042200121,2023-04-15T00:00:00,PHI vs. BKN,W,2.4,0.0,0.0,0.0,0.0,0.0,0.0,30.0,30.0,0.0,0.0,0.0,0.0,0.0,1,1,1,1,1612,756,687,645,1176,1,1,1685,1105,536,1,1,1103,1601,1,2:24
2022-23,1630531,Jaden Springer,Jaden,1610612755,PHI,Philadelphia 76ers,0042200121,2023-04-15T00:00:00,PHI vs. BKN,W,2.4,0.0,0.0,0.0,0.0,0.0,0.0,30.0,30.0,0.0,0.0,0.0,0.0,0.0,1,1,1,1,1612,756,687,645,1176,1,1,1685,1105,536,1,1,1103,1601,1,2:24
2022-23,1630552,Jalen Johnson,Jalen,1610612737,ATL,Atlanta Hawks,0042200111,2023-04-15T00:00:00,ATL @ BOS,L,13.4,5.4,0.0,5.4,10.7,10.7,10.7,5.4,43.0,0.0,2.7,8.1,0.0,44.9,1,857,857,857,1259,203,687,165,339,892,1016,542,353,536,1648,1623,1103,268,1,13:24
2022-23,1629139,Yuta Watanabe,Yuta,1610612751,BKN,Brooklyn Nets,0042200121,2023-04-15T00:00:00,BKN @ PHI,L,4.716666666666667,0.0,0.0,0.0,0.0,30.5,0.0,15.3,45.8,0.0,0.0,0.0,7.6,24.4,1,857,857,857,1491,756,687,645,1176,1676,1,1411,245,536,1,1,85,1073,1,4:43
2022-23,1630596,Evan Mobley,Evan,1610612739,CLE,Cleveland Cavaliers,0042200131,2023-04-15T00:00:00,CLE vs. NYK,L,37.705,1.9,1.9,1.9,5.7,18.1,16.2,10.5,28.6,0.0,0.0,1.0,1.9,24.1,1,857,857,857,308,657,589,552,746,1455,1448,1048,1196,536,1,451,843,1085,1,37:42
2022-23,1629631,De'Andre Hunter,De'Andre,1610612737,ATL,Atlanta Hawks,0042200111,2023-04-15T00:00:00,ATL @ BOS,L,29.616666666666667,2.4,0.0,2.4,2.4,6.1,9.7,2.4,38.9,0.0,1.2,4.9,2.4,23.8,1,857,857,857,667,564,687,474,1106,461,910,348,544,536,1399,1394,722,1098,1,29:37
2022-23,1629656,Quentin Grimes,Quentin,1610612752,NYK,New York Knicks,0042200131,2023-04-15T00:00:00,NYK @ CLE,W,26.95,0.0,2.7,0.0,0.0,5.3,13.4,6.7,34.7,1.3,0.0,4.0,2.7,20.7,1,1,1,1,780,756,454,645,1176,422,1269,643,813,329,1,1251,668,1234,1,26:57
2022-23,1629636,Darius Garland,Darius,1610612739,CLE,Cleveland Cavaliers,0042200131,2023-04-15T00:00:00,CLE vs. NYK,L,43.225,0.8,1.7,0.8,3.3,17.5,19.2,10.8,33.3,0.8,0.0,2.5,3.3,23.7,1,857,857,857,52,754,649,644,1015,1423,1564,1077,901,519,1,834,538,1100,1,43:14
2022-23,1627763,Malcolm Brogdon,Malcolm,1610612738,BOS,Boston Celtics,0042200111,2023-04-15T00:00:00,BOS vs. ATL,W,21.438333333333333,0.0,0.0,0.0,3.4,6.7,13.4,10.1,40.3,0.0,0.0,3.4,6.7,23.5,1,1,1,1,1001,756,687,645,1010,517,1277,1016,461,536,1,1100,123,1110,1,21:26
2022-23,1630560,Cam Thomas,Cam,1610612751,BKN,Brooklyn Nets,0042200121,2023-04-15T00:00:00,BKN @ PHI,L,4.45,0.0,0.0,0.0,0.0,32.4,0.0,16.2,48.5,0.0,0.0,0.0,0.0,0.0,1,857,857,857,1503,756,687,645,1176,1691,1,1457,166,536,1,1,1103,1601,1,4:27
2022-23,1630194,Paul Reed,Paul,1610612755,PHI,Philadelphia 76ers,0042200121,2023-04-15T00:00:00,PHI vs. BKN,W,12.883333333333333,14.0,5.6,0.0,27.9,14.0,5.6,8.4,27.9,0.0,0.0,8.4,2.8,58.1,1,1,1,1,1269,13,158,645,12,1166,501,841,1244,536,1,1635,639,56,1,12:53
2022-23,1630558,Davion Mitchell,Davion,1610612758,SAC,Sacramento Kings,0042200161,2023-04-15T00:00:00,SAC vs. GSW,W,21.798333333333332,0.0,0.0,0.0,0.0,3.3,11.6,3.3,29.7,1.7,1.7,5.0,0.0,23.5,1,1,1,1,988,756,687,645,1176,300,1097,396,1125,266,1502,1410,1103,1114,1,21:48
2022-23,202699,Tobias Harris,Tobias,1610612755,PHI,Philadelphia 76ers,0042200121,2023-04-15T00:00:00,PHI vs. BKN,W,28.7,8.8,3.8,7.5,15.1,2.5,3.8,8.8,30.1,1.3,1.3,1.3,1.3,42.4,1,1,1,1,706,59,311,64,139,270,347,884,1096,345,1409,533,1005,325,1,28:42
2022-23,1630171,Isaac Okoro,Isaac,1610612739,CLE,Cleveland Cavaliers,0042200131,2023-04-15T00:00:00,CLE vs. NYK,L,22.675,0.0,3.2,0.0,3.2,19.1,9.5,20.6,31.8,0.0,0.0,4.8,6.4,20.0,1,857,857,857,952,756,389,645,1032,1501,890,1597,1013,536,1,1375,146,1260,1,22:41
2022-23,1626224,Cedi Osman,Cedi,1610612739,CLE,Cleveland Cavaliers,0042200131,2023-04-15T00:00:00,CLE vs. NYK,L,18.75,5.8,0.0,3.8,3.8,9.6,25.0,7.7,30.7,0.0,0.0,5.8,1.9,23.4,1,857,857,857,1092,174,687,295,949,780,1653,762,1074,536,1,1505,839,1115,1,18:45
2022-23,1628401,Derrick White,Derrick,1610612738,BOS,Boston Celtics,0042200111,2023-04-15T00:00:00,BOS vs. ATL,W,38.51,0.0,0.0,0.0,3.7,15.9,10.3,10.3,39.3,1.9,0.9,0.9,2.8,41.6,1,1,1,1,270,756,687,645,961,1319,977,1035,525,216,1261,447,637,352,1,38:31
2022-23,1626220,Royce O'Neale,Royce,1610612751,BKN,Brooklyn Nets,0042200121,2023-04-15T00:00:00,BKN @ PHI,L,27.935,0.0,0.0,5.2,5.2,30.9,16.8,6.4,30.9,0.0,0.0,3.9,0.0,22.7,1,857,857,857,743,756,687,181,813,1685,1469,625,1058,536,1,1229,1103,1146,1,27:56
2022-23,203552,Seth Curry,Seth,1610612751,BKN,Brooklyn Nets,0042200121,2023-04-15T00:00:00,BKN @ PHI,L,16.316666666666666,6.6,0.0,6.6,4.4,37.5,15.4,6.6,44.1,0.0,0.0,0.0,2.2,23.2,1,857,857,857,1156,120,687,95,897,1704,1418,636,317,536,1,1,772,1125,1,16:19
2022-23,1628392,Isaiah Hartenstein,Isaiah,1610612752,NYK,New York Knicks,0042200131,2023-04-15T00:00:00,NYK @ CLE,W,21.89666666666667,3.3,3.3,0.0,3.3,4.9,6.6,4.9,23.0,0.0,0.0,4.9,3.3,23.0,1,1,1,1,982,430,378,645,1021,397,618,509,1437,536,1,1407,544,1132,1,21:54
2022-23,1628370,Malik Monk,Malik,1610612758,SAC,Sacramento Kings,0042200161,2023-04-15T00:00:00,SAC vs. GSW,W,28.835,8.7,2.5,0.0,15.0,3.7,15.0,6.2,27.5,0.0,1.2,5.0,8.7,45.7,1,1,1,1,703,60,487,645,143,320,1381,610,1273,536,1408,1416,56,243,1,28:50
2022-23,1627747,Caris LeVert,Caris,1610612739,CLE,Cleveland Cavaliers,0042200131,2023-04-15T00:00:00,CLE vs. NYK,L,18.195,0.0,0.0,0.0,4.0,27.7,15.8,11.9,39.6,0.0,0.0,2.0,2.0,9.3,1,857,857,857,1105,756,687,645,933,1656,1437,1158,502,536,1,718,819,1537,1,18:12
2022-23,1630167,Obi Toppin,Obi,1610612752,NYK,New York Knicks,0042200131,2023-04-15T00:00:00,NYK @ CLE,W,14.446666666666667,17.4,5.0,10.0,10.0,5.0,10.0,7.5,29.9,0.0,0.0,0.0,2.5,35.6,1,1,1,1,1221,8,204,24,381,401,945,743,1120,536,1,1,706,559,1,14:27
2022-23,203954,Joel Embiid,Joel,1610612755,PHI,Philadelphia 76ers,0042200121,2023-04-15T00:00:00,PHI vs. BKN,W,33.03333333333333,4.4,8.7,0.0,10.9,6.5,1.1,13.1,28.3,2.2,0.0,3.3,7.6,47.4,1,1,1,1,510,302,56,645,330,506,250,1271,1210,167,1,1079,88,206,1,33:02
2022-23,1628410,Edmond Sumner,Edmond,1610612751,BKN,Brooklyn Nets,0042200121,2023-04-15T00:00:00,BKN @ PHI,L,4.45,0.0,0.0,0.0,0.0,32.4,0.0,16.2,48.5,0.0,0.0,0.0,8.1,12.1,1,857,857,857,1503,756,687,645,1176,1691,1,1457,166,536,1,1,70,1482,1,4:27
2022-23,203935,Marcus Smart,Marcus,1610612738,BOS,Boston Celtics,0042200111,2023-04-15T00:00:00,BOS vs. ATL,W,32.3,0.0,3.3,0.0,4.5,14.5,7.8,14.5,42.4,2.2,1.1,1.1,4.5,47.8,1,1,1,1,547,756,366,645,889,1209,733,1366,373,164,1362,502,356,192,1,32:18
2022-23,1628368,De'Aaron Fox,De'Aaron,1610612758,SAC,Sacramento Kings,0042200161,2023-04-15T00:00:00,SAC vs. GSW,W,40.416666666666664,4.5,5.3,3.6,12.5,2.7,13.4,6.2,30.3,0.0,1.8,2.7,8.9,46.9,1,1,1,1,171,289,177,325,250,273,1270,609,1087,536,1537,900,49,214,1,40:25
2022-23,1626149,Montrezl Harrell,Montrezl,1610612755,PHI,Philadelphia 76ers,0042200121,2023-04-15T00:00:00,PHI vs. BKN,W,2.0833333333333335,0.0,0.0,0.0,0.0,0.0,0.0,34.6,34.6,0.0,0.0,0.0,0.0,0.0,1,1,1,1,1633,756,687,645,1176,1,1,1698,821,536,1,1,1103,1601,1,2:05
2022-23,1627827,Dorian Finney-Smith,Dorian,1610612751,BKN,Brooklyn Nets,0042200121,2023-04-15T00:00:00,BKN @ PHI,L,17.633333333333333,0.0,0.0,0.0,0.0,6.1,16.3,10.2,20.4,0.0,2.0,2.0,0.0,12.7,1,857,857,857,1120,756,687,645,1176,469,1452,1028,1506,536,1582,730,1103,1467,1,17:38
2022-23,1628369,Jayson Tatum,Jayson,1610612738,BOS,Boston Celtics,0042200111,2023-04-15T00:00:00,BOS vs. ATL,W,39.96666666666667,2.7,0.0,0.0,12.6,15.3,8.1,13.5,41.4,0.0,0.9,1.8,1.8,35.3,1,1,1,1,191,517,687,645,242,1273,760,1302,412,536,1231,658,872,576,1,39:58
2022-23,1627780,Gary Payton II,Gary,1610612744,GSW,Golden State Warriors,0042200161,2023-04-15T00:00:00,GSW @ SAC,L,20.373333333333335,0.0,3.5,3.5,14.1,8.8,26.5,7.1,45.9,0.0,1.8,5.3,0.0,35.0,1,857,857,857,1037,756,341,331,167,704,1669,688,243,536,1530,1452,1103,584,1,20:22
2022-23,1628404,Josh Hart,Josh,1610612752,NYK,New York Knicks,0042200131,2023-04-15T00:00:00,NYK @ CLE,W,32.88333333333333,2.2,6.6,4.4,15.3,8.8,6.6,12.0,21.9,0.0,0.0,4.4,1.1,36.1,1,1,1,1,519,604,114,239,129,692,615,1173,1459,536,1,1306,1044,534,1,32:53
2022-23,202691,Klay Thompson,Klay,1610612744,GSW,Golden State Warriors,0042200161,2023-04-15T00:00:00,GSW @ SAC,L,37.06,0.0,0.0,1.9,5.8,13.6,18.5,9.7,46.6,0.0,0.0,1.9,0.0,36.6,1,857,857,857,348,756,687,547,736,1133,1548,985,221,536,1,709,1103,516,1,37:04
2022-23,1629628,RJ Barrett,RJ,1610612752,NYK,New York Knicks,0042200131,2023-04-15T00:00:00,NYK @ CLE,W,31.066666666666666,3.5,0.0,0.0,2.3,9.3,9.3,16.2,39.4,0.0,2.3,1.2,1.2,36.8,1,1,1,1,604,406,687,645,1117,747,868,1461,513,536,1612,514,1027,512,1,31:04
2022-23,200782,P.J. Tucker,P.J.,1610612755,PHI,Philadelphia 76ers,0042200121,2023-04-15T00:00:00,PHI vs. BKN,W,24.996666666666666,0.0,0.0,0.0,0.0,2.9,4.3,7.2,28.8,0.0,0.0,0.0,2.9,46.7,1,1,1,1,862,756,687,645,1176,284,388,709,1180,536,1,1,619,220,1,24:60
2022-23,201939,Stephen Curry,Stephen,1610612744,GSW,Golden State Warriors,0042200161,2023-04-15T00:00:00,GSW @ SAC,L,37.431666666666665,0.0,2.9,0.0,5.8,12.5,15.4,11.5,48.1,0.0,0.0,2.9,2.9,33.9,1,857,857,857,329,756,427,645,742,1049,1414,1132,180,536,1,988,617,638,1,37:26
2022-23,1628978,Donte DiVincenzo,Donte,1610612744,GSW,Golden State Warriors,0042200161,2023-04-15T00:00:00,GSW @ SAC,L,19.8,0.0,5.5,0.0,3.6,12.7,10.9,7.3,54.5,0.0,0.0,5.5,9.1,33.8,1,857,857,857,1054,756,168,645,979,1068,1033,718,86,536,1,1472,44,639,1,19:48
2022-23,1629027,Trae Young,Trae,1610612737,ATL,Atlanta Hawks,0042200111,2023-04-15T00:00:00,ATL @ BOS,L,34.75,4.1,2.1,2.1,8.3,9.3,14.5,4.1,41.4,0.0,1.0,1.0,5.2,33.8,1,857,857,857,447,325,556,530,514,751,1355,450,411,536,1322,479,259,641,1,34:45
2022-23,1630178,Tyrese Maxey,Tyrese,1610612755,PHI,Philadelphia 76ers,0042200121,2023-04-15T00:00:00,PHI vs. BKN,W,32.63333333333333,6.6,0.0,6.6,0.0,8.8,3.3,13.2,30.9,0.0,0.0,2.2,2.2,37.2,1,1,1,1,533,120,687,95,1176,700,315,1280,1062,536,1,767,772,499,1,32:38
2022-23,203991,Clint Capela,Clint,1610612737,ATL,Atlanta Hawks,0042200111,2023-04-15T00:00:00,ATL @ BOS,L,26.533333333333335,2.7,0.0,5.4,16.3,10.9,9.5,2.7,35.3,0.0,1.4,0.0,0.0,33.4,1,857,857,857,798,515,687,162,104,902,887,363,772,536,1436,1,1103,658,1,26:32
2022-23,1627777,Georges Niang,Georges,1610612755,PHI,Philadelphia 76ers,0042200121,2023-04-15T00:00:00,PHI vs. BKN,W,19.831666666666667,5.4,5.4,0.0,3.6,16.3,0.0,18.2,29.0,0.0,0.0,5.4,0.0,14.5,1,1,1,1,1052,200,172,645,980,1343,1,1533,1166,536,1,1468,1103,1433,1,19:50
2022-23,203084,Harrison Barnes,Harrison,1610612758,SAC,Sacramento Kings,0042200161,2023-04-15T00:00:00,SAC vs. GSW,W,36.40833333333333,2.0,2.0,4.0,7.9,4.0,11.9,5.9,35.6,0.0,0.0,0.0,1.0,33.0,1,1,1,1,375,637,572,286,549,332,1132,581,756,536,1,1,1069,674,1,36:25
2022-23,1629651,Nic Claxton,Nic,1610612751,BKN,Brooklyn Nets,0042200121,2023-04-15T00:00:00,BKN @ PHI,L,30.185,0.0,1.2,2.4,2.4,21.5,22.7,8.3,21.5,3.6,0.0,2.4,2.4,32.8,1,857,857,857,635,756,674,483,1113,1573,1628,837,1476,66,1,804,733,688,1,30:11
2022-23,203458,Alex Len,Alex,1610612758,SAC,Sacramento Kings,0042200161,2023-04-15T00:00:00,SAC vs. GSW,W,12.908333333333333,0.0,0.0,0.0,11.2,2.8,22.3,8.4,27.9,2.8,0.0,8.4,2.8,37.4,1,1,1,1,1268,756,687,645,312,277,1619,840,1250,117,1,1632,641,493,1,12:55
2022-23,1629001,De'Anthony Melton,De'Anthony,1610612755,PHI,Philadelphia 76ers,0042200121,2023-04-15T00:00:00,PHI vs. BKN,W,22.27,4.8,0.0,0.0,0.0,9.7,0.0,8.1,25.9,0.0,1.6,1.6,1.6,32.5,1,1,1,1,964,250,687,645,1176,793,1,806,1347,536,1490,593,920,698,1,22:16
2022-23,1630228,Jonathan Kuminga,Jonathan,1610612744,GSW,Golden State Warriors,0042200161,2023-04-15T00:00:00,GSW @ SAC,L,9.75,3.7,11.1,0.0,22.2,11.1,0.0,0.0,29.5,0.0,0.0,7.4,7.4,38.8,1,857,857,857,1368,375,27,645,33,920,1,1,1139,536,1,1603,94,448,1,9:45
2022-23,1631099,Keegan Murray,Keegan,1610612758,SAC,Sacramento Kings,0042200161,2023-04-15T00:00:00,SAC vs. GSW,W,15.833333333333334,0.0,4.5,0.0,4.5,0.0,11.4,13.6,50.0,0.0,2.3,4.5,0.0,15.5,1,1,1,1,1177,756,243,645,879,1,1076,1313,135,536,1610,1335,1103,1406,1,15:50
2022-23,1629731,Dean Wade,Dean,1610612739,CLE,Cleveland Cavaliers,0042200131,2023-04-15T00:00:00,CLE vs. NYK,L,7.45,0.0,0.0,0.0,0.0,43.5,19.3,9.7,38.7,0.0,0.0,0.0,4.8,15.5,1,857,857,857,1431,756,687,645,1176,1712,1567,978,560,536,1,1,307,1405,1,7:27
2022-23,1626168,Trey Lyles,Trey,1610612758,SAC,Sacramento Kings,0042200161,2023-04-15T00:00:00,SAC vs. GSW,W,17.965,0.0,14.0,0.0,8.0,10.0,16.0,6.0,28.1,0.0,0.0,6.0,0.0,49.5,1,1,1,1,1112,756,15,645,539,822,1442,591,1233,536,1,1522,1103,157,1,17:58
2022-23,1629661,Cameron Johnson,Cameron,1610612751,BKN,Brooklyn Nets,0042200121,2023-04-15T00:00:00,BKN @ PHI,L,27.368333333333332,3.9,0.0,0.0,7.9,13.2,18.4,9.2,18.4,0.0,1.3,3.9,1.3,31.3,1,857,857,857,766,342,687,645,550,1097,1547,934,1552,536,1428,1243,987,757,1,27:22
2022-23,1626172,Kevon Looney,Kevon,1610612744,GSW,Golden State Warriors,0042200161,2023-04-15T00:00:00,GSW @ SAC,L,32.208333333333336,0.0,0.0,0.0,4.5,10.1,20.1,8.9,46.9,1.1,0.0,5.6,3.4,31.1,1,857,857,857,549,756,687,645,888,826,1586,898,211,391,1,1483,537,766,1,32:13
2022-23,1630180,Saddiq Bey,Saddiq,1610612737,ATL,Atlanta Hawks,0042200111,2023-04-15T00:00:00,ATL @ BOS,L,23.85,0.0,1.5,0.0,3.0,10.6,19.6,3.0,51.3,0.0,0.0,0.0,3.0,30.6,1,857,857,857,903,756,669,645,1044,877,1574,377,116,536,1,1,589,789,1,23:51
2022-23,1628386,Jarrett Allen,Jarrett,1610612739,CLE,Cleveland Cavaliers,0042200131,2023-04-15T00:00:00,CLE vs. NYK,L,42.85,0.0,3.4,0.0,10.1,16.0,17.6,14.3,33.6,0.0,0.0,2.5,1.7,30.1,1,857,857,857,67,756,363,645,373,1324,1504,1352,882,536,1,844,900,806,1,42:51
2022-23,1627749,Dejounte Murray,Dejounte,1610612737,ATL,Atlanta Hawks,0042200111,2023-04-15T00:00:00,ATL @ BOS,L,35.93333333333333,4.0,2.0,4.0,16.0,8.0,12.0,2.0,40.1,0.0,2.0,1.0,2.0,50.7,1,857,857,857,401,335,566,282,110,627,1142,338,470,536,1573,467,813,144,1,35:56
2022-23,1629011,Mitchell Robinson,Mitchell,1610612752,NYK,New York Knicks,0042200131,2023-04-15T00:00:00,NYK @ CLE,W,26.10333333333333,0.0,5.5,2.8,8.3,9.7,11.0,16.5,35.9,0.0,0.0,2.8,2.8,29.8,1,1,1,1,813,756,161,432,516,788,1048,1474,736,536,1,933,646,817,1,26:06
2022-23,203915,Spencer Dinwiddie,Spencer,1610612751,BKN,Brooklyn Nets,0042200121,2023-04-15T00:00:00,BKN @ PHI,L,36.38,0.0,0.0,0.0,7.9,26.7,20.8,9.9,29.7,0.0,0.0,1.0,4.9,29.8,1,857,857,857,376,756,687,645,548,1648,1596,999,1128,536,1,463,287,820,1,36:23
2022-23,1628381,John Collins,John,1610612737,ATL,Atlanta Hawks,0042200111,2023-04-15T00:00:00,ATL @ BOS,L,29.133333333333333,2.5,2.5,0.0,9.9,9.9,8.6,2.5,32.1,2.5,1.2,3.7,1.2,28.8,1,857,857,857,693,557,491,645,389,808,810,352,986,148,1406,1194,1010,856,1,29:08
2022-23,1630168,Onyeka Okongwu,Onyeka,1610612737,ATL,Atlanta Hawks,0042200111,2023-04-15T00:00:00,ATL @ BOS,L,19.116666666666667,0.0,3.8,0.0,0.0,7.5,16.9,3.8,52.7,0.0,0.0,5.6,3.8,16.9,1,857,857,857,1080,756,310,645,1176,597,1479,432,96,536,1,1492,469,1370,1,19:07
2022-23,1627863,Danuel House Jr.,Danuel,1610612755,PHI,Philadelphia 76ers,0042200121,2023-04-15T00:00:00,PHI vs. BKN,W,2.535,0.0,0.0,0.0,0.0,0.0,0.0,28.4,28.4,0.0,0.0,0.0,0.0,17.0,1,1,1,1,1607,756,687,645,1176,1,1,1677,1206,536,1,1,1103,1367,1,2:32
2022-23,1630193,Immanuel Quickley,Immanuel,1610612752,NYK,New York Knicks,0042200131,2023-04-15T00:00:00,NYK @ CLE,W,23.606666666666666,0.0,0.0,3.0,0.0,6.1,6.1,9.1,18.3,0.0,0.0,0.0,4.6,10.1,1,1,1,1,914,756,687,395,1176,465,567,926,1566,536,1,1,343,1529,1,23:36
2022-23,1628969,Mikal Bridges,Mikal,1610612751,BKN,Brooklyn Nets,0042200121,2023-04-15T00:00:00,BKN @ PHI,L,34.43333333333333,5.2,0.0,6.3,10.5,19.9,16.7,10.5,25.1,1.0,1.0,0.0,4.2,39.2,1,857,857,857,457,211,687,108,354,1527,1466,1045,1372,408,1327,1,411,430,1,34:26
2022-23,201935,James Harden,James,1610612755,PHI,Philadelphia 76ers,0042200121,2023-04-15T00:00:00,PHI vs. BKN,W,36.083333333333336,0.0,5.0,0.0,2.0,8.0,1.0,13.0,25.9,0.0,3.0,3.0,1.0,46.2,1,1,1,1,391,756,203,645,1143,623,249,1262,1340,536,1669,1017,1068,234,1,36:05
2022-23,1629057,Robert Williams III,Robert,1610612738,BOS,Boston Celtics,0042200111,2023-04-15T00:00:00,BOS vs. ATL,W,21.666666666666668,6.6,10.0,3.3,19.9,18.3,8.3,15.0,46.5,1.7,0.0,3.3,0.0,47.5,1,1,1,1,993,118,41,360,46,1464,769,1396,222,263,1,1092,1103,200,1,21:40
2022-23,1629667,Jalen McDaniels,Jalen,1610612755,PHI,Philadelphia 76ers,0042200121,2023-04-15T00:00:00,PHI vs. BKN,W,16.9,6.4,0.0,0.0,4.3,19.2,0.0,17.0,25.6,0.0,0.0,2.1,0.0,27.3,1,1,1,1,1139,134,687,645,910,1505,1,1495,1359,536,1,749,1103,932,1,16:54
2022-23,203952,Andrew Wiggins,Andrew,1610612744,GSW,Golden State Warriors,0042200161,2023-04-15T00:00:00,GSW @ SAC,L,28.2,5.1,7.7,0.0,10.2,11.5,19.1,10.2,38.3,5.1,1.3,3.8,3.8,43.5,1,857,857,857,729,225,75,645,368,958,1563,1030,577,28,1417,1215,460,297,1,28:12
