season,player_id,player,nickname,team_id,team,team_name,game_id,game_date,matchup,wl,min,fgm,fga,fg_pct,fg3m,fg3a,fg3_pct,ftm,fta,ft_pct,oreb,dreb,reb,ast,tov,stl,blk,blka,pf,pfd,pts,plus_minus,nba_fantasy_pts,dd2,td3,wnba_fantasy_pts,gp_rank,w_rank,l_rank,w_pct_rank,min_rank,fgm_rank,fga_rank,fg_pct_rank,fg3m_rank,fg3a_rank,fg3_pct_rank,ftm_rank,fta_rank,ft_pct_rank,oreb_rank,dreb_rank,reb_rank,ast_rank,tov_rank,stl_rank,blk_rank,blka_rank,pf_rank,pfd_rank,pts_rank,plus_minus_rank,nba_fantasy_pts_rank,dd2_rank,td3_rank,wnba_fantasy_pts_rank,available_flag,min_sec,season_start,season_end
2024-25,1629651,Nic Claxton,Nic,1610612751,BKN,Brooklyn Nets,22401188,2025-04-13T00:00:00,BKN vs. NYK,L,22.266666666666666,5,6,0.833,0,0,0.0,2,3,0.667,1,1,2,0,1,0,0,0,1,4,12,-2,13.4,0,0,14.0,1,13222,13222,13222,14302,7242,14618,1514,15070,20945,15070,6020,6038,9425,6876,17569,16273,19908,8788,12854,8263,1,6051,2493,9299,14448,17421,2246,150,16370,1,22:16,2024,2025
2024-25,1630592,Jalen Wilson,Jalen,1610612751,BKN,Brooklyn Nets,22401188,2025-04-13T00:00:00,BKN vs. NYK,L,37.96666666666667,6,11,0.545,5,8,0.625,1,3,0.333,0,4,4,4,0,0,0,0,2,2,18,-4,28.8,0,0,31.0,1,13222,13222,13222,1402,5250,7071,7695,492,2050,2868,10215,6038,13132,14058,6429,9701,4780,16469,12854,8263,1,12976,6956,4762,16449,7764,2246,150,5932,1,37:58,2024,2025
2024-25,1630553,Keon Johnson,Keon,1610612751,BKN,Brooklyn Nets,22401188,2025-04-13T00:00:00,BKN vs. NYK,L,36.73333333333333,5,13,0.385,1,8,0.125,3,4,0.75,2,7,9,4,4,1,0,1,5,4,14,-12,29.8,0,0,30.0,1,13222,13222,13222,2168,7242,5079,16070,8896,2050,14886,4159,3754,8186,3306,1947,2169,4780,877,5025,8263,17462,25158,2493,7553,22309,7257,2246,150,6431,1,36:44,2024,2025
2024-25,1630623,Tyson Etienne,Tyson,1610612751,BKN,Brooklyn Nets,22401188,2025-04-13T00:00:00,BKN vs. NYK,L,17.14666666666667,1,3,0.333,1,3,0.333,2,2,1.0,0,0,0,1,0,0,0,0,1,1,5,-7,6.5,0,0,7.0,1,13222,13222,13222,18172,19033,19992,17395,8896,11494,9209,6020,7446,1,14058,22137,23286,14293,16469,12854,8263,1,6051,11254,17323,19141,21818,2246,150,21087,1,17:09,2024,2025
2024-25,1631213,Tyrese Martin,Tyrese,1610612751,BKN,Brooklyn Nets,22401188,2025-04-13T00:00:00,BKN vs. NYK,L,31.33333333333333,8,14,0.571,2,6,0.333,2,2,1.0,2,5,7,1,6,0,1,0,2,2,20,-3,26.9,0,0,32.0,1,13222,13222,13222,6570,2561,4240,6538,4949,4502,9209,6020,7446,1,3306,4392,3946,14293,150,12854,2537,1,12976,6956,3676,15511,8865,2246,150,5433,1,31:20,2024,2025
2024-25,1630570,Trendon Watford,Trendon,1610612751,BKN,Brooklyn Nets,22401188,2025-04-13T00:00:00,BKN vs. NYK,L,33.38333333333333,8,12,0.667,1,2,0.5,3,5,0.6,0,7,7,4,4,2,1,1,5,5,20,2,39.4,0,0,38.0,1,13222,13222,13222,4824,2561,5979,3281,8896,14411,3944,4159,2872,10343,14058,1947,3946,4780,877,1671,2537,17462,25158,1447,3676,10285,3391,2246,150,3270,1,33:23,2024,2025
2024-25,1631166,Drew Timme,Drew,1610612751,BKN,Brooklyn Nets,22401188,2025-04-13T00:00:00,BKN vs. NYK,L,30.703333333333333,4,11,0.364,1,6,0.167,2,4,0.5,0,8,8,2,2,0,0,0,2,6,11,-3,21.6,0,0,22.0,1,13222,13222,13222,7122,9611,7071,16861,8896,4502,14236,6020,3754,10625,14058,1271,2934,9909,4442,12854,8263,1,12976,792,10323,15511,12003,2246,150,10998,1,30:42,2024,2025
2024-25,1641727,Dariq Whitehead,Dariq,1610612751,BKN,Brooklyn Nets,22401188,2025-04-13T00:00:00,BKN vs. NYK,L,10.033333333333331,1,3,0.333,1,2,0.5,0,0,0.0,1,0,1,0,0,0,0,0,2,0,3,-4,4.2,0,0,5.0,1,13222,13222,13222,22095,19033,19992,17395,8896,14411,3944,13505,14344,13505,6876,22137,19889,19908,16469,12854,8263,1,12976,17725,19913,16449,23095,2246,150,22358,1,10:02,2024,2025
2024-25,1641787,Tosan Evbuomwan,Tosan,1610612751,BKN,Brooklyn Nets,22401188,2025-04-13T00:00:00,BKN vs. NYK,L,20.433333333333334,0,1,0.0,0,0,0.0,2,2,1.0,0,4,4,5,1,1,0,1,4,1,2,-7,16.3,0,0,13.0,1,13222,13222,13222,15684,22635,23259,22635,15070,20945,15070,6020,7446,1,14058,6429,9701,3273,8788,5025,8263,17462,22904,11254,21232,19141,15551,2246,150,17050,1,20:26,2024,2025
2024-25,1631213,Tyrese Martin,Tyrese,1610612751,BKN,Brooklyn Nets,22401179,2025-04-11T00:00:00,BKN @ MIN,L,15.766666666666667,2,8,0.25,0,4,0.0,0,0,0.0,0,0,0,2,2,0,0,0,0,0,4,-13,5.0,0,0,6.0,1,13222,13222,13222,19092,15612,11288,20233,15070,8688,15070,13505,14344,13505,14058,22137,23286,9909,4442,12854,8263,1,1,17725,18599,22771,22690,2246,150,21698,1,15:46,2024,2025
2024-25,1630553,Keon Johnson,Keon,1610612751,BKN,Brooklyn Nets,22401179,2025-04-11T00:00:00,BKN @ MIN,L,23.90833333333333,5,7,0.714,2,4,0.5,8,8,1.0,1,4,5,6,1,1,0,1,2,5,20,-7,37.0,0,0,35.0,1,13222,13222,13222,12987,7242,12910,2752,4949,8688,3944,481,912,1,6876,6429,7268,2199,8788,5025,8263,17462,12976,1447,3676,19141,4162,2246,150,4250,1,23:55,2024,2025
2024-25,1641787,Tosan Evbuomwan,Tosan,1610612751,BKN,Brooklyn Nets,22401179,2025-04-11T00:00:00,BKN @ MIN,L,21.826666666666668,2,11,0.182,0,5,0.0,3,6,0.5,2,1,3,3,1,3,0,3,3,3,7,-24,23.1,0,0,19.0,1,13222,13222,13222,14644,15612,7071,21891,15070,6354,15070,4159,1898,10625,3306,17569,12778,6913,8788,473,8263,25707,18916,4218,14857,25745,11107,2246,150,12913,1,21:50,2024,2025
2024-25,1641721,Maxwell Lewis,Maxwell,1610612751,BKN,Brooklyn Nets,22401179,2025-04-11T00:00:00,BKN @ MIN,L,7.383333333333334,0,0,0.0,0,0,0.0,0,0,0.0,0,1,1,0,0,0,0,0,1,0,0,-11,1.2,0,0,1.0,1,13222,13222,13222,23034,22635,24836,22635,15070,20945,15070,13505,14344,13505,14058,17569,19889,19908,16469,12854,8263,1,6051,17725,23200,21738,24725,2246,150,24667,1,7:23,2024,2025
2024-25,1630592,Jalen Wilson,Jalen,1610612751,BKN,Brooklyn Nets,22401179,2025-04-11T00:00:00,BKN @ MIN,L,35.20666666666666,5,12,0.417,4,8,0.5,0,0,0.0,2,7,9,3,0,0,1,0,3,1,14,-8,32.3,0,0,32.0,1,13222,13222,13222,3313,7242,5979,14532,1130,2050,3944,13505,14344,13505,3306,1947,2169,6913,16469,12854,2537,1,18916,11254,7553,19855,6039,2246,150,5433,1,35:12,2024,2025
2024-25,1630570,Trendon Watford,Trendon,1610612751,BKN,Brooklyn Nets,22401179,2025-04-11T00:00:00,BKN @ MIN,L,31.95833333333333,7,15,0.467,1,3,0.333,0,0,0.0,2,6,8,4,1,0,0,0,2,3,15,-12,29.6,0,0,28.0,1,13222,13222,13222,6013,3730,3491,12249,8896,11494,9209,13505,14344,13505,3306,2943,2934,4780,8788,12854,8263,1,12976,4218,6813,22309,7359,2246,150,7475,1,31:58,2024,2025
2024-25,1641727,Dariq Whitehead,Dariq,1610612751,BKN,Brooklyn Nets,22401179,2025-04-11T00:00:00,BKN @ MIN,L,21.05,2,5,0.4,2,4,0.5,0,0,0.0,0,2,2,1,0,0,0,0,3,0,6,-10,9.9,0,0,11.0,1,13222,13222,13222,15255,15612,16437,14933,4949,8688,3944,13505,14344,13505,14058,13151,16273,14293,16469,12854,8263,1,18916,17725,15937,21147,19759,2246,150,18464,1,21:03,2024,2025
2024-25,1631166,Drew Timme,Drew,1610612751,BKN,Brooklyn Nets,22401179,2025-04-11T00:00:00,BKN @ MIN,L,39.681666666666665,5,21,0.238,1,7,0.143,0,1,0.0,6,4,10,2,2,0,0,0,4,1,11,-14,24.0,1,0,24.0,1,13222,13222,13222,662,7242,817,21138,8896,3100,14649,13505,12810,13505,185,6429,1549,9909,4442,12854,8263,1,22904,11254,10323,23203,10563,1,150,9719,1,39:41,2024,2025
2024-25,1641736,Reece Beekman,Reece,1610612751,BKN,Brooklyn Nets,22401179,2025-04-11T00:00:00,BKN @ MIN,L,31.98333333333333,4,7,0.571,1,2,0.5,2,2,1.0,1,1,2,3,0,3,0,1,4,1,11,-11,26.9,0,0,23.0,1,13222,13222,13222,5982,9611,12910,6538,8896,14411,3944,6020,7446,1,6876,17569,16273,6913,16469,473,8263,17462,22904,11254,10323,21738,8865,2246,150,10339,1,31:59,2024,2025
2024-25,1630623,Tyson Etienne,Tyson,1610612751,BKN,Brooklyn Nets,22401179,2025-04-11T00:00:00,BKN @ MIN,L,11.235,1,4,0.25,1,4,0.25,0,0,0.0,1,0,1,0,2,0,0,0,2,1,3,-20,2.2,0,0,5.0,1,13222,13222,13222,21609,19033,18231,20233,8896,8688,11902,13505,14344,13505,6876,22137,19889,19908,4442,12854,8263,1,12976,11254,19913,25087,24267,2246,150,22358,1,11:14,2024,2025
2024-25,1630592,Jalen Wilson,Jalen,1610612751,BKN,Brooklyn Nets,22401169,2025-04-10T00:00:00,BKN vs. ATL,L,24.3,6,10,0.6,6,10,0.6,2,4,0.5,0,4,4,3,0,1,0,0,1,2,20,0,32.3,0,0,35.0,1,13222,13222,13222,12648,5250,8304,5394,202,829,2992,6020,3754,10625,14058,6429,9701,6913,16469,5025,8263,1,6051,6956,3676,12240,6039,2246,150,4250,1,24:18,2024,2025
2024-25,1630553,Keon Johnson,Keon,1610612751,BKN,Brooklyn Nets,22401169,2025-04-10T00:00:00,BKN vs. ATL,L,17.216666666666665,4,9,0.444,2,4,0.5,0,2,0.0,0,3,3,3,6,0,0,0,4,1,10,-17,12.1,0,0,18.0,1,13222,13222,13222,18123,9611,9700,13045,4949,8688,3944,13505,7446,13505,14058,9417,12778,6913,150,12854,8263,1,22904,11254,11377,24263,18340,2246,150,13589,1,17:13,2024,2025
2024-25,1641727,Dariq Whitehead,Dariq,1610612751,BKN,Brooklyn Nets,22401169,2025-04-10T00:00:00,BKN vs. ATL,L,9.733333333333333,0,2,0.0,0,1,0.0,0,0,0.0,0,2,2,0,1,0,0,0,1,0,0,-2,1.4,0,0,2.0,1,13222,13222,13222,22198,22635,21660,22635,15070,17631,15070,13505,14344,13505,14058,13151,16273,19908,8788,12854,8263,1,6051,17725,23200,14448,24689,2246,150,24066,1,9:44,2024,2025
2024-25,1641721,Maxwell Lewis,Maxwell,1610612751,BKN,Brooklyn Nets,22401169,2025-04-10T00:00:00,BKN vs. ATL,L,9.033333333333331,1,2,0.5,1,2,0.5,0,0,0.0,0,3,3,1,1,0,0,0,1,0,3,0,7.1,0,0,8.0,1,13222,13222,13222,22439,19033,21660,8526,8896,14411,3944,13505,14344,13505,14058,9417,12778,14293,8788,12854,8263,1,6051,17725,19913,12240,21498,2246,150,20457,1,9:02,2024,2025
2024-25,1629651,Nic Claxton,Nic,1610612751,BKN,Brooklyn Nets,22401169,2025-04-10T00:00:00,BKN vs. ATL,L,18.75,3,4,0.75,1,1,1.0,0,1,0.0,1,1,2,1,0,0,1,0,2,1,7,-27,13.9,0,0,13.0,1,13222,13222,13222,17005,12449,18231,2107,8896,17631,1,13505,12810,13505,6876,17569,16273,14293,16469,12854,2537,1,12976,11254,14857,25999,17066,2246,150,17050,1,18:45,2024,2025
2024-25,1631166,Drew Timme,Drew,1610612751,BKN,Brooklyn Nets,22401169,2025-04-10T00:00:00,BKN vs. ATL,L,29.25,4,11,0.364,3,6,0.5,2,2,1.0,1,10,11,6,2,0,0,0,3,3,13,3,33.2,1,0,33.0,1,13222,13222,13222,8450,9611,7071,16861,2458,4502,3944,6020,7446,1,6876,483,1106,2199,4442,12854,8263,1,18916,4218,8426,9394,5623,1,150,5036,1,29:15,2024,2025
2024-25,1630623,Tyson Etienne,Tyson,1610612751,BKN,Brooklyn Nets,22401169,2025-04-10T00:00:00,BKN vs. ATL,L,29.966666666666665,5,14,0.357,4,12,0.333,2,2,1.0,1,0,1,2,1,1,0,0,5,1,16,-15,22.2,0,0,25.0,1,13222,13222,13222,7812,7242,4240,17140,1130,299,9209,6020,7446,1,6876,22137,19889,9909,8788,5025,8263,1,25158,11254,6070,23599,11623,2246,150,9137,1,29:58,2024,2025
2024-25,1630533,Ziaire Williams,Ziaire,1610612751,BKN,Brooklyn Nets,22401169,2025-04-10T00:00:00,BKN vs. ATL,L,15.466666666666669,3,7,0.429,1,2,0.5,2,3,0.667,1,0,1,0,0,2,0,0,2,3,9,-25,16.2,0,0,15.0,1,13222,13222,13222,19270,12449,12910,13735,8896,14411,3944,6020,6038,9425,6876,22137,19889,19908,16469,1671,8263,1,12976,4218,12445,25842,15608,2246,150,15689,1,15:28,2024,2025
2024-25,1641787,Tosan Evbuomwan,Tosan,1610612751,BKN,Brooklyn Nets,22401169,2025-04-10T00:00:00,BKN vs. ATL,L,27.8,7,15,0.467,3,6,0.5,1,2,0.5,1,5,6,3,0,1,1,1,3,4,18,2,35.7,0,0,34.0,1,13222,13222,13222,9716,3730,3491,12249,2458,4502,3944,10215,7446,10625,6876,4392,5362,6913,16469,5025,2537,17462,18916,2493,4762,10285,4618,2246,150,4638,1,27:48,2024,2025
2024-25,1631213,Tyrese Martin,Tyrese,1610612751,BKN,Brooklyn Nets,22401169,2025-04-10T00:00:00,BKN vs. ATL,L,25.45,2,7,0.286,1,6,0.167,0,0,0.0,0,2,2,5,1,2,0,0,1,1,5,4,19.9,0,0,17.0,1,13222,13222,13222,11624,15612,12910,19630,8896,4502,14236,13505,14344,13505,14058,13151,16273,3273,8788,1671,8263,1,6051,11254,17323,8479,13170,2246,150,14250,1,25:27,2024,2025
2024-25,1630570,Trendon Watford,Trendon,1610612751,BKN,Brooklyn Nets,22401169,2025-04-10T00:00:00,BKN vs. ATL,L,20.216666666666665,1,6,0.167,0,0,0.0,6,6,1.0,4,1,5,3,4,0,0,0,1,3,8,-17,14.5,0,0,16.0,1,13222,13222,13222,15849,19033,14618,21938,15070,20945,15070,1180,1898,1,785,17569,7268,6913,877,12854,8263,1,6051,4218,13544,24263,16714,2246,150,14948,1,20:13,2024,2025
2024-25,1641736,Reece Beekman,Reece,1610612751,BKN,Brooklyn Nets,22401169,2025-04-10T00:00:00,BKN vs. ATL,L,12.816666666666666,0,3,0.0,0,2,0.0,0,0,0.0,1,0,1,4,1,1,0,0,2,0,0,-26,9.2,0,0,7.0,1,13222,13222,13222,20831,22635,19992,22635,15070,14411,15070,13505,14344,13505,6876,22137,19889,4780,8788,5025,8263,1,12976,17725,23200,25937,20210,2246,150,21087,1,12:49,2024,2025
2024-25,1631166,Drew Timme,Drew,1610612751,BKN,Brooklyn Nets,22401150,2025-04-08T00:00:00,BKN vs. NOP,W,29.466666666666665,7,10,0.7,1,1,1.0,1,3,0.333,0,9,9,1,1,0,0,0,3,4,16,-8,27.3,0,0,27.0,1,1,1,1,8251,3730,8304,3045,8896,17631,1,10215,6038,13132,14058,796,2169,14293,8788,12854,8263,1,18916,2493,6070,19855,8623,2246,150,7999,1,29:28,2024,2025
2024-25,1641727,Dariq Whitehead,Dariq,1610612751,BKN,Brooklyn Nets,22401150,2025-04-08T00:00:00,BKN vs. NOP,W,24.633333333333333,5,9,0.556,4,7,0.571,0,0,0.0,0,2,2,2,1,2,0,1,3,0,14,8,24.4,0,0,26.0,1,1,1,1,12343,7242,9700,7248,1130,3100,3506,13505,14344,13505,14058,13151,16273,9909,8788,1671,8263,17462,18916,17725,7553,5660,10331,2246,150,8551,1,24:38,2024,2025
2024-25,1629651,Nic Claxton,Nic,1610612751,BKN,Brooklyn Nets,22401150,2025-04-08T00:00:00,BKN vs. NOP,W,16.7,6,9,0.667,1,1,1.0,0,0,0.0,2,2,4,3,0,3,0,0,0,1,13,11,31.3,0,0,27.0,1,1,1,1,18461,5250,9700,3281,8896,17631,1,13505,14344,13505,3306,13151,9701,6913,16469,473,8263,1,1,11254,8426,4119,6529,2246,150,7999,1,16:42,2024,2025
2024-25,1641787,Tosan Evbuomwan,Tosan,1610612751,BKN,Brooklyn Nets,22401150,2025-04-08T00:00:00,BKN vs. NOP,W,23.633333333333333,3,8,0.375,2,3,0.667,5,5,1.0,0,4,4,2,3,1,1,2,0,4,13,-13,23.8,0,0,25.0,1,1,1,1,13200,12449,11288,16299,4949,11494,1957,1817,2872,1,14058,6429,9701,9909,2037,5025,2537,23925,1,2493,8426,22771,10678,2246,150,9137,1,23:38,2024,2025
2024-25,1630570,Trendon Watford,Trendon,1610612751,BKN,Brooklyn Nets,22401150,2025-04-08T00:00:00,BKN vs. NOP,W,22.78333333333333,7,8,0.875,2,3,0.667,6,6,1.0,0,3,3,5,3,0,0,0,2,4,22,23,30.1,0,0,32.0,1,1,1,1,13887,3730,11288,1353,4949,11494,1957,1180,1898,1,14058,9417,12778,3273,2037,12854,8263,1,12976,2493,2824,736,7114,2246,150,5433,1,22:47,2024,2025
2024-25,1630592,Jalen Wilson,Jalen,1610612751,BKN,Brooklyn Nets,22401150,2025-04-08T00:00:00,BKN vs. NOP,W,21.183333333333334,3,9,0.333,2,7,0.286,1,2,0.5,2,2,4,3,1,1,0,0,2,1,9,8,20.3,0,0,20.0,1,1,1,1,15162,12449,9700,17395,4949,3100,11433,10215,7446,10625,3306,13151,9701,6913,8788,5025,8263,1,12976,11254,12445,5660,12888,2246,150,12254,1,21:11,2024,2025
2024-25,1641736,Reece Beekman,Reece,1610612751,BKN,Brooklyn Nets,22401150,2025-04-08T00:00:00,BKN vs. NOP,W,31.03333333333333,0,3,0.0,0,0,0.0,0,0,0.0,2,2,4,10,1,3,0,0,3,0,0,14,27.8,0,0,20.0,1,1,1,1,6853,22635,19992,22635,15070,20945,15070,13505,14344,13505,3306,13151,9701,386,8788,473,8263,1,18916,17725,23200,2867,8309,2246,150,12254,1,31:02,2024,2025
2024-25,1630533,Ziaire Williams,Ziaire,1610612751,BKN,Brooklyn Nets,22401150,2025-04-08T00:00:00,BKN vs. NOP,W,16.933333333333334,2,5,0.4,2,5,0.4,3,4,0.75,0,4,4,1,1,0,2,0,2,2,9,10,20.3,0,0,20.0,1,1,1,1,18290,15612,16437,14933,4949,6354,7874,4159,3754,8186,14058,6429,9701,14293,8788,12854,808,1,12976,6956,12445,4588,12888,2246,150,12254,1,16:56,2024,2025
2024-25,1630623,Tyson Etienne,Tyson,1610612751,BKN,Brooklyn Nets,22401150,2025-04-08T00:00:00,BKN vs. NOP,W,25.58333333333333,3,9,0.333,3,9,0.333,2,2,1.0,0,1,1,1,2,0,0,0,3,1,11,-16,11.7,0,0,16.0,1,1,1,1,11499,12449,9700,17395,2458,1295,9209,6020,7446,1,14058,17569,19889,14293,4442,12854,8263,1,18916,11254,10323,23938,18589,2246,150,14948,1,25:35,2024,2025
2024-25,1641721,Maxwell Lewis,Maxwell,1610612751,BKN,Brooklyn Nets,22401150,2025-04-08T00:00:00,BKN vs. NOP,W,28.05,5,13,0.385,0,4,0.0,2,2,1.0,1,4,5,2,3,1,1,3,4,1,12,-12,24.0,0,0,23.0,1,1,1,1,9509,7242,5079,16070,15070,8688,15070,6020,7446,1,6876,6429,7268,9909,2037,5025,2537,25707,22904,11254,9299,22309,10563,2246,150,10339,1,28:03,2024,2025
2024-25,1630553,Keon Johnson,Keon,1610612751,BKN,Brooklyn Nets,22401134,2025-04-06T00:00:00,BKN vs. TOR,L,20.433333333333334,4,9,0.444,2,5,0.4,3,4,0.75,0,7,7,4,3,0,1,1,0,2,13,2,27.4,0,0,28.0,1,13222,13222,13222,15684,9611,9700,13045,4949,6354,7874,4159,3754,8186,14058,1947,3946,4780,2037,12854,2537,17462,1,6956,8426,10285,8559,2246,150,7475,1,20:26,2024,2025
2024-25,1641727,Dariq Whitehead,Dariq,1610612751,BKN,Brooklyn Nets,22401134,2025-04-06T00:00:00,BKN vs. TOR,L,27.566666666666663,5,12,0.417,3,8,0.375,0,0,0.0,0,4,4,3,5,0,0,1,2,1,13,-13,17.3,0,0,23.0,1,13222,13222,13222,9899,7242,5979,14532,2458,2050,8800,13505,14344,13505,14058,6429,9701,6913,387,12854,8263,17462,12976,11254,8426,22771,14888,2246,150,10339,1,27:34,2024,2025
2024-25,1641736,Reece Beekman,Reece,1610612751,BKN,Brooklyn Nets,22401134,2025-04-06T00:00:00,BKN vs. TOR,L,35.65,6,13,0.462,0,4,0.0,2,2,1.0,0,4,4,5,2,3,0,1,3,2,14,-26,33.3,0,0,29.0,1,13222,13222,13222,2946,5250,5079,12428,15070,8688,15070,6020,7446,1,14058,6429,9701,3273,4442,473,8263,17462,18916,6956,7553,25937,5573,2246,150,6953,1,35:39,2024,2025
2024-25,1641721,Maxwell Lewis,Maxwell,1610612751,BKN,Brooklyn Nets,22401134,2025-04-06T00:00:00,BKN vs. TOR,L,27.016666666666666,6,12,0.5,1,4,0.25,0,0,0.0,2,2,4,1,1,1,2,1,3,0,13,-15,27.3,0,0,25.0,1,13222,13222,13222,10318,5250,5979,8526,8896,8688,11902,13505,14344,13505,3306,13151,9701,14293,8788,5025,808,17462,18916,17725,8426,23599,8623,2246,150,9137,1,27:01,2024,2025
2024-25,1630533,Ziaire Williams,Ziaire,1610612751,BKN,Brooklyn Nets,22401134,2025-04-06T00:00:00,BKN vs. TOR,L,23.55,4,5,0.8,1,2,0.5,2,2,1.0,0,4,4,1,4,2,2,0,1,1,11,6,25.3,0,0,25.0,1,13222,13222,13222,13273,9611,16437,1688,8896,14411,3944,6020,7446,1,14058,6429,9701,14293,877,1671,808,1,6051,11254,10323,7002,9796,2246,150,9137,1,23:33,2024,2025
2024-25,1631166,Drew Timme,Drew,1610612751,BKN,Brooklyn Nets,22401134,2025-04-06T00:00:00,BKN vs. TOR,L,26.23333333333333,5,12,0.417,1,4,0.25,2,2,1.0,2,5,7,2,2,1,0,0,1,2,13,-12,25.4,0,0,25.0,1,13222,13222,13222,10963,7242,5979,14532,8896,8688,11902,6020,7446,1,3306,4392,3946,9909,4442,5025,8263,1,6051,6956,8426,22309,9733,2246,150,9137,1,26:14,2024,2025
2024-25,1630570,Trendon Watford,Trendon,1610612751,BKN,Brooklyn Nets,22401134,2025-04-06T00:00:00,BKN vs. TOR,L,22.216666666666665,3,5,0.6,0,0,0.0,7,10,0.7,1,4,5,4,1,0,0,0,2,7,13,3,24.0,0,0,22.0,1,13222,13222,13222,14337,12449,16437,5394,15070,20945,15070,752,423,9366,6876,6429,7268,4780,8788,12854,8263,1,12976,426,8426,9394,10563,2246,150,10998,1,22:13,2024,2025
2024-25,1641787,Tosan Evbuomwan,Tosan,1610612751,BKN,Brooklyn Nets,22401134,2025-04-06T00:00:00,BKN vs. TOR,L,25.15,4,7,0.571,1,2,0.5,3,3,1.0,2,5,7,3,2,1,1,0,4,3,12,2,28.9,0,0,27.0,1,13222,13222,13222,11876,9611,12910,6538,8896,14411,3944,4159,6038,1,3306,4392,3946,6913,4442,5025,2537,1,22904,4218,9299,10285,7702,2246,150,7999,1,25:09,2024,2025
2024-25,1630623,Tyson Etienne,Tyson,1610612751,BKN,Brooklyn Nets,22401134,2025-04-06T00:00:00,BKN vs. TOR,L,32.18333333333333,2,7,0.286,1,6,0.167,2,4,0.5,1,3,4,2,3,0,1,0,2,3,7,-2,14.8,0,0,16.0,1,13222,13222,13222,5816,15612,12910,19630,8896,4502,14236,6020,3754,10625,6876,9417,9701,9909,2037,12854,2537,1,12976,4218,14857,14448,16495,2246,150,14948,1,32:11,2024,2025
2024-25,1641727,Dariq Whitehead,Dariq,1610612751,BKN,Brooklyn Nets,22401113,2025-04-03T00:00:00,BKN vs. MIN,L,26.133333333333333,5,13,0.385,5,9,0.556,2,2,1.0,1,2,3,1,0,0,0,2,2,3,17,-4,22.1,0,0,26.0,1,13222,13222,13222,11058,7242,5079,16070,492,1295,3747,6020,7446,1,6876,13151,12778,14293,16469,12854,8263,23925,12976,4218,5360,16449,11691,2246,150,8551,1,26:08,2024,2025
2024-25,1641787,Tosan Evbuomwan,Tosan,1610612751,BKN,Brooklyn Nets,22401113,2025-04-03T00:00:00,BKN vs. MIN,L,30.33333333333333,6,11,0.545,1,4,0.25,0,0,0.0,1,7,8,3,1,1,0,0,2,1,13,-11,29.1,0,0,27.0,1,13222,13222,13222,7467,5250,7071,7695,8896,8688,11902,13505,14344,13505,6876,1947,2934,6913,8788,5025,8263,1,12976,11254,8426,21738,7610,2246,150,7999,1,30:20,2024,2025
2024-25,1629651,Nic Claxton,Nic,1610612751,BKN,Brooklyn Nets,22401113,2025-04-03T00:00:00,BKN vs. MIN,L,23.633333333333333,9,10,0.9,0,0,0.0,0,0,0.0,0,6,6,5,1,2,0,0,2,1,18,-12,37.7,0,0,33.0,1,13222,13222,13222,13200,1688,8304,1303,15070,20945,15070,13505,14344,13505,14058,2943,5362,3273,8788,1671,8263,1,12976,11254,4762,22309,3913,2246,150,5036,1,23:38,2024,2025
2024-25,1626156,D'Angelo Russell,D'Angelo,1610612751,BKN,Brooklyn Nets,22401113,2025-04-03T00:00:00,BKN vs. MIN,L,12.616666666666667,0,6,0.0,0,4,0.0,0,0,0.0,0,0,0,1,2,0,0,0,2,2,0,1,-0.5,0,0,1.0,1,13222,13222,13222,20936,22635,14618,22635,15070,8688,15070,13505,14344,13505,14058,22137,23286,14293,4442,12854,8263,1,12976,6956,23200,11263,26149,2246,150,24667,1,12:37,2024,2025
2024-25,1630553,Keon Johnson,Keon,1610612751,BKN,Brooklyn Nets,22401113,2025-04-03T00:00:00,BKN vs. MIN,L,25.383333333333333,3,4,0.75,2,3,0.667,0,0,0.0,0,1,1,4,1,0,0,0,1,2,8,-10,14.2,0,0,15.0,1,13222,13222,13222,11666,12449,18231,2107,4949,11494,1957,13505,14344,13505,14058,17569,19889,4780,8788,12854,8263,1,6051,6956,13544,21147,16896,2246,150,15689,1,25:23,2024,2025
2024-25,1641721,Maxwell Lewis,Maxwell,1610612751,BKN,Brooklyn Nets,22401113,2025-04-03T00:00:00,BKN vs. MIN,L,27.65,4,12,0.333,2,8,0.25,0,0,0.0,2,4,6,2,1,0,0,0,3,1,10,-7,19.2,0,0,20.0,1,13222,13222,13222,9830,9611,5979,17395,4949,2050,11902,13505,14344,13505,3306,6429,5362,9909,8788,12854,8263,1,18916,11254,11377,19141,13638,2246,150,12254,1,27:39,2024,2025
2024-25,1630623,Tyson Etienne,Tyson,1610612751,BKN,Brooklyn Nets,22401113,2025-04-03T00:00:00,BKN vs. MIN,L,25.116666666666667,2,8,0.25,1,5,0.2,0,0,0.0,0,2,2,5,0,2,0,2,2,1,5,-10,20.9,0,0,17.0,1,13222,13222,13222,11895,15612,11288,20233,8896,6354,13429,13505,14344,13505,14058,13151,16273,3273,16469,1671,8263,23925,12976,11254,17323,21147,12468,2246,150,14250,1,25:07,2024,2025
2024-25,1630570,Trendon Watford,Trendon,1610612751,BKN,Brooklyn Nets,22401113,2025-04-03T00:00:00,BKN vs. MIN,L,26.916666666666668,5,13,0.385,0,1,0.0,1,2,0.5,3,2,5,5,3,0,0,4,2,1,11,-16,21.5,0,0,21.0,1,13222,13222,13222,10399,7242,5079,16070,15070,17631,15070,10215,7446,10625,1615,13151,7268,3273,2037,12854,8263,26177,12976,11254,10323,23938,12085,2246,150,11621,1,26:55,2024,2025
2024-25,1641736,Reece Beekman,Reece,1610612751,BKN,Brooklyn Nets,22401113,2025-04-03T00:00:00,BKN vs. MIN,L,17.85,1,3,0.333,0,0,0.0,0,0,0.0,1,1,2,2,0,3,0,1,0,1,2,-3,16.4,0,0,12.0,1,13222,13222,13222,17663,19033,19992,17395,15070,20945,15070,13505,14344,13505,6876,17569,16273,9909,16469,473,8263,17462,1,11254,21232,15511,15467,2246,150,17796,1,17:51,2024,2025
2024-25,1631166,Drew Timme,Drew,1610612751,BKN,Brooklyn Nets,22401113,2025-04-03T00:00:00,BKN vs. MIN,L,24.366666666666667,3,9,0.333,0,2,0.0,0,0,0.0,0,1,1,2,1,3,0,1,1,0,6,-3,18.2,0,0,15.0,1,13222,13222,13222,12590,12449,9700,17395,15070,14411,15070,13505,14344,13505,14058,17569,19889,9909,8788,473,8263,17462,6051,17725,15937,15511,14270,2246,150,15689,1,24:22,2024,2025
2024-25,1626156,D'Angelo Russell,D'Angelo,1610612751,BKN,Brooklyn Nets,22401095,2025-03-31T00:00:00,BKN @ DAL,W,31.33,5,10,0.5,4,7,0.571,4,5,0.8,1,4,5,11,1,2,1,0,1,4,18,4,48.5,1,0,44.0,1,1,1,1,6587,7242,8304,8526,1130,3100,3506,2676,2872,7681,6876,6429,7268,232,8788,1671,2537,1,6051,2493,4762,8479,1413,1,150,1816,1,31:20,2024,2025
2024-25,1641727,Dariq Whitehead,Dariq,1610612751,BKN,Brooklyn Nets,22401095,2025-03-31T00:00:00,BKN @ DAL,W,15.95,3,7,0.429,2,6,0.333,0,0,0.0,0,2,2,2,1,0,0,0,3,0,8,-10,12.4,0,0,14.0,1,1,1,1,18962,12449,12910,13735,4949,4502,9209,13505,14344,13505,14058,13151,16273,9909,8788,12854,8263,1,18916,17725,13544,21147,18115,2246,150,16370,1,15:57,2024,2025
2024-25,1630570,Trendon Watford,Trendon,1610612751,BKN,Brooklyn Nets,22401095,2025-03-31T00:00:00,BKN @ DAL,W,24.23333333333333,2,7,0.286,2,4,0.5,0,0,0.0,0,5,5,1,2,0,0,1,2,0,6,7,11.5,0,0,14.0,1,1,1,1,12695,15612,12910,19630,4949,8688,3944,13505,14344,13505,14058,4392,7268,14293,4442,12854,8263,17462,12976,17725,15937,6330,18735,2246,150,16370,1,24:14,2024,2025
2024-25,1641721,Maxwell Lewis,Maxwell,1610612751,BKN,Brooklyn Nets,22401095,2025-03-31T00:00:00,BKN @ DAL,W,17.65,2,6,0.333,2,5,0.4,2,2,1.0,1,2,3,2,0,0,0,0,0,1,8,-12,14.6,0,0,15.0,1,1,1,1,17819,15612,14618,17395,4949,6354,7874,6020,7446,1,6876,13151,12778,9909,16469,12854,8263,1,1,11254,13544,22309,16628,2246,150,15689,1,17:39,2024,2025
2024-25,1631166,Drew Timme,Drew,1610612751,BKN,Brooklyn Nets,22401095,2025-03-31T00:00:00,BKN @ DAL,W,20.633333333333333,4,8,0.5,1,3,0.333,0,0,0.0,1,2,3,1,1,0,1,0,4,1,9,-4,16.1,0,0,16.0,1,1,1,1,15533,9611,11288,8526,8896,11494,9209,13505,14344,13505,6876,13151,12778,14293,8788,12854,2537,1,22904,11254,12445,16449,15681,2246,150,14948,1,20:38,2024,2025
2024-25,1630533,Ziaire Williams,Ziaire,1610612751,BKN,Brooklyn Nets,22401095,2025-03-31T00:00:00,BKN @ DAL,W,25.316666666666663,4,8,0.5,2,6,0.333,1,2,0.5,0,2,2,0,0,0,0,0,1,1,11,3,13.4,0,0,15.0,1,1,1,1,11729,9611,11288,8526,4949,4502,9209,10215,7446,10625,14058,13151,16273,19908,16469,12854,8263,1,6051,11254,10323,9394,17421,2246,150,15689,1,25:19,2024,2025
2024-25,1630553,Keon Johnson,Keon,1610612751,BKN,Brooklyn Nets,22401095,2025-03-31T00:00:00,BKN @ DAL,W,28.5,10,19,0.526,2,8,0.25,2,2,1.0,0,3,3,3,2,1,0,1,4,2,24,10,33.1,0,0,34.0,1,1,1,1,9119,1099,1432,8379,4949,2050,11902,6020,7446,1,14058,9417,12778,6913,4442,5025,8263,17462,22904,6956,2129,4588,5673,2246,150,4638,1,28:30,2024,2025
2024-25,1631213,Tyrese Martin,Tyrese,1610612751,BKN,Brooklyn Nets,22401095,2025-03-31T00:00:00,BKN @ DAL,W,20.4,3,8,0.375,3,6,0.5,2,2,1.0,2,4,6,5,0,1,0,0,2,1,11,5,28.7,0,0,27.0,1,1,1,1,15715,12449,11288,16299,2458,4502,3944,6020,7446,1,3306,6429,5362,3273,16469,5025,8263,1,12976,11254,10323,7737,7835,2246,150,7999,1,20:24,2024,2025
2024-25,1630592,Jalen Wilson,Jalen,1610612751,BKN,Brooklyn Nets,22401095,2025-03-31T00:00:00,BKN @ DAL,W,28.651666666666667,4,11,0.364,2,6,0.333,2,2,1.0,0,4,4,4,1,1,0,0,3,3,12,11,24.8,0,0,24.0,1,1,1,1,8971,9611,7071,16861,4949,4502,9209,6020,7446,1,14058,6429,9701,4780,8788,5025,8263,1,18916,4218,9299,4119,10102,2246,150,9719,1,28:39,2024,2025
2024-25,1629651,Nic Claxton,Nic,1610612751,BKN,Brooklyn Nets,22401095,2025-03-31T00:00:00,BKN @ DAL,W,27.335,2,6,0.333,0,0,0.0,2,5,0.4,2,5,7,3,0,1,1,1,3,6,6,6,24.9,0,0,20.0,1,1,1,1,10079,15612,14618,17395,15070,20945,15070,6020,2872,13061,3306,4392,3946,6913,16469,5025,2537,17462,18916,792,15937,7002,10031,2246,150,12254,1,27:20,2024,2025
2024-25,1630592,Jalen Wilson,Jalen,1610612751,BKN,Brooklyn Nets,22401075,2025-03-29T00:00:00,BKN @ WAS,W,23.256666666666668,5,9,0.556,4,7,0.571,6,6,1.0,2,5,7,3,1,0,0,0,1,4,20,-2,31.9,0,0,34.0,1,1,1,1,13509,7242,9700,7248,1130,3100,3506,1180,1898,1,3306,4392,3946,6913,8788,12854,8263,1,6051,2493,3676,14448,6220,2246,150,4638,1,23:15,2024,2025
2024-25,1631213,Tyrese Martin,Tyrese,1610612751,BKN,Brooklyn Nets,22401075,2025-03-29T00:00:00,BKN @ WAS,W,30.633333333333333,7,11,0.636,3,5,0.6,3,4,0.75,2,3,5,4,1,0,0,0,2,2,20,5,31.0,0,0,32.0,1,1,1,1,7181,3730,7071,4689,2458,6354,2992,4159,3754,8186,3306,9417,7268,4780,8788,12854,8263,1,12976,6956,3676,7737,6686,2246,150,5433,1,30:38,2024,2025
2024-25,1641730,Noah Clowney,Noah,1610612751,BKN,Brooklyn Nets,22401075,2025-03-29T00:00:00,BKN @ WAS,W,19.216666666666665,4,12,0.333,3,8,0.375,2,2,1.0,1,4,5,1,0,0,0,2,4,1,13,13,20.5,0,0,22.0,1,1,1,1,16650,9611,5979,17395,2458,2050,8800,6020,7446,1,6876,6429,7268,14293,16469,12854,8263,23925,22904,11254,8426,3250,12748,2246,150,10998,1,19:13,2024,2025
2024-25,1630570,Trendon Watford,Trendon,1610612751,BKN,Brooklyn Nets,22401075,2025-03-29T00:00:00,BKN @ WAS,W,24.03333333333333,3,9,0.333,1,3,0.333,0,0,0.0,0,2,2,1,4,0,2,1,2,1,7,-4,12.9,0,0,15.0,1,1,1,1,12869,12449,9700,17395,8896,11494,9209,13505,14344,13505,14058,13151,16273,14293,877,12854,808,17462,12976,11254,14857,16449,17766,2246,150,15689,1,24:02,2024,2025
2024-25,1630533,Ziaire Williams,Ziaire,1610612751,BKN,Brooklyn Nets,22401075,2025-03-29T00:00:00,BKN @ WAS,W,24.883333333333333,0,5,0.0,0,3,0.0,0,0,0.0,0,3,3,2,1,2,0,0,3,0,0,7,11.6,0,0,9.0,1,1,1,1,12108,22635,16437,22635,15070,11494,15070,13505,14344,13505,14058,9417,12778,9909,8788,1671,8263,1,18916,17725,23200,6330,18658,2246,150,19766,1,24:53,2024,2025
2024-25,1629661,Cameron Johnson,Cameron,1610612751,BKN,Brooklyn Nets,22401075,2025-03-29T00:00:00,BKN @ WAS,W,23.966666666666665,5,10,0.5,1,5,0.2,7,7,1.0,2,7,9,7,1,0,0,0,1,5,18,7,38.3,0,0,35.0,1,1,1,1,12929,7242,8304,8526,8896,6354,13429,752,1377,1,3306,1947,2169,1463,8788,12854,8263,1,6051,1447,4762,6330,3719,2246,150,4250,1,23:58,2024,2025
2024-25,1631166,Drew Timme,Drew,1610612751,BKN,Brooklyn Nets,22401075,2025-03-29T00:00:00,BKN @ WAS,W,28.64333333333333,9,14,0.643,0,3,0.0,1,1,1.0,3,3,6,3,1,0,0,1,2,2,19,-12,29.7,0,0,28.0,1,1,1,1,8991,1688,4240,4607,15070,11494,15070,10215,12810,1,1615,9417,5362,6913,8788,12854,8263,17462,12976,6956,4202,22309,7305,2246,150,7475,1,28:39,2024,2025
2024-25,1641721,Maxwell Lewis,Maxwell,1610612751,BKN,Brooklyn Nets,22401075,2025-03-29T00:00:00,BKN @ WAS,W,17.366666666666667,1,6,0.167,1,4,0.25,0,0,0.0,1,3,4,0,1,0,1,1,3,0,3,-2,9.8,0,0,10.0,1,1,1,1,18025,19033,14618,21938,8896,8688,11902,13505,14344,13505,6876,9417,9701,19908,8788,12854,2537,17462,18916,17725,19913,14448,19853,2246,150,19152,1,17:22,2024,2025
2024-25,1630553,Keon Johnson,Keon,1610612751,BKN,Brooklyn Nets,22401075,2025-03-29T00:00:00,BKN @ WAS,W,30.633333333333333,5,9,0.556,5,7,0.714,0,0,0.0,0,4,4,3,2,0,1,1,4,0,15,5,25.3,0,0,29.0,1,1,1,1,7181,7242,9700,7248,492,3100,1861,13505,14344,13505,14058,6429,9701,6913,4442,12854,2537,17462,22904,17725,6813,7737,9796,2246,150,6953,1,30:38,2024,2025
2024-25,1641727,Dariq Whitehead,Dariq,1610612751,BKN,Brooklyn Nets,22401075,2025-03-29T00:00:00,BKN @ WAS,W,17.366666666666667,0,3,0.0,0,1,0.0,0,0,0.0,1,3,4,1,0,0,0,1,1,0,0,-2,6.3,0,0,5.0,1,1,1,1,18025,22635,19992,22635,15070,17631,15070,13505,14344,13505,6876,9417,9701,14293,16469,12854,8263,17462,6051,17725,23200,14448,21939,2246,150,22358,1,17:22,2024,2025
2024-25,1630623,Tyson Etienne,Tyson,1610612751,BKN,Brooklyn Nets,22401068,2025-03-28T00:00:00,BKN vs. LAC,L,9.85,3,7,0.429,2,5,0.4,0,0,0.0,0,0,0,1,0,0,0,0,2,0,8,0,9.5,0,0,11.0,1,13222,13222,13222,22150,12449,12910,13735,4949,6354,7874,13505,14344,13505,14058,22137,23286,14293,16469,12854,8263,1,12976,17725,13544,12240,20035,2246,150,18464,1,9:51,2024,2025
2024-25,1631166,Drew Timme,Drew,1610612751,BKN,Brooklyn Nets,22401068,2025-03-28T00:00:00,BKN vs. LAC,L,24.9,4,6,0.667,1,3,0.333,2,3,0.667,4,6,10,1,3,0,0,0,1,3,11,-13,21.5,1,0,23.0,1,13222,13222,13222,12089,9611,14618,3281,8896,11494,9209,6020,6038,9425,785,2943,1549,14293,2037,12854,8263,1,6051,4218,10323,22771,12085,1,150,10339,1,24:54,2024,2025
2024-25,1630553,Keon Johnson,Keon,1610612751,BKN,Brooklyn Nets,22401068,2025-03-28T00:00:00,BKN vs. LAC,L,22.73333333333333,5,11,0.455,3,7,0.429,0,0,0.0,0,1,1,2,2,2,0,1,2,0,13,-28,21.2,0,0,23.0,1,13222,13222,13222,13923,7242,7071,12676,2458,3100,7394,13505,14344,13505,14058,17569,19889,9909,4442,1671,8263,17462,12976,17725,8426,26056,12273,2246,150,10339,1,22:44,2024,2025
2024-25,1629651,Nic Claxton,Nic,1610612751,BKN,Brooklyn Nets,22401068,2025-03-28T00:00:00,BKN vs. LAC,L,19.766666666666666,3,7,0.429,0,1,0.0,0,0,0.0,0,5,5,1,2,0,2,0,2,0,6,-18,17.5,0,0,16.0,1,13222,13222,13222,16206,12449,12910,13735,15070,17631,15070,13505,14344,13505,14058,4392,7268,14293,4442,12854,808,1,12976,17725,15937,24566,14759,2246,150,14948,1,19:46,2024,2025
2024-25,1630592,Jalen Wilson,Jalen,1610612751,BKN,Brooklyn Nets,22401068,2025-03-28T00:00:00,BKN vs. LAC,L,27.65,1,10,0.1,0,3,0.0,6,8,0.75,2,5,7,2,0,2,0,2,1,5,8,2,25.4,0,0,21.0,1,13222,13222,13222,9830,19033,8304,22561,15070,11494,15070,1180,912,8186,3306,4392,3946,9909,16469,1671,8263,23925,6051,1447,13544,10285,9733,2246,150,11621,1,27:39,2024,2025
2024-25,1641727,Dariq Whitehead,Dariq,1610612751,BKN,Brooklyn Nets,22401068,2025-03-28T00:00:00,BKN vs. LAC,L,9.7,2,5,0.4,1,4,0.25,0,0,0.0,0,1,1,0,0,0,0,0,1,0,5,-12,6.2,0,0,7.0,1,13222,13222,13222,22215,15612,16437,14933,8896,8688,11902,13505,14344,13505,14058,17569,19889,19908,16469,12854,8263,1,6051,17725,17323,22309,21956,2246,150,21087,1,9:42,2024,2025
2024-25,1626156,D'Angelo Russell,D'Angelo,1610612751,BKN,Brooklyn Nets,22401068,2025-03-28T00:00:00,BKN vs. LAC,L,18.683333333333334,2,7,0.286,1,3,0.333,0,0,0.0,1,1,2,2,1,2,0,0,1,3,5,-21,15.4,0,0,14.0,1,13222,13222,13222,17048,15612,12910,19630,8896,11494,9209,13505,14344,13505,6876,17569,16273,9909,8788,1671,8263,1,6051,4218,17323,25273,16104,2246,150,16370,1,18:41,2024,2025
2024-25,1641736,Reece Beekman,Reece,1610612751,BKN,Brooklyn Nets,22401068,2025-03-28T00:00:00,BKN vs. LAC,L,6.65,0,1,0.0,0,1,0.0,6,6,1.0,0,0,0,1,1,1,0,0,2,3,6,-1,9.5,0,0,9.0,1,13222,13222,13222,23303,22635,23259,22635,15070,17631,15070,1180,1898,1,14058,22137,23286,14293,8788,5025,8263,1,12976,4218,15937,13450,20035,2246,150,19766,1,6:39,2024,2025
2024-25,1630533,Ziaire Williams,Ziaire,1610612751,BKN,Brooklyn Nets,22401068,2025-03-28T00:00:00,BKN vs. LAC,L,18.03333333333333,2,6,0.333,1,5,0.2,1,1,1.0,0,3,3,1,2,0,1,0,4,1,6,-32,12.1,0,0,13.0,1,13222,13222,13222,17542,15612,14618,17395,8896,6354,13429,10215,12810,1,14058,9417,12778,14293,4442,12854,2537,1,22904,11254,15937,26200,18340,2246,150,17050,1,18:02,2024,2025
2024-25,1631213,Tyrese Martin,Tyrese,1610612751,BKN,Brooklyn Nets,22401068,2025-03-28T00:00:00,BKN vs. LAC,L,19.466666666666665,2,7,0.286,2,5,0.4,0,0,0.0,0,4,4,1,0,0,0,1,1,0,6,-11,12.3,0,0,13.0,1,13222,13222,13222,16447,15612,12910,19630,4949,6354,7874,13505,14344,13505,14058,6429,9701,14293,16469,12854,8263,17462,6051,17725,15937,21738,18201,2246,150,17050,1,19:28,2024,2025
2024-25,1629661,Cameron Johnson,Cameron,1610612751,BKN,Brooklyn Nets,22401068,2025-03-28T00:00:00,BKN vs. LAC,L,19.766666666666666,3,8,0.375,1,5,0.2,4,4,1.0,0,0,0,6,1,1,0,0,1,3,11,-18,22.0,0,0,20.0,1,13222,13222,13222,16206,12449,11288,16299,8896,6354,13429,2676,3754,1,14058,22137,23286,2199,8788,5025,8263,1,6051,4218,10323,24566,11755,2246,150,12254,1,19:46,2024,2025
2024-25,1641721,Maxwell Lewis,Maxwell,1610612751,BKN,Brooklyn Nets,22401068,2025-03-28T00:00:00,BKN vs. LAC,L,7.883333333333334,2,3,0.667,1,1,1.0,0,2,0.0,1,1,2,1,0,0,0,0,1,1,5,-2,8.9,0,0,9.0,1,13222,13222,13222,22842,15612,19992,3281,8896,17631,1,13505,7446,13505,6876,17569,16273,14293,16469,12854,8263,1,6051,11254,17323,14448,20412,2246,150,19766,1,7:53,2024,2025
2024-25,1630570,Trendon Watford,Trendon,1610612751,BKN,Brooklyn Nets,22401068,2025-03-28T00:00:00,BKN vs. LAC,L,20.35,3,8,0.375,0,2,0.0,0,0,0.0,1,4,5,5,2,2,0,0,2,1,6,-12,23.5,0,0,20.0,1,13222,13222,13222,15748,12449,11288,16299,15070,14411,15070,13505,14344,13505,6876,6429,7268,3273,4442,1671,8263,1,12976,11254,15937,22309,10865,2246,150,12254,1,20:21,2024,2025
2024-25,1641787,Tosan Evbuomwan,Tosan,1610612751,BKN,Brooklyn Nets,22401068,2025-03-28T00:00:00,BKN vs. LAC,L,14.566666666666666,1,3,0.333,1,2,0.5,1,2,0.5,1,2,3,3,0,0,0,0,0,2,4,6,12.1,0,0,11.0,1,13222,13222,13222,19845,19033,19992,17395,8896,14411,3944,10215,7446,10625,6876,13151,12778,6913,16469,12854,8263,1,1,6956,18599,7002,18340,2246,150,18464,1,14:34,2024,2025
2024-25,1641727,Dariq Whitehead,Dariq,1610612751,BKN,Brooklyn Nets,22401054,2025-03-26T00:00:00,BKN vs. TOR,L,25.28333333333333,3,10,0.3,3,9,0.333,0,0,0.0,0,2,2,1,1,1,0,0,2,1,9,-7,14.9,0,0,17.0,1,13222,13222,13222,11759,12449,8304,19363,2458,1295,9209,13505,14344,13505,14058,13151,16273,14293,8788,5025,8263,1,12976,11254,12445,19141,16417,2246,150,14250,1,25:17,2024,2025
2024-25,1630592,Jalen Wilson,Jalen,1610612751,BKN,Brooklyn Nets,22401054,2025-03-26T00:00:00,BKN vs. TOR,L,26.666666666666668,3,7,0.429,0,2,0.0,4,4,1.0,0,4,4,0,2,0,1,0,3,3,10,-13,15.8,0,0,16.0,1,13222,13222,13222,10590,12449,12910,13735,15070,14411,15070,2676,3754,1,14058,6429,9701,19908,4442,12854,2537,1,18916,4218,11377,22771,15862,2246,150,14948,1,26:40,2024,2025
2024-25,1629651,Nic Claxton,Nic,1610612751,BKN,Brooklyn Nets,22401054,2025-03-26T00:00:00,BKN vs. TOR,L,29.2,10,14,0.714,0,0,0.0,2,4,0.5,6,5,11,1,3,0,5,0,2,7,22,-16,48.7,1,0,44.0,1,13222,13222,13222,8496,1099,4240,2752,15070,20945,15070,6020,3754,10625,185,4392,1106,14293,2037,12854,34,1,12976,426,2824,23938,1376,1,150,1816,1,29:12,2024,2025
2024-25,1641721,Maxwell Lewis,Maxwell,1610612751,BKN,Brooklyn Nets,22401054,2025-03-26T00:00:00,BKN vs. TOR,L,24.316666666666663,2,7,0.286,1,3,0.333,0,0,0.0,2,2,4,1,3,1,0,2,1,0,5,-4,11.3,0,0,13.0,1,13222,13222,13222,12630,15612,12910,19630,8896,11494,9209,13505,14344,13505,3306,13151,9701,14293,2037,5025,8263,23925,6051,17725,17323,16449,18868,2246,150,17050,1,24:19,2024,2025
2024-25,1630570,Trendon Watford,Trendon,1610612751,BKN,Brooklyn Nets,22401054,2025-03-26T00:00:00,BKN vs. TOR,L,26.433333333333334,4,8,0.5,0,1,0.0,1,1,1.0,0,4,4,3,1,0,1,0,2,2,9,-15,20.3,0,0,18.0,1,13222,13222,13222,10788,9611,11288,8526,15070,17631,15070,10215,12810,1,14058,6429,9701,6913,8788,12854,2537,1,12976,6956,12445,23599,12888,2246,150,13589,1,26:26,2024,2025
2024-25,1630553,Keon Johnson,Keon,1610612751,BKN,Brooklyn Nets,22401054,2025-03-26T00:00:00,BKN vs. TOR,L,28.216666666666665,2,10,0.2,0,4,0.0,4,5,0.8,0,2,2,5,1,1,1,0,5,3,8,-24,22.9,0,0,19.0,1,13222,13222,13222,9369,15612,8304,21401,15070,8688,15070,2676,2872,7681,14058,13151,16273,3273,8788,5025,2537,1,25158,4218,13544,25745,11219,2246,150,12913,1,28:13,2024,2025
2024-25,1641730,Noah Clowney,Noah,1610612751,BKN,Brooklyn Nets,22401054,2025-03-26T00:00:00,BKN vs. TOR,L,27.866666666666667,1,9,0.111,1,6,0.167,2,2,1.0,1,4,5,2,4,2,1,1,3,3,5,-22,19.0,0,0,19.0,1,13222,13222,13222,9653,19033,9700,22520,8896,4502,14236,6020,7446,1,6876,6429,7268,9909,877,1671,2537,17462,18916,4218,17323,25445,13770,2246,150,12913,1,27:52,2024,2025
2024-25,1630533,Ziaire Williams,Ziaire,1610612751,BKN,Brooklyn Nets,22401054,2025-03-26T00:00:00,BKN vs. TOR,L,26.9,4,14,0.286,2,9,0.222,3,3,1.0,1,5,6,1,0,1,0,0,1,3,13,-28,24.7,0,0,24.0,1,13222,13222,13222,10417,9611,4240,19630,4949,1295,13288,4159,6038,1,6876,4392,5362,14293,16469,5025,8263,1,6051,4218,8426,26056,10161,2246,150,9719,1,26:54,2024,2025
2024-25,1626156,D'Angelo Russell,D'Angelo,1610612751,BKN,Brooklyn Nets,22401054,2025-03-26T00:00:00,BKN vs. TOR,L,25.116666666666667,2,8,0.25,1,7,0.143,0,0,0.0,0,5,5,2,4,0,0,0,2,0,5,-21,10.0,0,0,13.0,1,13222,13222,13222,11895,15612,11288,20233,8896,3100,14649,13505,14344,13505,14058,4392,7268,9909,877,12854,8263,1,12976,17725,17323,25273,19706,2246,150,17050,1,25:07,2024,2025
2024-25,1631213,Tyrese Martin,Tyrese,1610612751,BKN,Brooklyn Nets,22401040,2025-03-24T00:00:00,BKN vs. DAL,L,25.466666666666665,2,7,0.286,2,4,0.5,0,0,0.0,0,4,4,5,2,1,0,0,0,0,6,-12,19.3,0,0,19.0,1,13222,13222,13222,11613,15612,12910,19630,4949,8688,3944,13505,14344,13505,14058,6429,9701,3273,4442,5025,8263,1,1,17725,15937,22309,13577,2246,150,12913,1,25:28,2024,2025
2024-25,1629651,Nic Claxton,Nic,1610612751,BKN,Brooklyn Nets,22401040,2025-03-24T00:00:00,BKN vs. DAL,L,26.683333333333334,8,11,0.727,2,2,1.0,1,3,0.333,2,5,7,3,1,0,1,0,3,5,19,-11,33.9,0,0,33.0,1,13222,13222,13222,10574,2561,7071,2666,4949,14411,1,10215,6038,13132,3306,4392,3946,6913,8788,12854,2537,1,18916,1447,4202,21738,5341,2246,150,5036,1,26:41,2024,2025
2024-25,1630533,Ziaire Williams,Ziaire,1610612751,BKN,Brooklyn Nets,22401040,2025-03-24T00:00:00,BKN vs. DAL,L,21.9,2,6,0.333,2,5,0.4,0,0,0.0,0,2,2,1,2,1,0,0,0,0,6,-19,10.9,0,0,13.0,1,13222,13222,13222,14579,15612,14618,17395,4949,6354,7874,13505,14344,13505,14058,13151,16273,14293,4442,5025,8263,1,1,17725,15937,24841,19118,2246,150,17050,1,21:54,2024,2025
2024-25,1641721,Maxwell Lewis,Maxwell,1610612751,BKN,Brooklyn Nets,22401040,2025-03-24T00:00:00,BKN vs. DAL,L,14.983333333333333,4,6,0.667,1,2,0.5,0,0,0.0,2,0,2,0,0,0,1,0,1,1,9,-7,14.4,0,0,14.0,1,13222,13222,13222,19573,9611,14618,3281,8896,14411,3944,13505,14344,13505,3306,22137,16273,19908,16469,12854,2537,1,6051,11254,12445,19141,16758,2246,150,16370,1,14:59,2024,2025
2024-25,1641730,Noah Clowney,Noah,1610612751,BKN,Brooklyn Nets,22401040,2025-03-24T00:00:00,BKN vs. DAL,L,22.183333333333334,2,4,0.5,1,3,0.333,1,2,0.5,1,5,6,2,0,0,0,0,1,1,6,-3,16.2,0,0,15.0,1,13222,13222,13222,14357,15612,18231,8526,8896,11494,9209,10215,7446,10625,6876,4392,5362,9909,16469,12854,8263,1,6051,11254,15937,15511,15608,2246,150,15689,1,22:11,2024,2025
2024-25,1630553,Keon Johnson,Keon,1610612751,BKN,Brooklyn Nets,22401040,2025-03-24T00:00:00,BKN vs. DAL,L,28.55,3,7,0.429,0,2,0.0,2,2,1.0,1,3,4,3,3,1,0,0,3,2,8,-12,17.3,0,0,17.0,1,13222,13222,13222,9073,12449,12910,13735,15070,14411,15070,6020,7446,1,6876,9417,9701,6913,2037,5025,8263,1,18916,6956,13544,22309,14888,2246,150,14250,1,28:33,2024,2025
2024-25,1629661,Cameron Johnson,Cameron,1610612751,BKN,Brooklyn Nets,22401040,2025-03-24T00:00:00,BKN vs. DAL,L,30.15,6,13,0.462,1,7,0.143,4,4,1.0,1,1,2,8,6,0,0,0,0,3,17,-9,25.4,0,0,28.0,1,13222,13222,13222,7634,5250,5079,12428,8896,3100,14649,2676,3754,1,6876,17569,16273,963,150,12854,8263,1,1,4218,5360,20535,9733,2246,150,7475,1,30:09,2024,2025
2024-25,1630570,Trendon Watford,Trendon,1610612751,BKN,Brooklyn Nets,22401040,2025-03-24T00:00:00,BKN vs. DAL,L,28.0,5,9,0.556,1,3,0.333,1,2,0.5,0,1,1,4,2,0,0,0,2,1,12,-6,17.2,0,0,18.0,1,13222,13222,13222,9543,7242,9700,7248,8896,11494,9209,10215,7446,10625,14058,17569,19889,4780,4442,12854,8263,1,12976,11254,9299,18298,14950,2246,150,13589,1,28:00,2024,2025
2024-25,1630592,Jalen Wilson,Jalen,1610612751,BKN,Brooklyn Nets,22401040,2025-03-24T00:00:00,BKN vs. DAL,L,17.85,3,7,0.429,1,3,0.333,1,1,1.0,0,2,2,0,1,0,0,1,3,1,8,-10,9.4,0,0,11.0,1,13222,13222,13222,17663,12449,12910,13735,8896,11494,9209,10215,12810,1,14058,13151,16273,19908,8788,12854,8263,17462,18916,11254,13544,21147,20083,2246,150,18464,1,17:51,2024,2025
2024-25,1630549,Day'Ron Sharpe,Day'Ron,1610612751,BKN,Brooklyn Nets,22401040,2025-03-24T00:00:00,BKN vs. DAL,L,24.23333333333333,5,8,0.625,0,2,0.0,0,0,0.0,2,5,7,4,1,4,0,0,2,1,10,-6,35.4,0,0,29.0,1,13222,13222,13222,12695,7242,11288,4899,15070,14411,15070,13505,14344,13505,3306,4392,3946,4780,8788,123,8263,1,12976,11254,11377,18298,4734,2246,150,6953,1,24:14,2024,2025
2024-25,1630570,Trendon Watford,Trendon,1610612751,BKN,Brooklyn Nets,22401024,2025-03-22T00:00:00,BKN @ IND,L,30.095,9,14,0.643,2,4,0.5,6,10,0.6,2,3,5,1,1,1,0,0,0,6,26,-3,35.5,0,0,36.0,1,13222,13222,13222,7701,1688,4240,4607,4949,8688,3944,1180,423,10343,3306,9417,7268,14293,8788,5025,8263,1,1,792,1579,15511,4709,2246,150,3901,1,30:06,2024,2025
2024-25,1629661,Cameron Johnson,Cameron,1610612751,BKN,Brooklyn Nets,22401024,2025-03-22T00:00:00,BKN @ IND,L,36.95,8,17,0.471,3,7,0.429,1,1,1.0,1,8,9,5,2,1,0,1,2,4,20,-5,39.3,0,0,39.0,1,13222,13222,13222,2019,2561,2289,12143,2458,3100,7394,10215,12810,1,6876,1271,2169,3273,4442,5025,8263,17462,12976,2493,3676,17436,3415,2246,150,2984,1,36:57,2024,2025
2024-25,1629651,Nic Claxton,Nic,1610612751,BKN,Brooklyn Nets,22401024,2025-03-22T00:00:00,BKN @ IND,L,31.716666666666665,4,9,0.444,0,0,0.0,1,2,0.5,5,5,10,4,3,0,0,2,3,2,9,-6,24.0,0,0,23.0,1,13222,13222,13222,6220,9611,9700,13045,15070,20945,15070,10215,7446,10625,389,4392,1549,4780,2037,12854,8263,23925,18916,6956,12445,18298,10563,2246,150,10339,1,31:43,2024,2025
2024-25,1630549,Day'Ron Sharpe,Day'Ron,1610612751,BKN,Brooklyn Nets,22401024,2025-03-22T00:00:00,BKN @ IND,L,16.583333333333332,1,3,0.333,0,1,0.0,0,0,0.0,0,3,3,2,1,0,0,0,1,1,2,0,7.6,0,0,7.0,1,13222,13222,13222,18538,19033,19992,17395,15070,17631,15070,13505,14344,13505,14058,9417,12778,9909,8788,12854,8263,1,6051,11254,21232,12240,21158,2246,150,21087,1,16:35,2024,2025
2024-25,1630592,Jalen Wilson,Jalen,1610612751,BKN,Brooklyn Nets,22401024,2025-03-22T00:00:00,BKN @ IND,L,22.955,5,12,0.417,3,9,0.333,0,0,0.0,0,6,6,0,0,0,0,0,2,2,13,-7,20.2,0,0,22.0,1,13222,13222,13222,13751,7242,5979,14532,2458,1295,9209,13505,14344,13505,14058,2943,5362,19908,16469,12854,8263,1,12976,6956,8426,19141,12950,2246,150,10998,1,22:57,2024,2025
2024-25,1641730,Noah Clowney,Noah,1610612751,BKN,Brooklyn Nets,22401024,2025-03-22T00:00:00,BKN @ IND,L,25.5,2,10,0.2,1,6,0.167,0,0,0.0,1,4,5,1,2,0,0,1,3,3,5,1,10.5,0,0,12.0,1,13222,13222,13222,11588,15612,8304,21401,8896,4502,14236,13505,14344,13505,6876,6429,7268,14293,4442,12854,8263,17462,18916,4218,17323,11263,19388,2246,150,17796,1,25:30,2024,2025
2024-25,1631213,Tyrese Martin,Tyrese,1610612751,BKN,Brooklyn Nets,22401024,2025-03-22T00:00:00,BKN @ IND,L,28.383333333333333,3,7,0.429,3,6,0.5,0,0,0.0,1,3,4,5,1,0,0,1,5,2,9,-7,20.3,0,0,21.0,1,13222,13222,13222,9227,12449,12910,13735,2458,4502,3944,13505,14344,13505,6876,9417,9701,3273,8788,12854,8263,17462,25158,6956,12445,19141,12888,2246,150,11621,1,28:23,2024,2025
2024-25,1641721,Maxwell Lewis,Maxwell,1610612751,BKN,Brooklyn Nets,22401024,2025-03-22T00:00:00,BKN @ IND,L,15.15,0,4,0.0,0,2,0.0,2,2,1.0,1,1,2,1,0,1,1,0,1,2,2,-3,11.9,0,0,9.0,1,13222,13222,13222,19468,22635,18231,22635,15070,14411,15070,6020,7446,1,6876,17569,16273,14293,16469,5025,2537,1,6051,6956,21232,15511,18455,2246,150,19766,1,15:09,2024,2025
2024-25,1630553,Keon Johnson,Keon,1610612751,BKN,Brooklyn Nets,22401024,2025-03-22T00:00:00,BKN @ IND,L,32.666666666666664,7,14,0.5,3,8,0.375,0,2,0.0,0,4,4,1,4,3,0,1,3,2,17,5,28.3,0,0,31.0,1,13222,13222,13222,5424,3730,4240,8526,2458,2050,8800,13505,7446,13505,14058,6429,9701,14293,877,473,8263,17462,18916,6956,5360,7737,8055,2246,150,5932,1,32:40,2024,2025
2024-25,1630592,Jalen Wilson,Jalen,1610612751,BKN,Brooklyn Nets,22401011,2025-03-20T00:00:00,BKN @ IND,L,19.25,0,4,0.0,0,3,0.0,0,0,0.0,0,1,1,0,1,0,0,0,1,0,0,-5,0.2,0,0,1.0,1,13222,13222,13222,16627,22635,18231,22635,15070,11494,15070,13505,14344,13505,14058,17569,19889,19908,8788,12854,8263,1,6051,17725,23200,17436,25158,2246,150,24667,1,19:15,2024,2025
2024-25,1630570,Trendon Watford,Trendon,1610612751,BKN,Brooklyn Nets,22401011,2025-03-20T00:00:00,BKN @ IND,L,26.55,6,11,0.545,1,1,1.0,2,4,0.5,1,4,5,2,1,1,0,2,2,4,15,8,26.0,0,0,25.0,1,13222,13222,13222,10687,5250,7071,7695,8896,17631,1,6020,3754,10625,6876,6429,7268,9909,8788,5025,8263,23925,12976,2493,6813,5660,9390,2246,150,9137,1,26:33,2024,2025
2024-25,1630533,Ziaire Williams,Ziaire,1610612751,BKN,Brooklyn Nets,22401011,2025-03-20T00:00:00,BKN @ IND,L,34.65,8,15,0.533,6,12,0.5,0,1,0.0,0,5,5,1,2,2,0,0,1,3,22,-5,33.5,0,0,38.0,1,13222,13222,13222,3736,2561,3491,8140,202,299,3944,13505,12810,13505,14058,4392,7268,14293,4442,1671,8263,1,6051,4218,2824,17436,5492,2246,150,3270,1,34:39,2024,2025
2024-25,1641721,Maxwell Lewis,Maxwell,1610612751,BKN,Brooklyn Nets,22401011,2025-03-20T00:00:00,BKN @ IND,L,21.85,3,6,0.5,2,2,1.0,0,0,0.0,1,1,2,2,0,1,0,1,0,0,8,6,16.4,0,0,16.0,1,13222,13222,13222,14613,12449,14618,8526,4949,14411,1,13505,14344,13505,6876,17569,16273,9909,16469,5025,8263,17462,1,17725,13544,7002,15467,2246,150,14948,1,21:51,2024,2025
2024-25,1630553,Keon Johnson,Keon,1610612751,BKN,Brooklyn Nets,22401011,2025-03-20T00:00:00,BKN @ IND,L,27.433333333333334,2,12,0.167,1,6,0.167,1,2,0.5,1,2,3,2,0,2,0,3,5,2,6,-14,18.6,0,0,16.0,1,13222,13222,13222,9990,15612,5979,21938,8896,4502,14236,10215,7446,10625,6876,13151,12778,9909,16469,1671,8263,25707,25158,6956,15937,23203,14008,2246,150,14948,1,27:26,2024,2025
2024-25,1631213,Tyrese Martin,Tyrese,1610612751,BKN,Brooklyn Nets,22401011,2025-03-20T00:00:00,BKN @ IND,L,30.9,1,8,0.125,0,5,0.0,2,2,1.0,0,4,4,4,3,2,0,1,3,1,4,-11,17.8,0,0,16.0,1,13222,13222,13222,6960,19033,11288,22420,15070,6354,15070,6020,7446,1,14058,6429,9701,4780,2037,1671,8263,17462,18916,11254,18599,21738,14543,2246,150,14948,1,30:54,2024,2025
2024-25,1630549,Day'Ron Sharpe,Day'Ron,1610612751,BKN,Brooklyn Nets,22401011,2025-03-20T00:00:00,BKN @ IND,L,22.5,3,8,0.375,0,2,0.0,0,0,0.0,4,5,9,2,1,0,2,1,0,0,6,6,24.8,0,0,21.0,1,13222,13222,13222,14100,12449,11288,16299,15070,14411,15070,13505,14344,13505,785,4392,2169,9909,8788,12854,808,17462,1,17725,15937,7002,10102,2246,150,11621,1,22:30,2024,2025
2024-25,1641730,Noah Clowney,Noah,1610612751,BKN,Brooklyn Nets,22401011,2025-03-20T00:00:00,BKN @ IND,L,19.0,3,10,0.3,1,7,0.143,3,3,1.0,1,2,3,1,2,1,0,0,5,4,10,-1,16.1,0,0,17.0,1,13222,13222,13222,16826,12449,8304,19363,8896,3100,14649,4159,6038,1,6876,13151,12778,14293,4442,5025,8263,1,25158,2493,11377,13450,15681,2246,150,14250,1,19:00,2024,2025
2024-25,1626156,D'Angelo Russell,D'Angelo,1610612751,BKN,Brooklyn Nets,22401011,2025-03-20T00:00:00,BKN @ IND,L,32.36666666666667,7,22,0.318,3,12,0.25,5,6,0.833,0,1,1,6,1,1,0,0,4,6,22,-2,34.2,0,0,34.0,1,13222,13222,13222,5670,3730,626,19142,2458,299,11902,1817,1898,7275,14058,17569,19889,2199,8788,5025,8263,1,22904,792,2824,14448,5198,2246,150,4638,1,32:22,2024,2025
2024-25,1629651,Nic Claxton,Nic,1610612751,BKN,Brooklyn Nets,22401011,2025-03-20T00:00:00,BKN @ IND,L,30.5,3,5,0.6,0,0,0.0,0,0,0.0,6,8,14,0,5,1,2,0,3,1,6,-12,26.8,0,0,26.0,1,13222,13222,13222,7321,12449,16437,5394,15070,20945,15070,13505,14344,13505,185,1271,349,19908,387,5025,808,1,18916,11254,15937,22309,8917,2246,150,8551,1,30:30,2024,2025
2024-25,1630592,Jalen Wilson,Jalen,1610612751,BKN,Brooklyn Nets,22400994,2025-03-18T00:00:00,BKN @ BOS,L,7.116666666666666,0,3,0.0,0,3,0.0,0,0,0.0,0,0,0,0,0,0,0,0,0,0,0,-2,0.0,0,0,0.0,1,13222,13222,13222,23127,22635,19992,22635,15070,11494,15070,13505,14344,13505,14058,22137,23286,19908,16469,12854,8263,1,1,17725,23200,14448,25228,2246,150,25259,1,7:07,2024,2025
2024-25,1630549,Day'Ron Sharpe,Day'Ron,1610612751,BKN,Brooklyn Nets,22400994,2025-03-18T00:00:00,BKN @ BOS,L,19.3,4,6,0.667,1,1,1.0,0,0,0.0,4,3,7,1,2,0,1,0,0,1,9,2,19.9,0,0,20.0,1,13222,13222,13222,16572,9611,14618,3281,8896,17631,1,13505,14344,13505,785,9417,3946,14293,4442,12854,2537,1,1,11254,12445,10285,13170,2246,150,12254,1,19:18,2024,2025
2024-25,1641721,Maxwell Lewis,Maxwell,1610612751,BKN,Brooklyn Nets,22400994,2025-03-18T00:00:00,BKN @ BOS,L,19.3,1,4,0.25,0,2,0.0,1,2,0.5,0,4,4,0,0,1,0,0,1,1,3,2,10.8,0,0,9.0,1,13222,13222,13222,16572,19033,18231,20233,15070,14411,15070,10215,7446,10625,14058,6429,9701,19908,16469,5025,8263,1,6051,11254,19913,10285,19193,2246,150,19766,1,19:18,2024,2025
2024-25,1630570,Trendon Watford,Trendon,1610612751,BKN,Brooklyn Nets,22400994,2025-03-18T00:00:00,BKN @ BOS,L,19.9,5,9,0.556,0,2,0.0,1,3,0.333,0,0,0,4,2,1,0,0,3,2,11,-3,18.0,0,0,17.0,1,13222,13222,13222,16094,7242,9700,7248,15070,14411,15070,10215,6038,13132,14058,22137,23286,4780,4442,5025,8263,1,18916,6956,10323,15511,14409,2246,150,14250,1,19:54,2024,2025
2024-25,1641730,Noah Clowney,Noah,1610612751,BKN,Brooklyn Nets,22400994,2025-03-18T00:00:00,BKN @ BOS,L,17.833333333333332,0,5,0.0,0,3,0.0,1,2,0.5,0,2,2,1,0,0,0,0,0,2,1,4,4.9,0,0,4.0,1,13222,13222,13222,17681,22635,16437,22635,15070,11494,15070,10215,7446,10625,14058,13151,16273,14293,16469,12854,8263,1,1,6956,22996,8479,22806,2246,150,22929,1,17:50,2024,2025
2024-25,1629651,Nic Claxton,Nic,1610612751,BKN,Brooklyn Nets,22400994,2025-03-18T00:00:00,BKN @ BOS,L,28.7,3,6,0.5,0,0,0.0,0,0,0.0,1,8,9,2,0,0,0,1,1,0,6,-10,19.8,0,0,17.0,1,13222,13222,13222,8920,12449,14618,8526,15070,20945,15070,13505,14344,13505,6876,1271,2169,9909,16469,12854,8263,17462,6051,17725,15937,21147,13241,2246,150,14250,1,28:42,2024,2025
2024-25,1631213,Tyrese Martin,Tyrese,1610612751,BKN,Brooklyn Nets,22400994,2025-03-18T00:00:00,BKN @ BOS,L,19.3,3,5,0.6,1,3,0.333,2,2,1.0,0,3,3,1,0,1,0,0,2,2,9,2,17.1,0,0,16.0,1,13222,13222,13222,16572,12449,16437,5394,8896,11494,9209,6020,7446,1,14058,9417,12778,14293,16469,5025,8263,1,12976,6956,12445,10285,15010,2246,150,14948,1,19:18,2024,2025
2024-25,1630553,Keon Johnson,Keon,1610612751,BKN,Brooklyn Nets,22400994,2025-03-18T00:00:00,BKN @ BOS,L,23.05,5,12,0.417,3,6,0.5,0,0,0.0,0,3,3,1,1,2,0,3,4,0,13,-10,23.1,0,0,24.0,1,13222,13222,13222,13682,7242,5979,14532,2458,4502,3944,13505,14344,13505,14058,9417,12778,14293,8788,1671,8263,25707,22904,17725,8426,21147,11107,2246,150,9719,1,23:03,2024,2025
2024-25,1629661,Cameron Johnson,Cameron,1610612751,BKN,Brooklyn Nets,22400994,2025-03-18T00:00:00,BKN @ BOS,L,28.7,4,9,0.444,1,5,0.2,2,3,0.667,1,1,2,4,0,2,1,0,2,1,11,-10,28.4,0,0,24.0,1,13222,13222,13222,8920,9611,9700,13045,8896,6354,13429,6020,6038,9425,6876,17569,16273,4780,16469,1671,2537,1,12976,11254,10323,21147,7990,2246,150,9719,1,28:42,2024,2025
2024-25,1630533,Ziaire Williams,Ziaire,1610612751,BKN,Brooklyn Nets,22400994,2025-03-18T00:00:00,BKN @ BOS,L,28.1,5,11,0.455,3,7,0.429,2,2,1.0,1,3,4,0,1,1,0,0,5,3,15,-5,21.8,0,0,24.0,1,13222,13222,13222,9459,7242,7071,12676,2458,3100,7394,6020,7446,1,6876,9417,9701,19908,8788,5025,8263,1,25158,4218,6813,17436,11881,2246,150,9719,1,28:06,2024,2025
2024-25,1626156,D'Angelo Russell,D'Angelo,1610612751,BKN,Brooklyn Nets,22400994,2025-03-18T00:00:00,BKN @ BOS,L,28.7,6,18,0.333,4,13,0.308,2,3,0.667,1,4,5,7,2,1,0,1,1,2,18,-10,35.5,0,0,36.0,1,13222,13222,13222,8920,5250,1822,17395,1130,166,11292,6020,6038,9425,6876,6429,7268,1463,4442,5025,8263,17462,6051,6956,4762,21147,4709,2246,150,3901,1,28:42,2024,2025
2024-25,1641736,Reece Beekman,Reece,1610612751,BKN,Brooklyn Nets,22400978,2025-03-16T00:00:00,BKN vs. ATL,W,15.016666666666667,2,2,1.0,1,1,1.0,0,0,0.0,2,1,3,1,0,0,0,0,1,0,5,0,10.1,0,0,10.0,1,1,1,1,19551,15612,21660,1,8896,17631,1,13505,14344,13505,3306,17569,12778,14293,16469,12854,8263,1,6051,17725,17323,12240,19649,2246,150,19152,1,15:01,2024,2025
2024-25,1630592,Jalen Wilson,Jalen,1610612751,BKN,Brooklyn Nets,22400978,2025-03-16T00:00:00,BKN vs. ATL,W,30.2,5,11,0.455,2,4,0.5,1,1,1.0,3,1,4,6,0,0,0,1,1,1,13,-6,26.8,0,0,25.0,1,1,1,1,7586,7242,7071,12676,4949,8688,3944,10215,12810,1,1615,17569,9701,2199,16469,12854,8263,17462,6051,11254,8426,18298,8917,2246,150,9137,1,30:12,2024,2025
2024-25,1630553,Keon Johnson,Keon,1610612751,BKN,Brooklyn Nets,22400978,2025-03-16T00:00:00,BKN vs. ATL,W,28.883333333333333,8,20,0.4,4,9,0.444,2,2,1.0,3,5,8,5,3,1,1,4,4,1,22,3,42.1,0,0,43.0,1,1,1,1,8775,2561,1105,14933,1130,1295,7211,6020,7446,1,1615,4392,2934,3273,2037,5025,2537,26177,22904,11254,2824,9394,2685,2246,150,2014,1,28:53,2024,2025
2024-25,1629661,Cameron Johnson,Cameron,1610612751,BKN,Brooklyn Nets,22400978,2025-03-16T00:00:00,BKN vs. ATL,W,35.85,7,16,0.438,4,8,0.5,10,10,1.0,0,4,4,7,3,0,0,2,2,7,28,3,40.3,0,0,43.0,1,1,1,1,2786,3730,2836,13558,1130,2050,3944,183,423,1,14058,6429,9701,1463,2037,12854,8263,23925,12976,426,1156,9394,3140,2246,150,2014,1,35:51,2024,2025
2024-25,1631213,Tyrese Martin,Tyrese,1610612751,BKN,Brooklyn Nets,22400978,2025-03-16T00:00:00,BKN vs. ATL,W,32.983333333333334,6,13,0.462,3,7,0.429,1,2,0.5,1,5,6,3,2,1,0,2,3,2,16,8,28.7,0,0,30.0,1,1,1,1,5158,5250,5079,12428,2458,3100,7394,10215,7446,10625,6876,4392,5362,6913,4442,5025,8263,23925,18916,6956,6070,5660,7835,2246,150,6431,1,32:59,2024,2025
2024-25,1641721,Maxwell Lewis,Maxwell,1610612751,BKN,Brooklyn Nets,22400978,2025-03-16T00:00:00,BKN vs. ATL,W,22.383333333333333,4,7,0.571,2,4,0.5,0,0,0.0,0,1,1,2,1,2,0,0,1,0,10,17,19.2,0,0,19.0,1,1,1,1,14203,9611,12910,6538,4949,8688,3944,13505,14344,13505,14058,17569,19889,9909,8788,1671,8263,1,6051,17725,11377,1948,13638,2246,150,12913,1,22:23,2024,2025
2024-25,1630570,Trendon Watford,Trendon,1610612751,BKN,Brooklyn Nets,22400978,2025-03-16T00:00:00,BKN vs. ATL,W,26.683333333333334,4,8,0.5,1,2,0.5,4,4,1.0,0,1,1,5,4,1,1,2,2,3,13,7,23.7,0,0,24.0,1,1,1,1,10574,9611,11288,8526,8896,14411,3944,2676,3754,1,14058,17569,19889,3273,877,5025,2537,23925,12976,4218,8426,6330,10748,2246,150,9719,1,26:41,2024,2025
2024-25,1629651,Nic Claxton,Nic,1610612751,BKN,Brooklyn Nets,22400978,2025-03-16T00:00:00,BKN vs. ATL,W,30.05,3,6,0.5,0,0,0.0,1,4,0.25,3,3,6,2,1,2,1,0,2,2,7,-12,25.2,0,0,21.0,1,1,1,1,7740,12449,14618,8526,15070,20945,15070,10215,3754,13358,1615,9417,5362,9909,8788,1671,2537,1,12976,6956,14857,22309,9847,2246,150,11621,1,30:03,2024,2025
2024-25,1630549,Day'Ron Sharpe,Day'Ron,1610612751,BKN,Brooklyn Nets,22400978,2025-03-16T00:00:00,BKN vs. ATL,W,17.95,4,7,0.571,0,0,0.0,0,0,0.0,0,7,7,2,1,0,2,0,2,1,8,20,24.4,0,0,21.0,1,1,1,1,17593,9611,12910,6538,15070,20945,15070,13505,14344,13505,14058,1947,3946,9909,8788,12854,808,1,12976,11254,13544,1243,10331,2246,150,11621,1,17:57,2024,2025
2024-25,1630549,Day'Ron Sharpe,Day'Ron,1610612751,BKN,Brooklyn Nets,22400968,2025-03-15T00:00:00,BKN vs. BOS,L,30.55,4,10,0.4,0,0,0.0,1,2,0.5,10,6,16,5,0,0,0,2,5,2,9,-8,35.7,0,0,30.0,1,13222,13222,13222,7274,9611,8304,14933,15070,20945,15070,10215,7446,10625,6,2943,145,3273,16469,12854,8263,23925,25158,6956,12445,19855,4618,2246,150,6431,1,30:33,2024,2025
2024-25,1630592,Jalen Wilson,Jalen,1610612751,BKN,Brooklyn Nets,22400968,2025-03-15T00:00:00,BKN vs. BOS,L,24.511666666666667,5,11,0.455,4,8,0.5,1,2,0.5,0,0,0,1,1,0,0,0,1,1,15,-19,15.5,0,0,20.0,1,13222,13222,13222,12469,7242,7071,12676,1130,2050,3944,10215,7446,10625,14058,22137,23286,14293,8788,12854,8263,1,6051,11254,6813,24841,16036,2246,150,12254,1,24:31,2024,2025
2024-25,1629661,Cameron Johnson,Cameron,1610612751,BKN,Brooklyn Nets,22400968,2025-03-15T00:00:00,BKN vs. BOS,L,35.25,9,19,0.474,2,8,0.25,3,3,1.0,3,7,10,6,4,0,1,1,1,3,23,-7,43.0,1,0,43.0,1,13222,13222,13222,3274,1688,1432,12072,4949,2050,11902,4159,6038,1,1615,1947,1549,2199,877,12854,2537,17462,6051,4218,2434,19141,2476,1,150,2014,1,35:15,2024,2025
2024-25,1630553,Keon Johnson,Keon,1610612751,BKN,Brooklyn Nets,22400968,2025-03-15T00:00:00,BKN vs. BOS,L,30.6,8,15,0.533,5,9,0.556,0,0,0.0,1,5,6,2,0,1,0,1,2,0,21,4,34.2,0,0,36.0,1,13222,13222,13222,7219,2561,3491,8140,492,1295,3747,13505,14344,13505,6876,4392,5362,9909,16469,5025,8263,17462,12976,17725,3254,8479,5198,2246,150,3901,1,30:36,2024,2025
2024-25,1641736,Reece Beekman,Reece,1610612751,BKN,Brooklyn Nets,22400968,2025-03-15T00:00:00,BKN vs. BOS,L,18.611666666666668,0,5,0.0,0,1,0.0,0,0,0.0,1,1,2,3,0,0,0,1,1,1,0,2,6.9,0,0,5.0,1,13222,13222,13222,17103,22635,16437,22635,15070,17631,15070,13505,14344,13505,6876,17569,16273,6913,16469,12854,8263,17462,6051,11254,23200,10285,21599,2246,150,22358,1,18:37,2024,2025
2024-25,1630533,Ziaire Williams,Ziaire,1610612751,BKN,Brooklyn Nets,22400968,2025-03-15T00:00:00,BKN vs. BOS,L,34.63333333333333,5,9,0.556,4,7,0.571,0,0,0.0,1,4,5,2,3,1,1,1,1,2,14,15,26.0,0,0,29.0,1,13222,13222,13222,3749,7242,9700,7248,1130,3100,3506,13505,14344,13505,6876,6429,7268,9909,2037,5025,2537,17462,6051,6956,7553,2549,9390,2246,150,6953,1,34:38,2024,2025
2024-25,1641721,Maxwell Lewis,Maxwell,1610612751,BKN,Brooklyn Nets,22400968,2025-03-15T00:00:00,BKN vs. BOS,L,16.005,6,7,0.857,3,3,1.0,0,0,0.0,1,1,2,1,0,0,1,1,5,0,15,11,21.9,0,0,23.0,1,13222,13222,13222,18928,5250,12910,1412,2458,11494,1,13505,14344,13505,6876,17569,16273,14293,16469,12854,2537,17462,25158,17725,6813,4119,11822,2246,150,10339,1,16:00,2024,2025
2024-25,1631213,Tyrese Martin,Tyrese,1610612751,BKN,Brooklyn Nets,22400968,2025-03-15T00:00:00,BKN vs. BOS,L,22.616666666666667,2,6,0.333,1,5,0.2,0,0,0.0,0,1,1,6,0,1,0,0,2,0,5,-6,18.2,0,0,15.0,1,13222,13222,13222,14015,15612,14618,17395,8896,6354,13429,13505,14344,13505,14058,17569,19889,2199,16469,5025,8263,1,12976,17725,17323,18298,14270,2246,150,15689,1,22:37,2024,2025
2024-25,1626156,D'Angelo Russell,D'Angelo,1610612751,BKN,Brooklyn Nets,22400968,2025-03-15T00:00:00,BKN vs. BOS,L,27.221666666666668,3,8,0.375,1,5,0.2,4,6,0.667,1,2,3,8,1,1,0,0,3,5,11,-2,28.6,0,0,25.0,1,13222,13222,13222,10174,12449,11288,16299,8896,6354,13429,2676,1898,9425,6876,13151,12778,963,8788,5025,8263,1,18916,1447,10323,14448,7879,2246,150,9137,1,27:13,2024,2025
2024-25,1629651,Nic Claxton,Nic,1610612751,BKN,Brooklyn Nets,22400956,2025-03-13T00:00:00,BKN @ CHI,L,33.666666666666664,8,13,0.615,0,0,0.0,2,4,0.5,3,11,14,5,0,1,0,0,5,5,18,-3,45.3,1,0,39.0,1,13222,13222,13222,4576,2561,5079,5246,15070,20945,15070,6020,3754,10625,1615,283,349,3273,16469,5025,8263,1,25158,1447,4762,15511,1948,1,150,2984,1,33:40,2024,2025
2024-25,1629661,Cameron Johnson,Cameron,1610612751,BKN,Brooklyn Nets,22400956,2025-03-13T00:00:00,BKN @ CHI,L,35.19,7,12,0.583,2,4,0.5,0,0,0.0,1,5,6,1,1,3,1,0,3,0,16,-5,35.7,0,0,33.0,1,13222,13222,13222,3323,3730,5979,6296,4949,8688,3944,13505,14344,13505,6876,4392,5362,14293,8788,473,2537,1,18916,17725,6070,17436,4618,2246,150,5036,1,35:11,2024,2025
2024-25,1630570,Trendon Watford,Trendon,1610612751,BKN,Brooklyn Nets,22400956,2025-03-13T00:00:00,BKN @ CHI,L,18.166666666666668,1,7,0.143,0,2,0.0,5,6,0.833,1,2,3,3,0,0,0,1,2,3,7,-6,15.1,0,0,13.0,1,13222,13222,13222,17460,19033,12910,22260,15070,14411,15070,1817,1898,7275,6876,13151,12778,6913,16469,12854,8263,17462,12976,4218,14857,18298,16302,2246,150,17050,1,18:10,2024,2025
2024-25,1626156,D'Angelo Russell,D'Angelo,1610612751,BKN,Brooklyn Nets,22400956,2025-03-13T00:00:00,BKN @ CHI,L,24.92333333333333,2,9,0.222,0,6,0.0,0,0,0.0,0,3,3,4,2,0,1,0,6,0,4,-6,14.6,0,0,13.0,1,13222,13222,13222,12081,15612,9700,21205,15070,4502,15070,13505,14344,13505,14058,9417,12778,4780,4442,12854,2537,1,26091,17725,18599,18298,16628,2246,150,17050,1,24:55,2024,2025
2024-25,1630549,Day'Ron Sharpe,Day'Ron,1610612751,BKN,Brooklyn Nets,22400956,2025-03-13T00:00:00,BKN @ CHI,L,14.333333333333334,3,5,0.6,0,0,0.0,1,2,0.5,3,3,6,3,0,1,2,1,2,2,7,-3,27.7,0,0,22.0,1,13222,13222,13222,19991,12449,16437,5394,15070,20945,15070,10215,7446,10625,1615,9417,5362,6913,16469,5025,808,17462,12976,6956,14857,15511,8387,2246,150,10998,1,14:20,2024,2025
2024-25,1630592,Jalen Wilson,Jalen,1610612751,BKN,Brooklyn Nets,22400956,2025-03-13T00:00:00,BKN @ CHI,L,12.81,1,3,0.333,0,1,0.0,0,0,0.0,0,2,2,0,2,0,0,0,1,0,2,-1,2.4,0,0,4.0,1,13222,13222,13222,20836,19033,19992,17395,15070,17631,15070,13505,14344,13505,14058,13151,16273,19908,4442,12854,8263,1,6051,17725,21232,13450,24155,2246,150,22929,1,12:49,2024,2025
2024-25,1631213,Tyrese Martin,Tyrese,1610612751,BKN,Brooklyn Nets,22400956,2025-03-13T00:00:00,BKN @ CHI,L,22.226666666666667,7,13,0.538,5,8,0.625,0,0,0.0,2,2,4,3,0,0,0,0,2,0,19,2,28.3,0,0,31.0,1,13222,13222,13222,14334,3730,5079,7978,492,2050,2868,13505,14344,13505,3306,13151,9701,6913,16469,12854,8263,1,12976,17725,4202,10285,8055,2246,150,5932,1,22:14,2024,2025
2024-25,1630553,Keon Johnson,Keon,1610612751,BKN,Brooklyn Nets,22400956,2025-03-13T00:00:00,BKN @ CHI,L,16.36,1,4,0.25,0,2,0.0,0,0,0.0,1,1,2,2,0,0,2,1,3,1,2,-3,13.4,0,0,10.0,1,13222,13222,13222,18689,19033,18231,20233,15070,14411,15070,13505,14344,13505,6876,17569,16273,9909,16469,12854,808,17462,18916,11254,21232,15511,17421,2246,150,19152,1,16:22,2024,2025
2024-25,1630533,Ziaire Williams,Ziaire,1610612751,BKN,Brooklyn Nets,22400956,2025-03-13T00:00:00,BKN @ CHI,L,29.83333333333333,5,7,0.714,1,2,0.5,0,0,0.0,1,3,4,1,1,0,0,1,0,1,11,0,16.3,0,0,17.0,1,13222,13222,13222,7938,7242,12910,2752,8896,14411,3944,13505,14344,13505,6876,9417,9701,14293,8788,12854,8263,17462,1,11254,10323,12240,15551,2246,150,14250,1,29:50,2024,2025
2024-25,1630560,Cam Thomas,Cam,1610612751,BKN,Brooklyn Nets,22400956,2025-03-13T00:00:00,BKN @ CHI,L,32.49,8,23,0.348,3,9,0.333,5,6,0.833,3,3,6,10,3,1,1,0,2,4,24,-5,49.2,1,0,47.0,1,13222,13222,13222,5563,2561,455,17377,2458,1295,9209,1817,1898,7275,1615,9417,5362,386,2037,5025,2537,1,12976,2493,2129,17436,1293,1,150,1314,1,32:29,2024,2025
2024-25,1630592,Jalen Wilson,Jalen,1610612751,BKN,Brooklyn Nets,22400940,2025-03-11T00:00:00,BKN @ CLE,L,14.933333333333334,3,5,0.6,1,3,0.333,2,3,0.667,0,0,0,3,0,2,0,0,2,1,9,3,19.5,0,0,17.0,1,13222,13222,13222,19616,12449,16437,5394,8896,11494,9209,6020,6038,9425,14058,22137,23286,6913,16469,1671,8263,1,12976,11254,12445,9394,13445,2246,150,14250,1,14:56,2024,2025
2024-25,1641730,Noah Clowney,Noah,1610612751,BKN,Brooklyn Nets,22400940,2025-03-11T00:00:00,BKN @ CLE,L,17.066666666666666,4,7,0.571,3,6,0.5,1,2,0.5,1,0,1,1,0,0,0,0,0,1,12,7,14.7,0,0,17.0,1,13222,13222,13222,18215,9611,12910,6538,2458,4502,3944,10215,7446,10625,6876,22137,19889,14293,16469,12854,8263,1,1,11254,9299,6330,16557,2246,150,14250,1,17:04,2024,2025
2024-25,1629661,Cameron Johnson,Cameron,1610612751,BKN,Brooklyn Nets,22400940,2025-03-11T00:00:00,BKN @ CLE,L,28.466666666666665,6,10,0.6,3,7,0.429,2,2,1.0,2,3,5,5,2,2,1,0,4,2,17,-2,37.5,0,0,36.0,1,13222,13222,13222,9147,5250,8304,5394,2458,3100,7394,6020,7446,1,3306,9417,7268,3273,4442,1671,2537,1,22904,6956,5360,14448,3997,2246,150,3901,1,28:28,2024,2025
2024-25,1630570,Trendon Watford,Trendon,1610612751,BKN,Brooklyn Nets,22400940,2025-03-11T00:00:00,BKN @ CLE,L,19.53333333333333,1,3,0.333,0,0,0.0,0,0,0.0,1,4,5,6,3,1,0,1,3,0,2,-3,17.0,0,0,15.0,1,13222,13222,13222,16387,19033,19992,17395,15070,20945,15070,13505,14344,13505,6876,6429,7268,2199,2037,5025,8263,17462,18916,17725,21232,15511,15071,2246,150,15689,1,19:32,2024,2025
2024-25,1630533,Ziaire Williams,Ziaire,1610612751,BKN,Brooklyn Nets,22400940,2025-03-11T00:00:00,BKN @ CLE,L,30.37,5,11,0.455,4,9,0.444,0,0,0.0,0,6,6,3,0,1,0,1,6,0,14,-13,28.7,0,0,29.0,1,13222,13222,13222,7441,7242,7071,12676,1130,1295,7211,13505,14344,13505,14058,2943,5362,6913,16469,5025,8263,17462,26091,17725,7553,22771,7835,2246,150,6953,1,30:22,2024,2025
2024-25,1630553,Keon Johnson,Keon,1610612751,BKN,Brooklyn Nets,22400940,2025-03-11T00:00:00,BKN @ CLE,L,28.866666666666667,0,4,0.0,0,3,0.0,1,2,0.5,1,6,7,2,4,1,0,0,1,1,1,-4,11.4,0,0,12.0,1,13222,13222,13222,8793,22635,18231,22635,15070,11494,15070,10215,7446,10625,6876,2943,3946,9909,877,5025,8263,1,6051,11254,22996,16449,18783,2246,150,17796,1,28:52,2024,2025
2024-25,1631213,Tyrese Martin,Tyrese,1610612751,BKN,Brooklyn Nets,22400940,2025-03-11T00:00:00,BKN @ CLE,L,21.096666666666668,2,8,0.25,1,4,0.25,0,0,0.0,1,1,2,2,0,1,0,1,2,0,5,-2,13.4,0,0,12.0,1,13222,13222,13222,15234,15612,11288,20233,8896,8688,11902,13505,14344,13505,6876,17569,16273,9909,16469,5025,8263,17462,12976,17725,17323,14448,17421,2246,150,17796,1,21:06,2024,2025
2024-25,1630549,Day'Ron Sharpe,Day'Ron,1610612751,BKN,Brooklyn Nets,22400940,2025-03-11T00:00:00,BKN @ CLE,L,19.116666666666667,4,6,0.667,0,0,0.0,0,0,0.0,2,5,7,2,1,1,0,0,0,0,8,-2,21.4,0,0,19.0,1,13222,13222,13222,16737,9611,14618,3281,15070,20945,15070,13505,14344,13505,3306,4392,3946,9909,8788,5025,8263,1,1,17725,13544,14448,12139,2246,150,12913,1,19:07,2024,2025
2024-25,1630560,Cam Thomas,Cam,1610612751,BKN,Brooklyn Nets,22400940,2025-03-11T00:00:00,BKN @ CLE,L,31.666666666666668,10,22,0.455,4,11,0.364,3,3,1.0,0,1,1,3,1,0,0,0,0,4,27,-6,31.7,0,0,35.0,1,13222,13222,13222,6258,1099,626,12676,1130,499,9100,4159,6038,1,14058,17569,19889,6913,8788,12854,8263,1,1,2493,1351,18298,6320,2246,150,4250,1,31:40,2024,2025
2024-25,1629651,Nic Claxton,Nic,1610612751,BKN,Brooklyn Nets,22400940,2025-03-11T00:00:00,BKN @ CLE,L,28.883333333333333,4,8,0.5,0,1,0.0,1,2,0.5,0,4,4,4,1,0,2,1,3,1,9,-3,24.8,0,0,21.0,1,13222,13222,13222,8775,9611,11288,8526,15070,17631,15070,10215,7446,10625,14058,6429,9701,4780,8788,12854,808,17462,18916,11254,12445,15511,10102,2246,150,11621,1,28:53,2024,2025
2024-25,1630592,Jalen Wilson,Jalen,1610612751,BKN,Brooklyn Nets,22400930,2025-03-10T00:00:00,BKN vs. LAL,W,15.366666666666667,1,5,0.2,1,5,0.2,1,1,1.0,1,2,3,0,1,0,0,0,2,0,4,-1,6.6,0,0,8.0,1,1,1,1,19327,19033,16437,21401,8896,6354,13429,10215,12810,1,6876,13151,12778,19908,8788,12854,8263,1,12976,17725,18599,13450,21766,2246,150,20457,1,15:22,2024,2025
2024-25,1641730,Noah Clowney,Noah,1610612751,BKN,Brooklyn Nets,22400930,2025-03-10T00:00:00,BKN vs. LAL,W,22.855,5,11,0.455,3,8,0.375,6,7,0.857,2,3,5,0,0,1,1,0,1,6,19,3,31.0,0,0,31.0,1,1,1,1,13830,7242,7071,12676,2458,2050,8800,1180,1377,7071,3306,9417,7268,19908,16469,5025,2537,1,6051,792,4202,9394,6686,2246,150,5932,1,22:51,2024,2025
2024-25,1630549,Day'Ron Sharpe,Day'Ron,1610612751,BKN,Brooklyn Nets,22400930,2025-03-10T00:00:00,BKN vs. LAL,W,16.683333333333334,3,7,0.429,1,1,1.0,1,2,0.5,4,3,7,1,1,0,0,1,1,2,8,2,16.9,0,0,17.0,1,1,1,1,18477,12449,12910,13735,8896,17631,1,10215,7446,10625,785,9417,3946,14293,8788,12854,8263,17462,6051,6956,13544,10285,15134,2246,150,14250,1,16:41,2024,2025
2024-25,1626156,D'Angelo Russell,D'Angelo,1610612751,BKN,Brooklyn Nets,22400930,2025-03-10T00:00:00,BKN vs. LAL,W,28.651666666666667,2,9,0.222,2,6,0.333,2,4,0.5,1,2,3,7,1,2,1,0,2,2,8,0,30.1,0,0,26.0,1,1,1,1,8971,15612,9700,21205,4949,4502,9209,6020,3754,10625,6876,13151,12778,1463,8788,1671,2537,1,12976,6956,13544,12240,7114,2246,150,8551,1,28:39,2024,2025
2024-25,1631213,Tyrese Martin,Tyrese,1610612751,BKN,Brooklyn Nets,22400930,2025-03-10T00:00:00,BKN vs. LAL,W,27.23333333333333,5,14,0.357,4,8,0.5,0,0,0.0,1,2,3,3,1,1,1,1,0,0,14,12,27.1,0,0,28.0,1,1,1,1,10157,7242,4240,17140,1130,2050,3944,13505,14344,13505,6876,13151,12778,6913,8788,5025,2537,17462,1,17725,7553,3654,8739,2246,150,7475,1,27:14,2024,2025
2024-25,1629661,Cameron Johnson,Cameron,1610612751,BKN,Brooklyn Nets,22400930,2025-03-10T00:00:00,BKN vs. LAL,W,32.9,6,14,0.429,2,3,0.667,4,8,0.5,2,5,7,5,1,3,0,1,2,4,18,11,41.9,0,0,38.0,1,1,1,1,5243,5250,4240,13735,4949,11494,1957,2676,912,10625,3306,4392,3946,3273,8788,473,8263,17462,12976,2493,4762,4119,2742,2246,150,3270,1,32:54,2024,2025
2024-25,1630553,Keon Johnson,Keon,1610612751,BKN,Brooklyn Nets,22400930,2025-03-10T00:00:00,BKN vs. LAL,W,25.15,6,10,0.6,3,4,0.75,3,6,0.5,0,3,3,3,1,1,0,0,1,4,18,-3,28.1,0,0,29.0,1,1,1,1,11876,5250,8304,5394,2458,8688,1542,4159,1898,10625,14058,9417,12778,6913,8788,5025,8263,1,6051,2493,4762,15511,8150,2246,150,6953,1,25:09,2024,2025
2024-25,1641736,Reece Beekman,Reece,1610612751,BKN,Brooklyn Nets,22400930,2025-03-10T00:00:00,BKN vs. LAL,W,8.868333333333334,1,3,0.333,1,2,0.5,0,0,0.0,0,1,1,0,0,0,0,0,2,0,3,-7,4.2,0,0,5.0,1,1,1,1,22507,19033,19992,17395,8896,14411,3944,13505,14344,13505,14058,17569,19889,19908,16469,12854,8263,1,12976,17725,19913,19141,23095,2246,150,22358,1,8:52,2024,2025
2024-25,1629651,Nic Claxton,Nic,1610612751,BKN,Brooklyn Nets,22400930,2025-03-10T00:00:00,BKN vs. LAL,W,31.241666666666667,6,7,0.857,0,0,0.0,0,0,0.0,3,3,6,1,1,0,1,0,2,1,12,-2,22.7,0,0,21.0,1,1,1,1,6667,5250,12910,1412,15070,20945,15070,13505,14344,13505,1615,9417,5362,14293,8788,12854,2537,1,12976,11254,9299,14448,11343,2246,150,11621,1,31:15,2024,2025
2024-25,1630533,Ziaire Williams,Ziaire,1610612751,BKN,Brooklyn Nets,22400930,2025-03-10T00:00:00,BKN vs. LAL,W,31.05,2,10,0.2,1,8,0.125,2,2,1.0,2,7,9,2,0,2,2,1,3,1,7,0,32.8,0,0,27.0,1,1,1,1,6839,15612,8304,21401,8896,2050,14886,6020,7446,1,3306,1947,2169,9909,16469,1671,808,17462,18916,11254,14857,12240,5807,2246,150,7999,1,31:03,2024,2025
2024-25,1630549,Day'Ron Sharpe,Day'Ron,1610612751,BKN,Brooklyn Nets,22400912,2025-03-08T00:00:00,BKN @ CHA,L,19.35,1,3,0.333,0,2,0.0,2,2,1.0,1,2,3,1,1,2,2,0,1,1,4,1,20.1,0,0,16.0,1,13222,13222,13222,16540,19033,19992,17395,15070,14411,15070,6020,7446,1,6876,13151,12778,14293,8788,1671,808,1,6051,11254,18599,11263,13013,2246,150,14948,1,19:21,2024,2025
2024-25,1630592,Jalen Wilson,Jalen,1610612751,BKN,Brooklyn Nets,22400912,2025-03-08T00:00:00,BKN @ CHA,L,18.75,2,4,0.5,2,3,0.667,1,1,1.0,0,1,1,0,1,1,0,0,3,0,7,1,10.2,0,0,12.0,1,13222,13222,13222,17005,15612,18231,8526,4949,11494,1957,10215,12810,1,14058,17569,19889,19908,8788,5025,8263,1,18916,17725,14857,11263,19567,2246,150,17796,1,18:45,2024,2025
2024-25,1630570,Trendon Watford,Trendon,1610612751,BKN,Brooklyn Nets,22400912,2025-03-08T00:00:00,BKN @ CHA,L,21.131666666666668,5,11,0.455,2,8,0.25,0,0,0.0,1,3,4,2,2,0,1,0,1,0,12,2,20.8,0,0,22.0,1,13222,13222,13222,15202,7242,7071,12676,4949,2050,11902,13505,14344,13505,6876,9417,9701,9909,4442,12854,2537,1,6051,17725,9299,10285,12548,2246,150,10998,1,21:08,2024,2025
2024-25,1630560,Cam Thomas,Cam,1610612751,BKN,Brooklyn Nets,22400912,2025-03-08T00:00:00,BKN @ CHA,L,29.25,7,18,0.389,1,8,0.125,1,1,1.0,0,2,2,3,2,0,0,1,1,4,16,-4,20.9,0,0,22.0,1,13222,13222,13222,8450,3730,1822,16009,8896,2050,14886,10215,12810,1,14058,13151,16273,6913,4442,12854,8263,17462,6051,2493,6070,16449,12468,2246,150,10998,1,29:15,2024,2025
2024-25,1630553,Keon Johnson,Keon,1610612751,BKN,Brooklyn Nets,22400912,2025-03-08T00:00:00,BKN @ CHA,L,25.19,0,2,0.0,0,1,0.0,1,2,0.5,1,2,3,2,0,1,1,0,2,1,1,-6,13.6,0,0,10.0,1,13222,13222,13222,11845,22635,21660,22635,15070,17631,15070,10215,7446,10625,6876,13151,12778,9909,16469,5025,2537,1,12976,11254,22996,18298,17296,2246,150,19152,1,25:11,2024,2025
2024-25,1641730,Noah Clowney,Noah,1610612751,BKN,Brooklyn Nets,22400912,2025-03-08T00:00:00,BKN @ CHA,L,18.1,0,5,0.0,0,5,0.0,0,0,0.0,0,4,4,1,0,1,0,1,1,1,0,-1,9.3,0,0,7.0,1,13222,13222,13222,17498,22635,16437,22635,15070,6354,15070,13505,14344,13505,14058,6429,9701,14293,16469,5025,8263,17462,6051,11254,23200,13450,20177,2246,150,21087,1,18:06,2024,2025
2024-25,1631213,Tyrese Martin,Tyrese,1610612751,BKN,Brooklyn Nets,22400912,2025-03-08T00:00:00,BKN @ CHA,L,18.465,3,5,0.6,1,3,0.333,0,0,0.0,0,5,5,1,2,0,1,0,3,0,7,-11,15.5,0,0,16.0,1,13222,13222,13222,17241,12449,16437,5394,8896,11494,9209,13505,14344,13505,14058,4392,7268,14293,4442,12854,2537,1,18916,17725,14857,21738,16036,2246,150,14948,1,18:28,2024,2025
2024-25,1629651,Nic Claxton,Nic,1610612751,BKN,Brooklyn Nets,22400912,2025-03-08T00:00:00,BKN @ CHA,L,28.65,4,5,0.8,0,0,0.0,0,0,0.0,3,3,6,2,0,0,2,0,2,1,8,-4,24.2,0,0,20.0,1,13222,13222,13222,8973,9611,16437,1688,15070,20945,15070,13505,14344,13505,1615,9417,5362,9909,16469,12854,808,1,12976,11254,13544,16449,10455,2246,150,12254,1,28:39,2024,2025
2024-25,1630533,Ziaire Williams,Ziaire,1610612751,BKN,Brooklyn Nets,22400912,2025-03-08T00:00:00,BKN @ CHA,L,31.651666666666667,6,11,0.545,4,9,0.444,3,3,1.0,2,1,3,1,2,0,2,0,3,1,19,-2,28.1,0,0,31.0,1,13222,13222,13222,6278,5250,7071,7695,1130,1295,7211,4159,6038,1,3306,17569,12778,14293,4442,12854,808,1,18916,11254,4202,14448,8150,2246,150,5932,1,31:39,2024,2025
2024-25,1626156,D'Angelo Russell,D'Angelo,1610612751,BKN,Brooklyn Nets,22400912,2025-03-08T00:00:00,BKN @ CHA,L,29.461666666666662,10,18,0.556,4,11,0.364,4,6,0.667,0,6,6,7,1,1,1,0,2,4,28,9,50.7,0,0,49.0,1,13222,13222,13222,8263,1099,1822,7248,1130,499,9100,2676,1898,9425,14058,2943,5362,1463,8788,5025,2537,1,12976,2493,1156,5125,1085,2246,150,1048,1,29:28,2024,2025
2024-25,1626156,D'Angelo Russell,D'Angelo,1610612751,BKN,Brooklyn Nets,22400901,2025-03-06T00:00:00,BKN vs. GSW,L,24.166666666666668,3,7,0.429,1,3,0.333,0,0,0.0,0,0,0,4,3,1,1,0,2,1,7,-8,16.0,0,0,16.0,1,13222,13222,13222,12748,12449,12910,13735,8896,11494,9209,13505,14344,13505,14058,22137,23286,4780,2037,5025,2537,1,12976,11254,14857,19855,15742,2246,150,14948,1,24:10,2024,2025
2024-25,1630560,Cam Thomas,Cam,1610612751,BKN,Brooklyn Nets,22400901,2025-03-06T00:00:00,BKN vs. GSW,L,26.51,8,18,0.444,2,6,0.333,5,6,0.833,0,3,3,7,1,0,0,0,3,5,23,-9,36.1,0,0,35.0,1,13222,13222,13222,10721,2561,1822,13045,4949,4502,9209,1817,1898,7275,14058,9417,12778,1463,8788,12854,8263,1,18916,1447,2434,20535,4469,2246,150,4250,1,26:31,2024,2025
2024-25,1629651,Nic Claxton,Nic,1610612751,BKN,Brooklyn Nets,22400901,2025-03-06T00:00:00,BKN vs. GSW,L,30.5,4,7,0.571,0,0,0.0,0,0,0.0,2,7,9,10,2,2,2,0,5,3,8,18,43.8,0,0,35.0,1,13222,13222,13222,7321,9611,12910,6538,15070,20945,15070,13505,14344,13505,3306,1947,2169,386,4442,1671,808,1,25158,4218,13544,1677,2282,2246,150,4250,1,30:30,2024,2025
2024-25,1629661,Cameron Johnson,Cameron,1610612751,BKN,Brooklyn Nets,22400901,2025-03-06T00:00:00,BKN vs. GSW,L,34.343333333333334,9,16,0.563,3,7,0.429,5,6,0.833,2,4,6,4,1,1,0,0,4,4,26,11,41.2,0,0,41.0,1,13222,13222,13222,3974,1688,2836,7127,2458,3100,7394,1817,1898,7275,3306,6429,5362,4780,8788,5025,8263,1,22904,2493,1579,4119,2914,2246,150,2498,1,34:21,2024,2025
2024-25,1631213,Tyrese Martin,Tyrese,1610612751,BKN,Brooklyn Nets,22400901,2025-03-06T00:00:00,BKN vs. GSW,L,24.04,7,12,0.583,3,6,0.5,0,0,0.0,0,2,2,1,0,0,0,0,1,0,17,5,20.9,0,0,23.0,1,13222,13222,13222,12866,3730,5979,6296,2458,4502,3944,13505,14344,13505,14058,13151,16273,14293,16469,12854,8263,1,6051,17725,5360,7737,12468,2246,150,10339,1,24:02,2024,2025
2024-25,1630570,Trendon Watford,Trendon,1610612751,BKN,Brooklyn Nets,22400901,2025-03-06T00:00:00,BKN vs. GSW,L,16.75,2,5,0.4,1,1,1.0,0,0,0.0,2,0,2,1,2,1,0,0,1,0,5,-18,9.9,0,0,11.0,1,13222,13222,13222,18416,15612,16437,14933,8896,17631,1,13505,14344,13505,3306,22137,16273,14293,4442,5025,8263,1,6051,17725,17323,24566,19759,2246,150,18464,1,16:45,2024,2025
2024-25,1630553,Keon Johnson,Keon,1610612751,BKN,Brooklyn Nets,22400901,2025-03-06T00:00:00,BKN vs. GSW,L,24.183333333333334,5,7,0.714,2,3,0.667,0,0,0.0,0,1,1,2,1,1,0,0,5,1,12,16,18.2,0,0,19.0,1,13222,13222,13222,12740,7242,12910,2752,4949,11494,1957,13505,14344,13505,14058,17569,19889,9909,8788,5025,8263,1,25158,11254,9299,2243,14270,2246,150,12913,1,24:11,2024,2025
2024-25,1630549,Day'Ron Sharpe,Day'Ron,1610612751,BKN,Brooklyn Nets,22400901,2025-03-06T00:00:00,BKN vs. GSW,L,17.5,1,4,0.25,0,0,0.0,0,0,0.0,1,4,5,0,1,1,2,2,2,1,2,-20,16.0,0,0,13.0,1,13222,13222,13222,17920,19033,18231,20233,15070,20945,15070,13505,14344,13505,6876,6429,7268,19908,8788,5025,808,23925,12976,11254,21232,25087,15742,2246,150,17050,1,17:30,2024,2025
2024-25,1630592,Jalen Wilson,Jalen,1610612751,BKN,Brooklyn Nets,22400901,2025-03-06T00:00:00,BKN vs. GSW,L,17.456666666666667,1,3,0.333,1,2,0.5,6,6,1.0,0,3,3,0,0,0,0,1,0,3,9,14,12.6,0,0,13.0,1,13222,13222,13222,17957,19033,19992,17395,8896,14411,3944,1180,1898,1,14058,9417,12778,19908,16469,12854,8263,17462,1,4218,12445,2867,17974,2246,150,17050,1,17:27,2024,2025
2024-25,1630533,Ziaire Williams,Ziaire,1610612751,BKN,Brooklyn Nets,22400901,2025-03-06T00:00:00,BKN vs. GSW,L,24.55,4,8,0.5,2,5,0.4,0,0,0.0,1,0,1,1,0,0,0,1,1,1,10,-19,12.7,0,0,14.0,1,13222,13222,13222,12423,9611,11288,8526,4949,6354,7874,13505,14344,13505,6876,22137,19889,14293,16469,12854,8263,17462,6051,11254,11377,24841,17905,2246,150,16370,1,24:33,2024,2025
2024-25,1630570,Trendon Watford,Trendon,1610612751,BKN,Brooklyn Nets,22400888,2025-03-04T00:00:00,BKN @ SAS,L,23.461666666666662,4,8,0.5,1,2,0.5,3,4,0.75,3,7,10,5,2,3,0,1,2,2,12,18,38.5,1,0,34.0,1,13222,13222,13222,13343,9611,11288,8526,8896,14411,3944,4159,3754,8186,1615,1947,1549,3273,4442,473,8263,17462,12976,6956,9299,1677,3665,1,150,4638,1,23:28,2024,2025
2024-25,1630553,Keon Johnson,Keon,1610612751,BKN,Brooklyn Nets,22400888,2025-03-04T00:00:00,BKN @ SAS,L,17.671666666666667,2,5,0.4,1,4,0.25,3,3,1.0,0,7,7,1,2,1,0,0,2,2,8,-13,18.9,0,0,19.0,1,13222,13222,13222,17803,15612,16437,14933,8896,8688,11902,4159,6038,1,14058,1947,3946,14293,4442,5025,8263,1,12976,6956,13544,22771,13828,2246,150,12913,1,17:40,2024,2025
2024-25,1630533,Ziaire Williams,Ziaire,1610612751,BKN,Brooklyn Nets,22400888,2025-03-04T00:00:00,BKN @ SAS,L,19.905,2,7,0.286,1,5,0.2,2,2,1.0,2,1,3,1,1,0,0,0,2,1,7,-30,11.1,0,0,12.0,1,13222,13222,13222,16092,15612,12910,19630,8896,6354,13429,6020,7446,1,3306,17569,12778,14293,8788,12854,8263,1,12976,11254,14857,26139,18988,2246,150,17796,1,19:54,2024,2025
2024-25,1641721,Maxwell Lewis,Maxwell,1610612751,BKN,Brooklyn Nets,22400888,2025-03-04T00:00:00,BKN @ SAS,L,2.033333333333333,0,0,0.0,0,0,0.0,0,0,0.0,0,1,1,0,0,0,0,0,0,0,0,3,1.2,0,0,1.0,1,13222,13222,13222,25436,22635,24836,22635,15070,20945,15070,13505,14344,13505,14058,17569,19889,19908,16469,12854,8263,1,1,17725,23200,9394,24725,2246,150,24667,1,2:02,2024,2025
2024-25,1630549,Day'Ron Sharpe,Day'Ron,1610612751,BKN,Brooklyn Nets,22400888,2025-03-04T00:00:00,BKN @ SAS,L,16.033333333333335,1,2,0.5,0,0,0.0,0,0,0.0,1,3,4,0,0,0,1,0,4,3,2,3,9.8,0,0,8.0,1,13222,13222,13222,18900,19033,21660,8526,15070,20945,15070,13505,14344,13505,6876,9417,9701,19908,16469,12854,2537,1,22904,4218,21232,9394,19853,2246,150,20457,1,16:02,2024,2025
2024-25,1630560,Cam Thomas,Cam,1610612751,BKN,Brooklyn Nets,22400888,2025-03-04T00:00:00,BKN @ SAS,L,25.77833333333333,8,19,0.421,4,13,0.308,4,4,1.0,0,1,1,6,1,0,0,1,0,2,24,-4,33.2,0,0,35.0,1,13222,13222,13222,11350,2561,1432,14442,1130,166,11292,2676,3754,1,14058,17569,19889,2199,8788,12854,8263,17462,1,6956,2129,16449,5623,2246,150,4250,1,25:47,2024,2025
2024-25,1630592,Jalen Wilson,Jalen,1610612751,BKN,Brooklyn Nets,22400888,2025-03-04T00:00:00,BKN @ SAS,L,21.955,4,7,0.571,3,5,0.6,2,2,1.0,0,0,0,1,1,0,0,0,1,2,13,0,13.5,0,0,17.0,1,13222,13222,13222,14536,9611,12910,6538,2458,6354,2992,6020,7446,1,14058,22137,23286,14293,8788,12854,8263,1,6051,6956,8426,12240,17367,2246,150,14250,1,21:57,2024,2025
2024-25,1629651,Nic Claxton,Nic,1610612751,BKN,Brooklyn Nets,22400888,2025-03-04T00:00:00,BKN @ SAS,L,31.966666666666665,3,7,0.429,0,0,0.0,0,2,0.0,2,5,7,4,2,2,0,1,2,1,6,-17,24.4,0,0,21.0,1,13222,13222,13222,5995,12449,12910,13735,15070,20945,15070,13505,7446,13505,3306,4392,3946,4780,4442,1671,8263,17462,12976,11254,15937,24263,10331,2246,150,11621,1,31:58,2024,2025
2024-25,1641727,Dariq Whitehead,Dariq,1610612751,BKN,Brooklyn Nets,22400888,2025-03-04T00:00:00,BKN @ SAS,L,2.033333333333333,1,2,0.5,1,2,0.5,0,0,0.0,0,0,0,0,0,0,0,0,0,0,3,3,3.0,0,0,4.0,1,13222,13222,13222,25436,19033,21660,8526,8896,14411,3944,13505,14344,13505,14058,22137,23286,19908,16469,12854,8263,1,1,17725,19913,9394,23760,2246,150,22929,1,2:02,2024,2025
2024-25,1631213,Tyrese Martin,Tyrese,1610612751,BKN,Brooklyn Nets,22400888,2025-03-04T00:00:00,BKN @ SAS,L,22.88833333333333,4,8,0.5,1,5,0.2,0,0,0.0,1,2,3,3,1,0,0,0,2,0,9,-21,16.1,0,0,16.0,1,13222,13222,13222,13802,9611,11288,8526,8896,6354,13429,13505,14344,13505,6876,13151,12778,6913,8788,12854,8263,1,12976,17725,12445,25273,15681,2246,150,14948,1,22:53,2024,2025
2024-25,1626156,D'Angelo Russell,D'Angelo,1610612751,BKN,Brooklyn Nets,22400888,2025-03-04T00:00:00,BKN @ SAS,L,25.111666666666668,4,11,0.364,2,8,0.25,2,2,1.0,1,0,1,4,1,1,1,0,0,1,12,7,24.2,0,0,23.0,1,13222,13222,13222,11912,9611,7071,16861,4949,2050,11902,6020,7446,1,6876,22137,19889,4780,8788,5025,2537,1,1,11254,9299,6330,10455,2246,150,10339,1,25:07,2024,2025
2024-25,1629661,Cameron Johnson,Cameron,1610612751,BKN,Brooklyn Nets,22400888,2025-03-04T00:00:00,BKN @ SAS,L,31.161666666666665,6,10,0.6,3,6,0.5,2,2,1.0,1,2,3,4,2,1,0,1,1,1,17,-19,27.6,0,0,29.0,1,13222,13222,13222,6741,5250,8304,5394,2458,4502,3944,6020,7446,1,6876,13151,12778,4780,4442,5025,8263,17462,6051,11254,5360,24841,8435,2246,150,6953,1,31:10,2024,2025
2024-25,1630549,Day'Ron Sharpe,Day'Ron,1610612751,BKN,Brooklyn Nets,22400861,2025-03-01T00:00:00,BKN @ DET,L,19.316666666666663,2,6,0.333,0,1,0.0,0,0,0.0,2,3,5,6,2,4,1,0,6,1,4,2,32.0,0,0,25.0,1,13222,13222,13222,16563,15612,14618,17395,15070,17631,15070,13505,14344,13505,3306,9417,7268,2199,4442,123,2537,1,26091,11254,18599,10285,6182,2246,150,9137,1,19:19,2024,2025
2024-25,1641721,Maxwell Lewis,Maxwell,1610612751,BKN,Brooklyn Nets,22400861,2025-03-01T00:00:00,BKN @ DET,L,9.55,1,4,0.25,1,2,0.5,0,0,0.0,1,2,3,0,0,0,0,1,2,0,3,-10,6.6,0,0,7.0,1,13222,13222,13222,22263,19033,18231,20233,8896,14411,3944,13505,14344,13505,6876,13151,12778,19908,16469,12854,8263,17462,12976,17725,19913,21147,21766,2246,150,21087,1,9:33,2024,2025
2024-25,1641736,Reece Beekman,Reece,1610612751,BKN,Brooklyn Nets,22400861,2025-03-01T00:00:00,BKN @ DET,L,26.9,1,5,0.2,0,2,0.0,1,2,0.5,0,1,1,1,1,3,0,0,2,3,3,-6,13.7,0,0,11.0,1,13222,13222,13222,10417,19033,16437,21401,15070,14411,15070,10215,7446,10625,14058,17569,19889,14293,8788,473,8263,1,12976,4218,19913,18298,17224,2246,150,18464,1,26:54,2024,2025
2024-25,1631213,Tyrese Martin,Tyrese,1610612751,BKN,Brooklyn Nets,22400861,2025-03-01T00:00:00,BKN @ DET,L,23.1,7,11,0.636,2,5,0.4,7,7,1.0,1,0,1,1,0,0,1,1,0,4,23,-4,28.7,0,0,29.0,1,13222,13222,13222,13631,3730,7071,4689,4949,6354,7874,752,1377,1,6876,22137,19889,14293,16469,12854,2537,17462,1,2493,2434,16449,7835,2246,150,6953,1,23:06,2024,2025
2024-25,1629661,Cameron Johnson,Cameron,1610612751,BKN,Brooklyn Nets,22400861,2025-03-01T00:00:00,BKN @ DET,L,30.216666666666665,3,20,0.15,0,10,0.0,7,8,0.875,1,3,4,0,3,1,0,6,2,5,13,-17,17.8,0,0,19.0,1,13222,13222,13222,7573,12449,1105,22259,15070,829,15070,752,912,6931,6876,9417,9701,19908,2037,5025,8263,26301,12976,1447,8426,24263,14543,2246,150,12913,1,30:13,2024,2025
2024-25,1630165,Killian Hayes,Killian,1610612751,BKN,Brooklyn Nets,22400861,2025-03-01T00:00:00,BKN @ DET,L,25.55,1,6,0.167,0,2,0.0,2,2,1.0,1,3,4,3,1,1,0,1,1,3,4,-15,15.3,0,0,13.0,1,13222,13222,13222,11534,19033,14618,21938,15070,14411,15070,6020,7446,1,6876,9417,9701,6913,8788,5025,8263,17462,6051,4218,18599,23599,16175,2246,150,17050,1,25:33,2024,2025
2024-25,1629651,Nic Claxton,Nic,1610612751,BKN,Brooklyn Nets,22400861,2025-03-01T00:00:00,BKN @ DET,L,24.23333333333333,3,9,0.333,0,0,0.0,3,4,0.75,3,3,6,2,1,0,5,2,3,5,9,-23,33.2,0,0,27.0,1,13222,13222,13222,12695,12449,9700,17395,15070,20945,15070,4159,3754,8186,1615,9417,5362,9909,8788,12854,34,23925,18916,1447,12445,25627,5623,2246,150,7999,1,24:14,2024,2025
2024-25,1630533,Ziaire Williams,Ziaire,1610612751,BKN,Brooklyn Nets,22400861,2025-03-01T00:00:00,BKN @ DET,L,25.5,5,14,0.357,0,6,0.0,1,2,0.5,1,2,3,1,1,2,0,2,4,3,11,-22,21.1,0,0,19.0,1,13222,13222,13222,11588,7242,4240,17140,15070,4502,15070,10215,7446,10625,6876,13151,12778,14293,8788,1671,8263,23925,22904,4218,10323,25445,12342,2246,150,12913,1,25:30,2024,2025
2024-25,1630553,Keon Johnson,Keon,1610612751,BKN,Brooklyn Nets,22400861,2025-03-01T00:00:00,BKN @ DET,L,29.816666666666663,3,15,0.2,2,9,0.222,2,2,1.0,4,4,8,2,3,1,1,2,2,1,10,-19,25.6,0,0,26.0,1,13222,13222,13222,7950,12449,3491,21401,4949,1295,13288,6020,7446,1,785,6429,2934,9909,2037,5025,2537,23925,12976,11254,11377,24841,9621,2246,150,8551,1,29:49,2024,2025
2024-25,1630592,Jalen Wilson,Jalen,1610612751,BKN,Brooklyn Nets,22400861,2025-03-01T00:00:00,BKN @ DET,L,25.816666666666663,3,5,0.6,1,2,0.5,7,8,0.875,0,3,3,3,0,0,0,0,2,4,14,9,22.1,0,0,21.0,1,13222,13222,13222,11322,12449,16437,5394,8896,14411,3944,752,912,6931,14058,9417,12778,6913,16469,12854,8263,1,12976,2493,7553,5125,11691,2246,150,11621,1,25:49,2024,2025
2024-25,1630570,Trendon Watford,Trendon,1610612751,BKN,Brooklyn Nets,22400853,2025-02-28T00:00:00,BKN vs. POR,L,16.183333333333334,2,6,0.333,0,0,0.0,1,2,0.5,0,3,3,2,3,2,0,1,3,1,5,-8,14.6,0,0,14.0,1,13222,13222,13222,18806,15612,14618,17395,15070,20945,15070,10215,7446,10625,14058,9417,12778,9909,2037,1671,8263,17462,18916,11254,17323,19855,16628,2246,150,16370,1,16:11,2024,2025
2024-25,1630592,Jalen Wilson,Jalen,1610612751,BKN,Brooklyn Nets,22400853,2025-02-28T00:00:00,BKN vs. POR,L,23.166666666666668,2,8,0.25,0,4,0.0,5,6,0.833,2,3,5,1,2,1,0,0,5,4,9,2,17.5,0,0,17.0,1,13222,13222,13222,13583,15612,11288,20233,15070,8688,15070,1817,1898,7275,3306,9417,7268,14293,4442,5025,8263,1,25158,2493,12445,10285,14759,2246,150,14250,1,23:10,2024,2025
2024-25,1630165,Killian Hayes,Killian,1610612751,BKN,Brooklyn Nets,22400853,2025-02-28T00:00:00,BKN vs. POR,L,30.4,5,8,0.625,2,3,0.667,4,4,1.0,2,2,4,4,2,1,1,0,1,3,16,-12,30.8,0,0,30.0,1,13222,13222,13222,7411,7242,11288,4899,4949,11494,1957,2676,3754,1,3306,13151,9701,4780,4442,5025,2537,1,6051,4218,6070,22309,6777,2246,150,6431,1,30:24,2024,2025
2024-25,1630553,Keon Johnson,Keon,1610612751,BKN,Brooklyn Nets,22400853,2025-02-28T00:00:00,BKN vs. POR,L,29.683333333333334,3,8,0.375,1,3,0.333,3,4,0.75,4,2,6,0,3,1,0,1,2,3,10,-9,17.2,0,0,19.0,1,13222,13222,13222,8057,12449,11288,16299,8896,11494,9209,4159,3754,8186,785,13151,5362,19908,2037,5025,8263,17462,12976,4218,11377,20535,14950,2246,150,12913,1,29:41,2024,2025
2024-25,1630533,Ziaire Williams,Ziaire,1610612751,BKN,Brooklyn Nets,22400853,2025-02-28T00:00:00,BKN vs. POR,L,10.466666666666669,2,4,0.5,1,2,0.5,0,0,0.0,0,0,0,1,0,1,0,0,0,0,5,-13,9.5,0,0,9.0,1,13222,13222,13222,21929,15612,18231,8526,8896,14411,3944,13505,14344,13505,14058,22137,23286,14293,16469,5025,8263,1,1,17725,17323,22771,20035,2246,150,19766,1,10:28,2024,2025
2024-25,1630549,Day'Ron Sharpe,Day'Ron,1610612751,BKN,Brooklyn Nets,22400853,2025-02-28T00:00:00,BKN vs. POR,L,18.966666666666665,3,5,0.6,0,0,0.0,0,0,0.0,4,3,7,1,1,0,1,0,6,1,6,-10,17.9,0,0,16.0,1,13222,13222,13222,16851,12449,16437,5394,15070,20945,15070,13505,14344,13505,785,9417,3946,14293,8788,12854,2537,1,26091,11254,15937,21147,14467,2246,150,14948,1,18:58,2024,2025
2024-25,1629661,Cameron Johnson,Cameron,1610612751,BKN,Brooklyn Nets,22400853,2025-02-28T00:00:00,BKN vs. POR,L,24.28333333333333,4,11,0.364,2,6,0.333,4,4,1.0,1,3,4,4,3,2,0,0,2,2,14,-14,27.8,0,0,28.0,1,13222,13222,13222,12662,9611,7071,16861,4949,4502,9209,2676,3754,1,6876,9417,9701,4780,2037,1671,8263,1,12976,6956,7553,23203,8309,2246,150,7475,1,24:17,2024,2025
2024-25,1631213,Tyrese Martin,Tyrese,1610612751,BKN,Brooklyn Nets,22400853,2025-02-28T00:00:00,BKN vs. POR,L,24.95,2,8,0.25,1,5,0.2,0,0,0.0,4,0,4,2,2,3,0,1,1,0,5,-7,19.8,0,0,18.0,1,13222,13222,13222,12051,15612,11288,20233,8896,6354,13429,13505,14344,13505,785,22137,9701,9909,4442,473,8263,17462,6051,17725,17323,19141,13241,2246,150,13589,1,24:57,2024,2025
2024-25,1641721,Maxwell Lewis,Maxwell,1610612751,BKN,Brooklyn Nets,22400853,2025-02-28T00:00:00,BKN vs. POR,L,6.066666666666666,0,1,0.0,0,1,0.0,0,0,0.0,0,3,3,1,1,0,0,0,0,0,0,4,4.1,0,0,4.0,1,13222,13222,13222,23571,22635,23259,22635,15070,17631,15070,13505,14344,13505,14058,9417,12778,14293,8788,12854,8263,1,1,17725,23200,8479,23272,2246,150,22929,1,6:04,2024,2025
2024-25,1629651,Nic Claxton,Nic,1610612751,BKN,Brooklyn Nets,22400853,2025-02-28T00:00:00,BKN vs. POR,L,23.25,6,9,0.667,0,0,0.0,4,5,0.8,2,3,5,3,0,0,0,0,1,3,16,-11,26.5,0,0,24.0,1,13222,13222,13222,13513,5250,9700,3281,15070,20945,15070,2676,2872,7681,3306,9417,7268,6913,16469,12854,8263,1,6051,4218,6070,21738,9093,2246,150,9719,1,23:15,2024,2025
2024-25,1630560,Cam Thomas,Cam,1610612751,BKN,Brooklyn Nets,22400853,2025-02-28T00:00:00,BKN vs. POR,L,21.3,7,17,0.412,0,4,0.0,2,2,1.0,2,0,2,1,3,0,0,1,2,2,16,-13,16.9,0,0,19.0,1,13222,13222,13222,15068,3730,2289,14791,15070,8688,15070,6020,7446,1,3306,22137,16273,14293,2037,12854,8263,17462,12976,6956,6070,22771,15134,2246,150,12913,1,21:18,2024,2025
2024-25,1641736,Reece Beekman,Reece,1610612751,BKN,Brooklyn Nets,22400853,2025-02-28T00:00:00,BKN vs. POR,L,11.283333333333331,0,2,0.0,0,1,0.0,0,0,0.0,0,2,2,0,1,2,0,0,0,1,0,-4,7.4,0,0,6.0,1,13222,13222,13222,21589,22635,21660,22635,15070,17631,15070,13505,14344,13505,14058,13151,16273,19908,8788,1671,8263,1,1,11254,23200,16449,21277,2246,150,21698,1,11:17,2024,2025
2024-25,1630592,Jalen Wilson,Jalen,1610612751,BKN,Brooklyn Nets,22400840,2025-02-26T00:00:00,BKN vs. OKC,L,17.7,2,5,0.4,1,4,0.25,2,2,1.0,1,0,1,2,0,0,0,0,4,2,7,-22,11.2,0,0,11.0,1,13222,13222,13222,17779,15612,16437,14933,8896,8688,11902,6020,7446,1,6876,22137,19889,9909,16469,12854,8263,1,22904,6956,14857,25445,18904,2246,150,18464,1,17:42,2024,2025
2024-25,1630570,Trendon Watford,Trendon,1610612751,BKN,Brooklyn Nets,22400840,2025-02-26T00:00:00,BKN vs. OKC,L,18.04,1,7,0.143,0,3,0.0,1,2,0.5,3,2,5,4,4,0,0,0,1,1,3,-24,11.0,0,0,12.0,1,13222,13222,13222,17541,19033,12910,22260,15070,11494,15070,10215,7446,10625,1615,13151,7268,4780,877,12854,8263,1,6051,11254,19913,25745,19045,2246,150,17796,1,18:02,2024,2025
2024-25,1631213,Tyrese Martin,Tyrese,1610612751,BKN,Brooklyn Nets,22400840,2025-02-26T00:00:00,BKN vs. OKC,L,18.55,1,5,0.2,1,4,0.25,0,0,0.0,1,1,2,0,1,0,0,0,0,1,3,-17,4.4,0,0,6.0,1,13222,13222,13222,17147,19033,16437,21401,8896,8688,11902,13505,14344,13505,6876,17569,16273,19908,8788,12854,8263,1,1,11254,19913,24263,23001,2246,150,21698,1,18:33,2024,2025
2024-25,1630553,Keon Johnson,Keon,1610612751,BKN,Brooklyn Nets,22400840,2025-02-26T00:00:00,BKN vs. OKC,L,29.45,4,12,0.333,4,11,0.364,4,4,1.0,2,1,3,4,1,3,1,1,5,3,16,9,36.6,0,0,35.0,1,13222,13222,13222,8267,9611,5979,17395,1130,499,9100,2676,3754,1,3306,17569,12778,4780,8788,473,2537,17462,25158,4218,6070,5125,4288,2246,150,4250,1,29:27,2024,2025
2024-25,1630165,Killian Hayes,Killian,1610612751,BKN,Brooklyn Nets,22400840,2025-02-26T00:00:00,BKN vs. OKC,L,33.95,7,13,0.538,5,10,0.5,0,0,0.0,0,2,2,7,2,0,0,0,4,0,19,10,29.9,0,0,33.0,1,13222,13222,13222,4306,3730,5079,7978,492,829,3944,13505,14344,13505,14058,13151,16273,1463,4442,12854,8263,1,22904,17725,4202,4588,7218,2246,150,5036,1,33:57,2024,2025
2024-25,1641787,Tosan Evbuomwan,Tosan,1610612751,BKN,Brooklyn Nets,22400840,2025-02-26T00:00:00,BKN vs. OKC,L,15.108333333333333,2,8,0.25,1,4,0.25,4,4,1.0,1,2,3,0,0,0,0,2,1,2,9,-20,12.6,0,0,13.0,1,13222,13222,13222,19499,15612,11288,20233,8896,8688,11902,2676,3754,1,6876,13151,12778,19908,16469,12854,8263,23925,6051,6956,12445,25087,17974,2246,150,17050,1,15:07,2024,2025
2024-25,1641736,Reece Beekman,Reece,1610612751,BKN,Brooklyn Nets,22400840,2025-02-26T00:00:00,BKN vs. OKC,L,14.05,1,5,0.2,0,2,0.0,0,0,0.0,0,2,2,1,2,1,0,0,1,0,2,-18,6.9,0,0,7.0,1,13222,13222,13222,20169,19033,16437,21401,15070,14411,15070,13505,14344,13505,14058,13151,16273,14293,4442,5025,8263,1,6051,17725,21232,24566,21599,2246,150,21087,1,14:03,2024,2025
2024-25,1629661,Cameron Johnson,Cameron,1610612751,BKN,Brooklyn Nets,22400840,2025-02-26T00:00:00,BKN vs. OKC,L,32.983333333333334,6,13,0.462,4,7,0.571,3,4,0.75,1,2,3,7,0,1,0,0,2,4,19,12,36.1,0,0,35.0,1,13222,13222,13222,5158,5250,5079,12428,1130,3100,3506,4159,3754,8186,6876,13151,12778,1463,16469,5025,8263,1,12976,2493,4202,3654,4469,2246,150,4250,1,32:59,2024,2025
2024-25,1630533,Ziaire Williams,Ziaire,1610612751,BKN,Brooklyn Nets,22400840,2025-02-26T00:00:00,BKN vs. OKC,L,29.14333333333333,6,15,0.4,5,13,0.385,1,2,0.5,2,8,10,1,2,0,1,0,3,1,18,10,32.5,1,0,36.0,1,13222,13222,13222,8552,5250,3491,14933,492,166,8766,10215,7446,10625,3306,1271,1549,14293,4442,12854,2537,1,18916,11254,4762,4588,5950,1,150,3901,1,29:09,2024,2025
2024-25,1630549,Day'Ron Sharpe,Day'Ron,1610612751,BKN,Brooklyn Nets,22400840,2025-02-26T00:00:00,BKN vs. OKC,L,31.025,8,10,0.8,2,3,0.667,7,7,1.0,7,8,15,5,2,2,3,1,4,7,25,20,63.5,1,0,57.0,1,13222,13222,13222,6863,2561,8304,1688,4949,11494,1957,752,1377,1,83,1271,224,3273,4442,1671,252,17462,22904,426,1828,1243,206,1,150,347,1,31:02,2024,2025
2024-25,1629661,Cameron Johnson,Cameron,1610612751,BKN,Brooklyn Nets,22400824,2025-02-24T00:00:00,BKN @ WAS,L,32.4,5,13,0.385,2,5,0.4,5,5,1.0,2,2,4,1,2,1,1,1,2,6,17,-11,27.3,0,0,28.0,1,13222,13222,13222,5635,7242,5079,16070,4949,6354,7874,1817,2872,1,3306,13151,9701,14293,4442,5025,2537,17462,12976,792,5360,21738,8623,2246,150,7475,1,32:24,2024,2025
2024-25,1630533,Ziaire Williams,Ziaire,1610612751,BKN,Brooklyn Nets,22400824,2025-02-24T00:00:00,BKN @ WAS,L,33.68333333333333,6,10,0.6,5,7,0.714,2,2,1.0,1,4,5,0,0,3,0,1,3,4,19,-12,34.0,0,0,35.0,1,13222,13222,13222,4564,5250,8304,5394,492,3100,1861,6020,7446,1,6876,6429,7268,19908,16469,473,8263,17462,18916,2493,4202,22309,5290,2246,150,4250,1,33:41,2024,2025
2024-25,1631213,Tyrese Martin,Tyrese,1610612751,BKN,Brooklyn Nets,22400824,2025-02-24T00:00:00,BKN @ WAS,L,23.3,4,13,0.308,3,7,0.429,4,4,1.0,3,2,5,1,2,2,0,0,0,2,15,0,26.5,0,0,28.0,1,13222,13222,13222,13465,9611,5079,19226,2458,3100,7394,2676,3754,1,1615,13151,7268,14293,4442,1671,8263,1,1,6956,6813,12240,9093,2246,150,7475,1,23:18,2024,2025
2024-25,1630549,Day'Ron Sharpe,Day'Ron,1610612751,BKN,Brooklyn Nets,22400824,2025-02-24T00:00:00,BKN @ WAS,L,17.166666666666668,2,4,0.5,0,0,0.0,3,6,0.5,2,4,6,2,2,0,0,1,3,4,7,4,15.2,0,0,15.0,1,13222,13222,13222,18157,15612,18231,8526,15070,20945,15070,4159,1898,10625,3306,6429,5362,9909,4442,12854,8263,17462,18916,2493,14857,8479,16224,2246,150,15689,1,17:10,2024,2025
2024-25,1630570,Trendon Watford,Trendon,1610612751,BKN,Brooklyn Nets,22400824,2025-02-24T00:00:00,BKN @ WAS,L,22.98333333333333,4,8,0.5,0,1,0.0,3,4,0.75,4,3,7,3,4,1,0,1,5,4,11,-2,22.9,0,0,23.0,1,13222,13222,13222,13735,9611,11288,8526,15070,17631,15070,4159,3754,8186,785,9417,3946,6913,877,5025,8263,17462,25158,2493,10323,14448,11219,2246,150,10339,1,22:59,2024,2025
2024-25,1630553,Keon Johnson,Keon,1610612751,BKN,Brooklyn Nets,22400824,2025-02-24T00:00:00,BKN @ WAS,L,26.066666666666663,4,11,0.364,1,3,0.333,0,0,0.0,0,2,2,5,1,4,1,3,3,2,9,-14,32.9,0,0,27.0,1,13222,13222,13222,11112,9611,7071,16861,8896,11494,9209,13505,14344,13505,14058,13151,16273,3273,8788,123,2537,25707,18916,6956,12445,23203,5774,2246,150,7999,1,26:04,2024,2025
2024-25,1630165,Killian Hayes,Killian,1610612751,BKN,Brooklyn Nets,22400824,2025-02-24T00:00:00,BKN @ WAS,L,24.616666666666667,2,7,0.286,1,3,0.333,2,2,1.0,2,1,3,8,2,2,1,0,3,2,7,-3,29.6,0,0,25.0,1,13222,13222,13222,12359,15612,12910,19630,8896,11494,9209,6020,7446,1,3306,17569,12778,963,4442,1671,2537,1,18916,6956,14857,15511,7359,2246,150,9137,1,24:37,2024,2025
2024-25,1629651,Nic Claxton,Nic,1610612751,BKN,Brooklyn Nets,22400824,2025-02-24T00:00:00,BKN @ WAS,L,30.83333333333333,4,8,0.5,0,1,0.0,0,0,0.0,2,3,5,2,1,2,1,0,4,2,8,-12,25.0,0,0,21.0,1,13222,13222,13222,7013,9611,11288,8526,15070,17631,15070,13505,14344,13505,3306,9417,7268,9909,8788,1671,2537,1,22904,6956,13544,22309,9980,2246,150,11621,1,30:50,2024,2025
2024-25,1630592,Jalen Wilson,Jalen,1610612751,BKN,Brooklyn Nets,22400824,2025-02-24T00:00:00,BKN @ WAS,L,21.933333333333334,2,9,0.222,2,8,0.25,0,1,0.0,0,2,2,2,1,1,0,1,5,0,6,6,13.4,0,0,14.0,1,13222,13222,13222,14543,15612,9700,21205,4949,2050,11902,13505,12810,13505,14058,13151,16273,9909,8788,5025,8263,17462,25158,17725,15937,7002,17421,2246,150,16370,1,21:56,2024,2025
2024-25,1641736,Reece Beekman,Reece,1610612751,BKN,Brooklyn Nets,22400824,2025-02-24T00:00:00,BKN @ WAS,L,7.016666666666667,0,1,0.0,0,1,0.0,0,0,0.0,0,0,0,1,0,0,0,0,0,0,0,4,1.5,0,0,1.0,1,13222,13222,13222,23162,22635,23259,22635,15070,17631,15070,13505,14344,13505,14058,22137,23286,14293,16469,12854,8263,1,1,17725,23200,8479,24554,2246,150,24667,1,7:01,2024,2025
2024-25,1630165,Killian Hayes,Killian,1610612751,BKN,Brooklyn Nets,22400807,2025-02-22T00:00:00,BKN @ PHI,W,26.616666666666667,1,3,0.333,0,0,0.0,1,2,0.5,0,4,4,6,2,0,1,0,1,1,3,3,17.8,0,0,15.0,1,1,1,1,10633,19033,19992,17395,15070,20945,15070,10215,7446,10625,14058,6429,9701,2199,4442,12854,2537,1,6051,11254,19913,9394,14543,2246,150,15689,1,26:37,2024,2025
2024-25,1630592,Jalen Wilson,Jalen,1610612751,BKN,Brooklyn Nets,22400807,2025-02-22T00:00:00,BKN @ PHI,W,22.216666666666665,2,3,0.667,2,3,0.667,2,2,1.0,0,2,2,1,1,1,0,0,0,1,8,-7,13.9,0,0,15.0,1,1,1,1,14337,15612,19992,3281,4949,11494,1957,6020,7446,1,14058,13151,16273,14293,8788,5025,8263,1,1,11254,13544,19141,17066,2246,150,15689,1,22:13,2024,2025
2024-25,1630533,Ziaire Williams,Ziaire,1610612751,BKN,Brooklyn Nets,22400807,2025-02-22T00:00:00,BKN @ PHI,W,29.98333333333333,4,9,0.444,2,6,0.333,1,1,1.0,1,6,7,2,2,0,0,1,4,1,11,8,20.4,0,0,22.0,1,1,1,1,7797,9611,9700,13045,4949,4502,9209,10215,12810,1,6876,2943,3946,9909,4442,12854,8263,17462,22904,11254,10323,5660,12816,2246,150,10998,1,29:59,2024,2025
2024-25,1631213,Tyrese Martin,Tyrese,1610612751,BKN,Brooklyn Nets,22400807,2025-02-22T00:00:00,BKN @ PHI,W,13.05,2,5,0.4,1,3,0.333,0,0,0.0,0,1,1,0,0,1,0,0,0,0,5,1,9.2,0,0,9.0,1,1,1,1,20717,15612,16437,14933,8896,11494,9209,13505,14344,13505,14058,17569,19889,19908,16469,5025,8263,1,1,17725,17323,11263,20210,2246,150,19766,1,13:03,2024,2025
2024-25,1629661,Cameron Johnson,Cameron,1610612751,BKN,Brooklyn Nets,22400807,2025-02-22T00:00:00,BKN @ PHI,W,35.233333333333334,7,17,0.412,1,9,0.111,8,8,1.0,0,4,4,4,3,3,0,0,3,6,23,2,39.8,0,0,38.0,1,1,1,1,3286,3730,2289,14791,8896,1295,15003,481,912,1,14058,6429,9701,4780,2037,473,8263,1,18916,792,2434,10285,3267,2246,150,3270,1,35:14,2024,2025
2024-25,1630553,Keon Johnson,Keon,1610612751,BKN,Brooklyn Nets,22400807,2025-02-22T00:00:00,BKN @ PHI,W,31.1,5,11,0.455,1,3,0.333,0,0,0.0,1,3,4,4,1,3,1,1,4,0,11,3,32.8,0,0,28.0,1,1,1,1,6796,7242,7071,12676,8896,11494,9209,13505,14344,13505,6876,9417,9701,4780,8788,473,2537,17462,22904,17725,10323,9394,5807,2246,150,7475,1,31:06,2024,2025
2024-25,1629651,Nic Claxton,Nic,1610612751,BKN,Brooklyn Nets,22400807,2025-02-22T00:00:00,BKN @ PHI,W,35.85,7,11,0.636,0,0,0.0,2,3,0.667,3,6,9,3,3,0,5,0,1,2,16,2,43.3,0,0,38.0,1,1,1,1,2786,3730,7071,4689,15070,20945,15070,6020,6038,9425,1615,2943,2169,6913,2037,12854,34,1,6051,6956,6070,10285,2422,2246,150,3270,1,35:51,2024,2025
2024-25,1641736,Reece Beekman,Reece,1610612751,BKN,Brooklyn Nets,22400807,2025-02-22T00:00:00,BKN @ PHI,W,9.5,1,3,0.333,0,2,0.0,0,0,0.0,0,0,0,0,1,0,0,0,1,0,2,-3,1.0,0,0,2.0,1,1,1,1,22278,19033,19992,17395,15070,14411,15070,13505,14344,13505,14058,22137,23286,19908,8788,12854,8263,1,6051,17725,21232,15511,25049,2246,150,24066,1,9:30,2024,2025
2024-25,1630549,Day'Ron Sharpe,Day'Ron,1610612751,BKN,Brooklyn Nets,22400807,2025-02-22T00:00:00,BKN @ PHI,W,12.766666666666667,5,6,0.833,0,0,0.0,0,0,0.0,4,3,7,1,1,2,1,0,4,1,10,0,27.9,0,0,24.0,1,1,1,1,20855,7242,14618,1514,15070,20945,15070,13505,14344,13505,785,9417,3946,14293,8788,1671,2537,1,22904,11254,11377,12240,8240,2246,150,9719,1,12:46,2024,2025
2024-25,1630570,Trendon Watford,Trendon,1610612751,BKN,Brooklyn Nets,22400807,2025-02-22T00:00:00,BKN @ PHI,W,23.683333333333334,7,13,0.538,0,2,0.0,2,3,0.667,0,1,1,6,2,0,0,3,1,3,16,1,24.2,0,0,23.0,1,1,1,1,13161,3730,5079,7978,15070,14411,15070,6020,6038,9425,14058,17569,19889,2199,4442,12854,8263,25707,6051,4218,6070,11263,10455,2246,150,10339,1,23:41,2024,2025
2024-25,1630165,Killian Hayes,Killian,1610612751,BKN,Brooklyn Nets,22400791,2025-02-20T00:00:00,BKN vs. CLE,L,21.2,2,6,0.333,0,3,0.0,1,2,0.5,0,1,1,3,0,0,1,0,3,3,5,-7,13.7,0,0,11.0,1,13222,13222,13222,15154,15612,14618,17395,15070,11494,15070,10215,7446,10625,14058,17569,19889,6913,16469,12854,2537,1,18916,4218,17323,19141,17224,2246,150,18464,1,21:12,2024,2025
2024-25,1630549,Day'Ron Sharpe,Day'Ron,1610612751,BKN,Brooklyn Nets,22400791,2025-02-20T00:00:00,BKN vs. CLE,L,19.766666666666666,3,10,0.3,1,2,0.5,0,0,0.0,2,8,10,3,3,1,4,3,3,0,7,-6,35.5,0,0,31.0,1,13222,13222,13222,16206,12449,8304,19363,8896,14411,3944,13505,14344,13505,3306,1271,1549,6913,2037,5025,85,25707,18916,17725,14857,18298,4709,2246,150,5932,1,19:46,2024,2025
2024-25,1630553,Keon Johnson,Keon,1610612751,BKN,Brooklyn Nets,22400791,2025-02-20T00:00:00,BKN vs. CLE,L,26.28333333333333,8,19,0.421,0,6,0.0,0,0,0.0,1,3,4,1,3,1,1,0,2,1,16,-15,25.3,0,0,25.0,1,13222,13222,13222,10915,2561,1432,14442,15070,4502,15070,13505,14344,13505,6876,9417,9701,14293,2037,5025,2537,1,12976,11254,6070,23599,9796,2246,150,9137,1,26:17,2024,2025
2024-25,1629661,Cameron Johnson,Cameron,1610612751,BKN,Brooklyn Nets,22400791,2025-02-20T00:00:00,BKN vs. CLE,L,29.006666666666668,6,11,0.545,3,6,0.5,3,4,0.75,1,2,3,2,0,0,0,0,4,3,18,-16,24.6,0,0,26.0,1,13222,13222,13222,8670,5250,7071,7695,2458,4502,3944,4159,3754,8186,6876,13151,12778,9909,16469,12854,8263,1,22904,4218,4762,23938,10214,2246,150,8551,1,29:00,2024,2025
2024-25,1630533,Ziaire Williams,Ziaire,1610612751,BKN,Brooklyn Nets,22400791,2025-02-20T00:00:00,BKN vs. CLE,L,30.76,3,9,0.333,1,7,0.143,3,3,1.0,1,6,7,2,2,2,1,0,4,2,10,-8,28.4,0,0,26.0,1,13222,13222,13222,7084,12449,9700,17395,8896,3100,14649,4159,6038,1,6876,2943,3946,9909,4442,1671,2537,1,22904,6956,11377,19855,7990,2246,150,8551,1,30:46,2024,2025
2024-25,1641721,Maxwell Lewis,Maxwell,1610612751,BKN,Brooklyn Nets,22400791,2025-02-20T00:00:00,BKN vs. CLE,L,3.1166666666666667,0,1,0.0,0,0,0.0,0,0,0.0,0,1,1,0,0,0,0,0,0,0,0,6,1.2,0,0,1.0,1,13222,13222,13222,24935,22635,23259,22635,15070,20945,15070,13505,14344,13505,14058,17569,19889,19908,16469,12854,8263,1,1,17725,23200,7002,24725,2246,150,24667,1,3:07,2024,2025
2024-25,1630570,Trendon Watford,Trendon,1610612751,BKN,Brooklyn Nets,22400791,2025-02-20T00:00:00,BKN vs. CLE,L,21.35,4,11,0.364,1,1,1.0,4,5,0.8,1,3,4,3,3,0,0,1,2,3,13,-11,19.3,0,0,21.0,1,13222,13222,13222,15033,9611,7071,16861,8896,17631,1,2676,2872,7681,6876,9417,9701,6913,2037,12854,8263,17462,12976,4218,8426,21738,13577,2246,150,11621,1,21:21,2024,2025
2024-25,1630592,Jalen Wilson,Jalen,1610612751,BKN,Brooklyn Nets,22400791,2025-02-20T00:00:00,BKN vs. CLE,L,26.25,4,7,0.571,2,5,0.4,0,0,0.0,2,3,5,2,1,1,0,0,0,1,10,-8,21.0,0,0,21.0,1,13222,13222,13222,10949,9611,12910,6538,4949,6354,7874,13505,14344,13505,3306,9417,7268,9909,8788,5025,8263,1,1,11254,11377,19855,12407,2246,150,11621,1,26:15,2024,2025
2024-25,1626156,D'Angelo Russell,D'Angelo,1610612751,BKN,Brooklyn Nets,22400791,2025-02-20T00:00:00,BKN vs. CLE,L,17.5,1,7,0.143,1,6,0.167,0,0,0.0,0,0,0,5,1,0,0,0,2,1,3,9,9.5,0,0,9.0,1,13222,13222,13222,17920,19033,12910,22260,8896,4502,14236,13505,14344,13505,14058,22137,23286,3273,8788,12854,8263,1,12976,11254,19913,5125,20035,2246,150,19766,1,17:30,2024,2025
2024-25,1631213,Tyrese Martin,Tyrese,1610612751,BKN,Brooklyn Nets,22400791,2025-02-20T00:00:00,BKN vs. CLE,L,16.533333333333335,3,4,0.75,1,2,0.5,0,1,0.0,0,1,1,0,1,0,0,0,0,1,7,-2,7.2,0,0,9.0,1,13222,13222,13222,18580,12449,18231,2107,8896,14411,3944,13505,12810,13505,14058,17569,19889,19908,8788,12854,8263,1,1,11254,14857,14448,21393,2246,150,19766,1,16:32,2024,2025
2024-25,1629651,Nic Claxton,Nic,1610612751,BKN,Brooklyn Nets,22400791,2025-02-20T00:00:00,BKN vs. CLE,L,28.23333333333333,4,10,0.4,0,0,0.0,0,4,0.0,6,3,9,4,1,2,3,1,3,5,8,-7,38.8,0,0,31.0,1,13222,13222,13222,9357,9611,8304,14933,15070,20945,15070,13505,3754,13505,185,9417,2169,4780,8788,1671,252,17462,18916,1447,13544,19141,3575,2246,150,5932,1,28:14,2024,2025
2024-25,1629661,Cameron Johnson,Cameron,1610612751,BKN,Brooklyn Nets,22400772,2025-02-12T00:00:00,BKN vs. PHI,W,32.016666666666666,6,14,0.429,1,5,0.2,3,4,0.75,1,5,6,3,2,3,1,1,1,3,16,2,37.7,0,0,34.0,1,1,1,1,5953,5250,4240,13735,8896,6354,13429,4159,3754,8186,6876,4392,5362,6913,4442,473,2537,17462,6051,4218,6070,10285,3913,2246,150,4638,1,32:01,2024,2025
2024-25,1641736,Reece Beekman,Reece,1610612751,BKN,Brooklyn Nets,22400772,2025-02-12T00:00:00,BKN vs. PHI,W,0.4333333333333333,0,0,0.0,0,0,0.0,0,0,0.0,0,0,0,0,0,0,0,0,0,0,0,-6,0.0,0,0,0.0,1,1,1,1,26218,22635,24836,22635,15070,20945,15070,13505,14344,13505,14058,22137,23286,19908,16469,12854,8263,1,1,17725,23200,18298,25228,2246,150,25259,1,0:26,2024,2025
2024-25,1641787,Tosan Evbuomwan,Tosan,1610612751,BKN,Brooklyn Nets,22400772,2025-02-12T00:00:00,BKN vs. PHI,W,16.566666666666666,1,6,0.167,0,2,0.0,0,0,0.0,2,0,2,2,0,1,0,2,1,2,2,5,10.4,0,0,8.0,1,1,1,1,18554,19033,14618,21938,15070,14411,15070,13505,14344,13505,3306,22137,16273,9909,16469,5025,8263,23925,6051,6956,21232,7737,19434,2246,150,20457,1,16:34,2024,2025
2024-25,1630592,Jalen Wilson,Jalen,1610612751,BKN,Brooklyn Nets,22400772,2025-02-12T00:00:00,BKN vs. PHI,W,21.918333333333333,2,4,0.5,2,4,0.5,0,0,0.0,1,3,4,2,0,0,0,0,2,0,6,3,13.8,0,0,14.0,1,1,1,1,14560,15612,18231,8526,4949,8688,3944,13505,14344,13505,6876,9417,9701,9909,16469,12854,8263,1,12976,17725,15937,9394,17150,2246,150,16370,1,21:55,2024,2025
2024-25,1641727,Dariq Whitehead,Dariq,1610612751,BKN,Brooklyn Nets,22400772,2025-02-12T00:00:00,BKN vs. PHI,W,0.4333333333333333,0,0,0.0,0,0,0.0,0,0,0.0,0,1,1,0,3,0,0,0,0,0,0,-6,-1.8,0,0,1.0,1,1,1,1,26218,22635,24836,22635,15070,20945,15070,13505,14344,13505,14058,17569,19889,19908,2037,12854,8263,1,1,17725,23200,18298,26282,2246,150,24667,1,0:26,2024,2025
2024-25,1630553,Keon Johnson,Keon,1610612751,BKN,Brooklyn Nets,22400772,2025-02-12T00:00:00,BKN vs. PHI,W,29.585,3,9,0.333,0,4,0.0,0,0,0.0,0,5,5,3,0,3,0,0,4,0,6,-6,25.5,0,0,20.0,1,1,1,1,8156,12449,9700,17395,15070,8688,15070,13505,14344,13505,14058,4392,7268,6913,16469,473,8263,1,22904,17725,15937,18298,9681,2246,150,12254,1,29:35,2024,2025
2024-25,1626156,D'Angelo Russell,D'Angelo,1610612751,BKN,Brooklyn Nets,22400772,2025-02-12T00:00:00,BKN vs. PHI,W,26.461666666666662,9,15,0.6,3,7,0.429,1,2,0.5,0,5,5,4,4,1,0,1,3,2,22,8,33.0,0,0,36.0,1,1,1,1,10770,1688,3491,5394,2458,3100,7394,10215,7446,10625,14058,4392,7268,4780,877,5025,8263,17462,18916,6956,2824,5660,5723,2246,150,3901,1,26:28,2024,2025
2024-25,1629651,Nic Claxton,Nic,1610612751,BKN,Brooklyn Nets,22400772,2025-02-12T00:00:00,BKN vs. PHI,W,32.43333333333333,5,12,0.417,0,0,0.0,3,4,0.75,7,4,11,3,3,0,5,3,0,4,13,-1,42.7,1,0,37.0,1,1,1,1,5612,7242,5979,14532,15070,20945,15070,4159,3754,8186,83,6429,1106,6913,2037,12854,34,25707,1,2493,8426,13450,2543,1,150,3591,1,32:26,2024,2025
2024-25,1641721,Maxwell Lewis,Maxwell,1610612751,BKN,Brooklyn Nets,22400772,2025-02-12T00:00:00,BKN vs. PHI,W,0.4333333333333333,0,0,0.0,0,0,0.0,0,0,0.0,0,0,0,0,0,0,0,0,0,0,0,-6,0.0,0,0,0.0,1,1,1,1,26218,22635,24836,22635,15070,20945,15070,13505,14344,13505,14058,22137,23286,19908,16469,12854,8263,1,1,17725,23200,18298,25228,2246,150,25259,1,0:26,2024,2025
2024-25,1630549,Day'Ron Sharpe,Day'Ron,1610612751,BKN,Brooklyn Nets,22400772,2025-02-12T00:00:00,BKN vs. PHI,W,14.913333333333334,4,6,0.667,0,0,0.0,0,0,0.0,4,5,9,2,3,1,0,1,2,0,8,13,21.8,0,0,21.0,1,1,1,1,19629,9611,14618,3281,15070,20945,15070,13505,14344,13505,785,4392,2169,9909,2037,5025,8263,17462,12976,17725,13544,3250,11881,2246,150,11621,1,14:55,2024,2025
2024-25,1631213,Tyrese Martin,Tyrese,1610612751,BKN,Brooklyn Nets,22400772,2025-02-12T00:00:00,BKN vs. PHI,W,14.633333333333333,1,5,0.2,1,4,0.25,0,0,0.0,1,2,3,1,0,1,0,0,1,0,3,4,11.1,0,0,10.0,1,1,1,1,19803,19033,16437,21401,8896,8688,11902,13505,14344,13505,6876,13151,12778,14293,16469,5025,8263,1,6051,17725,19913,8479,18988,2246,150,19152,1,14:38,2024,2025
2024-25,1630570,Trendon Watford,Trendon,1610612751,BKN,Brooklyn Nets,22400772,2025-02-12T00:00:00,BKN vs. PHI,W,24.33333333333333,7,8,0.875,0,0,0.0,4,4,1.0,0,1,1,2,1,3,1,0,2,3,18,5,33.2,0,0,29.0,1,1,1,1,12619,3730,11288,1353,15070,20945,15070,2676,3754,1,14058,17569,19889,9909,8788,473,2537,1,12976,4218,4762,7737,5623,2246,150,6953,1,24:20,2024,2025
2024-25,1630533,Ziaire Williams,Ziaire,1610612751,BKN,Brooklyn Nets,22400772,2025-02-12T00:00:00,BKN vs. PHI,W,25.83833333333333,2,6,0.333,1,4,0.25,1,1,1.0,0,3,3,1,0,0,0,1,2,1,6,5,11.1,0,0,11.0,1,1,1,1,11304,15612,14618,17395,8896,8688,11902,10215,12810,1,14058,9417,12778,14293,16469,12854,8263,17462,12976,11254,15937,7737,18988,2246,150,18464,1,25:50,2024,2025
2024-25,1630549,Day'Ron Sharpe,Day'Ron,1610612751,BKN,Brooklyn Nets,22400758,2025-02-10T00:00:00,BKN vs. CHA,W,19.28333333333333,7,12,0.583,0,0,0.0,0,0,0.0,7,2,9,2,3,0,1,1,1,1,14,16,27.8,0,0,27.0,1,1,1,1,16596,3730,5979,6296,15070,20945,15070,13505,14344,13505,83,13151,2169,9909,2037,12854,2537,17462,6051,11254,7553,2243,8309,2246,150,7999,1,19:17,2024,2025
2024-25,1630533,Ziaire Williams,Ziaire,1610612751,BKN,Brooklyn Nets,22400758,2025-02-10T00:00:00,BKN vs. CHA,W,21.716666666666665,3,8,0.375,2,5,0.4,3,4,0.75,1,4,5,3,0,1,0,0,3,2,11,12,24.5,0,0,23.0,1,1,1,1,14741,12449,11288,16299,4949,6354,7874,4159,3754,8186,6876,6429,7268,6913,16469,5025,8263,1,18916,6956,10323,3654,10279,2246,150,10339,1,21:43,2024,2025
2024-25,1629651,Nic Claxton,Nic,1610612751,BKN,Brooklyn Nets,22400758,2025-02-10T00:00:00,BKN vs. CHA,W,23.866666666666667,8,13,0.615,0,0,0.0,0,0,0.0,3,1,4,1,1,2,2,0,2,0,16,2,33.3,0,0,29.0,1,1,1,1,13016,2561,5079,5246,15070,20945,15070,13505,14344,13505,1615,17569,9701,14293,8788,1671,808,1,12976,17725,6070,10285,5573,2246,150,6953,1,23:52,2024,2025
2024-25,1629661,Cameron Johnson,Cameron,1610612751,BKN,Brooklyn Nets,22400758,2025-02-10T00:00:00,BKN vs. CHA,W,25.433333333333334,5,9,0.556,2,6,0.333,2,2,1.0,3,2,5,3,0,0,1,0,1,1,14,13,27.5,0,0,26.0,1,1,1,1,11634,7242,9700,7248,4949,4502,9209,6020,7446,1,1615,13151,7268,6913,16469,12854,2537,1,6051,11254,7553,3250,8499,2246,150,8551,1,25:26,2024,2025
2024-25,1630570,Trendon Watford,Trendon,1610612751,BKN,Brooklyn Nets,22400758,2025-02-10T00:00:00,BKN vs. CHA,W,20.35,4,8,0.5,3,5,0.6,2,2,1.0,0,2,2,4,0,0,0,1,4,2,13,26,21.4,0,0,22.0,1,1,1,1,15748,9611,11288,8526,2458,6354,2992,6020,7446,1,14058,13151,16273,4780,16469,12854,8263,17462,22904,6956,8426,449,12139,2246,150,10998,1,20:21,2024,2025
2024-25,1630592,Jalen Wilson,Jalen,1610612751,BKN,Brooklyn Nets,22400758,2025-02-10T00:00:00,BKN vs. CHA,W,27.266666666666666,1,7,0.143,0,5,0.0,0,0,0.0,1,5,6,2,3,0,1,0,2,0,2,-3,12.2,0,0,12.0,1,1,1,1,10130,19033,12910,22260,15070,6354,15070,13505,14344,13505,6876,4392,5362,9909,2037,12854,2537,1,12976,17725,21232,15511,18251,2246,150,17796,1,27:16,2024,2025
2024-25,1630553,Keon Johnson,Keon,1610612751,BKN,Brooklyn Nets,22400758,2025-02-10T00:00:00,BKN vs. CHA,W,26.58333333333333,2,12,0.167,1,6,0.167,0,0,0.0,1,3,4,1,2,0,1,3,1,1,5,-7,12.3,0,0,13.0,1,1,1,1,10652,15612,5979,21938,8896,4502,14236,13505,14344,13505,6876,9417,9701,14293,4442,12854,2537,25707,6051,11254,17323,19141,18201,2246,150,17050,1,26:35,2024,2025
2024-25,1641787,Tosan Evbuomwan,Tosan,1610612751,BKN,Brooklyn Nets,22400758,2025-02-10T00:00:00,BKN vs. CHA,W,26.23333333333333,2,7,0.286,1,4,0.25,2,2,1.0,2,4,6,1,1,3,0,2,2,1,7,0,23.7,0,0,21.0,1,1,1,1,10963,15612,12910,19630,8896,8688,11902,6020,7446,1,3306,6429,5362,14293,8788,473,8263,23925,12976,11254,14857,12240,10748,2246,150,11621,1,26:14,2024,2025
2024-25,1626156,D'Angelo Russell,D'Angelo,1610612751,BKN,Brooklyn Nets,22400758,2025-02-10T00:00:00,BKN vs. CHA,W,22.8,4,12,0.333,1,7,0.143,2,2,1.0,1,2,3,4,3,1,0,0,2,1,11,-8,20.6,0,0,21.0,1,1,1,1,13875,9611,5979,17395,8896,3100,14649,6020,7446,1,6876,13151,12778,4780,2037,5025,8263,1,12976,11254,10323,19855,12684,2246,150,11621,1,22:48,2024,2025
2024-25,1641736,Reece Beekman,Reece,1610612751,BKN,Brooklyn Nets,22400758,2025-02-10T00:00:00,BKN vs. CHA,W,4.85,0,1,0.0,0,1,0.0,0,0,0.0,0,0,0,0,1,0,0,0,3,0,0,-10,-1.0,0,0,0.0,1,1,1,1,24045,22635,23259,22635,15070,17631,15070,13505,14344,13505,14058,22137,23286,19908,8788,12854,8263,1,18916,17725,23200,21147,26163,2246,150,25259,1,4:51,2024,2025
2024-25,1631213,Tyrese Martin,Tyrese,1610612751,BKN,Brooklyn Nets,22400758,2025-02-10T00:00:00,BKN vs. CHA,W,21.616666666666667,1,4,0.25,0,3,0.0,2,2,1.0,0,3,3,3,2,3,0,0,3,1,4,-1,19.1,0,0,16.0,1,1,1,1,14834,19033,18231,20233,15070,11494,15070,6020,7446,1,14058,9417,12778,6913,4442,473,8263,1,18916,11254,18599,13450,13700,2246,150,14948,1,21:37,2024,2025
2024-25,1630533,Ziaire Williams,Ziaire,1610612751,BKN,Brooklyn Nets,22400737,2025-02-07T00:00:00,BKN vs. MIA,W,32.46666666666667,3,6,0.5,2,5,0.4,0,0,0.0,2,7,9,3,2,2,0,0,0,0,8,18,27.3,0,0,26.0,1,1,1,1,5579,12449,14618,8526,4949,6354,7874,13505,14344,13505,3306,1947,2169,6913,4442,1671,8263,1,1,17725,13544,1677,8623,2246,150,8551,1,32:28,2024,2025
2024-25,1630553,Keon Johnson,Keon,1610612751,BKN,Brooklyn Nets,22400737,2025-02-07T00:00:00,BKN vs. MIA,W,23.266666666666666,4,12,0.333,1,5,0.2,2,2,1.0,3,5,8,1,1,1,2,0,1,1,11,1,30.1,0,0,27.0,1,1,1,1,13494,9611,5979,17395,8896,6354,13429,6020,7446,1,1615,4392,2934,14293,8788,5025,808,1,6051,11254,10323,11263,7114,2246,150,7999,1,23:16,2024,2025
2024-25,1631213,Tyrese Martin,Tyrese,1610612751,BKN,Brooklyn Nets,22400737,2025-02-07T00:00:00,BKN vs. MIA,W,20.7,1,5,0.2,0,4,0.0,0,0,0.0,0,5,5,1,3,0,0,0,2,0,2,9,6.5,0,0,8.0,1,1,1,1,15489,19033,16437,21401,15070,8688,15070,13505,14344,13505,14058,4392,7268,14293,2037,12854,8263,1,12976,17725,21232,5125,21818,2246,150,20457,1,20:42,2024,2025
2024-25,1630592,Jalen Wilson,Jalen,1610612751,BKN,Brooklyn Nets,22400737,2025-02-07T00:00:00,BKN vs. MIA,W,17.083333333333332,3,8,0.375,1,4,0.25,1,2,0.5,4,0,4,0,1,0,0,0,1,1,8,0,11.8,0,0,13.0,1,1,1,1,18209,12449,11288,16299,8896,8688,11902,10215,7446,10625,785,22137,9701,19908,8788,12854,8263,1,6051,11254,13544,12240,18542,2246,150,17050,1,17:05,2024,2025
2024-25,1641787,Tosan Evbuomwan,Tosan,1610612751,BKN,Brooklyn Nets,22400737,2025-02-07T00:00:00,BKN vs. MIA,W,20.116666666666667,1,6,0.167,0,2,0.0,3,4,0.75,1,2,3,2,0,0,2,0,1,2,5,14,17.6,0,0,14.0,1,1,1,1,15932,19033,14618,21938,15070,14411,15070,4159,3754,8186,6876,13151,12778,9909,16469,12854,808,1,6051,6956,17323,2867,14672,2246,150,16370,1,20:07,2024,2025
2024-25,1629661,Cameron Johnson,Cameron,1610612751,BKN,Brooklyn Nets,22400737,2025-02-07T00:00:00,BKN vs. MIA,W,29.98333333333333,6,12,0.5,3,6,0.5,3,4,0.75,2,4,6,3,1,0,1,0,1,3,18,4,31.7,0,0,32.0,1,1,1,1,7797,5250,5979,8526,2458,4502,3944,4159,3754,8186,3306,6429,5362,6913,8788,12854,2537,1,6051,4218,4762,8479,6320,2246,150,5433,1,29:59,2024,2025
2024-25,1629651,Nic Claxton,Nic,1610612751,BKN,Brooklyn Nets,22400737,2025-02-07T00:00:00,BKN vs. MIA,W,30.866666666666667,6,12,0.5,0,0,0.0,0,0,0.0,4,6,10,1,2,2,4,2,3,4,12,8,41.5,1,0,35.0,1,1,1,1,6979,5250,5979,8526,15070,20945,15070,13505,14344,13505,785,2943,1549,14293,4442,1671,85,23925,18916,2493,9299,5660,2846,1,150,4250,1,30:52,2024,2025
2024-25,1630549,Day'Ron Sharpe,Day'Ron,1610612751,BKN,Brooklyn Nets,22400737,2025-02-07T00:00:00,BKN vs. MIA,W,17.133333333333333,4,6,0.667,0,0,0.0,1,1,1.0,2,4,6,2,1,0,2,2,3,1,9,8,24.2,0,0,21.0,1,1,1,1,18175,9611,14618,3281,15070,20945,15070,10215,12810,1,3306,6429,5362,9909,8788,12854,808,23925,18916,11254,12445,5660,10455,2246,150,11621,1,17:08,2024,2025
2024-25,1630570,Trendon Watford,Trendon,1610612751,BKN,Brooklyn Nets,22400737,2025-02-07T00:00:00,BKN vs. MIA,W,22.133333333333333,6,11,0.545,0,1,0.0,0,0,0.0,0,4,4,3,1,1,1,1,0,1,12,19,26.3,0,0,23.0,1,1,1,1,14393,5250,7071,7695,15070,17631,15070,13505,14344,13505,14058,6429,9701,6913,8788,5025,2537,17462,1,11254,9299,1456,9203,2246,150,10339,1,22:08,2024,2025
2024-25,1626156,D'Angelo Russell,D'Angelo,1610612751,BKN,Brooklyn Nets,22400737,2025-02-07T00:00:00,BKN vs. MIA,W,26.25,5,15,0.333,3,10,0.3,4,5,0.8,0,2,2,1,2,2,1,0,3,6,17,-1,27.9,0,0,29.0,1,1,1,1,10949,7242,3491,17395,2458,829,11319,2676,2872,7681,14058,13151,16273,14293,4442,1671,2537,1,18916,792,5360,13450,8240,2246,150,6953,1,26:15,2024,2025
2024-25,1641736,Reece Beekman,Reece,1610612751,BKN,Brooklyn Nets,22400720,2025-02-05T00:00:00,BKN vs. WAS,L,13.783333333333331,0,2,0.0,0,1,0.0,1,2,0.5,0,0,0,2,1,1,0,0,1,2,1,0,6.0,0,0,5.0,1,13222,13222,13222,20310,22635,21660,22635,15070,17631,15070,10215,7446,10625,14058,22137,23286,9909,8788,5025,8263,1,6051,6956,22996,12240,22098,2246,150,22358,1,13:47,2024,2025
2024-25,1626156,D'Angelo Russell,D'Angelo,1610612751,BKN,Brooklyn Nets,22400720,2025-02-05T00:00:00,BKN vs. WAS,L,15.903333333333334,2,7,0.286,0,3,0.0,1,2,0.5,0,0,0,2,4,0,0,0,1,3,5,-9,4.0,0,0,7.0,1,13222,13222,13222,18997,15612,12910,19630,15070,11494,15070,10215,7446,10625,14058,22137,23286,9909,877,12854,8263,1,6051,4218,17323,20535,23284,2246,150,21087,1,15:54,2024,2025
2024-25,1630553,Keon Johnson,Keon,1610612751,BKN,Brooklyn Nets,22400720,2025-02-05T00:00:00,BKN vs. WAS,L,32.23166666666667,9,18,0.5,4,9,0.444,3,3,1.0,2,4,6,3,0,2,0,1,3,3,25,-15,42.7,0,0,42.0,1,13222,13222,13222,5789,1688,1822,8526,1130,1295,7211,4159,6038,1,3306,6429,5362,6913,16469,1671,8263,17462,18916,4218,1828,23599,2543,2246,150,2239,1,32:14,2024,2025
2024-25,1629661,Cameron Johnson,Cameron,1610612751,BKN,Brooklyn Nets,22400720,2025-02-05T00:00:00,BKN vs. WAS,L,24.716666666666665,5,13,0.385,3,9,0.333,4,4,1.0,1,2,3,2,1,0,0,0,1,4,17,-25,22.6,0,0,25.0,1,13222,13222,13222,12256,7242,5079,16070,2458,1295,9209,2676,3754,1,6876,13151,12778,9909,8788,12854,8263,1,6051,2493,5360,25842,11392,2246,150,9137,1,24:43,2024,2025
2024-25,1631213,Tyrese Martin,Tyrese,1610612751,BKN,Brooklyn Nets,22400720,2025-02-05T00:00:00,BKN vs. WAS,L,19.02833333333333,2,5,0.4,2,5,0.4,2,2,1.0,1,1,2,2,1,0,0,0,3,1,8,1,12.4,0,0,14.0,1,13222,13222,13222,16803,15612,16437,14933,4949,6354,7874,6020,7446,1,6876,17569,16273,9909,8788,12854,8263,1,18916,11254,13544,11263,18115,2246,150,16370,1,19:02,2024,2025
2024-25,1630533,Ziaire Williams,Ziaire,1610612751,BKN,Brooklyn Nets,22400720,2025-02-05T00:00:00,BKN vs. WAS,L,18.4,1,8,0.125,0,3,0.0,2,2,1.0,2,1,3,0,0,0,0,2,2,2,4,-16,7.6,0,0,7.0,1,13222,13222,13222,17275,19033,11288,22420,15070,11494,15070,6020,7446,1,3306,17569,12778,19908,16469,12854,8263,23925,12976,6956,18599,23938,21158,2246,150,21087,1,18:24,2024,2025
2024-25,1630549,Day'Ron Sharpe,Day'Ron,1610612751,BKN,Brooklyn Nets,22400720,2025-02-05T00:00:00,BKN vs. WAS,L,16.34,5,7,0.714,1,1,1.0,0,0,0.0,2,2,4,2,2,1,0,0,3,0,11,7,19.8,0,0,20.0,1,13222,13222,13222,18701,7242,12910,2752,8896,17631,1,13505,14344,13505,3306,13151,9701,9909,4442,5025,8263,1,18916,17725,10323,6330,13241,2246,150,12254,1,16:20,2024,2025
2024-25,1641787,Tosan Evbuomwan,Tosan,1610612751,BKN,Brooklyn Nets,22400720,2025-02-05T00:00:00,BKN vs. WAS,L,27.33,6,11,0.545,1,3,0.333,2,4,0.5,1,4,5,1,0,0,1,0,3,2,15,-8,25.5,0,0,24.0,1,13222,13222,13222,10083,5250,7071,7695,8896,11494,9209,6020,3754,10625,6876,6429,7268,14293,16469,12854,2537,1,18916,6956,6813,19855,9681,2246,150,9719,1,27:20,2024,2025
2024-25,1629651,Nic Claxton,Nic,1610612751,BKN,Brooklyn Nets,22400720,2025-02-05T00:00:00,BKN vs. WAS,L,24.45,2,3,0.667,0,0,0.0,1,2,0.5,1,5,6,2,0,0,2,0,0,2,5,-26,21.2,0,0,17.0,1,13222,13222,13222,12529,15612,19992,3281,15070,20945,15070,10215,7446,10625,6876,4392,5362,9909,16469,12854,808,1,1,6956,17323,25937,12273,2246,150,14250,1,24:27,2024,2025
2024-25,1627732,Ben Simmons,Ben,1610612751,BKN,Brooklyn Nets,22400720,2025-02-05T00:00:00,BKN vs. WAS,L,18.28333333333333,2,5,0.4,0,0,0.0,0,0,0.0,1,4,5,6,0,1,0,0,1,1,4,-6,22.0,0,0,17.0,1,13222,13222,13222,17380,15612,16437,14933,15070,20945,15070,13505,14344,13505,6876,6429,7268,2199,16469,5025,8263,1,6051,11254,18599,18298,11755,2246,150,14250,1,18:17,2024,2025
2024-25,1630592,Jalen Wilson,Jalen,1610612751,BKN,Brooklyn Nets,22400720,2025-02-05T00:00:00,BKN vs. WAS,L,29.53333333333333,2,4,0.5,2,4,0.5,1,2,0.5,1,2,3,4,1,2,0,0,2,1,7,12,21.6,0,0,20.0,1,13222,13222,13222,8194,15612,18231,8526,4949,8688,3944,10215,7446,10625,6876,13151,12778,4780,8788,1671,8263,1,12976,11254,14857,3654,12003,2246,150,12254,1,29:32,2024,2025
2024-25,1630570,Trendon Watford,Trendon,1610612751,BKN,Brooklyn Nets,22400711,2025-02-04T00:00:00,BKN vs. HOU,W,19.133333333333333,2,6,0.333,0,1,0.0,0,0,0.0,1,2,3,2,2,0,0,2,3,3,4,8,8.6,0,0,9.0,1,1,1,1,16723,15612,14618,17395,15070,17631,15070,13505,14344,13505,6876,13151,12778,9909,4442,12854,8263,23925,18916,4218,18599,5660,20607,2246,150,19766,1,19:08,2024,2025
2024-25,1630553,Keon Johnson,Keon,1610612751,BKN,Brooklyn Nets,22400711,2025-02-04T00:00:00,BKN vs. HOU,W,29.133333333333333,7,16,0.438,3,6,0.5,5,6,0.833,2,2,4,2,0,2,1,1,3,4,22,-3,38.8,0,0,37.0,1,1,1,1,8558,3730,2836,13558,2458,4502,3944,1817,1898,7275,3306,13151,9701,9909,16469,1671,2537,17462,18916,2493,2824,15511,3575,2246,150,3591,1,29:08,2024,2025
2024-25,1641787,Tosan Evbuomwan,Tosan,1610612751,BKN,Brooklyn Nets,22400711,2025-02-04T00:00:00,BKN vs. HOU,W,27.666666666666668,7,11,0.636,0,1,0.0,0,0,0.0,1,3,4,4,2,2,0,1,4,1,14,7,28.8,0,0,26.0,1,1,1,1,9822,3730,7071,4689,15070,17631,15070,13505,14344,13505,6876,9417,9701,4780,4442,1671,8263,17462,22904,11254,7553,6330,7764,2246,150,8551,1,27:40,2024,2025
2024-25,1630533,Ziaire Williams,Ziaire,1610612751,BKN,Brooklyn Nets,22400711,2025-02-04T00:00:00,BKN vs. HOU,W,29.85,2,5,0.4,2,4,0.5,2,2,1.0,1,6,7,1,2,0,2,0,2,2,8,-8,21.9,0,0,22.0,1,1,1,1,7920,15612,16437,14933,4949,8688,3944,6020,7446,1,6876,2943,3946,14293,4442,12854,808,1,12976,6956,13544,19855,11822,2246,150,10998,1,29:51,2024,2025
2024-25,1630549,Day'Ron Sharpe,Day'Ron,1610612751,BKN,Brooklyn Nets,22400711,2025-02-04T00:00:00,BKN vs. HOU,W,20.216666666666665,3,4,0.75,0,0,0.0,2,2,1.0,3,0,3,4,2,2,3,1,5,1,8,-4,30.6,0,0,25.0,1,1,1,1,15849,12449,18231,2107,15070,20945,15070,6020,7446,1,1615,22137,12778,4780,4442,1671,252,17462,25158,11254,13544,16449,6876,2246,150,9137,1,20:13,2024,2025
2024-25,1630592,Jalen Wilson,Jalen,1610612751,BKN,Brooklyn Nets,22400711,2025-02-04T00:00:00,BKN vs. HOU,W,18.1,3,5,0.6,1,2,0.5,0,1,0.0,1,1,2,1,0,0,0,0,1,0,7,-10,10.9,0,0,11.0,1,1,1,1,17498,12449,16437,5394,8896,14411,3944,13505,12810,13505,6876,17569,16273,14293,16469,12854,8263,1,6051,17725,14857,21147,19118,2246,150,18464,1,18:06,2024,2025
2024-25,1641736,Reece Beekman,Reece,1610612751,BKN,Brooklyn Nets,22400711,2025-02-04T00:00:00,BKN vs. HOU,W,21.633333333333333,1,4,0.25,0,1,0.0,0,0,0.0,0,2,2,4,1,2,0,0,1,1,2,11,15.4,0,0,12.0,1,1,1,1,14814,19033,18231,20233,15070,17631,15070,13505,14344,13505,14058,13151,16273,4780,8788,1671,8263,1,6051,11254,21232,4119,16104,2246,150,17796,1,21:38,2024,2025
2024-25,1626156,D'Angelo Russell,D'Angelo,1610612751,BKN,Brooklyn Nets,22400711,2025-02-04T00:00:00,BKN vs. HOU,W,26.17,3,15,0.2,2,7,0.286,2,3,0.667,1,3,4,5,1,2,1,1,2,2,10,-7,30.3,0,0,27.0,1,1,1,1,11031,12449,3491,21401,4949,3100,11433,6020,6038,9425,6876,9417,9701,3273,8788,1671,2537,17462,12976,6956,11377,19141,7033,2246,150,7999,1,26:10,2024,2025
2024-25,1631213,Tyrese Martin,Tyrese,1610612751,BKN,Brooklyn Nets,22400711,2025-02-04T00:00:00,BKN vs. HOU,W,20.313333333333333,3,6,0.5,2,5,0.4,2,2,1.0,0,6,6,1,1,0,0,0,1,1,10,10,17.7,0,0,19.0,1,1,1,1,15783,12449,14618,8526,4949,6354,7874,6020,7446,1,14058,2943,5362,14293,8788,12854,8263,1,6051,11254,11377,4588,14610,2246,150,12913,1,20:19,2024,2025
2024-25,1629651,Nic Claxton,Nic,1610612751,BKN,Brooklyn Nets,22400711,2025-02-04T00:00:00,BKN vs. HOU,W,27.78333333333333,7,10,0.7,0,0,0.0,0,1,0.0,0,4,4,2,2,0,2,0,3,3,14,6,25.8,0,0,24.0,1,1,1,1,9729,3730,8304,3045,15070,20945,15070,13505,12810,13505,14058,6429,9701,9909,4442,12854,808,1,18916,4218,7553,7002,9500,2246,150,9719,1,27:47,2024,2025
2024-25,1626156,D'Angelo Russell,D'Angelo,1610612751,BKN,Brooklyn Nets,22400689,2025-02-01T00:00:00,BKN @ HOU,W,25.716666666666665,6,14,0.429,3,8,0.375,3,4,0.75,0,1,1,3,1,0,2,0,1,4,18,18,28.7,0,0,29.0,1,1,1,1,11386,5250,4240,13735,2458,2050,8800,4159,3754,8186,14058,17569,19889,6913,8788,12854,808,1,6051,2493,4762,1677,7835,2246,150,6953,1,25:43,2024,2025
2024-25,1641787,Tosan Evbuomwan,Tosan,1610612751,BKN,Brooklyn Nets,22400689,2025-02-01T00:00:00,BKN @ HOU,W,26.85,3,6,0.5,1,1,1.0,0,0,0.0,1,1,2,4,0,0,0,0,1,0,7,-4,15.4,0,0,14.0,1,1,1,1,10452,12449,14618,8526,8896,17631,1,13505,14344,13505,6876,17569,16273,4780,16469,12854,8263,1,6051,17725,14857,16449,16104,2246,150,16370,1,26:51,2024,2025
2024-25,1630592,Jalen Wilson,Jalen,1610612751,BKN,Brooklyn Nets,22400689,2025-02-01T00:00:00,BKN @ HOU,W,32.766666666666666,5,9,0.556,1,3,0.333,2,3,0.667,1,6,7,2,1,1,0,1,0,4,13,7,26.4,0,0,25.0,1,1,1,1,5353,7242,9700,7248,8896,11494,9209,6020,6038,9425,6876,2943,3946,9909,8788,5025,8263,17462,1,2493,8426,6330,9150,2246,150,9137,1,32:46,2024,2025
2024-25,1630549,Day'Ron Sharpe,Day'Ron,1610612751,BKN,Brooklyn Nets,22400689,2025-02-01T00:00:00,BKN @ HOU,W,16.735,6,8,0.75,1,1,1.0,0,0,0.0,2,2,4,2,1,0,1,1,5,0,13,8,22.8,0,0,22.0,1,1,1,1,18431,5250,11288,2107,8896,17631,1,13505,14344,13505,3306,13151,9701,9909,8788,12854,2537,17462,25158,17725,8426,5660,11277,2246,150,10998,1,16:44,2024,2025
2024-25,1627732,Ben Simmons,Ben,1610612751,BKN,Brooklyn Nets,22400689,2025-02-01T00:00:00,BKN @ HOU,W,23.565,1,4,0.25,0,0,0.0,0,0,0.0,2,3,5,4,1,0,1,0,2,1,2,5,16.0,0,0,13.0,1,1,1,1,13270,19033,18231,20233,15070,20945,15070,13505,14344,13505,3306,9417,7268,4780,8788,12854,2537,1,12976,11254,21232,7737,15742,2246,150,17050,1,23:34,2024,2025
2024-25,1630553,Keon Johnson,Keon,1610612751,BKN,Brooklyn Nets,22400689,2025-02-01T00:00:00,BKN @ HOU,W,33.733333333333334,3,9,0.333,2,6,0.333,5,7,0.714,1,8,9,5,2,0,1,1,1,5,13,8,32.3,0,0,31.0,1,1,1,1,4498,12449,9700,17395,4949,4502,9209,1817,1377,9244,6876,1271,2169,3273,4442,12854,2537,17462,6051,1447,8426,5660,6039,2246,150,5932,1,33:44,2024,2025
2024-25,1630570,Trendon Watford,Trendon,1610612751,BKN,Brooklyn Nets,22400689,2025-02-01T00:00:00,BKN @ HOU,W,15.233333333333333,3,8,0.375,0,2,0.0,0,2,0.0,2,3,5,1,3,2,0,0,2,3,6,5,16.5,0,0,16.0,1,1,1,1,19417,12449,11288,16299,15070,14411,15070,13505,7446,13505,3306,9417,7268,14293,2037,1671,8263,1,12976,4218,15937,7737,15409,2246,150,14948,1,15:14,2024,2025
2024-25,1629651,Nic Claxton,Nic,1610612751,BKN,Brooklyn Nets,22400689,2025-02-01T00:00:00,BKN @ HOU,W,28.633333333333333,8,14,0.571,0,0,0.0,1,2,0.5,1,4,5,2,1,1,1,2,3,2,17,-2,31.0,0,0,28.0,1,1,1,1,8997,2561,4240,6538,15070,20945,15070,10215,7446,10625,6876,6429,7268,9909,8788,5025,2537,23925,18916,6956,5360,14448,6686,2246,150,7475,1,28:38,2024,2025
2024-25,1630533,Ziaire Williams,Ziaire,1610612751,BKN,Brooklyn Nets,22400689,2025-02-01T00:00:00,BKN @ HOU,W,36.766666666666666,8,15,0.533,2,6,0.333,3,3,1.0,3,5,8,1,0,1,2,1,1,1,21,15,41.1,0,0,38.0,1,1,1,1,2141,2561,3491,8140,4949,4502,9209,4159,6038,1,1615,4392,2934,14293,16469,5025,808,17462,6051,11254,3254,2549,2944,2246,150,3270,1,36:46,2024,2025
2024-25,1641736,Reece Beekman,Reece,1610612751,BKN,Brooklyn Nets,22400663,2025-01-29T00:00:00,BKN @ CHA,W,10.483333333333333,1,2,0.5,0,0,0.0,0,0,0.0,0,0,0,2,0,2,0,0,2,0,2,1,11.0,0,0,8.0,1,1,1,1,21925,19033,21660,8526,15070,20945,15070,13505,14344,13505,14058,22137,23286,9909,16469,1671,8263,1,12976,17725,21232,11263,19045,2246,150,20457,1,10:29,2024,2025
2024-25,1627732,Ben Simmons,Ben,1610612751,BKN,Brooklyn Nets,22400663,2025-01-29T00:00:00,BKN @ CHA,W,23.326666666666668,4,6,0.667,0,0,0.0,2,3,0.667,0,2,2,6,3,1,0,0,4,3,10,3,21.4,0,0,20.0,1,1,1,1,13447,9611,14618,3281,15070,20945,15070,6020,6038,9425,14058,13151,16273,2199,2037,5025,8263,1,22904,4218,11377,9394,12139,2246,150,12254,1,23:20,2024,2025
2024-25,1630592,Jalen Wilson,Jalen,1610612751,BKN,Brooklyn Nets,22400663,2025-01-29T00:00:00,BKN @ CHA,W,34.7,5,8,0.625,3,5,0.6,2,2,1.0,0,1,1,1,0,0,0,0,2,1,15,14,17.7,0,0,20.0,1,1,1,1,3691,7242,11288,4899,2458,6354,2992,6020,7446,1,14058,17569,19889,14293,16469,12854,8263,1,12976,11254,6813,2867,14610,2246,150,12254,1,34:42,2024,2025
2024-25,1630570,Trendon Watford,Trendon,1610612751,BKN,Brooklyn Nets,22400663,2025-01-29T00:00:00,BKN @ CHA,W,17.833333333333332,4,9,0.444,1,2,0.5,0,0,0.0,0,4,4,2,0,0,0,1,2,0,9,13,16.8,0,0,16.0,1,1,1,1,17681,9611,9700,13045,8896,14411,3944,13505,14344,13505,14058,6429,9701,9909,16469,12854,8263,17462,12976,17725,12445,3250,15212,2246,150,14948,1,17:50,2024,2025
2024-25,1630549,Day'Ron Sharpe,Day'Ron,1610612751,BKN,Brooklyn Nets,22400663,2025-01-29T00:00:00,BKN @ CHA,W,10.05,2,5,0.4,0,1,0.0,1,1,1.0,2,4,6,1,0,0,0,1,1,1,5,6,13.7,0,0,12.0,1,1,1,1,22090,15612,16437,14933,15070,17631,15070,10215,12810,1,3306,6429,5362,14293,16469,12854,8263,17462,6051,11254,17323,7002,17224,2246,150,17796,1,10:03,2024,2025
2024-25,1641787,Tosan Evbuomwan,Tosan,1610612751,BKN,Brooklyn Nets,22400663,2025-01-29T00:00:00,BKN @ CHA,W,30.166666666666668,4,8,0.5,3,5,0.6,3,4,0.75,0,4,4,1,1,1,0,1,2,3,14,22,22.3,0,0,24.0,1,1,1,1,7621,9611,11288,8526,2458,6354,2992,4159,3754,8186,14058,6429,9701,14293,8788,5025,8263,17462,12976,4218,7553,894,11570,2246,150,9719,1,30:10,2024,2025
2024-25,1626156,D'Angelo Russell,D'Angelo,1610612751,BKN,Brooklyn Nets,22400663,2025-01-29T00:00:00,BKN @ CHA,W,21.506666666666668,3,8,0.375,0,5,0.0,0,0,0.0,2,5,7,7,2,2,1,0,1,2,6,16,31.9,0,0,26.0,1,1,1,1,14932,12449,11288,16299,15070,6354,15070,13505,14344,13505,3306,4392,3946,1463,4442,1671,2537,1,6051,6956,15937,2243,6220,2246,150,8551,1,21:30,2024,2025
2024-25,1629651,Nic Claxton,Nic,1610612751,BKN,Brooklyn Nets,22400663,2025-01-29T00:00:00,BKN @ CHA,W,27.866666666666667,4,6,0.667,0,1,0.0,4,6,0.667,2,6,8,0,1,1,6,0,1,4,12,9,41.6,0,0,34.0,1,1,1,1,9653,9611,14618,3281,15070,17631,15070,2676,1898,9425,3306,2943,2934,19908,8788,5025,13,1,6051,2493,9299,5125,2821,2246,150,4638,1,27:52,2024,2025
2024-25,1630533,Ziaire Williams,Ziaire,1610612751,BKN,Brooklyn Nets,22400663,2025-01-29T00:00:00,BKN @ CHA,W,32.85,5,10,0.5,3,6,0.5,0,0,0.0,0,3,3,3,0,2,0,1,1,1,13,15,27.1,0,0,26.0,1,1,1,1,5284,7242,8304,8526,2458,4502,3944,13505,14344,13505,14058,9417,12778,6913,16469,1671,8263,17462,6051,11254,8426,2549,8739,2246,150,8551,1,32:51,2024,2025
2024-25,1630553,Keon Johnson,Keon,1610612751,BKN,Brooklyn Nets,22400663,2025-01-29T00:00:00,BKN @ CHA,W,31.216666666666665,7,18,0.389,0,7,0.0,4,4,1.0,1,4,5,4,1,2,1,3,2,4,18,6,38.0,0,0,33.0,1,1,1,1,6684,3730,1822,16009,15070,3100,15070,2676,3754,1,6876,6429,7268,4780,8788,1671,2537,25707,12976,2493,4762,7002,3812,2246,150,5036,1,31:13,2024,2025
2024-25,1630592,Jalen Wilson,Jalen,1610612751,BKN,Brooklyn Nets,22400651,2025-01-27T00:00:00,BKN vs. SAC,L,39.82333333333333,4,16,0.25,0,6,0.0,7,7,1.0,0,2,2,4,2,1,0,2,3,3,15,-25,24.4,0,0,23.0,1,13222,13222,13222,610,9611,2836,20233,15070,4502,15070,752,1377,1,14058,13151,16273,4780,4442,5025,8263,23925,18916,4218,6813,25842,10331,2246,150,10339,1,39:49,2024,2025
2024-25,1630533,Ziaire Williams,Ziaire,1610612751,BKN,Brooklyn Nets,22400651,2025-01-27T00:00:00,BKN vs. SAC,L,22.405,1,7,0.143,1,5,0.2,2,3,0.667,1,1,2,0,1,2,0,0,1,2,5,-12,12.4,0,0,12.0,1,13222,13222,13222,14191,19033,12910,22260,8896,6354,13429,6020,6038,9425,6876,17569,16273,19908,8788,1671,8263,1,6051,6956,17323,22309,18115,2246,150,17796,1,22:24,2024,2025
2024-25,1631213,Tyrese Martin,Tyrese,1610612751,BKN,Brooklyn Nets,22400651,2025-01-27T00:00:00,BKN vs. SAC,L,24.293333333333333,3,7,0.429,2,4,0.5,0,0,0.0,1,1,2,1,0,0,0,0,1,0,8,0,11.9,0,0,13.0,1,13222,13222,13222,12660,12449,12910,13735,4949,8688,3944,13505,14344,13505,6876,17569,16273,14293,16469,12854,8263,1,6051,17725,13544,12240,18455,2246,150,17050,1,24:18,2024,2025
2024-25,1629651,Nic Claxton,Nic,1610612751,BKN,Brooklyn Nets,22400651,2025-01-27T00:00:00,BKN vs. SAC,L,24.938333333333333,3,6,0.5,0,0,0.0,0,0,0.0,2,5,7,3,2,1,1,0,6,3,6,-20,22.9,0,0,20.0,1,13222,13222,13222,12061,12449,14618,8526,15070,20945,15070,13505,14344,13505,3306,4392,3946,6913,4442,5025,2537,1,26091,4218,15937,25087,11219,2246,150,12254,1,24:56,2024,2025
2024-25,1630553,Keon Johnson,Keon,1610612751,BKN,Brooklyn Nets,22400651,2025-01-27T00:00:00,BKN vs. SAC,L,22.716666666666665,4,10,0.4,2,7,0.286,0,2,0.0,0,2,2,3,0,0,0,0,4,1,10,-1,16.9,0,0,17.0,1,13222,13222,13222,13938,9611,8304,14933,4949,3100,11433,13505,7446,13505,14058,13151,16273,6913,16469,12854,8263,1,22904,11254,11377,13450,15134,2246,150,14250,1,22:43,2024,2025
2024-25,1641730,Noah Clowney,Noah,1610612751,BKN,Brooklyn Nets,22400651,2025-01-27T00:00:00,BKN vs. SAC,L,12.466666666666669,2,7,0.286,2,7,0.286,0,0,0.0,0,1,1,0,1,0,0,0,0,0,6,-7,6.2,0,0,9.0,1,13222,13222,13222,21015,15612,12910,19630,4949,3100,11433,13505,14344,13505,14058,17569,19889,19908,8788,12854,8263,1,1,17725,15937,19141,21956,2246,150,19766,1,12:28,2024,2025
2024-25,1626156,D'Angelo Russell,D'Angelo,1610612751,BKN,Brooklyn Nets,22400651,2025-01-27T00:00:00,BKN vs. SAC,L,29.311666666666667,4,11,0.364,2,5,0.4,9,10,0.9,1,3,4,3,3,0,1,0,3,8,19,-18,28.3,0,0,30.0,1,13222,13222,13222,8396,9611,7071,16861,4949,6354,7874,318,423,6805,6876,9417,9701,6913,2037,12854,2537,1,18916,220,4202,24566,8055,2246,150,6431,1,29:19,2024,2025
2024-25,1641787,Tosan Evbuomwan,Tosan,1610612751,BKN,Brooklyn Nets,22400651,2025-01-27T00:00:00,BKN vs. SAC,L,29.3,5,10,0.5,1,1,1.0,4,4,1.0,3,5,8,2,5,2,0,1,1,2,15,10,28.6,0,0,30.0,1,13222,13222,13222,8400,7242,8304,8526,8896,17631,1,2676,3754,1,1615,4392,2934,9909,387,1671,8263,17462,6051,6956,6813,4588,7879,2246,150,6431,1,29:18,2024,2025
2024-25,1630549,Day'Ron Sharpe,Day'Ron,1610612751,BKN,Brooklyn Nets,22400651,2025-01-27T00:00:00,BKN vs. SAC,L,23.061666666666667,4,7,0.571,0,0,0.0,4,4,1.0,7,3,10,1,0,3,1,0,1,3,12,6,37.5,1,0,31.0,1,13222,13222,13222,13674,9611,12910,6538,15070,20945,15070,2676,3754,1,83,9417,1549,14293,16469,473,2537,1,6051,4218,9299,7002,3997,1,150,5932,1,23:04,2024,2025
2024-25,1641736,Reece Beekman,Reece,1610612751,BKN,Brooklyn Nets,22400651,2025-01-27T00:00:00,BKN vs. SAC,L,11.683333333333334,0,1,0.0,0,1,0.0,0,0,0.0,1,0,1,2,0,0,0,1,0,2,0,-3,4.2,0,0,3.0,1,13222,13222,13222,21422,22635,23259,22635,15070,17631,15070,13505,14344,13505,6876,22137,19889,9909,16469,12854,8263,17462,1,6956,23200,15511,23095,2246,150,23533,1,11:41,2024,2025
2024-25,1630553,Keon Johnson,Keon,1610612751,BKN,Brooklyn Nets,22400636,2025-01-25T00:00:00,BKN vs. MIA,L,36.81,7,19,0.368,3,9,0.333,5,5,1.0,0,1,1,4,2,3,0,2,5,4,22,-3,36.2,0,0,36.0,1,13222,13222,13222,2123,3730,1432,16823,2458,1295,9209,1817,2872,1,14058,17569,19889,4780,4442,473,8263,23925,25158,2493,2824,15511,4424,2246,150,3901,1,36:49,2024,2025
2024-25,1630592,Jalen Wilson,Jalen,1610612751,BKN,Brooklyn Nets,22400636,2025-01-25T00:00:00,BKN vs. MIA,L,35.74,4,10,0.4,2,5,0.4,2,4,0.5,4,5,9,8,3,2,0,0,2,4,12,2,37.8,0,0,35.0,1,13222,13222,13222,2870,9611,8304,14933,4949,6354,7874,6020,3754,10625,785,4392,2169,963,2037,1671,8263,1,12976,2493,9299,10285,3876,2246,150,4250,1,35:44,2024,2025
2024-25,1630533,Ziaire Williams,Ziaire,1610612751,BKN,Brooklyn Nets,22400636,2025-01-25T00:00:00,BKN vs. MIA,L,19.6,0,5,0.0,0,3,0.0,1,2,0.5,0,5,5,1,1,0,0,0,4,2,1,-18,7.5,0,0,7.0,1,13222,13222,13222,16331,22635,16437,22635,15070,11494,15070,10215,7446,10625,14058,4392,7268,14293,8788,12854,8263,1,22904,6956,22996,24566,21215,2246,150,21087,1,19:36,2024,2025
2024-25,1626156,D'Angelo Russell,D'Angelo,1610612751,BKN,Brooklyn Nets,22400636,2025-01-25T00:00:00,BKN vs. MIA,L,26.23,6,13,0.462,4,8,0.5,6,6,1.0,0,1,1,6,2,2,2,0,3,5,22,-2,42.2,0,0,41.0,1,13222,13222,13222,10980,5250,5079,12428,1130,2050,3944,1180,1898,1,14058,17569,19889,2199,4442,1671,808,1,18916,1447,2824,14448,2664,2246,150,2498,1,26:14,2024,2025
2024-25,1641787,Tosan Evbuomwan,Tosan,1610612751,BKN,Brooklyn Nets,22400636,2025-01-25T00:00:00,BKN vs. MIA,L,20.633333333333333,0,4,0.0,0,1,0.0,2,2,1.0,0,1,1,1,2,1,0,1,1,2,2,-3,5.7,0,0,6.0,1,13222,13222,13222,15533,22635,18231,22635,15070,17631,15070,6020,7446,1,14058,17569,19889,14293,4442,5025,8263,17462,6051,6956,21232,15511,22263,2246,150,21698,1,20:38,2024,2025
2024-25,1641730,Noah Clowney,Noah,1610612751,BKN,Brooklyn Nets,22400636,2025-01-25T00:00:00,BKN vs. MIA,L,34.23,4,14,0.286,3,9,0.333,2,2,1.0,0,4,4,0,1,2,1,3,1,2,13,-1,25.8,0,0,26.0,1,13222,13222,13222,4080,9611,4240,19630,2458,1295,9209,6020,7446,1,14058,6429,9701,19908,8788,1671,2537,25707,6051,6956,8426,13450,9500,2246,150,8551,1,34:14,2024,2025
2024-25,1629651,Nic Claxton,Nic,1610612751,BKN,Brooklyn Nets,22400636,2025-01-25T00:00:00,BKN vs. MIA,L,25.86,5,8,0.625,0,0,0.0,3,3,1.0,1,4,5,2,2,1,1,0,3,3,13,-10,26.0,0,0,24.0,1,13222,13222,13222,11285,7242,11288,4899,15070,20945,15070,4159,6038,1,6876,6429,7268,9909,4442,5025,2537,1,18916,4218,8426,21147,9390,2246,150,9719,1,25:52,2024,2025
2024-25,1631213,Tyrese Martin,Tyrese,1610612751,BKN,Brooklyn Nets,22400636,2025-01-25T00:00:00,BKN vs. MIA,L,25.24,2,5,0.4,1,4,0.25,0,0,0.0,2,4,6,1,1,0,0,0,1,0,5,-4,12.7,0,0,13.0,1,13222,13222,13222,11802,15612,16437,14933,8896,8688,11902,13505,14344,13505,3306,6429,5362,14293,8788,12854,8263,1,6051,17725,17323,16449,17905,2246,150,17050,1,25:14,2024,2025
2024-25,1630549,Day'Ron Sharpe,Day'Ron,1610612751,BKN,Brooklyn Nets,22400636,2025-01-25T00:00:00,BKN vs. MIA,L,15.656666666666666,2,2,1.0,1,1,1.0,2,2,1.0,1,2,3,0,0,0,1,0,1,1,7,-6,13.6,0,0,13.0,1,13222,13222,13222,19164,15612,21660,1,8896,17631,1,6020,7446,1,6876,13151,12778,19908,16469,12854,2537,1,6051,11254,14857,18298,17296,2246,150,17050,1,15:39,2024,2025
2024-25,1630549,Day'Ron Sharpe,Day'Ron,1610612751,BKN,Brooklyn Nets,22400613,2025-01-22T00:00:00,BKN vs. PHX,L,22.416666666666668,4,7,0.571,0,0,0.0,0,2,0.0,5,4,9,2,4,2,0,0,2,1,8,-1,23.8,0,0,23.0,1,13222,13222,13222,14177,9611,12910,6538,15070,20945,15070,13505,7446,13505,389,6429,2169,9909,877,1671,8263,1,12976,11254,13544,13450,10678,2246,150,10339,1,22:25,2024,2025
2024-25,1631213,Tyrese Martin,Tyrese,1610612751,BKN,Brooklyn Nets,22400613,2025-01-22T00:00:00,BKN vs. PHX,L,31.41,1,10,0.1,0,5,0.0,0,0,0.0,3,4,7,2,2,0,0,0,0,0,2,-21,11.4,0,0,11.0,1,13222,13222,13222,6503,19033,8304,22561,15070,6354,15070,13505,14344,13505,1615,6429,3946,9909,4442,12854,8263,1,1,17725,21232,25273,18783,2246,150,18464,1,31:25,2024,2025
2024-25,1641736,Reece Beekman,Reece,1610612751,BKN,Brooklyn Nets,22400613,2025-01-22T00:00:00,BKN vs. PHX,L,21.12333333333333,2,5,0.4,0,2,0.0,0,0,0.0,2,1,3,3,0,1,0,0,2,0,4,-3,15.1,0,0,12.0,1,13222,13222,13222,15203,15612,16437,14933,15070,14411,15070,13505,14344,13505,3306,17569,12778,6913,16469,5025,8263,1,12976,17725,18599,15511,16302,2246,150,17796,1,21:07,2024,2025
2024-25,1630592,Jalen Wilson,Jalen,1610612751,BKN,Brooklyn Nets,22400613,2025-01-22T00:00:00,BKN vs. PHX,L,33.81666666666667,5,12,0.417,1,8,0.125,4,4,1.0,1,3,4,3,2,1,0,0,0,2,15,-10,25.3,0,0,25.0,1,13222,13222,13222,4424,7242,5979,14532,8896,2050,14886,2676,3754,1,6876,9417,9701,6913,4442,5025,8263,1,1,6956,6813,21147,9796,2246,150,9137,1,33:49,2024,2025
2024-25,1641787,Tosan Evbuomwan,Tosan,1610612751,BKN,Brooklyn Nets,22400613,2025-01-22T00:00:00,BKN vs. PHX,L,26.416666666666668,2,15,0.133,0,5,0.0,2,2,1.0,1,2,3,2,3,2,0,0,1,2,6,-9,15.6,0,0,15.0,1,13222,13222,13222,10803,15612,3491,22414,15070,6354,15070,6020,7446,1,6876,13151,12778,9909,2037,1671,8263,1,6051,6956,15937,20535,15972,2246,150,15689,1,26:25,2024,2025
2024-25,1630553,Keon Johnson,Keon,1610612751,BKN,Brooklyn Nets,22400613,2025-01-22T00:00:00,BKN vs. PHX,L,29.883333333333333,9,16,0.563,1,4,0.25,1,1,1.0,2,5,7,2,1,1,0,1,3,2,20,-24,33.4,0,0,32.0,1,13222,13222,13222,7889,1688,2836,7127,8896,8688,11902,10215,12810,1,3306,4392,3946,9909,8788,5025,8263,17462,18916,6956,3676,25745,5535,2246,150,5433,1,29:53,2024,2025
2024-25,1641727,Dariq Whitehead,Dariq,1610612751,BKN,Brooklyn Nets,22400613,2025-01-22T00:00:00,BKN vs. PHX,L,15.333333333333334,4,7,0.571,3,5,0.6,1,3,0.333,1,1,2,0,0,0,0,0,0,2,12,-4,14.4,0,0,17.0,1,13222,13222,13222,19352,9611,12910,6538,2458,6354,2992,10215,6038,13132,6876,17569,16273,19908,16469,12854,8263,1,1,6956,9299,16449,16758,2246,150,14250,1,15:20,2024,2025
2024-25,1641730,Noah Clowney,Noah,1610612751,BKN,Brooklyn Nets,22400613,2025-01-22T00:00:00,BKN vs. PHX,L,34.016666666666666,2,10,0.2,2,7,0.286,1,2,0.5,1,4,5,0,3,1,1,0,2,3,7,-25,16.0,0,0,18.0,1,13222,13222,13222,4244,15612,8304,21401,4949,3100,11433,10215,7446,10625,6876,6429,7268,19908,2037,5025,2537,1,12976,4218,14857,25842,15742,2246,150,13589,1,34:01,2024,2025
2024-25,1629651,Nic Claxton,Nic,1610612751,BKN,Brooklyn Nets,22400613,2025-01-22T00:00:00,BKN vs. PHX,L,25.58333333333333,5,9,0.556,0,0,0.0,0,0,0.0,4,8,12,2,1,0,0,0,1,0,10,-23,26.4,1,0,24.0,1,13222,13222,13222,11499,7242,9700,7248,15070,20945,15070,13505,14344,13505,785,1271,760,9909,8788,12854,8263,1,6051,17725,11377,25627,9150,1,150,9719,1,25:35,2024,2025
2024-25,1626156,D'Angelo Russell,D'Angelo,1610612751,BKN,Brooklyn Nets,22400606,2025-01-21T00:00:00,BKN vs. NYK,L,31.461666666666662,6,17,0.353,4,11,0.364,7,7,1.0,0,2,2,10,3,1,3,0,5,5,23,5,49.4,1,0,47.0,1,13222,13222,13222,6447,5250,2289,17268,1130,499,9100,752,1377,1,14058,13151,16273,386,2037,5025,252,1,25158,1447,2434,7737,1256,1,150,1314,1,31:28,2024,2025
2024-25,1631213,Tyrese Martin,Tyrese,1610612751,BKN,Brooklyn Nets,22400606,2025-01-21T00:00:00,BKN vs. NYK,L,24.221666666666668,5,8,0.625,3,6,0.5,0,0,0.0,0,7,7,1,3,0,0,0,2,1,13,-11,19.9,0,0,24.0,1,13222,13222,13222,12713,7242,11288,4899,2458,4502,3944,13505,14344,13505,14058,1947,3946,14293,2037,12854,8263,1,12976,11254,8426,21738,13170,2246,150,9719,1,24:13,2024,2025
2024-25,1641787,Tosan Evbuomwan,Tosan,1610612751,BKN,Brooklyn Nets,22400606,2025-01-21T00:00:00,BKN vs. NYK,L,20.411666666666665,1,6,0.167,0,2,0.0,3,3,1.0,2,4,6,1,1,0,0,0,2,2,5,1,12.7,0,0,12.0,1,13222,13222,13222,15712,19033,14618,21938,15070,14411,15070,4159,6038,1,3306,6429,5362,14293,8788,12854,8263,1,12976,6956,17323,11263,17905,2246,150,17796,1,20:25,2024,2025
2024-25,1629651,Nic Claxton,Nic,1610612751,BKN,Brooklyn Nets,22400606,2025-01-21T00:00:00,BKN vs. NYK,L,34.15,4,11,0.364,0,1,0.0,0,2,0.0,5,7,12,2,2,2,0,1,1,3,8,-19,29.4,0,0,26.0,1,13222,13222,13222,4130,9611,7071,16861,15070,17631,15070,13505,7446,13505,389,1947,760,9909,4442,1671,8263,17462,6051,4218,13544,24841,7455,2246,150,8551,1,34:09,2024,2025
2024-25,1629661,Cameron Johnson,Cameron,1610612751,BKN,Brooklyn Nets,22400606,2025-01-21T00:00:00,BKN vs. NYK,L,34.943333333333335,6,20,0.3,2,9,0.222,2,2,1.0,0,3,3,2,2,0,2,1,2,1,16,-18,26.6,0,0,27.0,1,13222,13222,13222,3509,5250,1105,19363,4949,1295,13288,6020,7446,1,14058,9417,12778,9909,4442,12854,808,17462,12976,11254,6070,24566,9031,2246,150,7999,1,34:57,2024,2025
2024-25,1630553,Keon Johnson,Keon,1610612751,BKN,Brooklyn Nets,22400606,2025-01-21T00:00:00,BKN vs. NYK,L,26.945,2,7,0.286,1,3,0.333,2,3,0.667,1,2,3,2,0,0,0,1,0,2,7,3,13.6,0,0,13.0,1,13222,13222,13222,10384,15612,12910,19630,8896,11494,9209,6020,6038,9425,6876,13151,12778,9909,16469,12854,8263,17462,1,6956,14857,9394,17296,2246,150,17050,1,26:57,2024,2025
2024-25,1641730,Noah Clowney,Noah,1610612751,BKN,Brooklyn Nets,22400606,2025-01-21T00:00:00,BKN vs. NYK,L,26.0,4,8,0.5,2,5,0.4,0,0,0.0,3,3,6,1,0,1,2,0,1,0,10,-1,27.7,0,0,25.0,1,13222,13222,13222,11159,9611,11288,8526,4949,6354,7874,13505,14344,13505,1615,9417,5362,14293,16469,5025,808,1,6051,17725,11377,13450,8387,2246,150,9137,1,26:00,2024,2025
2024-25,1630549,Day'Ron Sharpe,Day'Ron,1610612751,BKN,Brooklyn Nets,22400606,2025-01-21T00:00:00,BKN vs. NYK,L,13.85,3,4,0.75,0,0,0.0,4,4,1.0,2,1,3,0,2,0,2,0,2,2,10,15,17.6,0,0,17.0,1,13222,13222,13222,20270,12449,18231,2107,15070,20945,15070,2676,3754,1,3306,17569,12778,19908,4442,12854,808,1,12976,6956,11377,2549,14672,2246,150,14250,1,13:51,2024,2025
2024-25,1630592,Jalen Wilson,Jalen,1610612751,BKN,Brooklyn Nets,22400606,2025-01-21T00:00:00,BKN vs. NYK,L,28.016666666666666,1,5,0.2,0,3,0.0,1,4,0.25,1,4,5,2,3,0,0,0,3,4,3,5,9.0,0,0,10.0,1,13222,13222,13222,9535,19033,16437,21401,15070,11494,15070,10215,3754,13358,6876,6429,7268,9909,2037,12854,8263,1,18916,2493,19913,7737,20341,2246,150,19152,1,28:01,2024,2025
2024-25,1629661,Cameron Johnson,Cameron,1610612751,BKN,Brooklyn Nets,22400595,2025-01-19T00:00:00,BKN @ OKC,L,24.75,6,11,0.545,3,8,0.375,0,0,0.0,0,2,2,2,4,0,0,0,1,1,15,-6,16.4,0,0,22.0,1,13222,13222,13222,12223,5250,7071,7695,2458,2050,8800,13505,14344,13505,14058,13151,16273,9909,877,12854,8263,1,6051,11254,6813,18298,15467,2246,150,10998,1,24:45,2024,2025
2024-25,1641736,Reece Beekman,Reece,1610612751,BKN,Brooklyn Nets,22400595,2025-01-19T00:00:00,BKN @ OKC,L,4.85,1,1,1.0,0,0,0.0,1,2,0.5,0,0,0,2,0,1,0,0,0,2,3,2,9.0,0,0,7.0,1,13222,13222,13222,24045,19033,23259,1,15070,20945,15070,10215,7446,10625,14058,22137,23286,9909,16469,5025,8263,1,1,6956,19913,10285,20341,2246,150,21087,1,4:51,2024,2025
2024-25,1630592,Jalen Wilson,Jalen,1610612751,BKN,Brooklyn Nets,22400595,2025-01-19T00:00:00,BKN @ OKC,L,24.2,3,13,0.231,2,7,0.286,0,0,0.0,0,3,3,2,0,0,0,1,0,0,8,-13,14.6,0,0,15.0,1,13222,13222,13222,12726,12449,5079,21157,4949,3100,11433,13505,14344,13505,14058,9417,12778,9909,16469,12854,8263,17462,1,17725,13544,22771,16628,2246,150,15689,1,24:12,2024,2025
2024-25,1626156,D'Angelo Russell,D'Angelo,1610612751,BKN,Brooklyn Nets,22400595,2025-01-19T00:00:00,BKN @ OKC,L,23.65,2,6,0.333,0,2,0.0,5,5,1.0,1,3,4,7,3,1,0,0,2,3,9,-15,24.3,0,0,22.0,1,13222,13222,13222,13186,15612,14618,17395,15070,14411,15070,1817,2872,1,6876,9417,9701,1463,2037,5025,8263,1,12976,4218,12445,23599,10409,2246,150,10998,1,23:39,2024,2025
2024-25,1630549,Day'Ron Sharpe,Day'Ron,1610612751,BKN,Brooklyn Nets,22400595,2025-01-19T00:00:00,BKN @ OKC,L,18.08333333333333,4,5,0.8,0,0,0.0,1,1,1.0,5,2,7,2,2,0,0,0,3,1,9,-7,18.4,0,0,18.0,1,13222,13222,13222,17512,9611,16437,1688,15070,20945,15070,10215,12810,1,389,13151,3946,9909,4442,12854,8263,1,18916,11254,12445,19141,14145,2246,150,13589,1,18:05,2024,2025
2024-25,1641787,Tosan Evbuomwan,Tosan,1610612751,BKN,Brooklyn Nets,22400595,2025-01-19T00:00:00,BKN @ OKC,L,20.73333333333333,4,7,0.571,1,3,0.333,0,1,0.0,0,4,4,2,2,0,1,1,2,1,9,-9,17.8,0,0,18.0,1,13222,13222,13222,15468,9611,12910,6538,8896,11494,9209,13505,12810,13505,14058,6429,9701,9909,4442,12854,2537,17462,12976,11254,12445,20535,14543,2246,150,13589,1,20:44,2024,2025
2024-25,1629651,Nic Claxton,Nic,1610612751,BKN,Brooklyn Nets,22400595,2025-01-19T00:00:00,BKN @ OKC,L,25.066666666666663,5,7,0.714,0,0,0.0,1,2,0.5,2,3,5,0,1,1,0,0,0,4,11,-21,19.0,0,0,18.0,1,13222,13222,13222,11944,7242,12910,2752,15070,20945,15070,10215,7446,10625,3306,9417,7268,19908,8788,5025,8263,1,1,2493,10323,25273,13770,2246,150,13589,1,25:04,2024,2025
2024-25,1630553,Keon Johnson,Keon,1610612751,BKN,Brooklyn Nets,22400595,2025-01-19T00:00:00,BKN @ OKC,L,23.25,2,9,0.222,0,4,0.0,2,2,1.0,0,1,1,4,0,0,0,1,2,4,6,-20,13.2,0,0,11.0,1,13222,13222,13222,13513,15612,9700,21205,15070,8688,15070,6020,7446,1,14058,17569,19889,4780,16469,12854,8263,17462,12976,2493,15937,25087,17566,2246,150,18464,1,23:15,2024,2025
2024-25,1641730,Noah Clowney,Noah,1610612751,BKN,Brooklyn Nets,22400595,2025-01-19T00:00:00,BKN @ OKC,L,28.266666666666666,2,8,0.25,2,8,0.25,3,4,0.75,1,3,4,0,0,1,1,1,2,2,9,-18,19.8,0,0,19.0,1,13222,13222,13222,9325,15612,11288,20233,4949,2050,11902,4159,3754,8186,6876,9417,9701,19908,16469,5025,2537,17462,12976,6956,12445,24566,13241,2246,150,12913,1,28:16,2024,2025
2024-25,1630533,Ziaire Williams,Ziaire,1610612751,BKN,Brooklyn Nets,22400595,2025-01-19T00:00:00,BKN @ OKC,L,22.8,2,8,0.25,1,4,0.25,2,2,1.0,2,3,5,2,0,1,1,1,1,1,7,-12,22.0,0,0,19.0,1,13222,13222,13222,13875,15612,11288,20233,8896,8688,11902,6020,7446,1,3306,9417,7268,9909,16469,5025,2537,17462,6051,11254,14857,22309,11755,2246,150,12913,1,22:48,2024,2025
2024-25,1631213,Tyrese Martin,Tyrese,1610612751,BKN,Brooklyn Nets,22400595,2025-01-19T00:00:00,BKN @ OKC,L,24.35,6,12,0.5,3,7,0.429,0,0,0.0,1,5,6,2,1,0,0,0,0,0,15,-11,24.2,0,0,26.0,1,13222,13222,13222,12606,5250,5979,8526,2458,3100,7394,13505,14344,13505,6876,4392,5362,9909,8788,12854,8263,1,1,17725,6813,21738,10455,2246,150,8551,1,24:21,2024,2025
2024-25,1629651,Nic Claxton,Nic,1610612751,BKN,Brooklyn Nets,22400585,2025-01-17T00:00:00,BKN @ LAL,L,29.75,3,4,0.75,0,0,0.0,1,2,0.5,1,7,8,2,1,1,2,0,0,2,7,12,27.6,0,0,23.0,1,13222,13222,13222,8001,12449,18231,2107,15070,20945,15070,10215,7446,10625,6876,1947,2934,9909,8788,5025,808,1,1,6956,14857,3654,8435,2246,150,10339,1,29:45,2024,2025
2024-25,1631213,Tyrese Martin,Tyrese,1610612751,BKN,Brooklyn Nets,22400585,2025-01-17T00:00:00,BKN @ LAL,L,14.35,1,3,0.333,1,2,0.5,0,0,0.0,0,0,0,1,2,0,0,0,0,0,3,-2,2.5,0,0,5.0,1,13222,13222,13222,19976,19033,19992,17395,8896,14411,3944,13505,14344,13505,14058,22137,23286,14293,4442,12854,8263,1,1,17725,19913,14448,24132,2246,150,22358,1,14:21,2024,2025
2024-25,1630533,Ziaire Williams,Ziaire,1610612751,BKN,Brooklyn Nets,22400585,2025-01-17T00:00:00,BKN @ LAL,L,25.2,5,13,0.385,3,9,0.333,2,2,1.0,1,3,4,3,1,0,1,1,2,1,15,0,26.3,0,0,27.0,1,13222,13222,13222,11832,7242,5079,16070,2458,1295,9209,6020,7446,1,6876,9417,9701,6913,8788,12854,2537,17462,12976,11254,6813,12240,9203,2246,150,7999,1,25:12,2024,2025
2024-25,1641787,Tosan Evbuomwan,Tosan,1610612751,BKN,Brooklyn Nets,22400585,2025-01-17T00:00:00,BKN @ LAL,L,26.55,6,10,0.6,1,4,0.25,2,2,1.0,3,3,6,2,2,1,0,1,2,2,15,-3,26.2,0,0,26.0,1,13222,13222,13222,10687,5250,8304,5394,8896,8688,11902,6020,7446,1,1615,9417,5362,9909,4442,5025,8263,17462,12976,6956,6813,15511,9269,2246,150,8551,1,26:33,2024,2025
2024-25,1641730,Noah Clowney,Noah,1610612751,BKN,Brooklyn Nets,22400585,2025-01-17T00:00:00,BKN @ LAL,L,30.625,3,10,0.3,3,7,0.429,2,2,1.0,1,4,5,1,3,0,1,1,1,1,11,0,18.5,0,0,22.0,1,13222,13222,13222,7198,12449,8304,19363,2458,3100,7394,6020,7446,1,6876,6429,7268,14293,2037,12854,2537,17462,6051,11254,10323,12240,14086,2246,150,10998,1,30:38,2024,2025
2024-25,1627732,Ben Simmons,Ben,1610612751,BKN,Brooklyn Nets,22400585,2025-01-17T00:00:00,BKN @ LAL,L,27.05,3,4,0.75,0,0,0.0,0,0,0.0,0,5,5,7,3,1,1,0,4,0,6,-5,25.5,0,0,22.0,1,13222,13222,13222,10296,12449,18231,2107,15070,20945,15070,13505,14344,13505,14058,4392,7268,1463,2037,5025,2537,1,22904,17725,15937,17436,9681,2246,150,10998,1,27:03,2024,2025
2024-25,1630592,Jalen Wilson,Jalen,1610612751,BKN,Brooklyn Nets,22400585,2025-01-17T00:00:00,BKN @ LAL,L,26.5,4,8,0.5,3,4,0.75,0,0,0.0,3,2,5,2,1,0,0,0,1,0,11,-9,19.0,0,0,21.0,1,13222,13222,13222,10724,9611,11288,8526,2458,8688,1542,13505,14344,13505,1615,13151,7268,9909,8788,12854,8263,1,6051,17725,10323,20535,13770,2246,150,11621,1,26:30,2024,2025
2024-25,1630553,Keon Johnson,Keon,1610612751,BKN,Brooklyn Nets,22400585,2025-01-17T00:00:00,BKN @ LAL,L,19.08333333333333,5,11,0.455,1,2,0.5,2,3,0.667,1,0,1,1,2,2,0,2,2,2,13,6,19.7,0,0,20.0,1,13222,13222,13222,16762,7242,7071,12676,8896,14411,3944,6020,6038,9425,6876,22137,19889,14293,4442,1671,8263,23925,12976,6956,8426,7002,13310,2246,150,12254,1,19:05,2024,2025
2024-25,1630549,Day'Ron Sharpe,Day'Ron,1610612751,BKN,Brooklyn Nets,22400585,2025-01-17T00:00:00,BKN @ LAL,L,13.841666666666669,0,4,0.0,0,0,0.0,1,2,0.5,2,3,5,1,1,0,1,1,1,1,1,-7,10.5,0,0,9.0,1,13222,13222,13222,20280,22635,18231,22635,15070,20945,15070,10215,7446,10625,3306,9417,7268,14293,8788,12854,2537,17462,6051,11254,22996,19141,19388,2246,150,19766,1,13:51,2024,2025
2024-25,1626156,D'Angelo Russell,D'Angelo,1610612751,BKN,Brooklyn Nets,22400585,2025-01-17T00:00:00,BKN @ LAL,L,27.05,7,15,0.467,5,10,0.5,0,0,0.0,0,6,6,8,1,0,0,1,1,3,19,3,37.2,0,0,38.0,1,13222,13222,13222,10296,3730,3491,12249,492,829,3944,13505,14344,13505,14058,2943,5362,963,8788,12854,8263,17462,6051,4218,4202,9394,4094,2246,150,3270,1,27:03,2024,2025
2024-25,1641736,Reece Beekman,Reece,1610612751,BKN,Brooklyn Nets,22400571,2025-01-15T00:00:00,BKN @ LAC,L,21.3,2,6,0.333,1,3,0.333,0,0,0.0,0,4,4,3,0,2,0,1,0,0,5,-6,20.3,0,0,17.0,1,13222,13222,13222,15068,15612,14618,17395,8896,11494,9209,13505,14344,13505,14058,6429,9701,6913,16469,1671,8263,17462,1,17725,17323,18298,12888,2246,150,14250,1,21:18,2024,2025
2024-25,1631213,Tyrese Martin,Tyrese,1610612751,BKN,Brooklyn Nets,22400571,2025-01-15T00:00:00,BKN @ LAC,L,36.93333333333333,3,16,0.188,2,8,0.25,0,0,0.0,3,1,4,4,4,1,0,0,3,0,8,-56,17.8,0,0,20.0,1,13222,13222,13222,2028,12449,2836,21885,4949,2050,11902,13505,14344,13505,1615,17569,9701,4780,877,5025,8263,1,18916,17725,13544,26304,14543,2246,150,12254,1,36:56,2024,2025
2024-25,1629651,Nic Claxton,Nic,1610612751,BKN,Brooklyn Nets,22400571,2025-01-15T00:00:00,BKN @ LAC,L,16.583333333333332,1,7,0.143,0,0,0.0,0,2,0.0,2,3,5,2,0,2,1,1,0,1,2,-41,20.0,0,0,15.0,1,13222,13222,13222,18538,19033,12910,22260,15070,20945,15070,13505,7446,13505,3306,9417,7268,9909,16469,1671,2537,17462,1,11254,21232,26292,13097,2246,150,15689,1,16:35,2024,2025
2024-25,1630533,Ziaire Williams,Ziaire,1610612751,BKN,Brooklyn Nets,22400571,2025-01-15T00:00:00,BKN @ LAC,L,21.33333333333333,2,4,0.5,0,1,0.0,0,1,0.0,0,4,4,0,3,2,0,0,2,2,4,-38,11.8,0,0,12.0,1,13222,13222,13222,15046,15612,18231,8526,15070,17631,15070,13505,12810,13505,14058,6429,9701,19908,2037,1671,8263,1,12976,6956,18599,26280,18542,2246,150,17796,1,21:20,2024,2025
2024-25,1641730,Noah Clowney,Noah,1610612751,BKN,Brooklyn Nets,22400571,2025-01-15T00:00:00,BKN @ LAC,L,22.166666666666668,1,6,0.167,0,4,0.0,2,2,1.0,1,1,2,0,2,0,0,0,2,1,4,-44,4.4,0,0,6.0,1,13222,13222,13222,14372,19033,14618,21938,15070,8688,15070,6020,7446,1,6876,17569,16273,19908,4442,12854,8263,1,12976,11254,18599,26301,23001,2246,150,21698,1,22:10,2024,2025
2024-25,1630553,Keon Johnson,Keon,1610612751,BKN,Brooklyn Nets,22400571,2025-01-15T00:00:00,BKN @ LAC,L,21.616666666666667,2,9,0.222,0,3,0.0,2,4,0.5,0,0,0,0,2,0,0,0,1,3,6,-35,4.0,0,0,6.0,1,13222,13222,13222,14834,15612,9700,21205,15070,11494,15070,6020,3754,10625,14058,22137,23286,19908,4442,12854,8263,1,6051,4218,15937,26248,23284,2246,150,21698,1,21:37,2024,2025
2024-25,1630549,Day'Ron Sharpe,Day'Ron,1610612751,BKN,Brooklyn Nets,22400571,2025-01-15T00:00:00,BKN @ LAC,L,28.25,5,13,0.385,0,1,0.0,2,7,0.286,8,6,14,3,4,1,1,0,1,5,12,-12,35.3,1,0,33.0,1,13222,13222,13222,9340,7242,5079,16070,15070,17631,15070,6020,1377,13350,40,2943,349,6913,877,5025,2537,1,6051,1447,9299,22309,4758,1,150,5036,1,28:15,2024,2025
2024-25,1641727,Dariq Whitehead,Dariq,1610612751,BKN,Brooklyn Nets,22400571,2025-01-15T00:00:00,BKN @ LAC,L,9.466666666666669,1,4,0.25,1,3,0.333,0,0,0.0,0,0,0,0,0,0,0,0,0,0,3,-4,3.0,0,0,4.0,1,13222,13222,13222,22286,19033,18231,20233,8896,11494,9209,13505,14344,13505,14058,22137,23286,19908,16469,12854,8263,1,1,17725,19913,16449,23760,2246,150,22929,1,9:28,2024,2025
2024-25,1630592,Jalen Wilson,Jalen,1610612751,BKN,Brooklyn Nets,22400571,2025-01-15T00:00:00,BKN @ LAC,L,33.63333333333333,5,10,0.5,1,4,0.25,5,5,1.0,0,3,3,1,1,0,0,0,4,2,16,-35,20.1,0,0,21.0,1,13222,13222,13222,4603,7242,8304,8526,8896,8688,11902,1817,2872,1,14058,9417,12778,14293,8788,12854,8263,1,22904,6956,6070,26248,13013,2246,150,11621,1,33:38,2024,2025
2024-25,1641787,Tosan Evbuomwan,Tosan,1610612751,BKN,Brooklyn Nets,22400571,2025-01-15T00:00:00,BKN @ LAC,L,28.716666666666665,3,8,0.375,0,1,0.0,1,1,1.0,1,2,3,2,4,1,0,1,3,3,7,-24,12.6,0,0,14.0,1,13222,13222,13222,8903,12449,11288,16299,15070,17631,15070,10215,12810,1,6876,13151,12778,9909,877,5025,8263,17462,18916,4218,14857,25745,17974,2246,150,16370,1,28:43,2024,2025
2024-25,1641736,Reece Beekman,Reece,1610612751,BKN,Brooklyn Nets,22400560,2025-01-14T00:00:00,BKN @ POR,W,0.91,0,0,0.0,0,0,0.0,0,0,0.0,0,0,0,1,0,0,0,0,0,0,0,3,1.5,0,0,1.0,1,1,1,1,26085,22635,24836,22635,15070,20945,15070,13505,14344,13505,14058,22137,23286,14293,16469,12854,8263,1,1,17725,23200,9394,24554,2246,150,24667,1,0:55,2024,2025
2024-25,1631213,Tyrese Martin,Tyrese,1610612751,BKN,Brooklyn Nets,22400560,2025-01-14T00:00:00,BKN @ POR,W,19.891666666666666,2,5,0.4,1,3,0.333,0,0,0.0,0,1,1,3,2,0,0,0,1,2,5,6,8.7,0,0,10.0,1,1,1,1,16105,15612,16437,14933,8896,11494,9209,13505,14344,13505,14058,17569,19889,6913,4442,12854,8263,1,6051,6956,17323,7002,20527,2246,150,19152,1,19:54,2024,2025
2024-25,1629661,Cameron Johnson,Cameron,1610612751,BKN,Brooklyn Nets,22400560,2025-01-14T00:00:00,BKN @ POR,W,26.875,10,18,0.556,2,9,0.222,2,2,1.0,0,1,1,2,1,0,1,0,0,3,24,7,30.2,0,0,31.0,1,1,1,1,10441,1099,1822,7248,4949,1295,13288,6020,7446,1,14058,17569,19889,9909,8788,12854,2537,1,1,4218,2129,6330,7080,2246,150,5932,1,26:53,2024,2025
2024-25,1630553,Keon Johnson,Keon,1610612751,BKN,Brooklyn Nets,22400560,2025-01-14T00:00:00,BKN @ POR,W,28.95,7,12,0.583,3,6,0.5,3,4,0.75,0,3,3,4,2,1,0,0,1,2,20,12,30.6,0,0,32.0,1,1,1,1,8713,3730,5979,6296,2458,4502,3944,4159,3754,8186,14058,9417,12778,4780,4442,5025,8263,1,6051,6956,3676,3654,6876,2246,150,5433,1,28:57,2024,2025
2024-25,1627732,Ben Simmons,Ben,1610612751,BKN,Brooklyn Nets,22400560,2025-01-14T00:00:00,BKN @ POR,W,26.266666666666666,2,6,0.333,0,0,0.0,1,2,0.5,2,7,9,11,2,0,0,1,5,1,5,6,30.3,0,0,25.0,1,1,1,1,10937,15612,14618,17395,15070,20945,15070,10215,7446,10625,3306,1947,2169,232,4442,12854,8263,17462,25158,11254,17323,7002,7033,2246,150,9137,1,26:16,2024,2025
2024-25,1626156,D'Angelo Russell,D'Angelo,1610612751,BKN,Brooklyn Nets,22400560,2025-01-14T00:00:00,BKN @ POR,W,20.69833333333333,3,11,0.273,3,6,0.5,4,4,1.0,0,3,3,9,1,4,0,0,2,2,13,11,41.1,0,0,36.0,1,1,1,1,15500,12449,7071,20048,2458,4502,3944,2676,3754,1,14058,9417,12778,635,8788,123,8263,1,12976,6956,8426,4119,2944,2246,150,3901,1,20:42,2024,2025
2024-25,1630533,Ziaire Williams,Ziaire,1610612751,BKN,Brooklyn Nets,22400560,2025-01-14T00:00:00,BKN @ POR,W,27.575,4,7,0.571,3,4,0.75,2,2,1.0,3,4,7,1,1,2,0,1,2,1,13,6,27.9,0,0,28.0,1,1,1,1,9896,9611,12910,6538,2458,8688,1542,6020,7446,1,1615,6429,3946,14293,8788,1671,8263,17462,12976,11254,8426,7002,8240,2246,150,7475,1,27:35,2024,2025
2024-25,1641730,Noah Clowney,Noah,1610612751,BKN,Brooklyn Nets,22400560,2025-01-14T00:00:00,BKN @ POR,W,29.19,7,10,0.7,4,7,0.571,2,2,1.0,1,4,5,2,2,2,1,0,3,4,20,13,36.0,0,0,37.0,1,1,1,1,8517,3730,8304,3045,1130,3100,3506,6020,7446,1,6876,6429,7268,9909,4442,1671,2537,1,18916,2493,3676,3250,4514,2246,150,3591,1,29:11,2024,2025
2024-25,1630592,Jalen Wilson,Jalen,1610612751,BKN,Brooklyn Nets,22400560,2025-01-14T00:00:00,BKN @ POR,W,22.5,6,8,0.75,2,3,0.667,0,0,0.0,2,2,4,1,0,1,0,0,3,0,14,11,23.3,0,0,23.0,1,1,1,1,14100,5250,11288,2107,4949,11494,1957,13505,14344,13505,3306,13151,9701,14293,16469,5025,8263,1,18916,17725,7553,4119,10979,2246,150,10339,1,22:30,2024,2025
2024-25,1641787,Tosan Evbuomwan,Tosan,1610612751,BKN,Brooklyn Nets,22400560,2025-01-14T00:00:00,BKN @ POR,W,18.33333333333333,4,6,0.667,1,2,0.5,1,2,0.5,1,3,4,1,0,0,0,0,3,1,10,10,16.3,0,0,16.0,1,1,1,1,17330,9611,14618,3281,8896,14411,3944,10215,7446,10625,6876,9417,9701,14293,16469,12854,8263,1,18916,11254,11377,4588,15551,2246,150,14948,1,18:20,2024,2025
2024-25,1641727,Dariq Whitehead,Dariq,1610612751,BKN,Brooklyn Nets,22400560,2025-01-14T00:00:00,BKN @ POR,W,0.91,0,0,0.0,0,0,0.0,0,0,0.0,0,0,0,0,0,0,0,0,0,0,0,3,0.0,0,0,0.0,1,1,1,1,26085,22635,24836,22635,15070,20945,15070,13505,14344,13505,14058,22137,23286,19908,16469,12854,8263,1,1,17725,23200,9394,25228,2246,150,25259,1,0:55,2024,2025
2024-25,1630549,Day'Ron Sharpe,Day'Ron,1610612751,BKN,Brooklyn Nets,22400560,2025-01-14T00:00:00,BKN @ POR,W,17.9,4,7,0.571,0,1,0.0,0,0,0.0,1,6,7,1,0,1,0,1,1,0,8,2,20.9,0,0,18.0,1,1,1,1,17630,9611,12910,6538,15070,17631,15070,13505,14344,13505,6876,2943,3946,14293,16469,5025,8263,17462,6051,17725,13544,10285,12468,2246,150,13589,1,17:54,2024,2025
2024-25,1630549,Day'Ron Sharpe,Day'Ron,1610612751,BKN,Brooklyn Nets,22400546,2025-01-12T00:00:00,BKN @ UTA,L,16.066666666666666,5,7,0.714,0,1,0.0,2,3,0.667,1,3,4,0,1,0,0,0,3,4,12,-5,15.8,0,0,16.0,1,13222,13222,13222,18879,7242,12910,2752,15070,17631,15070,6020,6038,9425,6876,9417,9701,19908,8788,12854,8263,1,18916,2493,9299,17436,15862,2246,150,14948,1,16:04,2024,2025
2024-25,1641787,Tosan Evbuomwan,Tosan,1610612751,BKN,Brooklyn Nets,22400546,2025-01-12T00:00:00,BKN @ UTA,L,23.891666666666666,7,8,0.875,2,3,0.667,6,9,0.667,1,4,5,1,2,0,0,0,2,5,22,-2,27.5,0,0,30.0,1,13222,13222,13222,13001,3730,11288,1353,4949,11494,1957,1180,643,9425,6876,6429,7268,14293,4442,12854,8263,1,12976,1447,2824,14448,8499,2246,150,6431,1,23:54,2024,2025
2024-25,1641730,Noah Clowney,Noah,1610612751,BKN,Brooklyn Nets,22400546,2025-01-12T00:00:00,BKN @ UTA,L,32.333333333333336,0,10,0.0,0,7,0.0,0,1,0.0,2,3,5,1,0,0,0,1,2,2,0,1,7.5,0,0,6.0,1,13222,13222,13222,5701,22635,8304,22635,15070,3100,15070,13505,12810,13505,3306,9417,7268,14293,16469,12854,8263,17462,12976,6956,23200,11263,21215,2246,150,21698,1,32:20,2024,2025
2024-25,1627732,Ben Simmons,Ben,1610612751,BKN,Brooklyn Nets,22400546,2025-01-12T00:00:00,BKN @ UTA,L,31.633333333333333,7,11,0.636,0,0,0.0,0,0,0.0,2,4,6,9,2,0,2,1,1,1,14,10,38.7,0,0,33.0,1,13222,13222,13222,6299,3730,7071,4689,15070,20945,15070,13505,14344,13505,3306,6429,5362,635,4442,12854,808,17462,6051,11254,7553,4588,3605,2246,150,5036,1,31:38,2024,2025
2024-25,1631213,Tyrese Martin,Tyrese,1610612751,BKN,Brooklyn Nets,22400546,2025-01-12T00:00:00,BKN @ UTA,L,35.233333333333334,5,13,0.385,1,6,0.167,0,2,0.0,3,5,8,3,2,1,1,0,2,1,11,3,29.1,0,0,27.0,1,13222,13222,13222,3286,7242,5079,16070,8896,4502,14236,13505,7446,13505,1615,4392,2934,6913,4442,5025,2537,1,12976,11254,10323,9394,7610,2246,150,7999,1,35:14,2024,2025
2024-25,1630533,Ziaire Williams,Ziaire,1610612751,BKN,Brooklyn Nets,22400546,2025-01-12T00:00:00,BKN @ UTA,L,31.933333333333334,4,11,0.364,3,7,0.429,8,8,1.0,0,6,6,2,0,1,0,2,3,5,19,1,32.2,0,0,32.0,1,13222,13222,13222,6032,9611,7071,16861,2458,3100,7394,481,912,1,14058,2943,5362,9909,16469,5025,8263,23925,18916,1447,4202,11263,6093,2246,150,5433,1,31:56,2024,2025
2024-25,1629651,Nic Claxton,Nic,1610612751,BKN,Brooklyn Nets,22400546,2025-01-12T00:00:00,BKN @ UTA,L,36.93333333333333,5,12,0.417,0,0,0.0,4,8,0.5,5,7,12,4,0,0,1,0,0,7,14,4,37.4,1,0,32.0,1,13222,13222,13222,2028,7242,5979,14532,15070,20945,15070,2676,912,10625,389,1947,760,4780,16469,12854,2537,1,1,426,7553,8479,4025,1,150,5433,1,36:56,2024,2025
2024-25,1641736,Reece Beekman,Reece,1610612751,BKN,Brooklyn Nets,22400546,2025-01-12T00:00:00,BKN @ UTA,L,11.6,1,4,0.25,1,4,0.25,1,2,0.5,0,1,1,2,0,0,0,0,0,2,4,-8,8.2,0,0,8.0,1,13222,13222,13222,21448,19033,18231,20233,8896,8688,11902,10215,7446,10625,14058,17569,19889,9909,16469,12854,8263,1,1,6956,18599,19855,20807,2246,150,20457,1,11:36,2024,2025
2024-25,1630592,Jalen Wilson,Jalen,1610612751,BKN,Brooklyn Nets,22400546,2025-01-12T00:00:00,BKN @ UTA,L,24.15,2,7,0.286,1,5,0.2,2,2,1.0,0,3,3,1,1,1,1,0,1,3,7,-7,17.1,0,0,16.0,1,13222,13222,13222,12762,15612,12910,19630,8896,6354,13429,6020,7446,1,14058,9417,12778,14293,8788,5025,2537,1,6051,4218,14857,19141,15010,2246,150,14948,1,24:09,2024,2025
2024-25,1630553,Keon Johnson,Keon,1610612751,BKN,Brooklyn Nets,22400546,2025-01-12T00:00:00,BKN @ UTA,L,21.225,3,9,0.333,2,7,0.286,0,0,0.0,1,3,4,3,0,2,0,2,3,0,8,-2,23.3,0,0,21.0,1,13222,13222,13222,15139,12449,9700,17395,4949,3100,11433,13505,14344,13505,6876,9417,9701,6913,16469,1671,8263,23925,18916,17725,13544,14448,10979,2246,150,11621,1,21:14,2024,2025
2024-25,1630592,Jalen Wilson,Jalen,1610612751,BKN,Brooklyn Nets,22400531,2025-01-10T00:00:00,BKN @ DEN,L,16.883333333333333,0,5,0.0,0,4,0.0,0,0,0.0,0,3,3,1,3,0,0,1,5,0,0,-18,2.1,0,0,4.0,1,13222,13222,13222,18330,22635,16437,22635,15070,8688,15070,13505,14344,13505,14058,9417,12778,14293,2037,12854,8263,17462,25158,17725,23200,24566,24330,2246,150,22929,1,16:53,2024,2025
2024-25,1630553,Keon Johnson,Keon,1610612751,BKN,Brooklyn Nets,22400531,2025-01-10T00:00:00,BKN @ DEN,L,35.916666666666664,8,21,0.381,4,12,0.333,2,2,1.0,1,3,4,4,2,1,1,2,2,1,22,-9,36.8,0,0,38.0,1,13222,13222,13222,2742,2561,817,16250,1130,299,9209,6020,7446,1,6876,9417,9701,4780,4442,5025,2537,23925,12976,11254,2824,20535,4227,2246,150,3270,1,35:55,2024,2025
2024-25,1629651,Nic Claxton,Nic,1610612751,BKN,Brooklyn Nets,22400531,2025-01-10T00:00:00,BKN @ DEN,L,26.55,5,8,0.625,0,0,0.0,0,2,0.0,1,5,6,1,1,3,2,0,2,1,10,-26,32.7,0,0,27.0,1,13222,13222,13222,10687,7242,11288,4899,15070,20945,15070,13505,7446,13505,6876,4392,5362,14293,8788,473,808,1,12976,11254,11377,25937,5860,2246,150,7999,1,26:33,2024,2025
2024-25,1641736,Reece Beekman,Reece,1610612751,BKN,Brooklyn Nets,22400531,2025-01-10T00:00:00,BKN @ DEN,L,12.366666666666667,1,2,0.5,1,1,1.0,0,0,0.0,1,0,1,2,1,0,0,0,0,2,3,11,6.2,0,0,7.0,1,13222,13222,13222,21065,19033,21660,8526,8896,17631,1,13505,14344,13505,6876,22137,19889,9909,8788,12854,8263,1,1,6956,19913,4119,21956,2246,150,21087,1,12:22,2024,2025
2024-25,1631213,Tyrese Martin,Tyrese,1610612751,BKN,Brooklyn Nets,22400531,2025-01-10T00:00:00,BKN @ DEN,L,31.8,6,14,0.429,4,9,0.444,3,3,1.0,1,3,4,2,2,0,1,0,1,3,19,-3,27.8,0,0,31.0,1,13222,13222,13222,6154,5250,4240,13735,1130,1295,7211,4159,6038,1,6876,9417,9701,9909,4442,12854,2537,1,6051,4218,4202,15511,8309,2246,150,5932,1,31:48,2024,2025
2024-25,1627732,Ben Simmons,Ben,1610612751,BKN,Brooklyn Nets,22400531,2025-01-10T00:00:00,BKN @ DEN,L,21.78333333333333,5,7,0.714,0,0,0.0,0,0,0.0,0,4,4,7,4,1,0,1,4,0,10,-17,24.3,0,0,23.0,1,13222,13222,13222,14685,7242,12910,2752,15070,20945,15070,13505,14344,13505,14058,6429,9701,1463,877,5025,8263,17462,22904,17725,11377,24263,10409,2246,150,10339,1,21:47,2024,2025
2024-25,1630549,Day'Ron Sharpe,Day'Ron,1610612751,BKN,Brooklyn Nets,22400531,2025-01-10T00:00:00,BKN @ DEN,L,19.266666666666666,3,7,0.429,0,3,0.0,1,1,1.0,2,3,5,3,0,0,0,0,4,3,7,0,17.5,0,0,15.0,1,13222,13222,13222,16614,12449,12910,13735,15070,11494,15070,10215,12810,1,3306,9417,7268,6913,16469,12854,8263,1,22904,4218,14857,12240,14759,2246,150,15689,1,19:16,2024,2025
2024-25,1630533,Ziaire Williams,Ziaire,1610612751,BKN,Brooklyn Nets,22400531,2025-01-10T00:00:00,BKN @ DEN,L,23.1,3,8,0.375,2,6,0.333,2,4,0.5,2,3,5,3,2,2,0,0,2,3,10,-16,24.5,0,0,24.0,1,13222,13222,13222,13631,12449,11288,16299,4949,4502,9209,6020,3754,10625,3306,9417,7268,6913,4442,1671,8263,1,12976,4218,11377,23938,10279,2246,150,9719,1,23:06,2024,2025
2024-25,1641787,Tosan Evbuomwan,Tosan,1610612751,BKN,Brooklyn Nets,22400531,2025-01-10T00:00:00,BKN @ DEN,L,22.47,4,9,0.444,2,5,0.4,0,0,0.0,1,1,2,1,2,1,1,0,2,1,10,8,17.9,0,0,19.0,1,13222,13222,13222,14136,9611,9700,13045,4949,6354,7874,13505,14344,13505,6876,17569,16273,14293,4442,5025,2537,1,12976,11254,11377,5660,14467,2246,150,12913,1,22:28,2024,2025
2024-25,1641730,Noah Clowney,Noah,1610612751,BKN,Brooklyn Nets,22400531,2025-01-10T00:00:00,BKN @ DEN,L,29.863333333333333,3,9,0.333,1,5,0.2,7,7,1.0,1,4,5,2,0,1,0,1,2,4,14,-25,26.0,0,0,24.0,1,13222,13222,13222,7916,12449,9700,17395,8896,6354,13429,752,1377,1,6876,6429,7268,9909,16469,5025,8263,17462,12976,2493,7553,25842,9390,2246,150,9719,1,29:52,2024,2025
2024-25,1630592,Jalen Wilson,Jalen,1610612751,BKN,Brooklyn Nets,22400513,2025-01-08T00:00:00,BKN vs. DET,L,31.633333333333333,2,7,0.286,1,6,0.167,2,2,1.0,1,1,2,2,2,1,0,0,0,1,7,-1,13.4,0,0,14.0,1,13222,13222,13222,6299,15612,12910,19630,8896,4502,14236,6020,7446,1,6876,17569,16273,9909,4442,5025,8263,1,1,11254,14857,13450,17421,2246,150,16370,1,31:38,2024,2025
2024-25,1629651,Nic Claxton,Nic,1610612751,BKN,Brooklyn Nets,22400513,2025-01-08T00:00:00,BKN vs. DET,L,30.133333333333333,6,11,0.545,0,1,0.0,2,2,1.0,2,4,6,3,0,1,3,1,5,2,14,-11,37.7,0,0,31.0,1,13222,13222,13222,7648,5250,7071,7695,15070,17631,15070,6020,7446,1,3306,6429,5362,6913,16469,5025,252,17462,25158,6956,7553,21738,3913,2246,150,5932,1,30:08,2024,2025
2024-25,1630533,Ziaire Williams,Ziaire,1610612751,BKN,Brooklyn Nets,22400513,2025-01-08T00:00:00,BKN vs. DET,L,27.78333333333333,4,13,0.308,1,7,0.143,2,2,1.0,1,4,5,3,4,1,0,0,4,6,11,-14,20.5,0,0,22.0,1,13222,13222,13222,9729,9611,5079,19226,8896,3100,14649,6020,7446,1,6876,6429,7268,6913,877,5025,8263,1,22904,792,10323,23203,12748,2246,150,10998,1,27:47,2024,2025
2024-25,1641736,Reece Beekman,Reece,1610612751,BKN,Brooklyn Nets,22400513,2025-01-08T00:00:00,BKN vs. DET,L,24.066666666666663,1,6,0.167,0,0,0.0,0,0,0.0,0,1,1,5,1,2,1,2,1,1,2,-5,18.7,0,0,14.0,1,13222,13222,13222,12825,19033,14618,21938,15070,20945,15070,13505,14344,13505,14058,17569,19889,3273,8788,1671,2537,23925,6051,11254,21232,17436,13957,2246,150,16370,1,24:04,2024,2025
2024-25,1631213,Tyrese Martin,Tyrese,1610612751,BKN,Brooklyn Nets,22400513,2025-01-08T00:00:00,BKN vs. DET,L,32.6,4,12,0.333,4,9,0.444,0,2,0.0,2,8,10,4,4,1,0,1,0,1,12,-17,29.0,1,0,32.0,1,13222,13222,13222,5479,9611,5979,17395,1130,1295,7211,13505,7446,13505,3306,1271,1549,4780,877,5025,8263,17462,1,11254,9299,24263,7650,1,150,5433,1,32:36,2024,2025
2024-25,1641730,Noah Clowney,Noah,1610612751,BKN,Brooklyn Nets,22400513,2025-01-08T00:00:00,BKN vs. DET,L,37.05,9,20,0.45,5,11,0.455,6,6,1.0,0,6,6,3,1,2,0,2,1,4,29,-12,45.7,0,0,47.0,1,13222,13222,13222,1957,1688,1105,12982,492,499,7148,1180,1898,1,14058,2943,5362,6913,8788,1671,8263,23925,6051,2493,994,22309,1874,2246,150,1314,1,37:03,2024,2025
2024-25,1630553,Keon Johnson,Keon,1610612751,BKN,Brooklyn Nets,22400513,2025-01-08T00:00:00,BKN vs. DET,L,27.716666666666665,3,10,0.3,2,4,0.5,2,2,1.0,0,1,1,3,2,1,0,2,4,1,10,-8,16.7,0,0,18.0,1,13222,13222,13222,9778,12449,8304,19363,4949,8688,3944,6020,7446,1,14058,17569,19889,6913,4442,5025,8263,23925,22904,11254,11377,19855,15274,2246,150,13589,1,27:43,2024,2025
2024-25,1641787,Tosan Evbuomwan,Tosan,1610612751,BKN,Brooklyn Nets,22400513,2025-01-08T00:00:00,BKN vs. DET,L,29.016666666666666,4,7,0.571,0,1,0.0,5,5,1.0,3,4,7,1,1,1,0,1,0,4,13,-7,24.9,0,0,23.0,1,13222,13222,13222,8656,9611,12910,6538,15070,17631,15070,1817,2872,1,1615,6429,3946,14293,8788,5025,8263,17462,1,2493,8426,19141,10031,2246,150,10339,1,29:01,2024,2025
2024-25,1630533,Ziaire Williams,Ziaire,1610612751,BKN,Brooklyn Nets,22400495,2025-01-06T00:00:00,BKN vs. IND,L,25.766666666666666,4,8,0.5,2,5,0.4,0,0,0.0,0,8,8,4,1,1,1,0,4,3,10,-20,30.6,0,0,28.0,1,13222,13222,13222,11353,9611,11288,8526,4949,6354,7874,13505,14344,13505,14058,1271,2934,4780,8788,5025,2537,1,22904,4218,11377,25087,6876,2246,150,7475,1,25:46,2024,2025
2024-25,1630592,Jalen Wilson,Jalen,1610612751,BKN,Brooklyn Nets,22400495,2025-01-06T00:00:00,BKN vs. IND,L,30.95,4,11,0.364,0,4,0.0,0,0,0.0,4,0,4,3,1,0,0,0,1,0,8,-1,16.3,0,0,15.0,1,13222,13222,13222,6918,9611,7071,16861,15070,8688,15070,13505,14344,13505,785,22137,9701,6913,8788,12854,8263,1,6051,17725,13544,13450,15551,2246,150,15689,1,30:57,2024,2025
2024-25,1641730,Noah Clowney,Noah,1610612751,BKN,Brooklyn Nets,22400495,2025-01-06T00:00:00,BKN vs. IND,L,28.816666666666663,4,15,0.267,3,10,0.3,3,3,1.0,1,3,4,1,1,0,0,0,4,4,14,-9,19.3,0,0,22.0,1,13222,13222,13222,8827,9611,3491,20170,2458,829,11319,4159,6038,1,6876,9417,9701,14293,8788,12854,8263,1,22904,2493,7553,20535,13577,2246,150,10998,1,28:49,2024,2025
2024-25,1630549,Day'Ron Sharpe,Day'Ron,1610612751,BKN,Brooklyn Nets,22400495,2025-01-06T00:00:00,BKN vs. IND,L,22.416666666666668,8,13,0.615,0,1,0.0,0,0,0.0,9,4,13,5,0,0,0,0,2,0,16,9,39.1,1,0,34.0,1,13222,13222,13222,14177,2561,5079,5246,15070,17631,15070,13505,14344,13505,16,6429,534,3273,16469,12854,8263,1,12976,17725,6070,5125,3468,1,150,4638,1,22:25,2024,2025
2024-25,1629651,Nic Claxton,Nic,1610612751,BKN,Brooklyn Nets,22400495,2025-01-06T00:00:00,BKN vs. IND,L,25.58333333333333,2,10,0.2,0,1,0.0,0,0,0.0,2,5,7,3,1,2,1,2,2,2,4,-23,24.9,0,0,20.0,1,13222,13222,13222,11499,15612,8304,21401,15070,17631,15070,13505,14344,13505,3306,4392,3946,6913,8788,1671,2537,23925,12976,6956,18599,25627,10031,2246,150,12254,1,25:35,2024,2025
2024-25,1631213,Tyrese Martin,Tyrese,1610612751,BKN,Brooklyn Nets,22400495,2025-01-06T00:00:00,BKN vs. IND,L,30.383333333333333,6,12,0.5,1,3,0.333,2,4,0.5,3,2,5,1,3,1,0,2,0,4,15,-11,22.5,0,0,24.0,1,13222,13222,13222,7425,5250,5979,8526,8896,11494,9209,6020,3754,10625,1615,13151,7268,14293,2037,5025,8263,23925,1,2493,6813,21738,11461,2246,150,9719,1,30:23,2024,2025
2024-25,1641727,Dariq Whitehead,Dariq,1610612751,BKN,Brooklyn Nets,22400495,2025-01-06T00:00:00,BKN vs. IND,L,2.7,1,3,0.333,1,3,0.333,0,0,0.0,0,0,0,0,0,0,0,0,1,0,3,2,3.0,0,0,4.0,1,13222,13222,13222,25126,19033,19992,17395,8896,11494,9209,13505,14344,13505,14058,22137,23286,19908,16469,12854,8263,1,6051,17725,19913,10285,23760,2246,150,22929,1,2:42,2024,2025
2024-25,1641787,Tosan Evbuomwan,Tosan,1610612751,BKN,Brooklyn Nets,22400495,2025-01-06T00:00:00,BKN vs. IND,L,23.98333333333333,4,7,0.571,0,1,0.0,0,2,0.0,0,6,6,1,2,0,1,0,2,2,8,2,17.7,0,0,17.0,1,13222,13222,13222,12912,9611,12910,6538,15070,17631,15070,13505,7446,13505,14058,2943,5362,14293,4442,12854,2537,1,12976,6956,13544,10285,14610,2246,150,14250,1,23:59,2024,2025
2024-25,1641736,Reece Beekman,Reece,1610612751,BKN,Brooklyn Nets,22400495,2025-01-06T00:00:00,BKN vs. IND,L,17.683333333333334,4,9,0.444,1,2,0.5,0,0,0.0,0,0,0,0,0,0,0,0,0,1,9,3,9.0,0,0,10.0,1,13222,13222,13222,17794,9611,9700,13045,8896,14411,3944,13505,14344,13505,14058,22137,23286,19908,16469,12854,8263,1,1,11254,12445,9394,20341,2246,150,19152,1,17:41,2024,2025
2024-25,1630553,Keon Johnson,Keon,1610612751,BKN,Brooklyn Nets,22400495,2025-01-06T00:00:00,BKN vs. IND,L,31.716666666666665,4,10,0.4,2,3,0.667,2,2,1.0,1,3,4,5,5,4,0,1,3,1,12,-22,31.3,0,0,31.0,1,13222,13222,13222,6220,9611,8304,14933,4949,11494,1957,6020,7446,1,6876,9417,9701,3273,387,123,8263,17462,18916,11254,9299,25445,6529,2246,150,5932,1,31:43,2024,2025
2024-25,1641787,Tosan Evbuomwan,Tosan,1610612751,BKN,Brooklyn Nets,22400478,2025-01-04T00:00:00,BKN vs. PHI,L,20.691666666666663,1,4,0.25,1,4,0.25,0,2,0.0,0,1,1,1,1,0,1,0,3,1,3,-11,7.7,0,0,8.0,1,13222,13222,13222,15503,19033,18231,20233,8896,8688,11902,13505,7446,13505,14058,17569,19889,14293,8788,12854,2537,1,18916,11254,19913,21738,21084,2246,150,20457,1,20:42,2024,2025
2024-25,1641730,Noah Clowney,Noah,1610612751,BKN,Brooklyn Nets,22400478,2025-01-04T00:00:00,BKN vs. PHI,L,18.6,1,3,0.333,1,3,0.333,0,0,0.0,1,5,6,2,4,1,0,0,2,1,3,-14,12.2,0,0,14.0,1,13222,13222,13222,17106,19033,19992,17395,8896,11494,9209,13505,14344,13505,6876,4392,5362,9909,877,5025,8263,1,12976,11254,19913,23203,18251,2246,150,16370,1,18:36,2024,2025
2024-25,1630533,Ziaire Williams,Ziaire,1610612751,BKN,Brooklyn Nets,22400478,2025-01-04T00:00:00,BKN vs. PHI,L,21.616666666666667,6,8,0.75,4,6,0.667,3,4,0.75,0,3,3,2,2,1,1,0,1,2,19,-19,29.6,0,0,32.0,1,13222,13222,13222,14834,5250,11288,2107,1130,4502,1957,4159,3754,8186,14058,9417,12778,9909,4442,5025,2537,1,6051,6956,4202,24841,7359,2246,150,5433,1,21:37,2024,2025
2024-25,1626156,D'Angelo Russell,D'Angelo,1610612751,BKN,Brooklyn Nets,22400478,2025-01-04T00:00:00,BKN vs. PHI,L,14.133333333333333,1,4,0.25,1,2,0.5,2,3,0.667,0,1,1,4,3,2,0,0,0,1,5,-11,15.2,0,0,15.0,1,13222,13222,13222,20122,19033,18231,20233,8896,14411,3944,6020,6038,9425,14058,17569,19889,4780,2037,1671,8263,1,1,11254,17323,21738,16224,2246,150,15689,1,14:08,2024,2025
2024-25,1629651,Nic Claxton,Nic,1610612751,BKN,Brooklyn Nets,22400478,2025-01-04T00:00:00,BKN vs. PHI,L,23.4,5,8,0.625,0,1,0.0,0,0,0.0,1,4,5,0,2,0,0,0,2,1,10,-21,14.0,0,0,15.0,1,13222,13222,13222,13381,7242,11288,4899,15070,17631,15070,13505,14344,13505,6876,6429,7268,19908,4442,12854,8263,1,12976,11254,11377,25273,17013,2246,150,15689,1,23:24,2024,2025
2024-25,1631213,Tyrese Martin,Tyrese,1610612751,BKN,Brooklyn Nets,22400478,2025-01-04T00:00:00,BKN vs. PHI,L,29.23333333333333,6,18,0.333,1,7,0.143,3,4,0.75,1,4,5,3,0,0,0,1,1,3,16,-19,26.5,0,0,25.0,1,13222,13222,13222,8465,5250,1822,17395,8896,3100,14649,4159,3754,8186,6876,6429,7268,6913,16469,12854,8263,17462,6051,4218,6070,24841,9093,2246,150,9137,1,29:14,2024,2025
2024-25,1630549,Day'Ron Sharpe,Day'Ron,1610612751,BKN,Brooklyn Nets,22400478,2025-01-04T00:00:00,BKN vs. PHI,L,25.03333333333333,2,8,0.25,1,4,0.25,0,1,0.0,1,4,5,2,1,0,1,0,2,2,5,-6,16.0,0,0,15.0,1,13222,13222,13222,11975,15612,11288,20233,8896,8688,11902,13505,12810,13505,6876,6429,7268,9909,8788,12854,2537,1,12976,6956,17323,18298,15742,2246,150,15689,1,25:02,2024,2025
2024-25,1641736,Reece Beekman,Reece,1610612751,BKN,Brooklyn Nets,22400478,2025-01-04T00:00:00,BKN vs. PHI,L,17.916666666666668,3,4,0.75,0,1,0.0,1,1,1.0,0,1,1,0,4,1,1,0,1,2,7,-8,10.2,0,0,12.0,1,13222,13222,13222,17625,12449,18231,2107,15070,17631,15070,10215,12810,1,14058,17569,19889,19908,877,5025,2537,1,6051,6956,14857,19855,19567,2246,150,17796,1,17:55,2024,2025
2024-25,1630592,Jalen Wilson,Jalen,1610612751,BKN,Brooklyn Nets,22400478,2025-01-04T00:00:00,BKN vs. PHI,L,33.03,4,11,0.364,3,8,0.375,0,0,0.0,1,3,4,0,3,0,0,0,6,1,11,-20,12.8,0,0,18.0,1,13222,13222,13222,5131,9611,7071,16861,2458,2050,8800,13505,14344,13505,6876,9417,9701,19908,2037,12854,8263,1,26091,11254,10323,25087,17849,2246,150,13589,1,33:02,2024,2025
2024-25,1630553,Keon Johnson,Keon,1610612751,BKN,Brooklyn Nets,22400478,2025-01-04T00:00:00,BKN vs. PHI,L,36.345,5,14,0.357,2,5,0.4,3,4,0.75,1,7,8,8,2,1,0,1,3,3,15,-16,37.6,0,0,35.0,1,13222,13222,13222,2448,7242,4240,17140,4949,6354,7874,4159,3754,8186,6876,1947,2934,963,4442,5025,8263,17462,18916,4218,6813,23938,3953,2246,150,4250,1,36:21,2024,2025
2024-25,1630592,Jalen Wilson,Jalen,1610612751,BKN,Brooklyn Nets,22400465,2025-01-02T00:00:00,BKN @ MIL,W,36.98333333333333,6,13,0.462,1,4,0.25,0,0,0.0,2,2,4,1,2,2,0,1,3,0,13,-21,23.3,0,0,23.0,1,1,1,1,1997,5250,5079,12428,8896,8688,11902,13505,14344,13505,3306,13151,9701,14293,4442,1671,8263,17462,18916,17725,8426,25273,10979,2246,150,10339,1,36:59,2024,2025
2024-25,1630560,Cam Thomas,Cam,1610612751,BKN,Brooklyn Nets,22400465,2025-01-02T00:00:00,BKN @ MIL,W,21.865,8,22,0.364,2,11,0.182,6,6,1.0,3,4,7,2,1,2,0,1,1,5,24,-1,40.4,0,0,39.0,1,1,1,1,14611,2561,626,16861,4949,499,14207,1180,1898,1,1615,6429,3946,9909,8788,1671,8263,17462,6051,1447,2129,13450,3114,2246,150,2984,1,21:52,2024,2025
2024-25,1631213,Tyrese Martin,Tyrese,1610612751,BKN,Brooklyn Nets,22400465,2025-01-02T00:00:00,BKN @ MIL,W,14.91,0,2,0.0,0,1,0.0,0,0,0.0,0,0,0,3,0,1,0,0,1,1,0,16,7.5,0,0,5.0,1,1,1,1,19632,22635,21660,22635,15070,17631,15070,13505,14344,13505,14058,22137,23286,6913,16469,5025,8263,1,6051,11254,23200,2243,21215,2246,150,22358,1,14:55,2024,2025
2024-25,1626156,D'Angelo Russell,D'Angelo,1610612751,BKN,Brooklyn Nets,22400465,2025-01-02T00:00:00,BKN @ MIL,W,27.883333333333333,3,11,0.273,0,4,0.0,5,5,1.0,0,3,3,12,1,2,0,1,2,3,11,1,37.6,1,0,30.0,1,1,1,1,9638,12449,7071,20048,15070,8688,15070,1817,2872,1,14058,9417,12778,139,8788,1671,8263,17462,12976,4218,10323,11263,3953,1,150,6431,1,27:53,2024,2025
2024-25,1630533,Ziaire Williams,Ziaire,1610612751,BKN,Brooklyn Nets,22400465,2025-01-02T00:00:00,BKN @ MIL,W,18.51833333333333,2,5,0.4,2,4,0.5,2,2,1.0,2,4,6,1,1,0,1,1,2,2,8,12,18.7,0,0,19.0,1,1,1,1,17178,15612,16437,14933,4949,8688,3944,6020,7446,1,3306,6429,5362,14293,8788,12854,2537,17462,12976,6956,13544,3654,13957,2246,150,12913,1,18:31,2024,2025
2024-25,1629651,Nic Claxton,Nic,1610612751,BKN,Brooklyn Nets,22400465,2025-01-02T00:00:00,BKN @ MIL,W,33.266666666666666,5,9,0.556,0,0,0.0,6,8,0.75,1,10,11,2,0,1,1,0,3,5,16,-1,38.2,1,0,33.0,1,1,1,1,4928,7242,9700,7248,15070,20945,15070,1180,912,8186,6876,483,1106,9909,16469,5025,2537,1,18916,1447,6070,13450,3746,1,150,5036,1,33:16,2024,2025
2024-25,1630553,Keon Johnson,Keon,1610612751,BKN,Brooklyn Nets,22400465,2025-01-02T00:00:00,BKN @ MIL,W,28.016666666666666,3,7,0.429,1,2,0.5,2,3,0.667,2,7,9,1,2,0,1,1,4,2,9,-6,22.3,0,0,22.0,1,1,1,1,9535,12449,12910,13735,8896,14411,3944,6020,6038,9425,3306,1947,2169,14293,4442,12854,2537,17462,22904,6956,12445,18298,11570,2246,150,10998,1,28:01,2024,2025
2024-25,1630549,Day'Ron Sharpe,Day'Ron,1610612751,BKN,Brooklyn Nets,22400465,2025-01-02T00:00:00,BKN @ MIL,W,19.883333333333333,1,3,0.333,0,1,0.0,4,4,1.0,2,4,6,4,2,0,0,1,4,3,6,17,17.2,0,0,16.0,1,1,1,1,16109,19033,19992,17395,15070,17631,15070,2676,3754,1,3306,6429,5362,4780,4442,12854,8263,17462,22904,4218,15937,1948,14950,2246,150,14948,1,19:53,2024,2025
2024-25,1629661,Cameron Johnson,Cameron,1610612751,BKN,Brooklyn Nets,22400465,2025-01-02T00:00:00,BKN @ MIL,W,38.67333333333333,10,16,0.625,6,12,0.5,0,0,0.0,2,3,5,0,5,0,0,0,1,0,26,-2,27.0,0,0,37.0,1,1,1,1,1023,1099,2836,4899,202,299,3944,13505,14344,13505,3306,9417,7268,19908,387,12854,8263,1,6051,17725,1579,14448,8803,2246,150,3591,1,38:40,2024,2025
2024-25,1626156,D'Angelo Russell,D'Angelo,1610612751,BKN,Brooklyn Nets,22400459,2025-01-01T00:00:00,BKN @ TOR,L,26.016666666666666,9,13,0.692,2,6,0.333,2,2,1.0,0,2,2,8,3,1,2,0,3,3,22,2,42.4,0,0,40.0,1,13222,13222,13222,11148,1688,5079,3171,4949,4502,9209,6020,7446,1,14058,13151,16273,963,2037,5025,808,1,18916,4218,2824,10285,2620,2246,150,2744,1,26:01,2024,2025
2024-25,1629651,Nic Claxton,Nic,1610612751,BKN,Brooklyn Nets,22400459,2025-01-01T00:00:00,BKN @ TOR,L,30.133333333333333,7,11,0.636,0,1,0.0,2,3,0.667,0,10,10,4,0,0,0,1,0,3,16,-17,34.0,1,0,30.0,1,13222,13222,13222,7648,3730,7071,4689,15070,17631,15070,6020,6038,9425,14058,483,1549,4780,16469,12854,8263,17462,1,4218,6070,24263,5290,1,150,6431,1,30:08,2024,2025
2024-25,1630553,Keon Johnson,Keon,1610612751,BKN,Brooklyn Nets,22400459,2025-01-01T00:00:00,BKN @ TOR,L,29.05,6,18,0.333,3,12,0.25,2,2,1.0,0,1,1,0,1,1,0,2,2,3,17,-11,20.2,0,0,23.0,1,13222,13222,13222,8631,5250,1822,17395,2458,299,11902,6020,7446,1,14058,17569,19889,19908,8788,5025,8263,23925,12976,4218,5360,21738,12950,2246,150,10339,1,29:03,2024,2025
2024-25,1641730,Noah Clowney,Noah,1610612751,BKN,Brooklyn Nets,22400459,2025-01-01T00:00:00,BKN @ TOR,L,28.25,2,5,0.4,1,4,0.25,0,0,0.0,1,2,3,0,0,1,0,0,0,0,5,-16,11.6,0,0,11.0,1,13222,13222,13222,9340,15612,16437,14933,8896,8688,11902,13505,14344,13505,6876,13151,12778,19908,16469,5025,8263,1,1,17725,17323,23938,18658,2246,150,18464,1,28:15,2024,2025
2024-25,1627732,Ben Simmons,Ben,1610612751,BKN,Brooklyn Nets,22400459,2025-01-01T00:00:00,BKN @ TOR,L,24.5,1,6,0.167,0,0,0.0,0,0,0.0,0,2,2,6,1,1,0,0,3,0,2,-18,15.4,0,0,12.0,1,13222,13222,13222,12473,19033,14618,21938,15070,20945,15070,13505,14344,13505,14058,13151,16273,2199,8788,5025,8263,1,18916,17725,21232,24566,16104,2246,150,17796,1,24:30,2024,2025
2024-25,1631213,Tyrese Martin,Tyrese,1610612751,BKN,Brooklyn Nets,22400459,2025-01-01T00:00:00,BKN @ TOR,L,20.0,1,4,0.25,0,2,0.0,0,0,0.0,0,4,4,4,0,1,0,0,1,0,2,3,15.8,0,0,12.0,1,13222,13222,13222,16013,19033,18231,20233,15070,14411,15070,13505,14344,13505,14058,6429,9701,4780,16469,5025,8263,1,6051,17725,21232,9394,15862,2246,150,17796,1,20:00,2024,2025
2024-25,1629661,Cameron Johnson,Cameron,1610612751,BKN,Brooklyn Nets,22400459,2025-01-01T00:00:00,BKN @ TOR,L,27.75,7,12,0.583,3,5,0.6,7,7,1.0,1,0,1,3,3,1,0,1,3,7,24,-17,29.7,0,0,33.0,1,13222,13222,13222,9757,3730,5979,6296,2458,6354,2992,752,1377,1,6876,22137,19889,6913,2037,5025,8263,17462,18916,426,2129,24263,7305,2246,150,5036,1,27:45,2024,2025
2024-25,1630592,Jalen Wilson,Jalen,1610612751,BKN,Brooklyn Nets,22400459,2025-01-01T00:00:00,BKN @ TOR,L,31.48333333333333,3,11,0.273,1,5,0.2,3,3,1.0,1,0,1,0,1,0,0,2,3,2,10,-10,10.2,0,0,12.0,1,13222,13222,13222,6421,12449,7071,20048,8896,6354,13429,4159,6038,1,6876,22137,19889,19908,8788,12854,8263,23925,18916,6956,11377,21147,19567,2246,150,17796,1,31:29,2024,2025
2024-25,1641721,Maxwell Lewis,Maxwell,1610612751,BKN,Brooklyn Nets,22400459,2025-01-01T00:00:00,BKN @ TOR,L,1.0833333333333333,1,1,1.0,1,1,1.0,0,0,0.0,0,0,0,0,0,0,0,0,0,0,3,-1,3.0,0,0,4.0,1,13222,13222,13222,26029,19033,23259,1,8896,17631,1,13505,14344,13505,14058,22137,23286,19908,16469,12854,8263,1,1,17725,19913,13450,23760,2246,150,22929,1,1:05,2024,2025
2024-25,1630549,Day'Ron Sharpe,Day'Ron,1610612751,BKN,Brooklyn Nets,22400459,2025-01-01T00:00:00,BKN @ TOR,L,17.866666666666667,5,6,0.833,0,1,0.0,1,1,1.0,1,7,8,2,2,2,0,0,2,1,11,0,27.6,0,0,25.0,1,13222,13222,13222,17651,7242,14618,1514,15070,17631,15070,10215,12810,1,6876,1947,2934,9909,4442,1671,8263,1,12976,11254,10323,12240,8435,2246,150,9137,1,17:52,2024,2025
2024-25,1641736,Reece Beekman,Reece,1610612751,BKN,Brooklyn Nets,22400459,2025-01-01T00:00:00,BKN @ TOR,L,3.8666666666666663,0,0,0.0,0,0,0.0,1,2,0.5,0,0,0,1,0,0,0,0,0,1,1,0,2.5,0,0,2.0,1,13222,13222,13222,24555,22635,24836,22635,15070,20945,15070,10215,7446,10625,14058,22137,23286,14293,16469,12854,8263,1,1,11254,22996,12240,24132,2246,150,24066,1,3:52,2024,2025
2024-25,1631213,Tyrese Martin,Tyrese,1610612751,BKN,Brooklyn Nets,22400436,2024-12-29T00:00:00,BKN @ ORL,L,20.25333333333333,1,3,0.333,0,1,0.0,2,2,1.0,1,4,5,1,1,0,1,0,2,1,4,13,13.5,0,0,12.0,1,13222,13222,13222,15820,19033,19992,17395,15070,17631,15070,6020,7446,1,6876,6429,7268,14293,8788,12854,2537,1,12976,11254,18599,3250,17367,2246,150,17796,1,20:15,2024,2025
2024-25,1629651,Nic Claxton,Nic,1610612751,BKN,Brooklyn Nets,22400436,2024-12-29T00:00:00,BKN @ ORL,L,31.53333333333333,2,5,0.4,0,0,0.0,2,4,0.5,1,4,5,1,2,1,0,0,4,8,6,-19,14.5,0,0,14.0,1,13222,13222,13222,6391,15612,16437,14933,15070,20945,15070,6020,3754,10625,6876,6429,7268,14293,4442,5025,8263,1,22904,220,15937,24841,16714,2246,150,16370,1,31:32,2024,2025
2024-25,1630549,Day'Ron Sharpe,Day'Ron,1610612751,BKN,Brooklyn Nets,22400436,2024-12-29T00:00:00,BKN @ ORL,L,16.388333333333332,4,9,0.444,0,2,0.0,0,0,0.0,2,4,6,1,0,1,2,0,1,2,8,18,25.7,0,0,21.0,1,13222,13222,13222,18663,9611,9700,13045,15070,14411,15070,13505,14344,13505,3306,6429,5362,14293,16469,5025,808,1,6051,6956,13544,1677,9568,2246,150,11621,1,16:23,2024,2025
2024-25,1630553,Keon Johnson,Keon,1610612751,BKN,Brooklyn Nets,22400436,2024-12-29T00:00:00,BKN @ ORL,L,33.18333333333333,5,11,0.455,1,5,0.2,3,4,0.75,2,1,3,2,2,1,0,0,3,4,14,-5,21.6,0,0,22.0,1,13222,13222,13222,4996,7242,7071,12676,8896,6354,13429,4159,3754,8186,3306,17569,12778,9909,4442,5025,8263,1,18916,2493,7553,17436,12003,2246,150,10998,1,33:11,2024,2025
2024-25,1627732,Ben Simmons,Ben,1610612751,BKN,Brooklyn Nets,22400436,2024-12-29T00:00:00,BKN @ ORL,L,30.561666666666667,3,6,0.5,0,0,0.0,0,0,0.0,1,6,7,7,2,0,0,1,2,0,6,-22,22.9,0,0,20.0,1,13222,13222,13222,7271,12449,14618,8526,15070,20945,15070,13505,14344,13505,6876,2943,3946,1463,4442,12854,8263,17462,12976,17725,15937,25445,11219,2246,150,12254,1,30:34,2024,2025
2024-25,1630592,Jalen Wilson,Jalen,1610612751,BKN,Brooklyn Nets,22400436,2024-12-29T00:00:00,BKN @ ORL,L,31.16333333333333,4,5,0.8,4,5,0.8,4,4,1.0,0,1,1,1,1,1,0,0,4,2,16,5,20.7,0,0,24.0,1,13222,13222,13222,6740,9611,16437,1688,1130,6354,1389,2676,3754,1,14058,17569,19889,14293,8788,5025,8263,1,22904,6956,6070,7737,12614,2246,150,9719,1,31:10,2024,2025
2024-25,1641730,Noah Clowney,Noah,1610612751,BKN,Brooklyn Nets,22400436,2024-12-29T00:00:00,BKN @ ORL,L,27.69833333333333,4,7,0.571,3,5,0.6,2,2,1.0,0,2,2,0,2,0,0,1,1,1,13,-4,13.4,0,0,18.0,1,13222,13222,13222,9797,9611,12910,6538,2458,6354,2992,6020,7446,1,14058,13151,16273,19908,4442,12854,8263,17462,6051,11254,8426,16449,17421,2246,150,13589,1,27:42,2024,2025
2024-25,1630560,Cam Thomas,Cam,1610612751,BKN,Brooklyn Nets,22400436,2024-12-29T00:00:00,BKN @ ORL,L,24.56833333333333,6,18,0.333,3,7,0.429,10,11,0.909,1,5,6,5,2,0,0,1,1,5,25,8,37.7,0,0,39.0,1,13222,13222,13222,12408,5250,1822,17395,2458,3100,7394,183,294,6764,6876,4392,5362,3273,4442,12854,8263,17462,6051,1447,1828,5660,3913,2246,150,2984,1,24:34,2024,2025
2024-25,1629661,Cameron Johnson,Cameron,1610612751,BKN,Brooklyn Nets,22400436,2024-12-29T00:00:00,BKN @ ORL,L,24.65,3,9,0.333,2,5,0.4,1,1,1.0,1,2,3,4,2,3,0,0,1,0,9,1,25.6,0,0,24.0,1,13222,13222,13222,12326,12449,9700,17395,4949,6354,7874,10215,12810,1,6876,13151,12778,4780,4442,473,8263,1,6051,17725,12445,11263,9621,2246,150,9719,1,24:39,2024,2025
2024-25,1629003,Shake Milton,Shake,1610612751,BKN,Brooklyn Nets,22400421,2024-12-27T00:00:00,BKN vs. SAS,L,34.3,5,9,0.556,3,6,0.5,3,4,0.75,0,3,3,12,1,1,0,1,3,4,16,7,39.6,1,0,36.0,1,13222,13222,13222,4009,7242,9700,7248,2458,4502,3944,4159,3754,8186,14058,9417,12778,139,8788,5025,8263,17462,18916,2493,6070,6330,3331,1,150,3901,1,34:18,2024,2025
2024-25,1631213,Tyrese Martin,Tyrese,1610612751,BKN,Brooklyn Nets,22400421,2024-12-27T00:00:00,BKN vs. SAS,L,19.016666666666666,6,14,0.429,1,7,0.143,0,0,0.0,1,5,6,0,2,1,0,0,1,1,13,-9,21.2,0,0,22.0,1,13222,13222,13222,16808,5250,4240,13735,8896,3100,14649,13505,14344,13505,6876,4392,5362,19908,4442,5025,8263,1,6051,11254,8426,20535,12273,2246,150,10998,1,19:01,2024,2025
2024-25,1630553,Keon Johnson,Keon,1610612751,BKN,Brooklyn Nets,22400421,2024-12-27T00:00:00,BKN vs. SAS,L,36.61666666666667,10,20,0.5,4,10,0.4,1,2,0.5,1,3,4,3,3,1,1,2,2,2,25,6,37.3,0,0,40.0,1,13222,13222,13222,2270,1099,1105,8526,1130,829,7874,10215,7446,10625,6876,9417,9701,6913,2037,5025,2537,23925,12976,6956,1828,7002,4065,2246,150,2744,1,36:37,2024,2025
2024-25,1630592,Jalen Wilson,Jalen,1610612751,BKN,Brooklyn Nets,22400421,2024-12-27T00:00:00,BKN vs. SAS,L,39.38333333333333,4,13,0.308,3,6,0.5,0,0,0.0,0,2,2,3,2,0,0,2,4,1,11,-12,15.9,0,0,19.0,1,13222,13222,13222,751,9611,5079,19226,2458,4502,3944,13505,14344,13505,14058,13151,16273,6913,4442,12854,8263,23925,22904,11254,10323,22309,15803,2246,150,12913,1,39:23,2024,2025
2024-25,1641730,Noah Clowney,Noah,1610612751,BKN,Brooklyn Nets,22400421,2024-12-27T00:00:00,BKN vs. SAS,L,24.016666666666666,2,6,0.333,1,4,0.25,0,0,0.0,1,4,5,1,1,1,0,0,5,0,5,-13,14.5,0,0,14.0,1,13222,13222,13222,12885,15612,14618,17395,8896,8688,11902,13505,14344,13505,6876,6429,7268,14293,8788,5025,8263,1,25158,17725,17323,22771,16714,2246,150,16370,1,24:01,2024,2025
2024-25,1641736,Reece Beekman,Reece,1610612751,BKN,Brooklyn Nets,22400421,2024-12-27T00:00:00,BKN vs. SAS,L,13.7,0,3,0.0,0,2,0.0,0,0,0.0,0,0,0,1,1,0,0,0,2,0,0,-16,0.5,0,0,1.0,1,13222,13222,13222,20364,22635,19992,22635,15070,14411,15070,13505,14344,13505,14058,22137,23286,14293,8788,12854,8263,1,12976,17725,23200,23938,25112,2246,150,24667,1,13:42,2024,2025
2024-25,1627827,Dorian Finney-Smith,Dorian,1610612751,BKN,Brooklyn Nets,22400421,2024-12-27T00:00:00,BKN vs. SAS,L,27.133333333333333,1,7,0.143,0,4,0.0,0,1,0.0,2,7,9,0,1,0,0,1,1,1,2,-6,11.8,0,0,11.0,1,13222,13222,13222,10243,19033,12910,22260,15070,8688,15070,13505,12810,13505,3306,1947,2169,19908,8788,12854,8263,17462,6051,11254,21232,18298,18542,2246,150,18464,1,27:08,2024,2025
2024-25,1630549,Day'Ron Sharpe,Day'Ron,1610612751,BKN,Brooklyn Nets,22400421,2024-12-27T00:00:00,BKN vs. SAS,L,12.966666666666669,2,5,0.4,0,0,0.0,0,0,0.0,3,3,6,2,1,1,1,1,2,0,4,3,19.2,0,0,16.0,1,13222,13222,13222,20755,15612,16437,14933,15070,20945,15070,13505,14344,13505,1615,9417,5362,9909,8788,5025,2537,17462,12976,17725,18599,9394,13638,2246,150,14948,1,12:58,2024,2025
2024-25,1629651,Nic Claxton,Nic,1610612751,BKN,Brooklyn Nets,22400421,2024-12-27T00:00:00,BKN vs. SAS,L,32.86666666666667,5,13,0.385,0,2,0.0,1,1,1.0,4,6,10,0,4,3,2,1,2,2,11,-5,34.0,1,0,31.0,1,13222,13222,13222,5276,7242,5079,16070,15070,14411,15070,10215,12810,1,785,2943,1549,19908,877,473,808,17462,12976,6956,10323,17436,5290,1,150,5932,1,32:52,2024,2025
2024-25,1641736,Reece Beekman,Reece,1610612751,BKN,Brooklyn Nets,22400415,2024-12-26T00:00:00,BKN @ MIL,W,0.6233333333333333,0,0,0.0,0,0,0.0,0,0,0.0,0,0,0,0,0,0,0,0,0,0,0,0,0.0,0,0,0.0,1,1,1,1,26172,22635,24836,22635,15070,20945,15070,13505,14344,13505,14058,22137,23286,19908,16469,12854,8263,1,1,17725,23200,12240,25228,2246,150,25259,1,0:37,2024,2025
2024-25,1629003,Shake Milton,Shake,1610612751,BKN,Brooklyn Nets,22400415,2024-12-26T00:00:00,BKN @ MIL,W,22.9,7,10,0.7,4,6,0.667,2,3,0.667,1,1,2,0,2,1,0,0,1,3,20,-6,23.4,0,0,28.0,1,1,1,1,13790,3730,8304,3045,1130,4502,1957,6020,6038,9425,6876,17569,16273,19908,4442,5025,8263,1,6051,4218,3676,18298,10921,2246,150,7475,1,22:54,2024,2025
2024-25,1630553,Keon Johnson,Keon,1610612751,BKN,Brooklyn Nets,22400415,2024-12-26T00:00:00,BKN @ MIL,W,30.21,5,15,0.333,2,9,0.222,0,0,0.0,0,4,4,1,0,2,1,1,4,0,12,0,27.3,0,0,25.0,1,1,1,1,7583,7242,3491,17395,4949,1295,13288,13505,14344,13505,14058,6429,9701,14293,16469,1671,2537,17462,22904,17725,9299,12240,8623,2246,150,9137,1,30:13,2024,2025
2024-25,1627732,Ben Simmons,Ben,1610612751,BKN,Brooklyn Nets,22400415,2024-12-26T00:00:00,BKN @ MIL,W,28.98333333333333,4,9,0.444,0,0,0.0,0,0,0.0,1,3,4,9,6,1,0,1,1,1,8,16,23.3,0,0,23.0,1,1,1,1,8688,9611,9700,13045,15070,20945,15070,13505,14344,13505,6876,9417,9701,635,150,5025,8263,17462,6051,11254,13544,2243,10979,2246,150,10339,1,28:59,2024,2025
2024-25,1631213,Tyrese Martin,Tyrese,1610612751,BKN,Brooklyn Nets,22400415,2024-12-26T00:00:00,BKN @ MIL,W,17.433333333333334,1,4,0.25,0,2,0.0,3,4,0.75,0,5,5,2,1,0,0,0,1,3,5,-4,13.0,0,0,12.0,1,1,1,1,17972,19033,18231,20233,15070,14411,15070,4159,3754,8186,14058,4392,7268,9909,8788,12854,8263,1,6051,4218,17323,16449,17709,2246,150,17796,1,17:26,2024,2025
2024-25,1629661,Cameron Johnson,Cameron,1610612751,BKN,Brooklyn Nets,22400415,2024-12-26T00:00:00,BKN @ MIL,W,35.18333333333333,8,13,0.615,4,6,0.667,9,9,1.0,1,4,5,3,6,0,0,0,1,5,29,8,33.5,0,0,41.0,1,1,1,1,3324,2561,5079,5246,1130,4502,1957,318,643,1,6876,6429,7268,6913,150,12854,8263,1,6051,1447,994,5660,5492,2246,150,2498,1,35:11,2024,2025
2024-25,1630549,Day'Ron Sharpe,Day'Ron,1610612751,BKN,Brooklyn Nets,22400415,2024-12-26T00:00:00,BKN @ MIL,W,11.396666666666668,0,2,0.0,0,0,0.0,0,0,0.0,2,1,3,0,2,1,0,0,1,0,0,-7,4.6,0,0,5.0,1,1,1,1,21540,22635,21660,22635,15070,20945,15070,13505,14344,13505,3306,17569,12778,19908,4442,5025,8263,1,6051,17725,23200,19141,22915,2246,150,22358,1,11:24,2024,2025
2024-25,1641730,Noah Clowney,Noah,1610612751,BKN,Brooklyn Nets,22400415,2024-12-26T00:00:00,BKN @ MIL,W,30.636666666666667,7,10,0.7,6,9,0.667,0,0,0.0,1,3,4,2,2,1,0,0,1,2,20,10,28.8,0,0,34.0,1,1,1,1,7179,3730,8304,3045,202,1295,1957,13505,14344,13505,6876,9417,9701,9909,4442,5025,8263,1,6051,6956,3676,4588,7764,2246,150,4638,1,30:38,2024,2025
2024-25,1629651,Nic Claxton,Nic,1610612751,BKN,Brooklyn Nets,22400415,2024-12-26T00:00:00,BKN @ MIL,W,30.995,5,12,0.417,0,2,0.0,3,6,0.5,2,5,7,3,1,2,0,1,0,3,13,7,30.9,0,0,27.0,1,1,1,1,6888,7242,5979,14532,15070,14411,15070,4159,1898,10625,3306,4392,3946,6913,8788,1671,8263,17462,1,4218,8426,6330,6734,2246,150,7999,1,30:60,2024,2025
2024-25,1630592,Jalen Wilson,Jalen,1610612751,BKN,Brooklyn Nets,22400415,2024-12-26T00:00:00,BKN @ MIL,W,31.63833333333333,2,7,0.286,0,4,0.0,0,0,0.0,1,3,4,5,1,0,0,0,1,1,4,6,15.3,0,0,13.0,1,1,1,1,6297,15612,12910,19630,15070,8688,15070,13505,14344,13505,6876,9417,9701,3273,8788,12854,8263,1,6051,11254,18599,7002,16175,2246,150,17050,1,31:38,2024,2025
2024-25,1641798,Jaylen Martin,Jaylen,1610612751,BKN,Brooklyn Nets,22400396,2024-12-23T00:00:00,BKN @ MIA,L,1.6166666666666667,0,1,0.0,0,0,0.0,0,0,0.0,0,0,0,0,0,0,0,0,0,0,0,5,0.0,0,0,0.0,1,13222,13222,13222,25706,22635,23259,22635,15070,20945,15070,13505,14344,13505,14058,22137,23286,19908,16469,12854,8263,1,1,17725,23200,7737,25228,2246,150,25259,1,1:37,2024,2025
2024-25,1629003,Shake Milton,Shake,1610612751,BKN,Brooklyn Nets,22400396,2024-12-23T00:00:00,BKN @ MIA,L,19.23333333333333,1,8,0.125,0,2,0.0,2,2,1.0,0,2,2,3,2,2,0,1,3,3,4,-16,14.9,0,0,13.0,1,13222,13222,13222,16641,19033,11288,22420,15070,14411,15070,6020,7446,1,14058,13151,16273,6913,4442,1671,8263,17462,18916,4218,18599,23938,16417,2246,150,17050,1,19:14,2024,2025
2024-25,1631213,Tyrese Martin,Tyrese,1610612751,BKN,Brooklyn Nets,22400396,2024-12-23T00:00:00,BKN @ MIA,L,22.05666666666667,5,7,0.714,4,5,0.8,0,0,0.0,1,4,5,2,2,1,0,0,1,0,14,-13,24.0,0,0,27.0,1,13222,13222,13222,14458,7242,12910,2752,1130,6354,1389,13505,14344,13505,6876,6429,7268,9909,4442,5025,8263,1,6051,17725,7553,22771,10563,2246,150,7999,1,22:03,2024,2025
2024-25,1630549,Day'Ron Sharpe,Day'Ron,1610612751,BKN,Brooklyn Nets,22400396,2024-12-23T00:00:00,BKN @ MIA,L,15.266666666666667,3,9,0.333,0,2,0.0,0,1,0.0,5,2,7,1,0,0,0,0,3,1,6,-10,15.9,0,0,14.0,1,13222,13222,13222,19400,12449,9700,17395,15070,14411,15070,13505,12810,13505,389,13151,3946,14293,16469,12854,8263,1,18916,11254,15937,21147,15803,2246,150,16370,1,15:16,2024,2025
2024-25,1629651,Nic Claxton,Nic,1610612751,BKN,Brooklyn Nets,22400396,2024-12-23T00:00:00,BKN @ MIA,L,28.35,1,7,0.143,0,0,0.0,4,5,0.8,2,8,10,2,2,0,2,0,2,4,6,-6,25.0,0,0,22.0,1,13222,13222,13222,9255,19033,12910,22260,15070,20945,15070,2676,2872,7681,3306,1271,1549,9909,4442,12854,808,1,12976,2493,15937,18298,9980,2246,150,10998,1,28:21,2024,2025
2024-25,1641736,Reece Beekman,Reece,1610612751,BKN,Brooklyn Nets,22400396,2024-12-23T00:00:00,BKN @ MIA,L,1.6166666666666667,0,0,0.0,0,0,0.0,0,0,0.0,0,0,0,0,0,0,0,0,0,0,0,5,0.0,0,0,0.0,1,13222,13222,13222,25706,22635,24836,22635,15070,20945,15070,13505,14344,13505,14058,22137,23286,19908,16469,12854,8263,1,1,17725,23200,7737,25228,2246,150,25259,1,1:37,2024,2025
2024-25,1641727,Dariq Whitehead,Dariq,1610612751,BKN,Brooklyn Nets,22400396,2024-12-23T00:00:00,BKN @ MIA,L,1.6166666666666667,0,0,0.0,0,0,0.0,0,0,0.0,0,0,0,0,0,1,0,0,0,0,0,5,3.0,0,0,2.0,1,13222,13222,13222,25706,22635,24836,22635,15070,20945,15070,13505,14344,13505,14058,22137,23286,19908,16469,5025,8263,1,1,17725,23200,7737,23760,2246,150,24066,1,1:37,2024,2025
2024-25,1627732,Ben Simmons,Ben,1610612751,BKN,Brooklyn Nets,22400396,2024-12-23T00:00:00,BKN @ MIA,L,29.7,1,2,0.5,0,0,0.0,2,2,1.0,0,2,2,9,1,1,0,0,1,2,4,-5,21.9,0,0,17.0,1,13222,13222,13222,8039,19033,21660,8526,15070,20945,15070,6020,7446,1,14058,13151,16273,635,8788,5025,8263,1,6051,6956,18599,17436,11822,2246,150,14250,1,29:42,2024,2025
2024-25,1630592,Jalen Wilson,Jalen,1610612751,BKN,Brooklyn Nets,22400396,2024-12-23T00:00:00,BKN @ MIA,L,29.99,3,10,0.3,0,3,0.0,2,3,0.667,1,2,3,1,1,0,0,1,1,2,8,-13,12.1,0,0,12.0,1,13222,13222,13222,7794,12449,8304,19363,15070,11494,15070,6020,6038,9425,6876,13151,12778,14293,8788,12854,8263,17462,6051,6956,13544,22771,18340,2246,150,17796,1,29:59,2024,2025
2024-25,1630553,Keon Johnson,Keon,1610612751,BKN,Brooklyn Nets,22400396,2024-12-23T00:00:00,BKN @ MIA,L,28.31,6,12,0.5,2,5,0.4,1,2,0.5,1,4,5,2,3,3,0,1,4,1,15,2,30.0,0,0,30.0,1,13222,13222,13222,9296,5250,5979,8526,4949,6354,7874,10215,7446,10625,6876,6429,7268,9909,2037,473,8263,17462,22904,11254,6813,10285,7167,2246,150,6431,1,28:19,2024,2025
2024-25,1641730,Noah Clowney,Noah,1610612751,BKN,Brooklyn Nets,22400396,2024-12-23T00:00:00,BKN @ MIA,L,29.49333333333333,6,13,0.462,4,10,0.4,3,3,1.0,0,5,5,1,1,0,0,0,2,3,19,-14,25.5,0,0,29.0,1,13222,13222,13222,8235,5250,5079,12428,1130,829,7874,4159,6038,1,14058,4392,7268,14293,8788,12854,8263,1,12976,4218,4202,23203,9681,2246,150,6953,1,29:30,2024,2025
2024-25,1629661,Cameron Johnson,Cameron,1610612751,BKN,Brooklyn Nets,22400396,2024-12-23T00:00:00,BKN @ MIA,L,32.75,7,15,0.467,3,7,0.429,2,2,1.0,1,2,3,2,2,1,0,0,1,1,19,-15,26.6,0,0,29.0,1,13222,13222,13222,5365,3730,3491,12249,2458,3100,7394,6020,7446,1,6876,13151,12778,9909,4442,5025,8263,1,6051,11254,4202,23599,9031,2246,150,6953,1,32:45,2024,2025
2024-25,1627732,Ben Simmons,Ben,1610612751,BKN,Brooklyn Nets,22400379,2024-12-21T00:00:00,BKN vs. UTA,L,29.316666666666663,5,11,0.455,0,0,0.0,5,6,0.833,2,4,6,10,6,2,0,1,1,4,15,-13,37.2,1,0,35.0,1,13222,13222,13222,8382,7242,7071,12676,15070,20945,15070,1817,1898,7275,3306,6429,5362,386,150,1671,8263,17462,6051,2493,6813,22771,4094,1,150,4250,1,29:19,2024,2025
2024-25,1629651,Nic Claxton,Nic,1610612751,BKN,Brooklyn Nets,22400379,2024-12-21T00:00:00,BKN vs. UTA,L,25.683333333333334,5,10,0.5,0,0,0.0,0,0,0.0,2,3,5,0,2,2,2,1,0,4,10,-16,26.0,0,0,23.0,1,13222,13222,13222,11418,7242,8304,8526,15070,20945,15070,13505,14344,13505,3306,9417,7268,19908,4442,1671,808,17462,1,2493,11377,23938,9390,2246,150,10339,1,25:41,2024,2025
2024-25,1629661,Cameron Johnson,Cameron,1610612751,BKN,Brooklyn Nets,22400379,2024-12-21T00:00:00,BKN vs. UTA,L,37.6,7,15,0.467,2,9,0.222,2,2,1.0,0,3,3,5,6,2,0,0,2,2,18,-6,29.1,0,0,32.0,1,13222,13222,13222,1632,3730,3491,12249,4949,1295,13288,6020,7446,1,14058,9417,12778,3273,150,1671,8263,1,12976,6956,4762,18298,7610,2246,150,5433,1,37:36,2024,2025
2024-25,1631213,Tyrese Martin,Tyrese,1610612751,BKN,Brooklyn Nets,22400379,2024-12-21T00:00:00,BKN vs. UTA,L,22.433333333333334,3,9,0.333,1,7,0.143,0,0,0.0,2,2,4,3,0,0,0,0,1,0,7,-3,16.3,0,0,15.0,1,13222,13222,13222,14170,12449,9700,17395,8896,3100,14649,13505,14344,13505,3306,13151,9701,6913,16469,12854,8263,1,6051,17725,14857,15511,15551,2246,150,15689,1,22:26,2024,2025
2024-25,1641730,Noah Clowney,Noah,1610612751,BKN,Brooklyn Nets,22400379,2024-12-21T00:00:00,BKN vs. UTA,L,28.8,4,10,0.4,2,6,0.333,0,0,0.0,3,3,6,1,0,0,0,2,3,1,10,-3,18.7,0,0,19.0,1,13222,13222,13222,8839,9611,8304,14933,4949,4502,9209,13505,14344,13505,1615,9417,5362,14293,16469,12854,8263,23925,18916,11254,11377,15511,13957,2246,150,12913,1,28:48,2024,2025
2024-25,1630553,Keon Johnson,Keon,1610612751,BKN,Brooklyn Nets,22400379,2024-12-21T00:00:00,BKN vs. UTA,L,29.2,3,14,0.214,0,9,0.0,2,2,1.0,2,6,8,1,1,1,0,0,4,2,8,-2,21.1,0,0,19.0,1,13222,13222,13222,8496,12449,4240,21369,15070,1295,15070,6020,7446,1,3306,2943,2934,14293,8788,5025,8263,1,22904,6956,13544,14448,12342,2246,150,12913,1,29:12,2024,2025
2024-25,1629003,Shake Milton,Shake,1610612751,BKN,Brooklyn Nets,22400379,2024-12-21T00:00:00,BKN vs. UTA,L,25.566666666666663,5,10,0.5,1,4,0.25,0,0,0.0,1,1,2,2,0,1,0,0,5,1,11,-7,19.4,0,0,18.0,1,13222,13222,13222,11516,7242,8304,8526,8896,8688,11902,13505,14344,13505,6876,17569,16273,9909,16469,5025,8263,1,25158,11254,10323,19141,13495,2246,150,13589,1,25:34,2024,2025
2024-25,1630592,Jalen Wilson,Jalen,1610612751,BKN,Brooklyn Nets,22400379,2024-12-21T00:00:00,BKN vs. UTA,L,22.75,3,9,0.333,1,5,0.2,2,2,1.0,1,6,7,2,2,1,0,2,1,2,9,-5,21.4,0,0,21.0,1,13222,13222,13222,13906,12449,9700,17395,8896,6354,13429,6020,7446,1,6876,2943,3946,9909,4442,5025,8263,23925,6051,6956,12445,17436,12139,2246,150,11621,1,22:45,2024,2025
2024-25,1630549,Day'Ron Sharpe,Day'Ron,1610612751,BKN,Brooklyn Nets,22400379,2024-12-21T00:00:00,BKN vs. UTA,L,18.65,3,6,0.5,0,0,0.0,0,0,0.0,3,6,9,0,0,0,1,2,0,0,6,0,19.8,0,0,17.0,1,13222,13222,13222,17073,12449,14618,8526,15070,20945,15070,13505,14344,13505,1615,2943,2169,19908,16469,12854,2537,23925,1,17725,15937,12240,13241,2246,150,14250,1,18:39,2024,2025
2024-25,1630553,Keon Johnson,Keon,1610612751,BKN,Brooklyn Nets,22400364,2024-12-19T00:00:00,BKN @ TOR,W,8.183333333333334,0,3,0.0,0,2,0.0,0,0,0.0,0,1,1,0,2,0,0,1,4,1,0,-6,-0.8,0,0,1.0,1,1,1,1,22745,22635,19992,22635,15070,14411,15070,13505,14344,13505,14058,17569,19889,19908,4442,12854,8263,17462,22904,11254,23200,18298,26157,2246,150,24667,1,8:11,2024,2025
2024-25,1629651,Nic Claxton,Nic,1610612751,BKN,Brooklyn Nets,22400364,2024-12-19T00:00:00,BKN @ TOR,W,10.566666666666666,3,5,0.6,0,0,0.0,1,2,0.5,2,3,5,0,0,0,1,0,0,3,7,-2,16.0,0,0,14.0,1,1,1,1,21884,12449,16437,5394,15070,20945,15070,10215,7446,10625,3306,9417,7268,19908,16469,12854,2537,1,1,4218,14857,14448,15742,2246,150,16370,1,10:34,2024,2025
2024-25,1629003,Shake Milton,Shake,1610612751,BKN,Brooklyn Nets,22400364,2024-12-19T00:00:00,BKN @ TOR,W,29.35,5,10,0.5,0,4,0.0,2,2,1.0,1,2,3,2,1,0,0,0,1,1,12,10,17.6,0,0,17.0,1,1,1,1,8346,7242,8304,8526,15070,8688,15070,6020,7446,1,6876,13151,12778,9909,8788,12854,8263,1,6051,11254,9299,4588,14672,2246,150,14250,1,29:21,2024,2025
2024-25,1630549,Day'Ron Sharpe,Day'Ron,1610612751,BKN,Brooklyn Nets,22400364,2024-12-19T00:00:00,BKN @ TOR,W,10.333333333333334,1,5,0.2,0,0,0.0,3,4,0.75,4,5,9,0,3,0,1,1,5,3,5,1,15.8,0,0,16.0,1,1,1,1,21992,19033,16437,21401,15070,20945,15070,4159,3754,8186,785,4392,2169,19908,2037,12854,2537,17462,25158,4218,17323,11263,15862,2246,150,14948,1,10:20,2024,2025
2024-25,1627827,Dorian Finney-Smith,Dorian,1610612751,BKN,Brooklyn Nets,22400364,2024-12-19T00:00:00,BKN @ TOR,W,32.266666666666666,3,7,0.429,2,4,0.5,0,0,0.0,1,4,5,1,0,1,2,1,0,1,8,19,24.5,0,0,22.0,1,1,1,1,5765,12449,12910,13735,4949,8688,3944,13505,14344,13505,6876,6429,7268,14293,16469,5025,808,17462,1,11254,13544,1456,10279,2246,150,10998,1,32:16,2024,2025
2024-25,1629661,Cameron Johnson,Cameron,1610612751,BKN,Brooklyn Nets,22400364,2024-12-19T00:00:00,BKN @ TOR,W,34.35,9,15,0.6,4,10,0.4,11,12,0.917,0,10,10,6,2,0,2,0,3,8,33,11,58.0,1,0,57.0,1,1,1,1,3964,1688,3491,5394,1130,829,7874,116,194,6748,14058,483,1549,2199,4442,12854,808,1,18916,220,488,4119,451,1,150,347,1,34:21,2024,2025
2024-25,1641730,Noah Clowney,Noah,1610612751,BKN,Brooklyn Nets,22400364,2024-12-19T00:00:00,BKN @ TOR,W,37.0,3,10,0.3,2,8,0.25,3,3,1.0,1,8,9,1,0,0,0,1,5,7,11,2,23.3,0,0,23.0,1,1,1,1,1988,12449,8304,19363,4949,2050,11902,4159,6038,1,6876,1271,2169,14293,16469,12854,8263,17462,25158,426,10323,10285,10979,2246,150,10339,1,37:00,2024,2025
2024-25,1641736,Reece Beekman,Reece,1610612751,BKN,Brooklyn Nets,22400364,2024-12-19T00:00:00,BKN @ TOR,W,3.5,0,0,0.0,0,0,0.0,0,0,0.0,0,0,0,0,1,0,0,0,0,0,0,-3,-1.0,0,0,0.0,1,1,1,1,24704,22635,24836,22635,15070,20945,15070,13505,14344,13505,14058,22137,23286,19908,8788,12854,8263,1,1,17725,23200,15511,26163,2246,150,25259,1,3:30,2024,2025
2024-25,1627732,Ben Simmons,Ben,1610612751,BKN,Brooklyn Nets,22400364,2024-12-19T00:00:00,BKN @ TOR,W,32.4,5,9,0.556,0,0,0.0,2,3,0.667,1,4,5,7,5,0,0,0,2,3,12,15,23.5,0,0,24.0,1,1,1,1,5635,7242,9700,7248,15070,20945,15070,6020,6038,9425,6876,6429,7268,1463,387,12854,8263,1,12976,4218,9299,2549,10865,2246,150,9719,1,32:24,2024,2025
2024-25,1630592,Jalen Wilson,Jalen,1610612751,BKN,Brooklyn Nets,22400364,2024-12-19T00:00:00,BKN @ TOR,W,27.4,1,11,0.091,0,7,0.0,4,5,0.8,2,0,2,1,0,2,0,0,1,2,6,-8,15.9,0,0,13.0,1,1,1,1,10016,19033,7071,22599,15070,3100,15070,2676,2872,7681,3306,22137,16273,14293,16469,1671,8263,1,6051,6956,15937,19855,15803,2246,150,17050,1,27:24,2024,2025
2024-25,1631213,Tyrese Martin,Tyrese,1610612751,BKN,Brooklyn Nets,22400364,2024-12-19T00:00:00,BKN @ TOR,W,14.65,3,7,0.429,1,4,0.25,0,0,0.0,3,1,4,0,1,0,0,0,0,0,7,-4,10.8,0,0,12.0,1,1,1,1,19792,12449,12910,13735,8896,8688,11902,13505,14344,13505,1615,17569,9701,19908,8788,12854,8263,1,1,17725,14857,16449,19193,2246,150,17796,1,14:39,2024,2025
2024-25,1629661,Cameron Johnson,Cameron,1610612751,BKN,Brooklyn Nets,22401224,2024-12-16T00:00:00,BKN vs. CLE,L,27.741666666666667,5,10,0.5,3,6,0.5,9,13,0.692,0,1,1,5,3,0,1,2,1,6,22,-20,30.7,0,0,33.0,1,13222,13222,13222,9766,7242,8304,8526,2458,4502,3944,318,123,9414,14058,17569,19889,3273,2037,12854,2537,23925,6051,792,2824,25087,6826,2246,150,5036,1,27:45,2024,2025
2024-25,1627732,Ben Simmons,Ben,1610612751,BKN,Brooklyn Nets,22401224,2024-12-16T00:00:00,BKN vs. CLE,L,30.816666666666663,4,7,0.571,0,0,0.0,2,2,1.0,0,4,4,8,6,2,0,1,0,2,10,-16,26.8,0,0,26.0,1,13222,13222,13222,7026,9611,12910,6538,15070,20945,15070,6020,7446,1,14058,6429,9701,963,150,1671,8263,17462,1,6956,11377,23938,8917,2246,150,8551,1,30:49,2024,2025
2024-25,1631213,Tyrese Martin,Tyrese,1610612751,BKN,Brooklyn Nets,22401224,2024-12-16T00:00:00,BKN vs. CLE,L,17.85,1,4,0.25,1,4,0.25,0,0,0.0,2,1,3,2,2,2,0,0,1,1,3,-9,13.6,0,0,13.0,1,13222,13222,13222,17663,19033,18231,20233,8896,8688,11902,13505,14344,13505,3306,17569,12778,9909,4442,1671,8263,1,6051,11254,19913,20535,17296,2246,150,17050,1,17:51,2024,2025
2024-25,1630553,Keon Johnson,Keon,1610612751,BKN,Brooklyn Nets,22401224,2024-12-16T00:00:00,BKN vs. CLE,L,23.73333333333333,2,8,0.25,1,4,0.25,0,0,0.0,0,4,4,2,1,1,0,1,5,0,5,-1,14.8,0,0,14.0,1,13222,13222,13222,13126,15612,11288,20233,8896,8688,11902,13505,14344,13505,14058,6429,9701,9909,8788,5025,8263,17462,25158,17725,17323,13450,16495,2246,150,16370,1,23:44,2024,2025
2024-25,1630570,Trendon Watford,Trendon,1610612751,BKN,Brooklyn Nets,22401224,2024-12-16T00:00:00,BKN vs. CLE,L,9.958333333333334,2,3,0.667,1,1,1.0,3,3,1.0,0,0,0,0,0,0,0,0,0,3,8,-11,8.0,0,0,9.0,1,13222,13222,13222,22121,15612,19992,3281,8896,17631,1,4159,6038,1,14058,22137,23286,19908,16469,12854,8263,1,1,4218,13544,21738,20938,2246,150,19766,1,9:58,2024,2025
2024-25,1641730,Noah Clowney,Noah,1610612751,BKN,Brooklyn Nets,22401224,2024-12-16T00:00:00,BKN vs. CLE,L,17.1,1,4,0.25,0,2,0.0,0,0,0.0,0,2,2,1,2,0,1,0,6,1,2,-28,6.9,0,0,7.0,1,13222,13222,13222,18200,19033,18231,20233,15070,14411,15070,13505,14344,13505,14058,13151,16273,14293,4442,12854,2537,1,26091,11254,21232,26056,21599,2246,150,21087,1,17:06,2024,2025
2024-25,1629651,Nic Claxton,Nic,1610612751,BKN,Brooklyn Nets,22401224,2024-12-16T00:00:00,BKN vs. CLE,L,22.5,4,7,0.571,0,0,0.0,0,0,0.0,2,2,4,2,0,1,0,0,2,0,8,-24,18.8,0,0,16.0,1,13222,13222,13222,14100,9611,12910,6538,15070,20945,15070,13505,14344,13505,3306,13151,9701,9909,16469,5025,8263,1,12976,17725,13544,25745,13898,2246,150,14948,1,22:30,2024,2025
2024-25,1630549,Day'Ron Sharpe,Day'Ron,1610612751,BKN,Brooklyn Nets,22401224,2024-12-16T00:00:00,BKN vs. CLE,L,19.866666666666667,5,10,0.5,1,3,0.333,4,4,1.0,3,4,7,1,3,3,0,1,2,2,15,1,30.9,0,0,30.0,1,13222,13222,13222,16126,7242,8304,8526,8896,11494,9209,2676,3754,1,1615,6429,3946,14293,2037,473,8263,17462,12976,6956,6813,11263,6734,2246,150,6431,1,19:52,2024,2025
2024-25,1627827,Dorian Finney-Smith,Dorian,1610612751,BKN,Brooklyn Nets,22401224,2024-12-16T00:00:00,BKN vs. CLE,L,24.0,4,8,0.5,2,4,0.5,0,0,0.0,0,4,4,1,1,0,0,0,2,0,10,-10,15.3,0,0,17.0,1,13222,13222,13222,12899,9611,11288,8526,4949,8688,3944,13505,14344,13505,14058,6429,9701,14293,8788,12854,8263,1,12976,17725,11377,21147,16175,2246,150,14250,1,24:00,2024,2025
2024-25,1629003,Shake Milton,Shake,1610612751,BKN,Brooklyn Nets,22401224,2024-12-16T00:00:00,BKN vs. CLE,L,17.183333333333334,2,9,0.222,1,2,0.5,0,0,0.0,2,3,5,1,1,0,0,1,6,2,5,-13,11.5,0,0,12.0,1,13222,13222,13222,18148,15612,9700,21205,8896,14411,3944,13505,14344,13505,3306,9417,7268,14293,8788,12854,8263,17462,26091,6956,17323,22771,18735,2246,150,17796,1,17:11,2024,2025
2024-25,1630592,Jalen Wilson,Jalen,1610612751,BKN,Brooklyn Nets,22401224,2024-12-16T00:00:00,BKN vs. CLE,L,29.25,4,11,0.364,4,8,0.5,1,2,0.5,0,1,1,2,1,2,0,0,3,2,13,-14,22.2,0,0,24.0,1,13222,13222,13222,8450,9611,7071,16861,1130,2050,3944,10215,7446,10625,14058,17569,19889,9909,8788,1671,8263,1,18916,6956,8426,23203,11623,2246,150,9719,1,29:15,2024,2025
2024-25,1627732,Ben Simmons,Ben,1610612751,BKN,Brooklyn Nets,22401211,2024-12-13T00:00:00,BKN @ MEM,L,21.166666666666668,1,3,0.333,0,0,0.0,0,0,0.0,0,4,4,8,2,0,1,0,2,1,2,-3,19.8,0,0,16.0,1,13222,13222,13222,15170,19033,19992,17395,15070,20945,15070,13505,14344,13505,14058,6429,9701,963,4442,12854,2537,1,12976,11254,21232,15511,13241,2246,150,14948,1,21:10,2024,2025
2024-25,203471,Dennis Schröder,Dennis,1610612751,BKN,Brooklyn Nets,22401211,2024-12-13T00:00:00,BKN @ MEM,L,26.4,6,10,0.6,3,7,0.429,0,0,0.0,0,3,3,8,6,1,0,0,2,2,15,-16,27.6,0,0,31.0,1,13222,13222,13222,10812,5250,8304,5394,2458,3100,7394,13505,14344,13505,14058,9417,12778,963,150,5025,8263,1,12976,6956,6813,23938,8435,2246,150,5932,1,26:24,2024,2025
2024-25,1630570,Trendon Watford,Trendon,1610612751,BKN,Brooklyn Nets,22401211,2024-12-13T00:00:00,BKN @ MEM,L,0.0,0,0,0.0,0,0,0.0,0,0,0.0,0,0,0,0,0,0,0,0,0,0,0,0,0.0,0,0,0.0,1,13222,13222,13222,26304,22635,24836,22635,15070,20945,15070,13505,14344,13505,14058,22137,23286,19908,16469,12854,8263,1,1,17725,23200,12240,25228,2246,150,25259,1,0:00,2024,2025
2024-25,1630592,Jalen Wilson,Jalen,1610612751,BKN,Brooklyn Nets,22401211,2024-12-13T00:00:00,BKN @ MEM,L,28.78333333333333,5,13,0.385,3,8,0.375,2,3,0.667,0,2,2,4,2,2,0,0,2,1,15,-2,27.4,0,0,28.0,1,13222,13222,13222,8852,7242,5079,16070,2458,2050,8800,6020,6038,9425,14058,13151,16273,4780,4442,1671,8263,1,12976,11254,6813,14448,8559,2246,150,7475,1,28:47,2024,2025
2024-25,1627827,Dorian Finney-Smith,Dorian,1610612751,BKN,Brooklyn Nets,22401211,2024-12-13T00:00:00,BKN @ MEM,L,30.2,5,8,0.625,5,8,0.625,4,5,0.8,1,4,5,1,0,2,2,0,1,2,19,-20,38.5,0,0,38.0,1,13222,13222,13222,7586,7242,11288,4899,492,2050,2868,2676,2872,7681,6876,6429,7268,14293,16469,1671,808,1,6051,6956,4202,25087,3665,2246,150,3270,1,30:12,2024,2025
2024-25,1630549,Day'Ron Sharpe,Day'Ron,1610612751,BKN,Brooklyn Nets,22401211,2024-12-13T00:00:00,BKN @ MEM,L,17.35,5,9,0.556,0,4,0.0,2,2,1.0,1,2,3,1,1,0,0,0,0,1,12,-5,16.1,0,0,16.0,1,13222,13222,13222,18042,7242,9700,7248,15070,8688,15070,6020,7446,1,6876,13151,12778,14293,8788,12854,8263,1,1,11254,9299,17436,15681,2246,150,14948,1,17:21,2024,2025
2024-25,1629003,Shake Milton,Shake,1610612751,BKN,Brooklyn Nets,22401211,2024-12-13T00:00:00,BKN @ MEM,L,16.466666666666665,4,8,0.5,0,3,0.0,4,5,0.8,2,2,4,3,0,2,0,0,1,4,12,7,27.3,0,0,23.0,1,13222,13222,13222,18617,9611,11288,8526,15070,11494,15070,2676,2872,7681,3306,13151,9701,6913,16469,1671,8263,1,6051,2493,9299,6330,8623,2246,150,10339,1,16:28,2024,2025
2024-25,1629661,Cameron Johnson,Cameron,1610612751,BKN,Brooklyn Nets,22401211,2024-12-13T00:00:00,BKN @ MEM,L,30.8,4,11,0.364,2,6,0.333,2,3,0.667,1,6,7,3,1,1,0,1,2,5,12,-17,26.9,0,0,26.0,1,13222,13222,13222,7043,9611,7071,16861,4949,4502,9209,6020,6038,9425,6876,2943,3946,6913,8788,5025,8263,17462,12976,1447,9299,24263,8865,2246,150,8551,1,30:48,2024,2025
2024-25,1641730,Noah Clowney,Noah,1610612751,BKN,Brooklyn Nets,22401211,2024-12-13T00:00:00,BKN @ MEM,L,17.8,4,10,0.4,4,10,0.4,0,0,0.0,1,3,4,0,1,0,2,1,5,0,12,4,21.8,0,0,24.0,1,13222,13222,13222,17706,9611,8304,14933,1130,829,7874,13505,14344,13505,6876,9417,9701,19908,8788,12854,808,17462,25158,17725,9299,8479,11881,2246,150,9719,1,17:48,2024,2025
2024-25,1630553,Keon Johnson,Keon,1610612751,BKN,Brooklyn Nets,22401211,2024-12-13T00:00:00,BKN @ MEM,L,22.8,4,9,0.444,3,6,0.5,1,1,1.0,0,2,2,1,1,0,1,2,3,1,12,-13,17.9,0,0,20.0,1,13222,13222,13222,13875,9611,9700,13045,2458,4502,3944,10215,12810,1,14058,13151,16273,14293,8788,12854,2537,23925,18916,11254,9299,22771,14467,2246,150,12254,1,22:48,2024,2025
2024-25,1629651,Nic Claxton,Nic,1610612751,BKN,Brooklyn Nets,22401211,2024-12-13T00:00:00,BKN @ MEM,L,28.23333333333333,4,11,0.364,0,1,0.0,0,0,0.0,2,5,7,1,2,1,1,0,2,2,8,-15,21.9,0,0,20.0,1,13222,13222,13222,9357,9611,7071,16861,15070,17631,15070,13505,14344,13505,3306,4392,3946,14293,4442,5025,2537,1,12976,6956,13544,23599,11822,2246,150,12254,1,28:14,2024,2025
2024-25,1630570,Trendon Watford,Trendon,1610612751,BKN,Brooklyn Nets,22400348,2024-12-08T00:00:00,BKN vs. MIL,L,13.483333333333333,1,2,0.5,0,0,0.0,2,2,1.0,0,3,3,2,0,0,0,0,2,1,4,-12,10.6,0,0,9.0,1,13222,13222,13222,20496,19033,21660,8526,15070,20945,15070,6020,7446,1,14058,9417,12778,9909,16469,12854,8263,1,12976,11254,18599,22309,19303,2246,150,19766,1,13:29,2024,2025
2024-25,203471,Dennis Schröder,Dennis,1610612751,BKN,Brooklyn Nets,22400348,2024-12-08T00:00:00,BKN vs. MIL,L,33.55,13,19,0.684,4,7,0.571,4,5,0.8,0,3,3,11,0,0,0,2,3,6,34,6,54.1,1,0,52.0,1,13222,13222,13222,4683,245,1432,3255,1130,3100,3506,2676,2872,7681,14058,9417,12778,232,16469,12854,8263,23925,18916,792,394,7002,730,1,150,734,1,33:33,2024,2025
2024-25,1629651,Nic Claxton,Nic,1610612751,BKN,Brooklyn Nets,22400348,2024-12-08T00:00:00,BKN vs. MIL,L,32.63333333333333,9,14,0.643,0,1,0.0,3,3,1.0,3,7,10,4,0,3,2,0,3,5,21,3,54.0,1,0,45.0,1,13222,13222,13222,5451,1688,4240,4607,15070,17631,15070,4159,6038,1,1615,1947,1549,4780,16469,473,808,1,18916,1447,3254,9394,739,1,150,1626,1,32:38,2024,2025
2024-25,1629661,Cameron Johnson,Cameron,1610612751,BKN,Brooklyn Nets,22400348,2024-12-08T00:00:00,BKN vs. MIL,L,37.73333333333333,9,16,0.563,4,8,0.5,4,4,1.0,2,1,3,2,3,1,1,2,2,2,26,9,35.6,0,0,39.0,1,13222,13222,13222,1546,1688,2836,7127,1130,2050,3944,2676,3754,1,3306,17569,12778,9909,2037,5025,2537,23925,12976,6956,1579,5125,4667,2246,150,2984,1,37:44,2024,2025
2024-25,1627827,Dorian Finney-Smith,Dorian,1610612751,BKN,Brooklyn Nets,22400348,2024-12-08T00:00:00,BKN vs. MIL,L,30.55,3,7,0.429,3,5,0.6,0,0,0.0,0,4,4,1,0,1,0,1,4,0,9,2,18.3,0,0,19.0,1,13222,13222,13222,7274,12449,12910,13735,2458,6354,2992,13505,14344,13505,14058,6429,9701,14293,16469,5025,8263,17462,22904,17725,12445,10285,14218,2246,150,12913,1,30:33,2024,2025
2024-25,1630553,Keon Johnson,Keon,1610612751,BKN,Brooklyn Nets,22400348,2024-12-08T00:00:00,BKN vs. MIL,L,21.258333333333333,2,8,0.25,2,5,0.4,0,0,0.0,0,0,0,0,2,2,0,0,3,1,6,1,10.0,0,0,12.0,1,13222,13222,13222,15111,15612,11288,20233,4949,6354,7874,13505,14344,13505,14058,22137,23286,19908,4442,1671,8263,1,18916,11254,15937,11263,19706,2246,150,17796,1,21:16,2024,2025
2024-25,1627732,Ben Simmons,Ben,1610612751,BKN,Brooklyn Nets,22400348,2024-12-08T00:00:00,BKN vs. MIL,L,17.6,0,0,0.0,0,0,0.0,0,0,0.0,0,3,3,1,2,0,0,0,2,0,0,-5,3.1,0,0,4.0,1,13222,13222,13222,17856,22635,24836,22635,15070,20945,15070,13505,14344,13505,14058,9417,12778,14293,4442,12854,8263,1,12976,17725,23200,17436,23757,2246,150,22929,1,17:36,2024,2025
2024-25,1630549,Day'Ron Sharpe,Day'Ron,1610612751,BKN,Brooklyn Nets,22400348,2024-12-08T00:00:00,BKN vs. MIL,L,11.066666666666666,1,3,0.333,0,0,0.0,2,2,1.0,1,0,1,0,0,2,0,0,1,1,4,-11,11.2,0,0,9.0,1,13222,13222,13222,21681,19033,19992,17395,15070,20945,15070,6020,7446,1,6876,22137,19889,19908,16469,1671,8263,1,6051,11254,18599,21738,18904,2246,150,19766,1,11:04,2024,2025
2024-25,1629003,Shake Milton,Shake,1610612751,BKN,Brooklyn Nets,22400348,2024-12-08T00:00:00,BKN vs. MIL,L,15.983333333333333,2,4,0.5,2,4,0.5,0,0,0.0,0,1,1,0,2,0,0,0,2,1,6,-9,5.2,0,0,9.0,1,13222,13222,13222,18936,15612,18231,8526,4949,8688,3944,13505,14344,13505,14058,17569,19889,19908,4442,12854,8263,1,12976,11254,15937,20535,22562,2246,150,19766,1,15:59,2024,2025
2024-25,1630592,Jalen Wilson,Jalen,1610612751,BKN,Brooklyn Nets,22400348,2024-12-08T00:00:00,BKN vs. MIL,L,26.141666666666666,1,8,0.125,1,5,0.2,0,0,0.0,1,1,2,3,0,0,0,2,3,1,3,-9,9.9,0,0,9.0,1,13222,13222,13222,11053,19033,11288,22420,8896,6354,13429,13505,14344,13505,6876,17569,16273,6913,16469,12854,8263,23925,18916,11254,19913,20535,19759,2246,150,19766,1,26:09,2024,2025
2024-25,1629661,Cameron Johnson,Cameron,1610612751,BKN,Brooklyn Nets,22400320,2024-12-04T00:00:00,BKN vs. IND,W,35.28333333333333,7,18,0.389,7,13,0.538,5,6,0.833,0,7,7,1,3,2,1,3,1,3,26,-4,41.9,0,0,47.0,1,1,1,1,3254,3730,1822,16009,76,166,3915,1817,1898,7275,14058,1947,3946,14293,2037,1671,2537,25707,6051,4218,1579,16449,2742,2246,150,1314,1,35:17,2024,2025
2024-25,203471,Dennis Schröder,Dennis,1610612751,BKN,Brooklyn Nets,22400320,2024-12-04T00:00:00,BKN vs. IND,W,31.183333333333334,2,11,0.182,0,4,0.0,0,0,0.0,0,1,1,2,4,2,0,2,2,1,4,-7,10.2,0,0,11.0,1,1,1,1,6717,15612,7071,21891,15070,8688,15070,13505,14344,13505,14058,17569,19889,9909,877,1671,8263,23925,12976,11254,18599,19141,19567,2246,150,18464,1,31:11,2024,2025
2024-25,1630553,Keon Johnson,Keon,1610612751,BKN,Brooklyn Nets,22400320,2024-12-04T00:00:00,BKN vs. IND,W,23.28333333333333,1,5,0.2,0,3,0.0,2,2,1.0,1,4,5,2,1,1,1,1,2,2,4,-10,18.0,0,0,15.0,1,1,1,1,13481,19033,16437,21401,15070,11494,15070,6020,7446,1,6876,6429,7268,9909,8788,5025,2537,17462,12976,6956,18599,21147,14409,2246,150,15689,1,23:17,2024,2025
2024-25,1629651,Nic Claxton,Nic,1610612751,BKN,Brooklyn Nets,22400320,2024-12-04T00:00:00,BKN vs. IND,W,25.266666666666666,7,8,0.875,1,1,1.0,1,4,0.25,2,6,8,2,2,0,1,0,2,3,16,-6,29.6,0,0,29.0,1,1,1,1,11769,3730,11288,1353,8896,17631,1,10215,3754,13358,3306,2943,2934,9909,4442,12854,2537,1,12976,4218,6070,18298,7359,2246,150,6953,1,25:16,2024,2025
2024-25,1627732,Ben Simmons,Ben,1610612751,BKN,Brooklyn Nets,22400320,2024-12-04T00:00:00,BKN vs. IND,W,20.7,3,3,1.0,0,0,0.0,1,2,0.5,1,6,7,9,0,2,3,0,1,1,7,20,43.9,0,0,33.0,1,1,1,1,15489,12449,19992,1,15070,20945,15070,10215,7446,10625,6876,2943,3946,635,16469,1671,252,1,6051,11254,14857,1243,2259,2246,150,5036,1,20:42,2024,2025
2024-25,1630592,Jalen Wilson,Jalen,1610612751,BKN,Brooklyn Nets,22400320,2024-12-04T00:00:00,BKN vs. IND,W,37.93333333333333,4,11,0.364,1,5,0.2,2,2,1.0,1,2,3,3,0,2,0,2,0,3,11,0,25.1,0,0,22.0,1,1,1,1,1416,9611,7071,16861,8896,6354,13429,6020,7446,1,6876,13151,12778,6913,16469,1671,8263,23925,1,4218,10323,12240,9905,2246,150,10998,1,37:56,2024,2025
2024-25,1629003,Shake Milton,Shake,1610612751,BKN,Brooklyn Nets,22400320,2024-12-04T00:00:00,BKN vs. IND,W,28.216666666666665,6,11,0.545,1,4,0.25,2,3,0.667,0,3,3,4,0,2,0,1,4,2,15,21,30.6,0,0,27.0,1,1,1,1,9369,5250,7071,7695,8896,8688,11902,6020,6038,9425,14058,9417,12778,4780,16469,1671,8263,17462,22904,6956,6813,1041,6876,2246,150,7999,1,28:13,2024,2025
2024-25,1630570,Trendon Watford,Trendon,1610612751,BKN,Brooklyn Nets,22400320,2024-12-04T00:00:00,BKN vs. IND,W,21.45,2,8,0.25,1,4,0.25,4,4,1.0,0,3,3,0,2,0,0,1,4,3,9,9,10.6,0,0,13.0,1,1,1,1,14962,15612,11288,20233,8896,8688,11902,2676,3754,1,14058,9417,12778,19908,4442,12854,8263,17462,22904,4218,12445,5125,19303,2246,150,17050,1,21:27,2024,2025
2024-25,1630549,Day'Ron Sharpe,Day'Ron,1610612751,BKN,Brooklyn Nets,22400320,2024-12-04T00:00:00,BKN vs. IND,W,16.683333333333334,3,6,0.5,1,2,0.5,0,0,0.0,2,4,6,1,0,1,0,0,2,1,7,22,18.7,0,0,17.0,1,1,1,1,18477,12449,14618,8526,8896,14411,3944,13505,14344,13505,3306,6429,5362,14293,16469,5025,8263,1,12976,11254,14857,894,13957,2246,150,14250,1,16:41,2024,2025
2024-25,1630592,Jalen Wilson,Jalen,1610612751,BKN,Brooklyn Nets,22400317,2024-12-02T00:00:00,BKN @ CHI,L,25.866666666666667,1,5,0.2,0,3,0.0,0,0,0.0,0,6,6,0,1,0,0,0,5,0,2,-9,8.2,0,0,8.0,1,13222,13222,13222,11270,19033,16437,21401,15070,11494,15070,13505,14344,13505,14058,2943,5362,19908,8788,12854,8263,1,25158,17725,21232,20535,20807,2246,150,20457,1,25:52,2024,2025
2024-25,1629003,Shake Milton,Shake,1610612751,BKN,Brooklyn Nets,22400317,2024-12-02T00:00:00,BKN @ CHI,L,34.68333333333333,6,17,0.353,2,4,0.5,0,0,0.0,3,3,6,5,3,1,1,2,1,3,14,-16,31.7,0,0,31.0,1,13222,13222,13222,3705,5250,2289,17268,4949,8688,3944,13505,14344,13505,1615,9417,5362,3273,2037,5025,2537,23925,6051,4218,7553,23938,6320,2246,150,5932,1,34:41,2024,2025
2024-25,1630553,Keon Johnson,Keon,1610612751,BKN,Brooklyn Nets,22400317,2024-12-02T00:00:00,BKN @ CHI,L,30.383333333333333,3,10,0.3,2,6,0.333,0,0,0.0,1,2,3,3,1,1,1,0,2,0,8,-28,21.1,0,0,20.0,1,13222,13222,13222,7425,12449,8304,19363,4949,4502,9209,13505,14344,13505,6876,13151,12778,6913,8788,5025,2537,1,12976,17725,13544,26056,12342,2246,150,12254,1,30:23,2024,2025
2024-25,203471,Dennis Schröder,Dennis,1610612751,BKN,Brooklyn Nets,22400317,2024-12-02T00:00:00,BKN @ CHI,L,29.433333333333334,7,15,0.467,0,6,0.0,2,2,1.0,0,2,2,10,0,0,0,0,2,3,16,-4,33.4,1,0,28.0,1,13222,13222,13222,8281,3730,3491,12249,15070,4502,15070,6020,7446,1,14058,13151,16273,386,16469,12854,8263,1,12976,4218,6070,16449,5535,1,150,7475,1,29:26,2024,2025
2024-25,1631213,Tyrese Martin,Tyrese,1610612751,BKN,Brooklyn Nets,22400317,2024-12-02T00:00:00,BKN @ CHI,L,33.166666666666664,5,12,0.417,3,8,0.375,2,2,1.0,2,3,5,2,0,2,0,0,3,1,15,-32,30.0,0,0,29.0,1,13222,13222,13222,5013,7242,5979,14532,2458,2050,8800,6020,7446,1,3306,9417,7268,9909,16469,1671,8263,1,18916,11254,6813,26200,7167,2246,150,6953,1,33:10,2024,2025
2024-25,1629651,Nic Claxton,Nic,1610612751,BKN,Brooklyn Nets,22400317,2024-12-02T00:00:00,BKN @ CHI,L,24.266666666666666,5,10,0.5,0,0,0.0,1,2,0.5,2,6,8,0,1,1,1,1,1,2,11,-11,25.6,0,0,23.0,1,13222,13222,13222,12680,7242,8304,8526,15070,20945,15070,10215,7446,10625,3306,2943,2934,19908,8788,5025,2537,17462,6051,6956,10323,21738,9621,2246,150,10339,1,24:16,2024,2025
2024-25,1630570,Trendon Watford,Trendon,1610612751,BKN,Brooklyn Nets,22400317,2024-12-02T00:00:00,BKN @ CHI,L,16.6,4,7,0.571,1,2,0.5,3,5,0.6,1,4,5,1,2,1,0,0,3,5,12,-18,20.5,0,0,21.0,1,13222,13222,13222,18528,9611,12910,6538,8896,14411,3944,4159,2872,10343,6876,6429,7268,14293,4442,5025,8263,1,18916,1447,9299,24566,12748,2246,150,11621,1,16:36,2024,2025
2024-25,1642385,Cui Yongxi,Cui,1610612751,BKN,Brooklyn Nets,22400317,2024-12-02T00:00:00,BKN @ CHI,L,5.65,1,6,0.167,0,3,0.0,0,0,0.0,0,2,2,0,0,0,0,1,0,0,2,3,4.4,0,0,4.0,1,13222,13222,13222,23721,19033,14618,21938,15070,11494,15070,13505,14344,13505,14058,13151,16273,19908,16469,12854,8263,17462,1,17725,21232,9394,23001,2246,150,22929,1,5:39,2024,2025
2024-25,1630549,Day'Ron Sharpe,Day'Ron,1610612751,BKN,Brooklyn Nets,22400317,2024-12-02T00:00:00,BKN @ CHI,L,16.083333333333332,0,2,0.0,0,0,0.0,4,4,1.0,1,1,2,2,1,1,1,0,1,2,4,-12,14.4,0,0,12.0,1,13222,13222,13222,18872,22635,21660,22635,15070,20945,15070,2676,3754,1,6876,17569,16273,9909,8788,5025,2537,1,6051,6956,18599,22309,16758,2246,150,17796,1,16:05,2024,2025
2024-25,1641727,Dariq Whitehead,Dariq,1610612751,BKN,Brooklyn Nets,22400317,2024-12-02T00:00:00,BKN @ CHI,L,23.866666666666667,6,11,0.545,6,10,0.6,0,0,0.0,0,2,2,1,1,2,1,1,1,0,18,-3,29.9,0,0,33.0,1,13222,13222,13222,13016,5250,7071,7695,202,829,2992,13505,14344,13505,14058,13151,16273,14293,8788,1671,2537,17462,6051,17725,4762,15511,7218,2246,150,5036,1,23:52,2024,2025
2024-25,1642385,Cui Yongxi,Cui,1610612751,BKN,Brooklyn Nets,22400305,2024-12-01T00:00:00,BKN vs. ORL,L,0.3016666666666667,0,0,0.0,0,0,0.0,0,0,0.0,0,0,0,0,0,0,0,0,0,0,0,0,0.0,0,0,0.0,1,13222,13222,13222,26254,22635,24836,22635,15070,20945,15070,13505,14344,13505,14058,22137,23286,19908,16469,12854,8263,1,1,17725,23200,12240,25228,2246,150,25259,1,0:18,2024,2025
2024-25,1641727,Dariq Whitehead,Dariq,1610612751,BKN,Brooklyn Nets,22400305,2024-12-01T00:00:00,BKN vs. ORL,L,0.3016666666666667,0,0,0.0,0,0,0.0,0,0,0.0,0,0,0,0,0,0,0,0,0,0,0,0,0.0,0,0,0.0,1,13222,13222,13222,26254,22635,24836,22635,15070,20945,15070,13505,14344,13505,14058,22137,23286,19908,16469,12854,8263,1,1,17725,23200,12240,25228,2246,150,25259,1,0:18,2024,2025
2024-25,203471,Dennis Schröder,Dennis,1610612751,BKN,Brooklyn Nets,22400305,2024-12-01T00:00:00,BKN vs. ORL,L,36.73166666666667,6,19,0.316,1,6,0.167,7,7,1.0,0,2,2,7,6,1,1,4,3,8,20,-6,32.9,0,0,34.0,1,13222,13222,13222,2175,5250,1432,19148,8896,4502,14236,752,1377,1,14058,13151,16273,1463,150,5025,2537,26177,18916,220,3676,18298,5774,2246,150,4638,1,36:44,2024,2025
2024-25,1629661,Cameron Johnson,Cameron,1610612751,BKN,Brooklyn Nets,22400305,2024-12-01T00:00:00,BKN vs. ORL,L,35.681666666666665,9,17,0.529,2,5,0.4,6,6,1.0,2,2,4,1,0,0,0,3,3,3,26,-15,32.3,0,0,33.0,1,13222,13222,13222,2924,1688,2289,8281,4949,6354,7874,1180,1898,1,3306,13151,9701,14293,16469,12854,8263,25707,18916,4218,1579,23599,6039,2246,150,5036,1,35:41,2024,2025
2024-25,1629003,Shake Milton,Shake,1610612751,BKN,Brooklyn Nets,22400305,2024-12-01T00:00:00,BKN vs. ORL,L,19.535,2,4,0.5,1,3,0.333,1,2,0.5,0,2,2,0,1,0,0,0,2,1,6,2,7.4,0,0,9.0,1,13222,13222,13222,16386,15612,18231,8526,8896,11494,9209,10215,7446,10625,14058,13151,16273,19908,8788,12854,8263,1,12976,11254,15937,10285,21277,2246,150,19766,1,19:32,2024,2025
2024-25,1630570,Trendon Watford,Trendon,1610612751,BKN,Brooklyn Nets,22400305,2024-12-01T00:00:00,BKN vs. ORL,L,24.58833333333333,3,9,0.333,1,2,0.5,6,7,0.857,1,2,3,1,1,1,0,2,4,6,13,-13,20.1,0,0,20.0,1,13222,13222,13222,12387,12449,9700,17395,8896,14411,3944,1180,1377,7071,6876,13151,12778,14293,8788,5025,8263,23925,22904,792,8426,22771,13013,2246,150,12254,1,24:35,2024,2025
2024-25,1627732,Ben Simmons,Ben,1610612751,BKN,Brooklyn Nets,22400305,2024-12-01T00:00:00,BKN vs. ORL,L,11.65,0,1,0.0,0,0,0.0,0,0,0.0,1,1,2,5,1,1,0,0,3,0,0,1,11.9,0,0,9.0,1,13222,13222,13222,21433,22635,23259,22635,15070,20945,15070,13505,14344,13505,6876,17569,16273,3273,8788,5025,8263,1,18916,17725,23200,11263,18455,2246,150,19766,1,11:39,2024,2025
2024-25,1629651,Nic Claxton,Nic,1610612751,BKN,Brooklyn Nets,22400305,2024-12-01T00:00:00,BKN vs. ORL,L,27.93166666666667,4,7,0.571,0,1,0.0,1,4,0.25,2,5,7,0,5,2,1,1,5,3,9,-7,21.4,0,0,22.0,1,13222,13222,13222,9608,9611,12910,6538,15070,17631,15070,10215,3754,13358,3306,4392,3946,19908,387,1671,2537,17462,25158,4218,12445,19141,12139,2246,150,10998,1,27:56,2024,2025
2024-25,1630553,Keon Johnson,Keon,1610612751,BKN,Brooklyn Nets,22400305,2024-12-01T00:00:00,BKN vs. ORL,L,31.98333333333333,5,13,0.385,2,8,0.25,0,0,0.0,0,4,4,2,1,2,0,0,5,3,12,9,24.8,0,0,24.0,1,13222,13222,13222,5982,7242,5079,16070,4949,2050,11902,13505,14344,13505,14058,6429,9701,9909,8788,1671,8263,1,25158,4218,9299,5125,10102,2246,150,9719,1,31:59,2024,2025
2024-25,1630592,Jalen Wilson,Jalen,1610612751,BKN,Brooklyn Nets,22400305,2024-12-01T00:00:00,BKN vs. ORL,L,21.54833333333333,1,2,0.5,1,2,0.5,2,2,1.0,0,3,3,0,1,1,0,0,5,3,5,-5,10.6,0,0,11.0,1,13222,13222,13222,14906,19033,21660,8526,8896,14411,3944,6020,7446,1,14058,9417,12778,19908,8788,5025,8263,1,25158,4218,17323,17436,19303,2246,150,18464,1,21:33,2024,2025
2024-25,1630533,Ziaire Williams,Ziaire,1610612751,BKN,Brooklyn Nets,22400305,2024-12-01T00:00:00,BKN vs. ORL,L,21.811666666666667,0,6,0.0,0,4,0.0,1,3,0.333,2,3,5,1,0,2,0,1,1,2,1,-9,14.5,0,0,11.0,1,13222,13222,13222,14667,22635,14618,22635,15070,8688,15070,10215,6038,13132,3306,9417,7268,14293,16469,1671,8263,17462,6051,6956,22996,20535,16714,2246,150,18464,1,21:49,2024,2025
2024-25,1631213,Tyrese Martin,Tyrese,1610612751,BKN,Brooklyn Nets,22400305,2024-12-01T00:00:00,BKN vs. ORL,L,7.935,0,1,0.0,0,0,0.0,0,0,0.0,0,1,1,2,0,0,1,0,0,0,0,3,7.2,0,0,5.0,1,13222,13222,13222,22833,22635,23259,22635,15070,20945,15070,13505,14344,13505,14058,17569,19889,9909,16469,12854,2537,1,1,17725,23200,9394,21393,2246,150,22358,1,7:56,2024,2025
2024-25,1629661,Cameron Johnson,Cameron,1610612751,BKN,Brooklyn Nets,22400043,2024-11-29T00:00:00,BKN vs. ORL,L,29.466666666666665,5,10,0.5,3,5,0.6,1,2,0.5,0,3,3,4,2,2,1,1,2,1,14,-15,30.6,0,0,30.0,1,13222,13222,13222,8251,7242,8304,8526,2458,6354,2992,10215,7446,10625,14058,9417,12778,4780,4442,1671,2537,17462,12976,11254,7553,23599,6876,2246,150,6431,1,29:28,2024,2025
2024-25,1629651,Nic Claxton,Nic,1610612751,BKN,Brooklyn Nets,22400043,2024-11-29T00:00:00,BKN vs. ORL,L,25.73333333333333,4,6,0.667,0,0,0.0,0,0,0.0,2,5,7,2,2,0,3,0,2,0,8,-22,26.4,0,0,23.0,1,13222,13222,13222,11374,9611,14618,3281,15070,20945,15070,13505,14344,13505,3306,4392,3946,9909,4442,12854,252,1,12976,17725,13544,25445,9150,2246,150,10339,1,25:44,2024,2025
2024-25,1629003,Shake Milton,Shake,1610612751,BKN,Brooklyn Nets,22400043,2024-11-29T00:00:00,BKN vs. ORL,L,34.36666666666667,7,13,0.538,2,4,0.5,6,7,0.857,1,1,2,4,3,1,0,2,1,7,22,-8,30.4,0,0,32.0,1,13222,13222,13222,3950,3730,5079,7978,4949,8688,3944,1180,1377,7071,6876,17569,16273,4780,2037,5025,8263,23925,6051,426,2824,19855,6986,2246,150,5433,1,34:22,2024,2025
2024-25,1631213,Tyrese Martin,Tyrese,1610612751,BKN,Brooklyn Nets,22400043,2024-11-29T00:00:00,BKN vs. ORL,L,24.5,3,6,0.5,2,4,0.5,0,0,0.0,0,2,2,1,1,0,0,0,4,2,8,-25,10.9,0,0,13.0,1,13222,13222,13222,12473,12449,14618,8526,4949,8688,3944,13505,14344,13505,14058,13151,16273,14293,8788,12854,8263,1,22904,6956,13544,25842,19118,2246,150,17050,1,24:30,2024,2025
2024-25,1630592,Jalen Wilson,Jalen,1610612751,BKN,Brooklyn Nets,22400043,2024-11-29T00:00:00,BKN vs. ORL,L,31.316666666666663,4,6,0.667,3,3,1.0,0,0,0.0,0,2,2,1,1,0,0,1,2,2,11,-30,13.9,0,0,17.0,1,13222,13222,13222,6594,9611,14618,3281,2458,11494,1,13505,14344,13505,14058,13151,16273,14293,8788,12854,8263,17462,12976,6956,10323,26139,17066,2246,150,14250,1,31:19,2024,2025
2024-25,1630570,Trendon Watford,Trendon,1610612751,BKN,Brooklyn Nets,22400043,2024-11-29T00:00:00,BKN vs. ORL,L,20.166666666666668,6,11,0.545,0,2,0.0,1,1,1.0,0,3,3,1,2,0,0,3,4,3,13,6,16.1,0,0,17.0,1,13222,13222,13222,15891,5250,7071,7695,15070,14411,15070,10215,12810,1,14058,9417,12778,14293,4442,12854,8263,25707,22904,4218,8426,7002,15681,2246,150,14250,1,20:10,2024,2025
2024-25,1630553,Keon Johnson,Keon,1610612751,BKN,Brooklyn Nets,22400043,2024-11-29T00:00:00,BKN vs. ORL,L,27.516666666666666,6,16,0.375,3,9,0.333,0,0,0.0,2,4,6,1,5,2,1,4,4,0,15,4,27.7,0,0,31.0,1,13222,13222,13222,9931,5250,2836,16299,2458,1295,9209,13505,14344,13505,3306,6429,5362,14293,387,1671,2537,26177,22904,17725,6813,8479,8387,2246,150,5932,1,27:31,2024,2025
2024-25,1630533,Ziaire Williams,Ziaire,1610612751,BKN,Brooklyn Nets,22400043,2024-11-29T00:00:00,BKN vs. ORL,L,20.566666666666663,1,7,0.143,1,2,0.5,2,2,1.0,0,3,3,0,1,0,0,2,0,2,5,-16,7.6,0,0,9.0,1,13222,13222,13222,15592,19033,12910,22260,8896,14411,3944,6020,7446,1,14058,9417,12778,19908,8788,12854,8263,23925,1,6956,17323,23938,21158,2246,150,19766,1,20:34,2024,2025
2024-25,1627732,Ben Simmons,Ben,1610612751,BKN,Brooklyn Nets,22400043,2024-11-29T00:00:00,BKN vs. ORL,L,26.366666666666667,2,2,1.0,0,0,0.0,0,2,0.0,0,7,7,8,3,0,0,0,2,4,4,-9,21.4,0,0,19.0,1,13222,13222,13222,10846,15612,21660,1,15070,20945,15070,13505,7446,13505,14058,1947,3946,963,2037,12854,8263,1,12976,2493,18599,20535,12139,2246,150,12913,1,26:22,2024,2025
2024-25,1629003,Shake Milton,Shake,1610612751,BKN,Brooklyn Nets,22400297,2024-11-27T00:00:00,BKN @ PHX,W,21.216666666666665,1,2,0.5,0,1,0.0,0,0,0.0,0,1,1,5,0,1,0,0,2,0,2,4,13.7,0,0,10.0,1,1,1,1,15144,19033,21660,8526,15070,17631,15070,13505,14344,13505,14058,17569,19889,3273,16469,5025,8263,1,12976,17725,21232,8479,17224,2246,150,19152,1,21:13,2024,2025
2024-25,1630533,Ziaire Williams,Ziaire,1610612751,BKN,Brooklyn Nets,22400297,2024-11-27T00:00:00,BKN @ PHX,W,24.55,4,8,0.5,0,1,0.0,2,2,1.0,0,4,4,2,1,2,0,0,4,5,10,4,22.8,0,0,20.0,1,1,1,1,12423,9611,11288,8526,15070,17631,15070,6020,7446,1,14058,6429,9701,9909,8788,1671,8263,1,22904,1447,11377,8479,11277,2246,150,12254,1,24:33,2024,2025
2024-25,203471,Dennis Schröder,Dennis,1610612751,BKN,Brooklyn Nets,22400297,2024-11-27T00:00:00,BKN @ PHX,W,34.3,8,21,0.381,4,9,0.444,9,9,1.0,1,3,4,3,2,1,0,1,1,9,29,19,39.3,0,0,42.0,1,1,1,1,4009,2561,817,16250,1130,1295,7211,318,643,1,6876,9417,9701,6913,4442,5025,8263,17462,6051,121,994,1456,3415,2246,150,2239,1,34:18,2024,2025
2024-25,1629661,Cameron Johnson,Cameron,1610612751,BKN,Brooklyn Nets,22400297,2024-11-27T00:00:00,BKN @ PHX,W,30.55,3,11,0.273,1,7,0.143,4,4,1.0,2,6,8,6,2,2,1,1,1,6,11,7,36.6,0,0,32.0,1,1,1,1,7274,12449,7071,20048,8896,3100,14649,2676,3754,1,3306,2943,2934,2199,4442,1671,2537,17462,6051,792,10323,6330,4288,2246,150,5433,1,30:33,2024,2025
2024-25,1631213,Tyrese Martin,Tyrese,1610612751,BKN,Brooklyn Nets,22400297,2024-11-27T00:00:00,BKN @ PHX,W,27.8,10,13,0.769,8,10,0.8,2,3,0.667,1,3,4,2,1,0,0,1,3,1,30,6,36.8,0,0,44.0,1,1,1,1,9716,1099,5079,2080,27,829,1389,6020,6038,9425,6876,9417,9701,9909,8788,12854,8263,17462,18916,11254,830,7002,4227,2246,150,1816,1,27:48,2024,2025
2024-25,1627732,Ben Simmons,Ben,1610612751,BKN,Brooklyn Nets,22400297,2024-11-27T00:00:00,BKN @ PHX,W,27.33333333333333,7,8,0.875,0,0,0.0,0,0,0.0,1,8,9,8,2,1,0,0,4,1,14,5,37.8,0,0,33.0,1,1,1,1,10081,3730,11288,1353,15070,20945,15070,13505,14344,13505,6876,1271,2169,963,4442,5025,8263,1,22904,11254,7553,7737,3876,2246,150,5036,1,27:20,2024,2025
2024-25,1627827,Dorian Finney-Smith,Dorian,1610612751,BKN,Brooklyn Nets,22400297,2024-11-27T00:00:00,BKN @ PHX,W,32.06666666666667,3,6,0.5,3,5,0.6,0,0,0.0,0,1,1,2,1,1,0,2,1,0,9,-1,15.2,0,0,17.0,1,1,1,1,5915,12449,14618,8526,2458,6354,2992,13505,14344,13505,14058,17569,19889,9909,8788,5025,8263,23925,6051,17725,12445,13450,16224,2246,150,14250,1,32:04,2024,2025
2024-25,1630570,Trendon Watford,Trendon,1610612751,BKN,Brooklyn Nets,22400297,2024-11-27T00:00:00,BKN @ PHX,W,21.85,6,13,0.462,2,6,0.333,4,4,1.0,1,1,2,3,3,0,0,0,3,4,18,3,21.9,0,0,25.0,1,1,1,1,14613,5250,5079,12428,4949,4502,9209,2676,3754,1,6876,17569,16273,6913,2037,12854,8263,1,18916,2493,4762,9394,11822,2246,150,9137,1,21:51,2024,2025
2024-25,1630553,Keon Johnson,Keon,1610612751,BKN,Brooklyn Nets,22400297,2024-11-27T00:00:00,BKN @ PHX,W,20.33333333333333,2,5,0.4,0,3,0.0,0,0,0.0,1,2,3,1,0,0,0,0,5,0,4,3,9.1,0,0,8.0,1,1,1,1,15758,15612,16437,14933,15070,11494,15070,13505,14344,13505,6876,13151,12778,14293,16469,12854,8263,1,25158,17725,18599,9394,20303,2246,150,20457,1,20:20,2024,2025
2024-25,1629661,Cameron Johnson,Cameron,1610612751,BKN,Brooklyn Nets,22400284,2024-11-25T00:00:00,BKN @ GSW,W,13.933333333333334,2,3,0.667,1,1,1.0,0,0,0.0,2,0,2,2,0,1,0,0,0,0,5,2,13.4,0,0,12.0,1,1,1,1,20229,15612,19992,3281,8896,17631,1,13505,14344,13505,3306,22137,16273,9909,16469,5025,8263,1,1,17725,17323,10285,17421,2246,150,17796,1,13:56,2024,2025
2024-25,1630553,Keon Johnson,Keon,1610612751,BKN,Brooklyn Nets,22400284,2024-11-25T00:00:00,BKN @ GSW,W,29.516666666666666,3,9,0.333,2,7,0.286,0,2,0.0,0,2,2,0,0,0,0,0,3,1,8,-2,10.4,0,0,12.0,1,1,1,1,8205,12449,9700,17395,4949,3100,11433,13505,7446,13505,14058,13151,16273,19908,16469,12854,8263,1,18916,11254,13544,14448,19434,2246,150,17796,1,29:31,2024,2025
2024-25,1630592,Jalen Wilson,Jalen,1610612751,BKN,Brooklyn Nets,22400284,2024-11-25T00:00:00,BKN @ GSW,W,40.85,5,11,0.455,3,8,0.375,5,5,1.0,0,7,7,2,1,0,1,0,2,3,18,18,31.4,0,0,32.0,1,1,1,1,395,7242,7071,12676,2458,2050,8800,1817,2872,1,14058,1947,3946,9909,8788,12854,2537,1,12976,4218,4762,1677,6467,2246,150,5433,1,40:51,2024,2025
2024-25,1630560,Cam Thomas,Cam,1610612751,BKN,Brooklyn Nets,22400284,2024-11-25T00:00:00,BKN @ GSW,W,23.15,6,11,0.545,3,7,0.429,8,8,1.0,0,3,3,1,1,0,0,0,1,5,23,-5,27.1,0,0,30.0,1,1,1,1,13600,5250,7071,7695,2458,3100,7394,481,912,1,14058,9417,12778,14293,8788,12854,8263,1,6051,1447,2434,17436,8739,2246,150,6431,1,23:09,2024,2025
2024-25,1631213,Tyrese Martin,Tyrese,1610612751,BKN,Brooklyn Nets,22400284,2024-11-25T00:00:00,BKN @ GSW,W,17.833333333333332,1,5,0.2,1,5,0.2,0,0,0.0,1,5,6,3,1,1,1,0,2,0,3,6,19.7,0,0,17.0,1,1,1,1,17681,19033,16437,21401,8896,6354,13429,13505,14344,13505,6876,4392,5362,6913,8788,5025,2537,1,12976,17725,19913,7002,13310,2246,150,14250,1,17:50,2024,2025
2024-25,203471,Dennis Schröder,Dennis,1610612751,BKN,Brooklyn Nets,22400284,2024-11-25T00:00:00,BKN @ GSW,W,31.216666666666665,10,18,0.556,4,8,0.5,7,7,1.0,1,4,5,7,3,2,0,1,4,4,31,-5,50.5,0,0,51.0,1,1,1,1,6684,1099,1822,7248,1130,2050,3944,752,1377,1,6876,6429,7268,1463,2037,1671,8263,17462,22904,2493,685,17436,1115,2246,150,822,1,31:13,2024,2025
2024-25,1630570,Trendon Watford,Trendon,1610612751,BKN,Brooklyn Nets,22400284,2024-11-25T00:00:00,BKN @ GSW,W,17.733333333333334,3,5,0.6,2,3,0.667,0,0,0.0,1,3,4,1,1,0,1,0,3,1,8,3,16.3,0,0,17.0,1,1,1,1,17752,12449,16437,5394,4949,11494,1957,13505,14344,13505,6876,9417,9701,14293,8788,12854,2537,1,18916,11254,13544,9394,15551,2246,150,14250,1,17:44,2024,2025
2024-25,1629003,Shake Milton,Shake,1610612751,BKN,Brooklyn Nets,22400284,2024-11-25T00:00:00,BKN @ GSW,W,28.48333333333333,5,10,0.5,2,3,0.667,1,2,0.5,0,3,3,3,1,0,0,1,1,2,13,11,20.1,0,0,21.0,1,1,1,1,9135,7242,8304,8526,4949,11494,1957,10215,7446,10625,14058,9417,12778,6913,8788,12854,8263,17462,6051,6956,8426,4119,13013,2246,150,11621,1,28:29,2024,2025
2024-25,1630533,Ziaire Williams,Ziaire,1610612751,BKN,Brooklyn Nets,22400284,2024-11-25T00:00:00,BKN @ GSW,W,37.28333333333333,6,11,0.545,2,3,0.667,5,6,0.833,2,8,10,4,3,2,0,3,2,5,19,12,40.0,1,0,39.0,1,1,1,1,1807,5250,7071,7695,4949,11494,1957,1817,1898,7275,3306,1271,1549,4780,2037,1671,8263,25707,12976,1447,4202,3654,3218,1,150,2984,1,37:17,2024,2025
2024-25,1630570,Trendon Watford,Trendon,1610612751,BKN,Brooklyn Nets,22400276,2024-11-24T00:00:00,BKN @ SAC,W,14.66,1,5,0.2,0,1,0.0,1,2,0.5,0,3,3,0,2,2,1,1,2,2,3,-10,13.6,0,0,12.0,1,1,1,1,19789,19033,16437,21401,15070,17631,15070,10215,7446,10625,14058,9417,12778,19908,4442,1671,2537,17462,12976,6956,19913,21147,17296,2246,150,17796,1,14:40,2024,2025
2024-25,1641730,Noah Clowney,Noah,1610612751,BKN,Brooklyn Nets,22400276,2024-11-24T00:00:00,BKN @ SAC,W,21.53333333333333,5,9,0.556,5,8,0.625,3,4,0.75,0,2,2,0,2,1,1,1,3,3,18,13,24.4,0,0,29.0,1,1,1,1,14913,7242,9700,7248,492,2050,2868,4159,3754,8186,14058,13151,16273,19908,4442,5025,2537,17462,18916,4218,4762,3250,10331,2246,150,6953,1,21:32,2024,2025
2024-25,1629003,Shake Milton,Shake,1610612751,BKN,Brooklyn Nets,22400276,2024-11-24T00:00:00,BKN @ SAC,W,21.03333333333333,4,6,0.667,2,4,0.5,0,0,0.0,0,2,2,3,1,1,0,0,1,2,10,10,18.9,0,0,19.0,1,1,1,1,15267,9611,14618,3281,4949,8688,3944,13505,14344,13505,14058,13151,16273,6913,8788,5025,8263,1,6051,6956,11377,4588,13828,2246,150,12913,1,21:02,2024,2025
2024-25,1630592,Jalen Wilson,Jalen,1610612751,BKN,Brooklyn Nets,22400276,2024-11-24T00:00:00,BKN @ SAC,W,33.166666666666664,2,4,0.5,2,3,0.667,1,2,0.5,2,2,4,2,1,0,0,1,4,1,7,4,13.8,0,0,15.0,1,1,1,1,5013,15612,18231,8526,4949,11494,1957,10215,7446,10625,3306,13151,9701,9909,8788,12854,8263,17462,22904,11254,14857,8479,17150,2246,150,15689,1,33:10,2024,2025
2024-25,1629651,Nic Claxton,Nic,1610612751,BKN,Brooklyn Nets,22400276,2024-11-24T00:00:00,BKN @ SAC,W,23.316666666666663,2,3,0.667,0,0,0.0,0,0,0.0,1,6,7,3,1,1,2,0,5,0,4,-3,24.9,0,0,20.0,1,1,1,1,13450,15612,19992,3281,15070,20945,15070,13505,14344,13505,6876,2943,3946,6913,8788,5025,808,1,25158,17725,18599,15511,10031,2246,150,12254,1,23:19,2024,2025
2024-25,1630553,Keon Johnson,Keon,1610612751,BKN,Brooklyn Nets,22400276,2024-11-24T00:00:00,BKN @ SAC,W,9.493333333333334,2,3,0.667,2,2,1.0,0,0,0.0,0,0,0,1,0,0,0,0,1,0,6,3,7.5,0,0,9.0,1,1,1,1,22280,15612,19992,3281,4949,14411,1,13505,14344,13505,14058,22137,23286,14293,16469,12854,8263,1,6051,17725,15937,9394,21215,2246,150,19766,1,9:30,2024,2025
2024-25,1630533,Ziaire Williams,Ziaire,1610612751,BKN,Brooklyn Nets,22400276,2024-11-24T00:00:00,BKN @ SAC,W,20.095,2,9,0.222,1,5,0.2,1,2,0.5,2,0,2,0,1,0,0,0,1,4,6,-6,7.4,0,0,9.0,1,1,1,1,15957,15612,9700,21205,8896,6354,13429,10215,7446,10625,3306,22137,16273,19908,8788,12854,8263,1,6051,2493,15937,18298,21277,2246,150,19766,1,20:06,2024,2025
2024-25,1629661,Cameron Johnson,Cameron,1610612751,BKN,Brooklyn Nets,22400276,2024-11-24T00:00:00,BKN @ SAC,W,33.556666666666665,5,11,0.455,3,6,0.5,3,4,0.75,0,6,6,4,1,1,0,1,1,4,16,6,31.2,0,0,31.0,1,1,1,1,4681,7242,7071,12676,2458,4502,3944,4159,3754,8186,14058,2943,5362,4780,8788,5025,8263,17462,6051,2493,6070,7002,6576,2246,150,5932,1,33:33,2024,2025
2024-25,1627732,Ben Simmons,Ben,1610612751,BKN,Brooklyn Nets,22400276,2024-11-24T00:00:00,BKN @ SAC,W,26.816666666666663,2,3,0.667,0,0,0.0,0,0,0.0,1,2,3,5,2,1,1,0,2,1,4,4,19.1,0,0,16.0,1,1,1,1,10473,15612,19992,3281,15070,20945,15070,13505,14344,13505,6876,13151,12778,3273,4442,5025,2537,1,12976,11254,18599,8479,13700,2246,150,14948,1,26:49,2024,2025
2024-25,1630560,Cam Thomas,Cam,1610612751,BKN,Brooklyn Nets,22400276,2024-11-24T00:00:00,BKN @ SAC,W,36.32833333333333,11,22,0.5,4,10,0.4,8,11,0.727,0,2,2,6,1,0,0,2,3,5,34,4,44.4,0,0,46.0,1,1,1,1,2457,704,626,8526,1130,829,7874,481,294,9223,14058,13151,16273,2199,8788,12854,8263,23925,18916,1447,394,8479,2147,2246,150,1461,1,36:20,2024,2025
2024-25,1630560,Cam Thomas,Cam,1610612751,BKN,Brooklyn Nets,22400027,2024-11-22T00:00:00,BKN @ PHI,L,29.883333333333333,6,15,0.4,2,7,0.286,4,4,1.0,1,2,3,7,7,0,0,2,2,5,18,-10,25.1,0,0,30.0,1,13222,13222,13222,7889,5250,3491,14933,4949,3100,11433,2676,3754,1,6876,13151,12778,1463,46,12854,8263,23925,12976,1447,4762,21147,9905,2246,150,6431,1,29:53,2024,2025
2024-25,1630533,Ziaire Williams,Ziaire,1610612751,BKN,Brooklyn Nets,22400027,2024-11-22T00:00:00,BKN @ PHI,L,11.066666666666666,0,1,0.0,0,1,0.0,2,2,1.0,0,0,0,1,0,0,0,0,4,1,2,-1,3.5,0,0,3.0,1,13222,13222,13222,21681,22635,23259,22635,15070,17631,15070,6020,7446,1,14058,22137,23286,14293,16469,12854,8263,1,22904,11254,21232,13450,23487,2246,150,23533,1,11:04,2024,2025
2024-25,1641730,Noah Clowney,Noah,1610612751,BKN,Brooklyn Nets,22400027,2024-11-22T00:00:00,BKN @ PHI,L,18.58333333333333,1,2,0.5,0,1,0.0,0,0,0.0,0,4,4,0,0,0,2,1,2,1,2,-6,12.8,0,0,10.0,1,13222,13222,13222,17123,19033,21660,8526,15070,17631,15070,13505,14344,13505,14058,6429,9701,19908,16469,12854,808,17462,12976,11254,21232,18298,17849,2246,150,19152,1,18:35,2024,2025
2024-25,1627827,Dorian Finney-Smith,Dorian,1610612751,BKN,Brooklyn Nets,22400027,2024-11-22T00:00:00,BKN @ PHI,L,25.666666666666668,2,6,0.333,1,5,0.2,0,0,0.0,0,2,2,1,0,0,0,0,1,1,5,-2,8.9,0,0,9.0,1,13222,13222,13222,11427,15612,14618,17395,8896,6354,13429,13505,14344,13505,14058,13151,16273,14293,16469,12854,8263,1,6051,11254,17323,14448,20412,2246,150,19766,1,25:40,2024,2025
2024-25,1629661,Cameron Johnson,Cameron,1610612751,BKN,Brooklyn Nets,22400027,2024-11-22T00:00:00,BKN @ PHI,L,35.9,14,21,0.667,9,13,0.692,0,0,0.0,0,1,1,2,1,1,0,1,2,0,37,-9,43.2,0,0,51.0,1,13222,13222,13222,2753,141,817,3281,10,166,1954,13505,14344,13505,14058,17569,19889,9909,8788,5025,8263,17462,12976,17725,202,20535,2438,2246,150,822,1,35:54,2024,2025
2024-25,1627732,Ben Simmons,Ben,1610612751,BKN,Brooklyn Nets,22400027,2024-11-22T00:00:00,BKN @ PHI,L,26.216666666666665,1,4,0.25,0,0,0.0,0,0,0.0,1,3,4,4,2,0,1,0,0,1,2,-20,13.8,0,0,12.0,1,13222,13222,13222,10987,19033,18231,20233,15070,20945,15070,13505,14344,13505,6876,9417,9701,4780,4442,12854,2537,1,1,11254,21232,25087,17150,2246,150,17796,1,26:13,2024,2025
2024-25,1629651,Nic Claxton,Nic,1610612751,BKN,Brooklyn Nets,22400027,2024-11-22T00:00:00,BKN @ PHI,L,22.216666666666665,6,9,0.667,0,0,0.0,0,0,0.0,1,7,8,3,0,0,0,1,1,0,12,2,26.1,0,0,23.0,1,13222,13222,13222,14337,5250,9700,3281,15070,20945,15070,13505,14344,13505,6876,1947,2934,6913,16469,12854,8263,17462,6051,17725,9299,10285,9334,2246,150,10339,1,22:13,2024,2025
2024-25,1630592,Jalen Wilson,Jalen,1610612751,BKN,Brooklyn Nets,22400027,2024-11-22T00:00:00,BKN @ PHI,L,20.633333333333333,3,7,0.429,0,3,0.0,0,0,0.0,4,2,6,1,0,0,0,1,0,1,6,-9,14.7,0,0,13.0,1,13222,13222,13222,15533,12449,12910,13735,15070,11494,15070,13505,14344,13505,785,13151,5362,14293,16469,12854,8263,17462,1,11254,15937,20535,16557,2246,150,17050,1,20:38,2024,2025
2024-25,1630570,Trendon Watford,Trendon,1610612751,BKN,Brooklyn Nets,22400027,2024-11-22T00:00:00,BKN @ PHI,L,15.65,3,7,0.429,0,3,0.0,0,0,0.0,0,3,3,2,2,0,0,2,3,1,6,-21,10.6,0,0,11.0,1,13222,13222,13222,19166,12449,12910,13735,15070,11494,15070,13505,14344,13505,14058,9417,12778,9909,4442,12854,8263,23925,18916,11254,15937,25273,19303,2246,150,18464,1,15:39,2024,2025
2024-25,203471,Dennis Schröder,Dennis,1610612751,BKN,Brooklyn Nets,22400027,2024-11-22T00:00:00,BKN @ PHI,L,34.18333333333333,3,7,0.429,1,4,0.25,1,1,1.0,0,3,3,7,7,0,1,1,2,5,8,1,18.1,0,0,21.0,1,13222,13222,13222,4106,12449,12910,13735,8896,8688,11902,10215,12810,1,14058,9417,12778,1463,46,12854,2537,17462,12976,1447,13544,11263,14347,2246,150,11621,1,34:11,2024,2025
2024-25,1630533,Ziaire Williams,Ziaire,1610612751,BKN,Brooklyn Nets,22400022,2024-11-19T00:00:00,BKN vs. CHA,W,17.406666666666666,2,5,0.4,0,2,0.0,0,0,0.0,0,2,2,2,0,1,1,0,2,1,4,-16,15.4,0,0,12.0,1,1,1,1,18002,15612,16437,14933,15070,14411,15070,13505,14344,13505,14058,13151,16273,9909,16469,5025,2537,1,12976,11254,18599,23938,16104,2246,150,17796,1,17:24,2024,2025
2024-25,1627732,Ben Simmons,Ben,1610612751,BKN,Brooklyn Nets,22400022,2024-11-19T00:00:00,BKN vs. CHA,W,25.8,5,8,0.625,0,0,0.0,0,0,0.0,4,5,9,5,3,2,1,0,2,2,10,14,34.3,0,0,30.0,1,1,1,1,11331,7242,11288,4899,15070,20945,15070,13505,14344,13505,785,4392,2169,3273,2037,1671,2537,1,12976,6956,11377,2867,5160,2246,150,6431,1,25:48,2024,2025
2024-25,1627827,Dorian Finney-Smith,Dorian,1610612751,BKN,Brooklyn Nets,22400022,2024-11-19T00:00:00,BKN vs. CHA,W,27.276666666666667,5,6,0.833,4,5,0.8,1,2,0.5,1,2,3,3,1,1,0,0,3,2,15,17,25.1,0,0,27.0,1,1,1,1,10127,7242,14618,1514,1130,6354,1389,10215,7446,10625,6876,13151,12778,6913,8788,5025,8263,1,18916,6956,6813,1948,9905,2246,150,7999,1,27:17,2024,2025
2024-25,1629003,Shake Milton,Shake,1610612751,BKN,Brooklyn Nets,22400022,2024-11-19T00:00:00,BKN vs. CHA,W,18.35,3,5,0.6,1,2,0.5,0,1,0.0,1,0,1,3,0,0,0,0,0,1,7,-9,12.7,0,0,12.0,1,1,1,1,17317,12449,16437,5394,8896,14411,3944,13505,12810,13505,6876,22137,19889,6913,16469,12854,8263,1,1,11254,14857,20535,17905,2246,150,17796,1,18:21,2024,2025
2024-25,1630570,Trendon Watford,Trendon,1610612751,BKN,Brooklyn Nets,22400022,2024-11-19T00:00:00,BKN vs. CHA,W,19.05,3,6,0.5,0,1,0.0,4,5,0.8,0,4,4,1,0,1,2,1,1,4,10,8,25.3,0,0,21.0,1,1,1,1,16782,12449,14618,8526,15070,17631,15070,2676,2872,7681,14058,6429,9701,14293,16469,5025,808,17462,6051,2493,11377,5660,9796,2246,150,11621,1,19:03,2024,2025
2024-25,1630592,Jalen Wilson,Jalen,1610612751,BKN,Brooklyn Nets,22400022,2024-11-19T00:00:00,BKN vs. CHA,W,34.266666666666666,6,13,0.462,5,8,0.625,0,0,0.0,1,0,1,0,2,1,0,3,3,0,17,6,19.2,0,0,25.0,1,1,1,1,4042,5250,5079,12428,492,2050,2868,13505,14344,13505,6876,22137,19889,19908,4442,5025,8263,25707,18916,17725,5360,7002,13638,2246,150,9137,1,34:16,2024,2025
2024-25,1641730,Noah Clowney,Noah,1610612751,BKN,Brooklyn Nets,22400022,2024-11-19T00:00:00,BKN vs. CHA,W,13.506666666666666,2,7,0.286,1,4,0.25,0,0,0.0,1,2,3,0,0,0,0,2,1,0,5,-14,8.6,0,0,9.0,1,1,1,1,20489,15612,12910,19630,8896,8688,11902,13505,14344,13505,6876,13151,12778,19908,16469,12854,8263,23925,6051,17725,17323,23203,20607,2246,150,19766,1,13:30,2024,2025
2024-25,1630553,Keon Johnson,Keon,1610612751,BKN,Brooklyn Nets,22400022,2024-11-19T00:00:00,BKN vs. CHA,W,10.35,0,3,0.0,0,2,0.0,0,0,0.0,1,2,3,1,1,0,0,1,2,0,0,-16,4.1,0,0,4.0,1,1,1,1,21984,22635,19992,22635,15070,14411,15070,13505,14344,13505,6876,13151,12778,14293,8788,12854,8263,17462,12976,17725,23200,23938,23272,2246,150,22929,1,10:21,2024,2025
2024-25,1629661,Cameron Johnson,Cameron,1610612751,BKN,Brooklyn Nets,22400022,2024-11-19T00:00:00,BKN vs. CHA,W,38.09333333333333,11,20,0.55,6,12,0.5,6,6,1.0,1,4,5,4,5,1,2,1,2,6,34,18,50.0,0,0,55.0,1,1,1,1,1334,704,1105,7655,202,299,3944,1180,1898,1,6876,6429,7268,4780,387,5025,808,17462,12976,792,394,1677,1173,2246,150,474,1,38:06,2024,2025
2024-25,203471,Dennis Schröder,Dennis,1610612751,BKN,Brooklyn Nets,22400022,2024-11-19T00:00:00,BKN vs. CHA,W,35.9,5,12,0.417,1,5,0.2,3,5,0.6,0,5,5,12,1,1,2,0,3,4,14,-3,46.0,1,0,38.0,1,1,1,1,2753,7242,5979,14532,8896,6354,13429,4159,2872,10343,14058,4392,7268,139,8788,5025,808,1,18916,2493,7553,15511,1814,1,150,3270,1,35:54,2024,2025
2024-25,203471,Dennis Schröder,Dennis,1610612751,BKN,Brooklyn Nets,22400240,2024-11-17T00:00:00,BKN @ NYK,L,31.116666666666667,2,11,0.182,2,6,0.333,2,2,1.0,0,1,1,6,0,0,0,3,1,3,8,-16,18.2,0,0,17.0,1,13222,13222,13222,6775,15612,7071,21891,4949,4502,9209,6020,7446,1,14058,17569,19889,2199,16469,12854,8263,25707,6051,4218,13544,23938,14270,2246,150,14250,1,31:07,2024,2025
2024-25,1629661,Cameron Johnson,Cameron,1610612751,BKN,Brooklyn Nets,22400240,2024-11-17T00:00:00,BKN @ NYK,L,31.116666666666667,7,12,0.583,4,7,0.571,4,4,1.0,0,5,5,5,0,0,0,0,1,2,22,4,35.5,0,0,36.0,1,13222,13222,13222,6775,3730,5979,6296,1130,3100,3506,2676,3754,1,14058,4392,7268,3273,16469,12854,8263,1,6051,6956,2824,8479,4709,2246,150,3901,1,31:07,2024,2025
2024-25,1627827,Dorian Finney-Smith,Dorian,1610612751,BKN,Brooklyn Nets,22400240,2024-11-17T00:00:00,BKN @ NYK,L,28.35,6,11,0.545,4,7,0.571,0,0,0.0,3,1,4,2,1,0,1,0,2,0,16,0,25.8,0,0,28.0,1,13222,13222,13222,9255,5250,7071,7695,1130,3100,3506,13505,14344,13505,1615,17569,9701,9909,8788,12854,2537,1,12976,17725,6070,12240,9500,2246,150,7475,1,28:21,2024,2025
2024-25,1630560,Cam Thomas,Cam,1610612751,BKN,Brooklyn Nets,22400240,2024-11-17T00:00:00,BKN @ NYK,L,33.1,4,11,0.364,1,4,0.25,7,10,0.7,1,4,5,3,2,1,0,1,0,8,16,-8,27.5,0,0,27.0,1,13222,13222,13222,5069,9611,7071,16861,8896,8688,11902,752,423,9366,6876,6429,7268,6913,4442,5025,8263,17462,1,220,6070,19855,8499,2246,150,7999,1,33:06,2024,2025
2024-25,1631213,Tyrese Martin,Tyrese,1610612751,BKN,Brooklyn Nets,22400240,2024-11-17T00:00:00,BKN @ NYK,L,1.2833333333333334,1,1,1.0,1,1,1.0,0,0,0.0,0,1,1,0,0,0,0,0,0,0,3,3,4.2,0,0,5.0,1,13222,13222,13222,25922,19033,23259,1,8896,17631,1,13505,14344,13505,14058,17569,19889,19908,16469,12854,8263,1,1,17725,19913,9394,23095,2246,150,22358,1,1:17,2024,2025
2024-25,1630533,Ziaire Williams,Ziaire,1610612751,BKN,Brooklyn Nets,22400240,2024-11-17T00:00:00,BKN @ NYK,L,24.0,1,7,0.143,0,4,0.0,5,6,0.833,1,2,3,1,0,0,1,0,4,4,7,-8,15.1,0,0,13.0,1,13222,13222,13222,12899,19033,12910,22260,15070,8688,15070,1817,1898,7275,6876,13151,12778,14293,16469,12854,2537,1,22904,2493,14857,19855,16302,2246,150,17050,1,24:00,2024,2025
2024-25,1629003,Shake Milton,Shake,1610612751,BKN,Brooklyn Nets,22400240,2024-11-17T00:00:00,BKN @ NYK,L,1.2833333333333334,0,0,0.0,0,0,0.0,0,0,0.0,0,0,0,0,0,0,0,0,0,0,0,3,0.0,0,0,0.0,1,13222,13222,13222,25922,22635,24836,22635,15070,20945,15070,13505,14344,13505,14058,22137,23286,19908,16469,12854,8263,1,1,17725,23200,9394,25228,2246,150,25259,1,1:17,2024,2025
2024-25,1642385,Cui Yongxi,Cui,1610612751,BKN,Brooklyn Nets,22400240,2024-11-17T00:00:00,BKN @ NYK,L,1.2833333333333334,0,1,0.0,0,0,0.0,0,0,0.0,0,0,0,0,0,0,0,0,0,0,0,3,0.0,0,0,0.0,1,13222,13222,13222,25922,22635,23259,22635,15070,20945,15070,13505,14344,13505,14058,22137,23286,19908,16469,12854,8263,1,1,17725,23200,9394,25228,2246,150,25259,1,1:17,2024,2025
2024-25,1630592,Jalen Wilson,Jalen,1610612751,BKN,Brooklyn Nets,22400240,2024-11-17T00:00:00,BKN @ NYK,L,25.316666666666663,5,7,0.714,3,5,0.6,2,3,0.667,2,4,6,0,1,0,0,0,2,2,15,-2,21.2,0,0,24.0,1,13222,13222,13222,11729,7242,12910,2752,2458,6354,2992,6020,6038,9425,3306,6429,5362,19908,8788,12854,8263,1,12976,6956,6813,14448,12273,2246,150,9719,1,25:19,2024,2025
2024-25,1630553,Keon Johnson,Keon,1610612751,BKN,Brooklyn Nets,22400240,2024-11-17T00:00:00,BKN @ NYK,L,10.783333333333331,0,2,0.0,0,2,0.0,0,0,0.0,0,1,1,2,0,0,0,0,1,0,0,-17,4.2,0,0,3.0,1,13222,13222,13222,21804,22635,21660,22635,15070,14411,15070,13505,14344,13505,14058,17569,19889,9909,16469,12854,8263,1,6051,17725,23200,24263,23095,2246,150,23533,1,10:47,2024,2025
2024-25,1641730,Noah Clowney,Noah,1610612751,BKN,Brooklyn Nets,22400240,2024-11-17T00:00:00,BKN @ NYK,L,16.816666666666666,5,7,0.714,2,4,0.5,1,3,0.333,0,2,2,1,1,0,0,0,4,3,13,-13,15.9,0,0,18.0,1,13222,13222,13222,18375,7242,12910,2752,4949,8688,3944,10215,6038,13132,14058,13151,16273,14293,8788,12854,8263,1,22904,4218,8426,22771,15803,2246,150,13589,1,16:49,2024,2025
2024-25,1630570,Trendon Watford,Trendon,1610612751,BKN,Brooklyn Nets,22400240,2024-11-17T00:00:00,BKN @ NYK,L,13.433333333333334,1,3,0.333,0,1,0.0,2,2,1.0,0,3,3,3,1,0,0,1,1,1,4,4,11.1,0,0,10.0,1,13222,13222,13222,20517,19033,19992,17395,15070,17631,15070,6020,7446,1,14058,9417,12778,6913,8788,12854,8263,17462,6051,11254,18599,8479,18988,2246,150,19152,1,13:26,2024,2025
2024-25,1627732,Ben Simmons,Ben,1610612751,BKN,Brooklyn Nets,22400240,2024-11-17T00:00:00,BKN @ NYK,L,22.116666666666667,0,3,0.0,0,0,0.0,0,0,0.0,0,4,4,8,3,0,1,0,3,0,0,-3,16.8,0,0,14.0,1,13222,13222,13222,14402,22635,19992,22635,15070,20945,15070,13505,14344,13505,14058,6429,9701,963,2037,12854,2537,1,18916,17725,23200,15511,15212,2246,150,16370,1,22:07,2024,2025
2024-25,1627732,Ben Simmons,Ben,1610612751,BKN,Brooklyn Nets,22400014,2024-11-15T00:00:00,BKN @ NYK,L,24.716666666666665,2,5,0.4,0,0,0.0,0,0,0.0,1,6,7,5,0,1,0,0,1,0,4,0,22.9,0,0,18.0,1,13222,13222,13222,12256,15612,16437,14933,15070,20945,15070,13505,14344,13505,6876,2943,3946,3273,16469,5025,8263,1,6051,17725,18599,12240,11219,2246,150,13589,1,24:43,2024,2025
2024-25,1630553,Keon Johnson,Keon,1610612751,BKN,Brooklyn Nets,22400014,2024-11-15T00:00:00,BKN @ NYK,L,11.733333333333333,2,4,0.5,1,3,0.333,2,2,1.0,1,2,3,1,1,1,0,0,2,2,7,-6,14.1,0,0,14.0,1,13222,13222,13222,21403,15612,18231,8526,8896,11494,9209,6020,7446,1,6876,13151,12778,14293,8788,5025,8263,1,12976,6956,14857,18298,16945,2246,150,16370,1,11:44,2024,2025
2024-25,203471,Dennis Schröder,Dennis,1610612751,BKN,Brooklyn Nets,22400014,2024-11-15T00:00:00,BKN @ NYK,L,33.56666666666667,4,17,0.235,2,10,0.2,4,4,1.0,0,3,3,8,1,2,0,1,2,3,14,10,34.6,0,0,31.0,1,13222,13222,13222,4670,9611,2289,21144,4949,829,13429,2676,3754,1,14058,9417,12778,963,8788,1671,8263,17462,12976,4218,7553,4588,5046,2246,150,5932,1,33:34,2024,2025
2024-25,1641730,Noah Clowney,Noah,1610612751,BKN,Brooklyn Nets,22400014,2024-11-15T00:00:00,BKN @ NYK,L,12.883333333333333,1,3,0.333,1,3,0.333,2,2,1.0,1,0,1,2,2,0,0,0,3,1,5,-17,7.2,0,0,9.0,1,13222,13222,13222,20803,19033,19992,17395,8896,11494,9209,6020,7446,1,6876,22137,19889,9909,4442,12854,8263,1,18916,11254,17323,24263,21393,2246,150,19766,1,12:53,2024,2025
2024-25,1627827,Dorian Finney-Smith,Dorian,1610612751,BKN,Brooklyn Nets,22400014,2024-11-15T00:00:00,BKN @ NYK,L,32.3,4,9,0.444,4,6,0.667,3,4,0.75,2,2,4,3,0,0,1,1,1,4,15,19,27.3,0,0,28.0,1,13222,13222,13222,5727,9611,9700,13045,1130,4502,1957,4159,3754,8186,3306,13151,9701,6913,16469,12854,2537,17462,6051,2493,6813,1456,8623,2246,150,7475,1,32:18,2024,2025
2024-25,1630560,Cam Thomas,Cam,1610612751,BKN,Brooklyn Nets,22400014,2024-11-15T00:00:00,BKN @ NYK,L,38.71666666666667,16,22,0.727,7,10,0.7,4,6,0.667,0,2,2,3,4,1,1,0,2,7,43,-1,51.9,0,0,59.0,1,13222,13222,13222,1003,43,626,2666,76,829,1937,2676,1898,9425,14058,13151,16273,6913,877,5025,2537,1,12976,426,54,13450,936,2246,150,279,1,38:43,2024,2025
2024-25,1630533,Ziaire Williams,Ziaire,1610612751,BKN,Brooklyn Nets,22400014,2024-11-15T00:00:00,BKN @ NYK,L,28.2,4,10,0.4,1,4,0.25,0,0,0.0,1,7,8,1,1,1,0,3,5,0,9,4,22.1,0,0,21.0,1,13222,13222,13222,9378,9611,8304,14933,8896,8688,11902,13505,14344,13505,6876,1947,2934,14293,8788,5025,8263,25707,25158,17725,12445,8479,11691,2246,150,11621,1,28:12,2024,2025
2024-25,1629003,Shake Milton,Shake,1610612751,BKN,Brooklyn Nets,22400014,2024-11-15T00:00:00,BKN @ NYK,L,5.5,1,3,0.333,0,1,0.0,0,0,0.0,2,0,2,0,0,0,0,0,2,0,2,-12,4.4,0,0,4.0,1,13222,13222,13222,23789,19033,19992,17395,15070,17631,15070,13505,14344,13505,3306,22137,16273,19908,16469,12854,8263,1,12976,17725,21232,22309,23001,2246,150,22929,1,5:30,2024,2025
2024-25,1629661,Cameron Johnson,Cameron,1610612751,BKN,Brooklyn Nets,22400014,2024-11-15T00:00:00,BKN @ NYK,L,36.266666666666666,3,10,0.3,1,5,0.2,10,10,1.0,2,3,5,3,0,2,0,0,1,4,17,4,33.5,0,0,30.0,1,13222,13222,13222,2491,12449,8304,19363,8896,6354,13429,183,423,1,3306,9417,7268,6913,16469,1671,8263,1,6051,2493,5360,8479,5492,2246,150,6431,1,36:16,2024,2025
2024-25,1630592,Jalen Wilson,Jalen,1610612751,BKN,Brooklyn Nets,22400014,2024-11-15T00:00:00,BKN @ NYK,L,16.116666666666667,2,6,0.333,2,4,0.5,0,0,0.0,0,2,2,1,0,0,0,1,3,0,6,-11,9.9,0,0,11.0,1,13222,13222,13222,18846,15612,14618,17395,4949,8688,3944,13505,14344,13505,14058,13151,16273,14293,16469,12854,8263,17462,18916,17725,15937,21738,19759,2246,150,18464,1,16:07,2024,2025
2024-25,1630560,Cam Thomas,Cam,1610612751,BKN,Brooklyn Nets,22400218,2024-11-13T00:00:00,BKN vs. BOS,L,27.65,5,11,0.455,3,5,0.6,4,4,1.0,0,3,3,3,2,1,0,0,3,3,17,-17,26.1,0,0,28.0,1,13222,13222,13222,9830,7242,7071,12676,2458,6354,2992,2676,3754,1,14058,9417,12778,6913,4442,5025,8263,1,18916,4218,5360,24263,9334,2246,150,7475,1,27:39,2024,2025
2024-25,1630533,Ziaire Williams,Ziaire,1610612751,BKN,Brooklyn Nets,22400218,2024-11-13T00:00:00,BKN vs. BOS,L,26.25,8,14,0.571,2,5,0.4,5,6,0.833,0,6,6,1,1,1,1,2,3,3,23,-21,36.7,0,0,36.0,1,13222,13222,13222,10949,2561,4240,6538,4949,6354,7874,1817,1898,7275,14058,2943,5362,14293,8788,5025,2537,23925,18916,4218,2434,25273,4257,2246,150,3901,1,26:15,2024,2025
2024-25,1630592,Jalen Wilson,Jalen,1610612751,BKN,Brooklyn Nets,22400218,2024-11-13T00:00:00,BKN vs. BOS,L,22.23333333333333,4,5,0.8,1,1,1.0,2,2,1.0,1,4,5,4,1,1,0,0,2,2,11,-5,25.0,0,0,23.0,1,13222,13222,13222,14326,9611,16437,1688,8896,17631,1,6020,7446,1,6876,6429,7268,4780,8788,5025,8263,1,12976,6956,10323,17436,9980,2246,150,10339,1,22:14,2024,2025
2024-25,1641730,Noah Clowney,Noah,1610612751,BKN,Brooklyn Nets,22400218,2024-11-13T00:00:00,BKN vs. BOS,L,17.848333333333333,3,6,0.5,2,5,0.4,1,2,0.5,0,2,2,2,1,0,0,0,4,2,9,-7,13.4,0,0,15.0,1,13222,13222,13222,17673,12449,14618,8526,4949,6354,7874,10215,7446,10625,14058,13151,16273,9909,8788,12854,8263,1,22904,6956,12445,19141,17421,2246,150,15689,1,17:51,2024,2025
2024-25,1630553,Keon Johnson,Keon,1610612751,BKN,Brooklyn Nets,22400218,2024-11-13T00:00:00,BKN vs. BOS,L,23.266666666666666,4,10,0.4,4,8,0.5,0,0,0.0,1,4,5,0,2,0,2,2,1,2,12,-16,22.0,0,0,25.0,1,13222,13222,13222,13494,9611,8304,14933,1130,2050,3944,13505,14344,13505,6876,6429,7268,19908,4442,12854,808,23925,6051,6956,9299,23938,11755,2246,150,9137,1,23:16,2024,2025
2024-25,203471,Dennis Schröder,Dennis,1610612751,BKN,Brooklyn Nets,22400218,2024-11-13T00:00:00,BKN vs. BOS,L,30.566666666666663,6,10,0.6,2,6,0.333,2,3,0.667,0,4,4,3,1,1,0,0,3,2,16,-14,27.3,0,0,27.0,1,13222,13222,13222,7262,5250,8304,5394,4949,4502,9209,6020,6038,9425,14058,6429,9701,6913,8788,5025,8263,1,18916,6956,6070,23203,8623,2246,150,7999,1,30:34,2024,2025
2024-25,1631213,Tyrese Martin,Tyrese,1610612751,BKN,Brooklyn Nets,22400218,2024-11-13T00:00:00,BKN vs. BOS,L,17.116666666666667,2,6,0.333,2,5,0.4,0,0,0.0,0,0,0,0,1,0,0,1,0,0,6,-3,5.0,0,0,8.0,1,13222,13222,13222,18188,15612,14618,17395,4949,6354,7874,13505,14344,13505,14058,22137,23286,19908,8788,12854,8263,17462,1,17725,15937,15511,22690,2246,150,20457,1,17:07,2024,2025
2024-25,1629003,Shake Milton,Shake,1610612751,BKN,Brooklyn Nets,22400218,2024-11-13T00:00:00,BKN vs. BOS,L,24.48333333333333,3,5,0.6,2,3,0.667,0,0,0.0,0,0,0,8,1,0,0,0,0,0,8,-16,19.0,0,0,18.0,1,13222,13222,13222,12492,12449,16437,5394,4949,11494,1957,13505,14344,13505,14058,22137,23286,963,8788,12854,8263,1,1,17725,13544,23938,13770,2246,150,13589,1,24:29,2024,2025
2024-25,1629661,Cameron Johnson,Cameron,1610612751,BKN,Brooklyn Nets,22400218,2024-11-13T00:00:00,BKN vs. BOS,L,26.433333333333334,4,9,0.444,1,5,0.2,0,0,0.0,1,3,4,3,1,0,0,1,3,0,9,-20,17.3,0,0,17.0,1,13222,13222,13222,10788,9611,9700,13045,8896,6354,13429,13505,14344,13505,6876,9417,9701,6913,8788,12854,8263,17462,18916,17725,12445,25087,14888,2246,150,14250,1,26:26,2024,2025
2024-25,1629651,Nic Claxton,Nic,1610612751,BKN,Brooklyn Nets,22400218,2024-11-13T00:00:00,BKN vs. BOS,L,24.151666666666667,1,3,0.333,0,0,0.0,1,1,1.0,0,5,5,2,1,0,0,0,1,3,3,-6,11.0,0,0,10.0,1,13222,13222,13222,12760,19033,19992,17395,15070,20945,15070,10215,12810,1,14058,4392,7268,9909,8788,12854,8263,1,6051,4218,19913,18298,19045,2246,150,19152,1,24:09,2024,2025
2024-25,1630592,Jalen Wilson,Jalen,1610612751,BKN,Brooklyn Nets,22400214,2024-11-11T00:00:00,BKN @ NOP,W,23.41333333333333,3,10,0.3,1,4,0.25,3,3,1.0,1,0,1,2,1,0,0,2,3,2,10,-4,13.2,0,0,14.0,1,1,1,1,13380,12449,8304,19363,8896,8688,11902,4159,6038,1,6876,22137,19889,9909,8788,12854,8263,23925,18916,6956,11377,16449,17566,2246,150,16370,1,23:25,2024,2025
2024-25,1641730,Noah Clowney,Noah,1610612751,BKN,Brooklyn Nets,22400214,2024-11-11T00:00:00,BKN @ NOP,W,20.05,5,13,0.385,5,10,0.5,0,0,0.0,4,3,7,1,1,0,1,0,2,0,15,3,26.9,0,0,30.0,1,1,1,1,15985,7242,5079,16070,492,829,3944,13505,14344,13505,785,9417,3946,14293,8788,12854,2537,1,12976,17725,6813,9394,8865,2246,150,6431,1,20:03,2024,2025
2024-25,203471,Dennis Schröder,Dennis,1610612751,BKN,Brooklyn Nets,22400214,2024-11-11T00:00:00,BKN @ NOP,W,31.6,4,9,0.444,3,5,0.6,3,4,0.75,0,3,3,2,2,0,0,0,0,5,14,7,18.6,0,0,22.0,1,1,1,1,6334,9611,9700,13045,2458,6354,2992,4159,3754,8186,14058,9417,12778,9909,4442,12854,8263,1,1,1447,7553,6330,14008,2246,150,10998,1,31:36,2024,2025
2024-25,1629651,Nic Claxton,Nic,1610612751,BKN,Brooklyn Nets,22400214,2024-11-11T00:00:00,BKN @ NOP,W,32.25333333333333,5,9,0.556,0,0,0.0,3,4,0.75,5,4,9,3,2,0,2,1,1,2,13,-4,32.3,0,0,29.0,1,1,1,1,5777,7242,9700,7248,15070,20945,15070,4159,3754,8186,389,6429,2169,6913,4442,12854,808,17462,6051,6956,8426,16449,6039,2246,150,6953,1,32:15,2024,2025
2024-25,1630560,Cam Thomas,Cam,1610612751,BKN,Brooklyn Nets,22400214,2024-11-11T00:00:00,BKN @ NOP,W,32.925,6,10,0.6,4,5,0.8,1,2,0.5,0,7,7,2,3,0,0,0,0,2,17,9,25.4,0,0,30.0,1,1,1,1,5227,5250,8304,5394,1130,6354,1389,10215,7446,10625,14058,1947,3946,9909,2037,12854,8263,1,1,6956,5360,5125,9733,2246,150,6431,1,32:56,2024,2025
2024-25,1629661,Cameron Johnson,Cameron,1610612751,BKN,Brooklyn Nets,22400214,2024-11-11T00:00:00,BKN @ NOP,W,30.95,5,10,0.5,3,7,0.429,2,2,1.0,0,1,1,0,2,1,1,0,2,1,15,-4,20.2,0,0,23.0,1,1,1,1,6918,7242,8304,8526,2458,3100,7394,6020,7446,1,14058,17569,19889,19908,4442,5025,2537,1,12976,11254,6813,16449,12950,2246,150,10339,1,30:57,2024,2025
2024-25,1630533,Ziaire Williams,Ziaire,1610612751,BKN,Brooklyn Nets,22400214,2024-11-11T00:00:00,BKN @ NOP,W,28.058333333333334,3,12,0.25,2,7,0.286,4,4,1.0,2,7,9,0,2,1,1,1,3,2,12,-5,26.8,0,0,27.0,1,1,1,1,9502,12449,5979,20233,4949,3100,11433,2676,3754,1,3306,1947,2169,19908,4442,5025,2537,17462,18916,6956,9299,17436,8917,2246,150,7999,1,28:04,2024,2025
2024-25,1627732,Ben Simmons,Ben,1610612751,BKN,Brooklyn Nets,22400214,2024-11-11T00:00:00,BKN @ NOP,W,22.308333333333334,3,5,0.6,0,0,0.0,0,0,0.0,1,4,5,12,3,2,0,0,3,1,6,8,33.0,0,0,27.0,1,1,1,1,14274,12449,16437,5394,15070,20945,15070,13505,14344,13505,6876,6429,7268,139,2037,1671,8263,1,18916,11254,15937,5660,5723,2246,150,7999,1,22:19,2024,2025
2024-25,1630553,Keon Johnson,Keon,1610612751,BKN,Brooklyn Nets,22400214,2024-11-11T00:00:00,BKN @ NOP,W,18.441666666666663,2,6,0.333,1,4,0.25,0,0,0.0,1,3,4,2,0,0,0,0,0,0,5,0,12.8,0,0,12.0,1,1,1,1,17256,15612,14618,17395,8896,8688,11902,13505,14344,13505,6876,9417,9701,9909,16469,12854,8263,1,1,17725,17323,12240,17849,2246,150,17796,1,18:27,2024,2025
2024-25,1641730,Noah Clowney,Noah,1610612751,BKN,Brooklyn Nets,22400199,2024-11-09T00:00:00,BKN @ CLE,L,14.36,1,3,0.333,0,2,0.0,0,0,0.0,0,3,3,1,1,2,1,0,2,2,2,-5,15.1,0,0,12.0,1,13222,13222,13222,19975,19033,19992,17395,15070,14411,15070,13505,14344,13505,14058,9417,12778,14293,8788,1671,2537,1,12976,6956,21232,17436,16302,2246,150,17796,1,14:22,2024,2025
2024-25,1630533,Ziaire Williams,Ziaire,1610612751,BKN,Brooklyn Nets,22400199,2024-11-09T00:00:00,BKN @ CLE,L,20.23333333333333,0,3,0.0,0,2,0.0,0,0,0.0,0,3,3,0,2,1,0,1,2,1,0,-15,4.6,0,0,5.0,1,13222,13222,13222,15838,22635,19992,22635,15070,14411,15070,13505,14344,13505,14058,9417,12778,19908,4442,5025,8263,17462,12976,11254,23200,23599,22915,2246,150,22358,1,20:14,2024,2025
2024-25,203471,Dennis Schröder,Dennis,1610612751,BKN,Brooklyn Nets,22400199,2024-11-09T00:00:00,BKN @ CLE,L,37.406666666666666,7,14,0.5,4,8,0.5,4,4,1.0,1,1,2,5,1,0,0,0,2,3,22,3,30.9,0,0,33.0,1,13222,13222,13222,1735,3730,4240,8526,1130,2050,3944,2676,3754,1,6876,17569,16273,3273,8788,12854,8263,1,12976,4218,2824,9394,6734,2246,150,5036,1,37:24,2024,2025
2024-25,1629661,Cameron Johnson,Cameron,1610612751,BKN,Brooklyn Nets,22400199,2024-11-09T00:00:00,BKN @ CLE,L,31.3,8,13,0.615,4,7,0.571,3,3,1.0,1,4,5,1,0,0,0,1,0,4,23,4,30.5,0,0,33.0,1,13222,13222,13222,6607,2561,5079,5246,1130,3100,3506,4159,6038,1,6876,6429,7268,14293,16469,12854,8263,17462,1,2493,2434,8479,6930,2246,150,5036,1,31:18,2024,2025
2024-25,1630592,Jalen Wilson,Jalen,1610612751,BKN,Brooklyn Nets,22400199,2024-11-09T00:00:00,BKN @ CLE,L,10.016666666666667,1,3,0.333,0,2,0.0,0,0,0.0,2,1,3,1,2,0,0,0,1,1,2,-11,5.1,0,0,6.0,1,13222,13222,13222,22099,19033,19992,17395,15070,14411,15070,13505,14344,13505,3306,17569,12778,14293,4442,12854,8263,1,6051,11254,21232,21738,22656,2246,150,21698,1,10:01,2024,2025
2024-25,1629003,Shake Milton,Shake,1610612751,BKN,Brooklyn Nets,22400199,2024-11-09T00:00:00,BKN @ CLE,L,17.8,1,3,0.333,1,3,0.333,0,0,0.0,0,0,0,1,0,1,0,1,2,0,3,-16,7.5,0,0,7.0,1,13222,13222,13222,17706,19033,19992,17395,8896,11494,9209,13505,14344,13505,14058,22137,23286,14293,16469,5025,8263,17462,12976,17725,19913,23938,21215,2246,150,21087,1,17:48,2024,2025
2024-25,1629651,Nic Claxton,Nic,1610612751,BKN,Brooklyn Nets,22400199,2024-11-09T00:00:00,BKN @ CLE,L,32.0,4,5,0.8,0,0,0.0,2,3,0.667,2,8,10,4,2,0,1,0,0,2,10,4,29.0,1,0,26.0,1,13222,13222,13222,5961,9611,16437,1688,15070,20945,15070,6020,6038,9425,3306,1271,1549,4780,4442,12854,2537,1,1,6956,11377,8479,7650,1,150,8551,1,32:00,2024,2025
2024-25,1630560,Cam Thomas,Cam,1610612751,BKN,Brooklyn Nets,22400199,2024-11-09T00:00:00,BKN @ CLE,L,35.95,6,17,0.353,2,7,0.286,8,8,1.0,0,2,2,6,6,0,0,1,2,5,22,7,27.4,0,0,32.0,1,13222,13222,13222,2713,5250,2289,17268,4949,3100,11433,481,912,1,14058,13151,16273,2199,150,12854,8263,17462,12976,1447,2824,6330,8559,2246,150,5433,1,35:57,2024,2025
2024-25,1630553,Keon Johnson,Keon,1610612751,BKN,Brooklyn Nets,22400199,2024-11-09T00:00:00,BKN @ CLE,L,12.243333333333334,2,7,0.286,2,6,0.333,0,0,0.0,1,3,4,2,3,0,0,1,0,0,6,-7,10.8,0,0,14.0,1,13222,13222,13222,21133,15612,12910,19630,4949,4502,9209,13505,14344,13505,6876,9417,9701,9909,2037,12854,8263,17462,1,17725,15937,19141,19193,2246,150,16370,1,12:15,2024,2025
2024-25,1627827,Dorian Finney-Smith,Dorian,1610612751,BKN,Brooklyn Nets,22400199,2024-11-09T00:00:00,BKN @ CLE,L,28.69,4,8,0.5,2,6,0.333,0,0,0.0,3,1,4,0,0,0,0,0,3,0,10,11,14.8,0,0,16.0,1,13222,13222,13222,8936,9611,11288,8526,4949,4502,9209,13505,14344,13505,1615,17569,9701,19908,16469,12854,8263,1,18916,17725,11377,4119,16495,2246,150,14948,1,28:41,2024,2025
2024-25,203471,Dennis Schröder,Dennis,1610612751,BKN,Brooklyn Nets,22400187,2024-11-08T00:00:00,BKN @ BOS,L,37.46666666666667,9,23,0.391,2,8,0.25,0,0,0.0,0,3,3,3,4,4,0,3,2,0,20,-2,36.1,0,0,36.0,1,13222,13222,13222,1700,1688,455,15984,4949,2050,11902,13505,14344,13505,14058,9417,12778,6913,877,123,8263,25707,12976,17725,3676,14448,4469,2246,150,3901,1,37:28,2024,2025
2024-25,1630560,Cam Thomas,Cam,1610612751,BKN,Brooklyn Nets,22400187,2024-11-08T00:00:00,BKN @ BOS,L,38.00666666666667,11,22,0.5,4,9,0.444,5,7,0.714,0,3,3,1,2,1,0,1,5,5,31,-4,37.1,0,0,41.0,1,13222,13222,13222,1385,704,626,8526,1130,1295,7211,1817,1377,9244,14058,9417,12778,14293,4442,5025,8263,17462,25158,1447,685,16449,4123,2246,150,2498,1,38:00,2024,2025
2024-25,1630592,Jalen Wilson,Jalen,1610612751,BKN,Brooklyn Nets,22400187,2024-11-08T00:00:00,BKN @ BOS,L,24.65,3,10,0.3,0,4,0.0,2,2,1.0,1,1,2,1,1,0,0,1,1,3,8,-1,10.9,0,0,11.0,1,13222,13222,13222,12326,12449,8304,19363,15070,8688,15070,6020,7446,1,6876,17569,16273,14293,8788,12854,8263,17462,6051,4218,13544,13450,19118,2246,150,18464,1,24:39,2024,2025
2024-25,1630533,Ziaire Williams,Ziaire,1610612751,BKN,Brooklyn Nets,22400187,2024-11-08T00:00:00,BKN @ BOS,L,23.266666666666666,4,11,0.364,0,3,0.0,1,2,0.5,4,8,12,1,0,0,0,2,3,2,9,-5,24.9,0,0,22.0,1,13222,13222,13222,13494,9611,7071,16861,15070,11494,15070,10215,7446,10625,785,1271,760,14293,16469,12854,8263,23925,18916,6956,12445,17436,10031,2246,150,10998,1,23:16,2024,2025
2024-25,1627827,Dorian Finney-Smith,Dorian,1610612751,BKN,Brooklyn Nets,22400187,2024-11-08T00:00:00,BKN @ BOS,L,31.08333333333333,2,6,0.333,1,3,0.333,0,0,0.0,2,3,5,2,1,0,1,1,5,0,5,0,16.0,0,0,15.0,1,13222,13222,13222,6807,15612,14618,17395,8896,11494,9209,13505,14344,13505,3306,9417,7268,9909,8788,12854,2537,17462,25158,17725,17323,12240,15742,2246,150,15689,1,31:05,2024,2025
2024-25,1630553,Keon Johnson,Keon,1610612751,BKN,Brooklyn Nets,22400187,2024-11-08T00:00:00,BKN @ BOS,L,15.66,1,6,0.167,0,3,0.0,1,1,1.0,1,1,2,1,1,0,0,0,2,1,3,-2,5.9,0,0,6.0,1,13222,13222,13222,19162,19033,14618,21938,15070,11494,15070,10215,12810,1,6876,17569,16273,14293,8788,12854,8263,1,12976,11254,19913,14448,22177,2246,150,21698,1,15:40,2024,2025
2024-25,1629661,Cameron Johnson,Cameron,1610612751,BKN,Brooklyn Nets,22400187,2024-11-08T00:00:00,BKN @ BOS,L,39.583333333333336,6,13,0.462,3,8,0.375,3,3,1.0,2,6,8,4,0,0,0,1,2,2,18,1,33.6,0,0,33.0,1,13222,13222,13222,692,5250,5079,12428,2458,2050,8800,4159,6038,1,3306,2943,2934,4780,16469,12854,8263,17462,12976,6956,4762,11263,5463,2246,150,5036,1,39:35,2024,2025
2024-25,1627732,Ben Simmons,Ben,1610612751,BKN,Brooklyn Nets,22400187,2024-11-08T00:00:00,BKN @ BOS,L,27.28333333333333,4,6,0.667,0,0,0.0,0,0,0.0,1,5,6,8,3,1,0,0,1,2,8,-8,27.2,0,0,24.0,1,13222,13222,13222,10113,9611,14618,3281,15070,20945,15070,13505,14344,13505,6876,4392,5362,963,2037,5025,8263,1,6051,6956,13544,19855,8688,2246,150,9719,1,27:17,2024,2025
2024-25,1629651,Nic Claxton,Nic,1610612751,BKN,Brooklyn Nets,22400187,2024-11-08T00:00:00,BKN @ BOS,L,28.0,1,3,0.333,0,0,0.0,0,0,0.0,1,9,10,3,0,0,2,0,1,0,2,1,24.5,0,0,19.0,1,13222,13222,13222,9543,19033,19992,17395,15070,20945,15070,13505,14344,13505,6876,796,1549,6913,16469,12854,808,1,6051,17725,21232,11263,10279,2246,150,12913,1,28:00,2024,2025
2024-25,1629651,Nic Claxton,Nic,1610612751,BKN,Brooklyn Nets,22400158,2024-11-04T00:00:00,BKN vs. MEM,W,26.633333333333333,5,8,0.625,0,0,0.0,0,2,0.0,2,6,8,3,0,2,1,0,1,3,10,-4,33.1,0,0,27.0,1,1,1,1,10618,7242,11288,4899,15070,20945,15070,13505,7446,13505,3306,2943,2934,6913,16469,1671,2537,1,6051,4218,11377,16449,5673,2246,150,7999,1,26:38,2024,2025
2024-25,1627827,Dorian Finney-Smith,Dorian,1610612751,BKN,Brooklyn Nets,22400158,2024-11-04T00:00:00,BKN vs. MEM,W,28.005,6,10,0.6,5,8,0.625,0,0,0.0,5,1,6,3,4,1,0,1,5,1,17,12,27.7,0,0,33.0,1,1,1,1,9541,5250,8304,5394,492,2050,2868,13505,14344,13505,389,17569,5362,6913,877,5025,8263,17462,25158,11254,5360,3654,8387,2246,150,5036,1,28:00,2024,2025
2024-25,1630553,Keon Johnson,Keon,1610612751,BKN,Brooklyn Nets,22400158,2024-11-04T00:00:00,BKN vs. MEM,W,20.5,2,7,0.286,2,3,0.667,0,0,0.0,0,4,4,3,2,0,0,2,5,0,6,-5,13.3,0,0,15.0,1,1,1,1,15638,15612,12910,19630,4949,11494,1957,13505,14344,13505,14058,6429,9701,6913,4442,12854,8263,23925,25158,17725,15937,17436,17520,2246,150,15689,1,20:30,2024,2025
2024-25,203471,Dennis Schröder,Dennis,1610612751,BKN,Brooklyn Nets,22400158,2024-11-04T00:00:00,BKN vs. MEM,W,34.13333333333333,7,15,0.467,2,7,0.286,4,5,0.8,0,2,2,6,3,1,0,2,4,4,20,5,31.4,0,0,32.0,1,1,1,1,4140,3730,3491,12249,4949,3100,11433,2676,2872,7681,14058,13151,16273,2199,2037,5025,8263,23925,22904,2493,3676,7737,6467,2246,150,5433,1,34:08,2024,2025
2024-25,1630533,Ziaire Williams,Ziaire,1610612751,BKN,Brooklyn Nets,22400158,2024-11-04T00:00:00,BKN vs. MEM,W,21.216666666666665,0,2,0.0,0,2,0.0,2,2,1.0,1,1,2,1,0,2,0,0,1,2,2,-1,11.9,0,0,9.0,1,1,1,1,15144,22635,21660,22635,15070,14411,15070,6020,7446,1,6876,17569,16273,14293,16469,1671,8263,1,6051,6956,21232,13450,18455,2246,150,19766,1,21:13,2024,2025
2024-25,1629003,Shake Milton,Shake,1610612751,BKN,Brooklyn Nets,22400158,2024-11-04T00:00:00,BKN vs. MEM,W,11.533333333333331,1,2,0.5,1,2,0.5,2,2,1.0,2,2,4,0,1,0,0,0,0,2,5,-14,8.8,0,0,10.0,1,1,1,1,21478,19033,21660,8526,8896,14411,3944,6020,7446,1,3306,13151,9701,19908,8788,12854,8263,1,1,6956,17323,23203,20489,2246,150,19152,1,11:32,2024,2025
2024-25,1629661,Cameron Johnson,Cameron,1610612751,BKN,Brooklyn Nets,22400158,2024-11-04T00:00:00,BKN vs. MEM,W,36.05,8,11,0.727,3,4,0.75,1,2,0.5,1,2,3,2,0,0,0,1,2,1,20,16,26.6,0,0,28.0,1,1,1,1,2646,2561,7071,2666,2458,8688,1542,10215,7446,10625,6876,13151,12778,9909,16469,12854,8263,17462,12976,11254,3676,2243,9031,2246,150,7475,1,36:03,2024,2025
2024-25,1630560,Cam Thomas,Cam,1610612751,BKN,Brooklyn Nets,22400158,2024-11-04T00:00:00,BKN vs. MEM,W,33.58833333333333,6,17,0.353,0,4,0.0,1,1,1.0,0,2,2,6,3,1,0,1,2,1,13,1,24.4,0,0,23.0,1,1,1,1,4654,5250,2289,17268,15070,8688,15070,10215,12810,1,14058,13151,16273,2199,2037,5025,8263,17462,12976,11254,8426,11263,10331,2246,150,10339,1,33:35,2024,2025
2024-25,1630592,Jalen Wilson,Jalen,1610612751,BKN,Brooklyn Nets,22400158,2024-11-04T00:00:00,BKN vs. MEM,W,28.34,5,12,0.417,0,6,0.0,3,4,0.75,1,5,6,4,0,0,0,1,2,2,13,0,26.2,0,0,23.0,1,1,1,1,9267,7242,5979,14532,15070,4502,15070,4159,3754,8186,6876,4392,5362,4780,16469,12854,8263,17462,12976,6956,8426,12240,9269,2246,150,10339,1,28:20,2024,2025
2024-25,203471,Dennis Schröder,Dennis,1610612751,BKN,Brooklyn Nets,22400151,2024-11-03T00:00:00,BKN vs. DET,L,33.336666666666666,3,7,0.429,1,3,0.333,0,0,0.0,0,5,5,4,2,3,0,0,3,1,7,-11,26.0,0,0,23.0,1,13222,13222,13222,4869,12449,12910,13735,8896,11494,9209,13505,14344,13505,14058,4392,7268,4780,4442,473,8263,1,18916,11254,14857,21738,9390,2246,150,10339,1,33:20,2024,2025
2024-25,1629651,Nic Claxton,Nic,1610612751,BKN,Brooklyn Nets,22400151,2024-11-03T00:00:00,BKN vs. DET,L,21.933333333333334,2,4,0.5,0,0,0.0,4,12,0.333,0,1,1,5,3,1,0,0,5,7,8,-11,16.7,0,0,16.0,1,13222,13222,13222,14543,15612,18231,8526,15070,20945,15070,2676,194,13132,14058,17569,19889,3273,2037,5025,8263,1,25158,426,13544,21738,15274,2246,150,14948,1,21:56,2024,2025
2024-25,1630533,Ziaire Williams,Ziaire,1610612751,BKN,Brooklyn Nets,22400151,2024-11-03T00:00:00,BKN vs. DET,L,16.006666666666668,2,5,0.4,0,3,0.0,0,0,0.0,0,2,2,0,0,0,0,0,3,0,4,-14,6.4,0,0,6.0,1,13222,13222,13222,18926,15612,16437,14933,15070,11494,15070,13505,14344,13505,14058,13151,16273,19908,16469,12854,8263,1,18916,17725,18599,23203,21876,2246,150,21698,1,16:00,2024,2025
2024-25,1627732,Ben Simmons,Ben,1610612751,BKN,Brooklyn Nets,22400151,2024-11-03T00:00:00,BKN vs. DET,L,24.466666666666665,2,4,0.5,0,0,0.0,0,0,0.0,0,6,6,6,3,1,0,0,2,2,4,-3,20.2,0,0,18.0,1,13222,13222,13222,12511,15612,18231,8526,15070,20945,15070,13505,14344,13505,14058,2943,5362,2199,2037,5025,8263,1,12976,6956,18599,15511,12950,2246,150,13589,1,24:28,2024,2025
2024-25,1630560,Cam Thomas,Cam,1610612751,BKN,Brooklyn Nets,22400151,2024-11-03T00:00:00,BKN vs. DET,L,31.133333333333333,6,17,0.353,1,7,0.143,4,4,1.0,0,2,2,2,3,0,0,3,0,5,17,-19,19.4,0,0,22.0,1,13222,13222,13222,6760,5250,2289,17268,8896,3100,14649,2676,3754,1,14058,13151,16273,9909,2037,12854,8263,25707,1,1447,5360,24841,13495,2246,150,10998,1,31:08,2024,2025
2024-25,1630592,Jalen Wilson,Jalen,1610612751,BKN,Brooklyn Nets,22400151,2024-11-03T00:00:00,BKN vs. DET,L,21.83,3,6,0.5,1,1,1.0,1,2,0.5,1,2,3,2,0,0,0,2,0,1,8,4,14.6,0,0,14.0,1,13222,13222,13222,14642,12449,14618,8526,8896,17631,1,10215,7446,10625,6876,13151,12778,9909,16469,12854,8263,23925,1,11254,13544,8479,16628,2246,150,16370,1,21:50,2024,2025
2024-25,1631213,Tyrese Martin,Tyrese,1610612751,BKN,Brooklyn Nets,22400151,2024-11-03T00:00:00,BKN vs. DET,L,1.6,0,0,0.0,0,0,0.0,0,0,0.0,0,1,1,0,0,0,0,0,0,0,0,0,1.2,0,0,1.0,1,13222,13222,13222,25718,22635,24836,22635,15070,20945,15070,13505,14344,13505,14058,17569,19889,19908,16469,12854,8263,1,1,17725,23200,12240,24725,2246,150,24667,1,1:36,2024,2025
2024-25,1641730,Noah Clowney,Noah,1610612751,BKN,Brooklyn Nets,22400151,2024-11-03T00:00:00,BKN vs. DET,L,16.716666666666665,1,3,0.333,1,2,0.5,1,2,0.5,1,1,2,1,0,0,0,1,2,1,4,-4,7.9,0,0,8.0,1,13222,13222,13222,18448,19033,19992,17395,8896,14411,3944,10215,7446,10625,6876,17569,16273,14293,16469,12854,8263,17462,12976,11254,18599,16449,21005,2246,150,20457,1,16:43,2024,2025
2024-25,1627827,Dorian Finney-Smith,Dorian,1610612751,BKN,Brooklyn Nets,22400151,2024-11-03T00:00:00,BKN vs. DET,L,28.383333333333333,3,5,0.6,2,3,0.667,1,1,1.0,2,1,3,0,2,2,1,0,3,2,9,-8,19.6,0,0,20.0,1,13222,13222,13222,9227,12449,16437,5394,4949,11494,1957,10215,12810,1,3306,17569,12778,19908,4442,1671,2537,1,18916,6956,12445,19855,13373,2246,150,12254,1,28:23,2024,2025
2024-25,1630553,Keon Johnson,Keon,1610612751,BKN,Brooklyn Nets,22400151,2024-11-03T00:00:00,BKN vs. DET,L,12.93,1,1,1.0,0,0,0.0,3,4,0.75,0,1,1,0,0,1,1,0,3,2,5,1,12.2,0,0,10.0,1,13222,13222,13222,20781,19033,23259,1,15070,20945,15070,4159,3754,8186,14058,17569,19889,19908,16469,5025,2537,1,18916,6956,17323,11263,18251,2246,150,19152,1,12:56,2024,2025
2024-25,1629003,Shake Milton,Shake,1610612751,BKN,Brooklyn Nets,22400151,2024-11-03T00:00:00,BKN vs. DET,L,1.6,0,0,0.0,0,0,0.0,0,0,0.0,0,0,0,0,0,0,0,0,0,0,0,0,0.0,0,0,0.0,1,13222,13222,13222,25718,22635,24836,22635,15070,20945,15070,13505,14344,13505,14058,22137,23286,19908,16469,12854,8263,1,1,17725,23200,12240,25228,2246,150,25259,1,1:36,2024,2025
2024-25,1629661,Cameron Johnson,Cameron,1610612751,BKN,Brooklyn Nets,22400151,2024-11-03T00:00:00,BKN vs. DET,L,30.063333333333333,9,19,0.474,3,12,0.25,5,6,0.833,0,1,1,3,0,1,1,0,3,4,26,-5,37.7,0,0,37.0,1,13222,13222,13222,7733,1688,1432,12072,2458,299,11902,1817,1898,7275,14058,17569,19889,6913,16469,5025,2537,1,18916,2493,1579,17436,3913,2246,150,3591,1,30:04,2024,2025
2024-25,1627732,Ben Simmons,Ben,1610612751,BKN,Brooklyn Nets,22400136,2024-11-01T00:00:00,BKN vs. CHI,W,25.566666666666663,4,5,0.8,0,0,0.0,0,0,0.0,0,8,8,11,3,0,2,0,3,2,8,5,37.1,0,0,31.0,1,1,1,1,11516,9611,16437,1688,15070,20945,15070,13505,14344,13505,14058,1271,2934,232,2037,12854,808,1,18916,6956,13544,7737,4123,2246,150,5932,1,25:34,2024,2025
2024-25,203471,Dennis Schröder,Dennis,1610612751,BKN,Brooklyn Nets,22400136,2024-11-01T00:00:00,BKN vs. CHI,W,33.166666666666664,4,12,0.333,1,3,0.333,0,0,0.0,1,6,7,7,2,3,0,0,1,0,9,4,34.9,0,0,30.0,1,1,1,1,5013,9611,5979,17395,8896,11494,9209,13505,14344,13505,6876,2943,3946,1463,4442,473,8263,1,6051,17725,12445,8479,4924,2246,150,6431,1,33:10,2024,2025
2024-25,1630553,Keon Johnson,Keon,1610612751,BKN,Brooklyn Nets,22400136,2024-11-01T00:00:00,BKN vs. CHI,W,8.8,5,6,0.833,2,2,1.0,0,0,0.0,0,3,3,1,0,1,1,1,1,0,12,4,23.1,0,0,22.0,1,1,1,1,22532,7242,14618,1514,4949,14411,1,13505,14344,13505,14058,9417,12778,14293,16469,5025,2537,17462,6051,17725,9299,8479,11107,2246,150,10998,1,8:48,2024,2025
2024-25,1629651,Nic Claxton,Nic,1610612751,BKN,Brooklyn Nets,22400136,2024-11-01T00:00:00,BKN vs. CHI,W,24.466666666666665,6,8,0.75,0,0,0.0,0,0,0.0,4,5,9,2,1,1,0,0,4,1,12,8,27.8,0,0,25.0,1,1,1,1,12511,5250,11288,2107,15070,20945,15070,13505,14344,13505,785,4392,2169,9909,8788,5025,8263,1,22904,11254,9299,5660,8309,2246,150,9137,1,24:28,2024,2025
2024-25,1630533,Ziaire Williams,Ziaire,1610612751,BKN,Brooklyn Nets,22400136,2024-11-01T00:00:00,BKN vs. CHI,W,19.516666666666666,5,9,0.556,0,2,0.0,0,0,0.0,1,2,3,0,0,1,0,1,3,1,10,8,16.6,0,0,15.0,1,1,1,1,16401,7242,9700,7248,15070,14411,15070,13505,14344,13505,6876,13151,12778,19908,16469,5025,8263,17462,18916,11254,11377,5660,15339,2246,150,15689,1,19:31,2024,2025
2024-25,1641730,Noah Clowney,Noah,1610612751,BKN,Brooklyn Nets,22400136,2024-11-01T00:00:00,BKN vs. CHI,W,15.116666666666667,2,4,0.5,0,2,0.0,3,4,0.75,2,2,4,1,0,0,2,0,0,2,7,4,19.3,0,0,16.0,1,1,1,1,19484,15612,18231,8526,15070,14411,15070,4159,3754,8186,3306,13151,9701,14293,16469,12854,808,1,1,6956,14857,8479,13577,2246,150,14948,1,15:07,2024,2025
2024-25,1629661,Cameron Johnson,Cameron,1610612751,BKN,Brooklyn Nets,22400136,2024-11-01T00:00:00,BKN vs. CHI,W,31.75,5,11,0.455,2,7,0.286,2,2,1.0,0,6,6,5,0,1,0,0,1,2,14,0,31.7,0,0,29.0,1,1,1,1,6199,7242,7071,12676,4949,3100,11433,6020,7446,1,14058,2943,5362,3273,16469,5025,8263,1,6051,6956,7553,12240,6320,2246,150,6953,1,31:45,2024,2025
2024-25,1630560,Cam Thomas,Cam,1610612751,BKN,Brooklyn Nets,22400136,2024-11-01T00:00:00,BKN vs. CHI,W,31.75,11,23,0.478,4,11,0.364,6,7,0.857,0,0,0,4,2,1,0,1,1,5,32,0,39.0,0,0,42.0,1,1,1,1,6199,704,455,11986,1130,499,9100,1180,1377,7071,14058,22137,23286,4780,4442,5025,8263,17462,6051,1447,582,12240,3499,2246,150,2239,1,31:45,2024,2025
2024-25,1627827,Dorian Finney-Smith,Dorian,1610612751,BKN,Brooklyn Nets,22400136,2024-11-01T00:00:00,BKN vs. CHI,W,27.58333333333333,4,8,0.5,1,4,0.25,0,0,0.0,1,4,5,0,0,2,1,0,5,1,9,-1,24.0,0,0,21.0,1,1,1,1,9888,9611,11288,8526,8896,8688,11902,13505,14344,13505,6876,6429,7268,19908,16469,1671,2537,1,25158,11254,12445,13450,10563,2246,150,11621,1,27:35,2024,2025
2024-25,1630592,Jalen Wilson,Jalen,1610612751,BKN,Brooklyn Nets,22400136,2024-11-01T00:00:00,BKN vs. CHI,W,22.28333333333333,3,8,0.375,1,5,0.2,0,0,0.0,0,1,1,3,2,1,0,0,1,1,7,8,13.7,0,0,14.0,1,1,1,1,14287,12449,11288,16299,8896,6354,13429,13505,14344,13505,14058,17569,19889,6913,4442,5025,8263,1,6051,11254,14857,5660,17224,2246,150,16370,1,22:17,2024,2025
2024-25,1629003,Shake Milton,Shake,1610612751,BKN,Brooklyn Nets,22400124,2024-10-30T00:00:00,BKN @ MEM,W,1.1166666666666667,0,0,0.0,0,0,0.0,0,0,0.0,0,1,1,0,0,0,0,0,0,0,0,0,1.2,0,0,1.0,1,1,1,1,26010,22635,24836,22635,15070,20945,15070,13505,14344,13505,14058,17569,19889,19908,16469,12854,8263,1,1,17725,23200,12240,24725,2246,150,24667,1,1:07,2024,2025
2024-25,1630560,Cam Thomas,Cam,1610612751,BKN,Brooklyn Nets,22400124,2024-10-30T00:00:00,BKN @ MEM,W,33.29333333333334,4,12,0.333,1,6,0.167,10,11,0.909,0,2,2,2,3,1,0,1,2,6,19,0,24.4,0,0,26.0,1,1,1,1,4907,9611,5979,17395,8896,4502,14236,183,294,6764,14058,13151,16273,9909,2037,5025,8263,17462,12976,792,4202,12240,10331,2246,150,8551,1,33:18,2024,2025
2024-25,1627732,Ben Simmons,Ben,1610612751,BKN,Brooklyn Nets,22400124,2024-10-30T00:00:00,BKN @ MEM,W,24.51,4,5,0.8,0,0,0.0,0,0,0.0,2,3,5,3,2,1,0,0,5,2,8,6,19.5,0,0,18.0,1,1,1,1,12471,9611,16437,1688,15070,20945,15070,13505,14344,13505,3306,9417,7268,6913,4442,5025,8263,1,25158,6956,13544,7002,13445,2246,150,13589,1,24:31,2024,2025
2024-25,1641798,Jaylen Martin,Jaylen,1610612751,BKN,Brooklyn Nets,22400124,2024-10-30T00:00:00,BKN @ MEM,W,1.1166666666666667,0,0,0.0,0,0,0.0,0,0,0.0,0,0,0,0,0,0,0,0,0,0,0,0,0.0,0,0,0.0,1,1,1,1,26010,22635,24836,22635,15070,20945,15070,13505,14344,13505,14058,22137,23286,19908,16469,12854,8263,1,1,17725,23200,12240,25228,2246,150,25259,1,1:07,2024,2025
2024-25,1630553,Keon Johnson,Keon,1610612751,BKN,Brooklyn Nets,22400124,2024-10-30T00:00:00,BKN @ MEM,W,15.851666666666668,2,4,0.5,0,2,0.0,0,0,0.0,2,5,7,1,0,1,0,0,1,0,4,2,16.9,0,0,14.0,1,1,1,1,19028,15612,18231,8526,15070,14411,15070,13505,14344,13505,3306,4392,3946,14293,16469,5025,8263,1,6051,17725,18599,10285,15134,2246,150,16370,1,15:51,2024,2025
2024-25,1629661,Cameron Johnson,Cameron,1610612751,BKN,Brooklyn Nets,22400124,2024-10-30T00:00:00,BKN @ MEM,W,35.24,4,12,0.333,4,8,0.5,2,2,1.0,0,2,2,4,0,0,1,0,3,3,14,2,25.4,0,0,26.0,1,1,1,1,3285,9611,5979,17395,1130,2050,3944,6020,7446,1,14058,13151,16273,4780,16469,12854,2537,1,18916,4218,7553,10285,9733,2246,150,8551,1,35:14,2024,2025
2024-25,1630533,Ziaire Williams,Ziaire,1610612751,BKN,Brooklyn Nets,22400124,2024-10-30T00:00:00,BKN @ MEM,W,24.101666666666667,6,10,0.6,1,4,0.25,4,5,0.8,0,1,1,3,3,4,1,1,3,3,17,11,34.7,0,0,32.0,1,1,1,1,12798,5250,8304,5394,8896,8688,11902,2676,2872,7681,14058,17569,19889,6913,2037,123,2537,17462,18916,4218,5360,4119,5004,2246,150,5433,1,24:06,2024,2025
2024-25,1641730,Noah Clowney,Noah,1610612751,BKN,Brooklyn Nets,22400124,2024-10-30T00:00:00,BKN @ MEM,W,13.65,2,8,0.25,1,5,0.2,0,0,0.0,0,2,2,0,0,0,0,1,5,0,5,-3,7.4,0,0,8.0,1,1,1,1,20388,15612,11288,20233,8896,6354,13429,13505,14344,13505,14058,13151,16273,19908,16469,12854,8263,17462,25158,17725,17323,15511,21277,2246,150,20457,1,13:39,2024,2025
2024-25,1630592,Jalen Wilson,Jalen,1610612751,BKN,Brooklyn Nets,22400124,2024-10-30T00:00:00,BKN @ MEM,W,26.85,5,7,0.714,1,3,0.333,1,2,0.5,3,4,7,2,2,0,0,0,1,1,12,25,21.4,0,0,22.0,1,1,1,1,10452,7242,12910,2752,8896,11494,9209,10215,7446,10625,1615,6429,3946,9909,4442,12854,8263,1,6051,11254,9299,535,12139,2246,150,10998,1,26:51,2024,2025
2024-25,1631213,Tyrese Martin,Tyrese,1610612751,BKN,Brooklyn Nets,22400124,2024-10-30T00:00:00,BKN @ MEM,W,1.1166666666666667,0,0,0.0,0,0,0.0,0,0,0.0,0,0,0,0,0,0,0,0,0,0,0,0,0.0,0,0,0.0,1,1,1,1,26010,22635,24836,22635,15070,20945,15070,13505,14344,13505,14058,22137,23286,19908,16469,12854,8263,1,1,17725,23200,12240,25228,2246,150,25259,1,1:07,2024,2025
2024-25,1642385,Cui Yongxi,Cui,1610612751,BKN,Brooklyn Nets,22400124,2024-10-30T00:00:00,BKN @ MEM,W,1.1166666666666667,0,0,0.0,0,0,0.0,0,0,0.0,0,0,0,0,0,0,0,0,0,0,0,0,0.0,0,0,0.0,1,1,1,1,26010,22635,24836,22635,15070,20945,15070,13505,14344,13505,14058,22137,23286,19908,16469,12854,8263,1,1,17725,23200,12240,25228,2246,150,25259,1,1:07,2024,2025
2024-25,203471,Dennis Schröder,Dennis,1610612751,BKN,Brooklyn Nets,22400124,2024-10-30T00:00:00,BKN @ MEM,W,33.93833333333333,11,14,0.786,6,9,0.667,5,5,1.0,0,2,2,8,2,1,0,0,1,6,33,9,48.4,0,0,51.0,1,1,1,1,4320,704,4240,1975,202,1295,1957,1817,2872,1,14058,13151,16273,963,4442,5025,8263,1,6051,792,488,5125,1426,2246,150,822,1,33:56,2024,2025
2024-25,1627827,Dorian Finney-Smith,Dorian,1610612751,BKN,Brooklyn Nets,22400124,2024-10-30T00:00:00,BKN @ MEM,W,28.098333333333333,3,8,0.375,1,4,0.25,0,0,0.0,1,4,5,4,3,2,0,0,4,0,7,13,22.0,0,0,21.0,1,1,1,1,9473,12449,11288,16299,8896,8688,11902,13505,14344,13505,6876,6429,7268,4780,2037,1671,8263,1,22904,17725,14857,3250,11755,2246,150,11621,1,28:06,2024,2025
2024-25,1630592,Jalen Wilson,Jalen,1610612751,BKN,Brooklyn Nets,22400113,2024-10-29T00:00:00,BKN vs. DEN,L,20.973333333333333,3,6,0.5,2,5,0.4,3,3,1.0,2,4,6,2,0,1,0,0,2,3,11,8,24.2,0,0,23.0,1,13222,13222,13222,15311,12449,14618,8526,4949,6354,7874,4159,6038,1,3306,6429,5362,9909,16469,5025,8263,1,12976,4218,10323,5660,10455,2246,150,10339,1,20:58,2024,2025
2024-25,1629661,Cameron Johnson,Cameron,1610612751,BKN,Brooklyn Nets,22400113,2024-10-29T00:00:00,BKN vs. DEN,L,39.825,7,14,0.5,6,10,0.6,0,0,0.0,1,6,7,5,0,1,0,0,2,1,20,-12,38.9,0,0,40.0,1,13222,13222,13222,609,3730,4240,8526,202,829,2992,13505,14344,13505,6876,2943,3946,3273,16469,5025,8263,1,12976,11254,3676,22309,3538,2246,150,2744,1,39:50,2024,2025
2024-25,1630560,Cam Thomas,Cam,1610612751,BKN,Brooklyn Nets,22400113,2024-10-29T00:00:00,BKN vs. DEN,L,38.48333333333333,8,22,0.364,1,8,0.125,9,9,1.0,0,3,3,3,2,0,0,3,5,5,26,-5,32.1,0,0,33.0,1,13222,13222,13222,1114,2561,626,16861,8896,2050,14886,318,643,1,14058,9417,12778,6913,4442,12854,8263,25707,25158,1447,1579,17436,6133,2246,150,5036,1,38:29,2024,2025
2024-25,1641730,Noah Clowney,Noah,1610612751,BKN,Brooklyn Nets,22400113,2024-10-29T00:00:00,BKN vs. DEN,L,15.58,0,2,0.0,0,0,0.0,0,0,0.0,0,3,3,1,0,0,1,0,2,0,0,-4,8.1,0,0,6.0,1,13222,13222,13222,19206,22635,21660,22635,15070,20945,15070,13505,14344,13505,14058,9417,12778,14293,16469,12854,2537,1,12976,17725,23200,16449,20889,2246,150,21698,1,15:35,2024,2025
2024-25,1629003,Shake Milton,Shake,1610612751,BKN,Brooklyn Nets,22400113,2024-10-29T00:00:00,BKN vs. DEN,L,16.555,1,5,0.2,1,5,0.2,0,0,0.0,0,1,1,2,0,1,0,0,2,0,3,8,10.2,0,0,9.0,1,13222,13222,13222,18568,19033,16437,21401,8896,6354,13429,13505,14344,13505,14058,17569,19889,9909,16469,5025,8263,1,12976,17725,19913,5660,19567,2246,150,19766,1,16:33,2024,2025
2024-25,1630553,Keon Johnson,Keon,1610612751,BKN,Brooklyn Nets,22400113,2024-10-29T00:00:00,BKN vs. DEN,L,7.048333333333333,0,1,0.0,0,1,0.0,0,0,0.0,0,1,1,0,0,0,0,0,1,0,0,3,1.2,0,0,1.0,1,13222,13222,13222,23153,22635,23259,22635,15070,17631,15070,13505,14344,13505,14058,17569,19889,19908,16469,12854,8263,1,6051,17725,23200,9394,24725,2246,150,24667,1,7:03,2024,2025
2024-25,1627827,Dorian Finney-Smith,Dorian,1610612751,BKN,Brooklyn Nets,22400113,2024-10-29T00:00:00,BKN vs. DEN,L,36.75,5,11,0.455,1,7,0.143,6,11,0.545,0,5,5,4,1,1,1,0,4,6,17,-3,34.0,0,0,31.0,1,13222,13222,13222,2159,7242,7071,12676,8896,3100,14649,1180,294,10618,14058,4392,7268,4780,8788,5025,2537,1,22904,792,5360,15511,5290,2246,150,5932,1,36:45,2024,2025
2024-25,1630533,Ziaire Williams,Ziaire,1610612751,BKN,Brooklyn Nets,22400113,2024-10-29T00:00:00,BKN vs. DEN,L,22.02,7,8,0.875,4,5,0.8,0,0,0.0,2,1,3,4,2,0,1,0,3,1,18,1,28.6,0,0,31.0,1,13222,13222,13222,14485,3730,11288,1353,1130,6354,1389,13505,14344,13505,3306,17569,12778,4780,4442,12854,2537,1,18916,11254,4762,11263,7879,2246,150,5932,1,22:01,2024,2025
2024-25,1629651,Nic Claxton,Nic,1610612751,BKN,Brooklyn Nets,22400113,2024-10-29T00:00:00,BKN vs. DEN,L,26.131666666666668,8,9,0.889,0,0,0.0,0,0,0.0,2,10,12,2,0,0,3,0,6,2,16,-10,42.4,1,0,36.0,1,13222,13222,13222,11069,2561,9700,1318,15070,20945,15070,13505,14344,13505,3306,483,760,9909,16469,12854,252,1,26091,6956,6070,21147,2620,1,150,3901,1,26:08,2024,2025
2024-25,203471,Dennis Schröder,Dennis,1610612751,BKN,Brooklyn Nets,22400113,2024-10-29T00:00:00,BKN vs. DEN,L,41.63333333333333,10,18,0.556,5,11,0.455,3,4,0.75,0,0,0,14,3,0,0,1,5,4,28,-11,46.0,1,0,47.0,1,13222,13222,13222,287,1099,1822,7248,492,499,7148,4159,3754,8186,14058,22137,23286,60,2037,12854,8263,17462,25158,2493,1156,21738,1814,1,150,1314,1,41:38,2024,2025
2024-25,1627732,Ben Simmons,Ben,1610612751,BKN,Brooklyn Nets,22400098,2024-10-27T00:00:00,BKN vs. MIL,W,23.78333333333333,1,3,0.333,0,0,0.0,0,0,0.0,2,4,6,6,2,1,0,0,4,0,2,-9,19.2,0,0,16.0,1,1,1,1,13086,19033,19992,17395,15070,20945,15070,13505,14344,13505,3306,6429,5362,2199,4442,5025,8263,1,22904,17725,21232,20535,13638,2246,150,14948,1,23:47,2024,2025
2024-25,1630560,Cam Thomas,Cam,1610612751,BKN,Brooklyn Nets,22400098,2024-10-27T00:00:00,BKN vs. MIL,W,34.99,10,21,0.476,2,8,0.25,10,11,0.909,1,4,5,2,2,2,0,1,0,9,32,9,45.0,0,0,45.0,1,1,1,1,3474,1099,817,12010,4949,2050,11902,183,294,6764,6876,6429,7268,9909,4442,1671,8263,17462,1,121,582,5125,2012,2246,150,1626,1,34:59,2024,2025
2024-25,203471,Dennis Schröder,Dennis,1610612751,BKN,Brooklyn Nets,22400098,2024-10-27T00:00:00,BKN vs. MIL,W,34.516666666666666,8,15,0.533,5,8,0.625,8,8,1.0,0,4,4,6,2,1,0,1,3,4,29,27,43.8,0,0,46.0,1,1,1,1,3842,2561,3491,8140,492,2050,2868,481,912,1,14058,6429,9701,2199,4442,5025,8263,17462,18916,2493,994,370,2282,2246,150,1461,1,34:31,2024,2025
2024-25,1629651,Nic Claxton,Nic,1610612751,BKN,Brooklyn Nets,22400098,2024-10-27T00:00:00,BKN vs. MIL,W,21.776666666666667,5,6,0.833,0,0,0.0,0,0,0.0,5,6,11,1,1,0,2,0,4,0,10,23,29.7,1,0,26.0,1,1,1,1,14696,7242,14618,1514,15070,20945,15070,13505,14344,13505,389,2943,1106,14293,8788,12854,808,1,22904,17725,11377,736,7305,1,150,8551,1,21:47,2024,2025
2024-25,1630533,Ziaire Williams,Ziaire,1610612751,BKN,Brooklyn Nets,22400098,2024-10-27T00:00:00,BKN vs. MIL,W,18.426666666666662,3,8,0.375,1,2,0.5,0,0,0.0,2,2,4,0,0,1,1,0,3,1,7,15,17.8,0,0,16.0,1,1,1,1,17263,12449,11288,16299,8896,14411,3944,13505,14344,13505,3306,13151,9701,19908,16469,5025,2537,1,18916,11254,14857,2549,14543,2246,150,14948,1,18:26,2024,2025
2024-25,1630592,Jalen Wilson,Jalen,1610612751,BKN,Brooklyn Nets,22400098,2024-10-27T00:00:00,BKN vs. MIL,W,14.316666666666666,1,1,1.0,0,0,0.0,0,0,0.0,0,1,1,2,0,0,0,0,2,0,2,5,6.2,0,0,5.0,1,1,1,1,20006,19033,23259,1,15070,20945,15070,13505,14344,13505,14058,17569,19889,9909,16469,12854,8263,1,12976,17725,21232,7737,21956,2246,150,22358,1,14:19,2024,2025
2024-25,1629661,Cameron Johnson,Cameron,1610612751,BKN,Brooklyn Nets,22400098,2024-10-27T00:00:00,BKN vs. MIL,W,28.523333333333333,5,12,0.417,3,9,0.333,0,0,0.0,0,6,6,3,1,2,0,0,3,1,13,2,29.7,0,0,29.0,1,1,1,1,9098,7242,5979,14532,2458,1295,9209,13505,14344,13505,14058,2943,5362,6913,8788,1671,8263,1,18916,11254,8426,10285,7305,2246,150,6953,1,28:31,2024,2025
2024-25,1630553,Keon Johnson,Keon,1610612751,BKN,Brooklyn Nets,22400098,2024-10-27T00:00:00,BKN vs. MIL,W,9.766666666666667,0,3,0.0,0,2,0.0,0,0,0.0,0,2,2,0,1,0,0,0,1,0,0,-8,1.4,0,0,2.0,1,1,1,1,22187,22635,19992,22635,15070,14411,15070,13505,14344,13505,14058,13151,16273,19908,8788,12854,8263,1,6051,17725,23200,19855,24689,2246,150,24066,1,9:46,2024,2025
2024-25,1641798,Jaylen Martin,Jaylen,1610612751,BKN,Brooklyn Nets,22400098,2024-10-27T00:00:00,BKN vs. MIL,W,1.9666666666666663,1,1,1.0,1,1,1.0,0,0,0.0,0,0,0,0,0,0,0,0,1,0,3,-4,3.0,0,0,4.0,1,1,1,1,25476,19033,23259,1,8896,17631,1,13505,14344,13505,14058,22137,23286,19908,16469,12854,8263,1,6051,17725,19913,16449,23760,2246,150,22929,1,1:58,2024,2025
2024-25,1627827,Dorian Finney-Smith,Dorian,1610612751,BKN,Brooklyn Nets,22400098,2024-10-27T00:00:00,BKN vs. MIL,W,24.83333333333333,1,8,0.125,1,7,0.143,0,0,0.0,1,2,3,2,0,2,0,0,3,0,3,-1,15.6,0,0,13.0,1,1,1,1,12147,19033,11288,22420,8896,3100,14649,13505,14344,13505,6876,13151,12778,9909,16469,1671,8263,1,18916,17725,19913,13450,15972,2246,150,17050,1,24:50,2024,2025
2024-25,1641730,Noah Clowney,Noah,1610612751,BKN,Brooklyn Nets,22400098,2024-10-27T00:00:00,BKN vs. MIL,W,21.2,4,13,0.308,3,8,0.375,2,2,1.0,1,3,4,0,1,0,0,1,2,1,13,18,16.8,0,0,20.0,1,1,1,1,15154,9611,5079,19226,2458,2050,8800,6020,7446,1,6876,9417,9701,19908,8788,12854,8263,17462,12976,11254,8426,1677,15212,2246,150,12254,1,21:12,2024,2025
2024-25,1642385,Cui Yongxi,Cui,1610612751,BKN,Brooklyn Nets,22400098,2024-10-27T00:00:00,BKN vs. MIL,W,1.9666666666666663,0,0,0.0,0,0,0.0,1,2,0.5,0,0,0,0,0,0,0,0,0,1,1,-4,1.0,0,0,1.0,1,1,1,1,25476,22635,24836,22635,15070,20945,15070,10215,7446,10625,14058,22137,23286,19908,16469,12854,8263,1,1,11254,22996,16449,25049,2246,150,24667,1,1:58,2024,2025
2024-25,1629003,Shake Milton,Shake,1610612751,BKN,Brooklyn Nets,22400098,2024-10-27T00:00:00,BKN vs. MIL,W,1.9666666666666663,0,0,0.0,0,0,0.0,0,0,0.0,0,0,0,1,0,0,0,0,0,0,0,-4,1.5,0,0,1.0,1,1,1,1,25476,22635,24836,22635,15070,20945,15070,13505,14344,13505,14058,22137,23286,14293,16469,12854,8263,1,1,17725,23200,16449,24554,2246,150,24667,1,1:58,2024,2025
2024-25,1641727,Dariq Whitehead,Dariq,1610612751,BKN,Brooklyn Nets,22400098,2024-10-27T00:00:00,BKN vs. MIL,W,1.9666666666666663,0,0,0.0,0,0,0.0,0,0,0.0,0,1,1,0,2,0,0,0,0,0,0,-4,-0.8,0,0,1.0,1,1,1,1,25476,22635,24836,22635,15070,20945,15070,13505,14344,13505,14058,17569,19889,19908,4442,12854,8263,1,1,17725,23200,16449,26157,2246,150,24667,1,1:58,2024,2025
2024-25,1627827,Dorian Finney-Smith,Dorian,1610612751,BKN,Brooklyn Nets,22400077,2024-10-25T00:00:00,BKN @ ORL,L,26.45,6,10,0.6,3,6,0.5,0,0,0.0,3,3,6,0,1,1,0,0,1,1,15,4,24.2,0,0,26.0,1,13222,13222,13222,10776,5250,8304,5394,2458,4502,3944,13505,14344,13505,1615,9417,5362,19908,8788,5025,8263,1,6051,11254,6813,8479,10455,2246,150,8551,1,26:27,2024,2025
2024-25,203471,Dennis Schröder,Dennis,1610612751,BKN,Brooklyn Nets,22400077,2024-10-25T00:00:00,BKN @ ORL,L,32.45,7,12,0.583,3,4,0.75,3,4,0.75,0,1,1,6,2,1,0,0,3,2,20,6,31.2,0,0,32.0,1,13222,13222,13222,5597,3730,5979,6296,2458,8688,1542,4159,3754,8186,14058,17569,19889,2199,4442,5025,8263,1,18916,6956,3676,7002,6576,2246,150,5433,1,32:27,2024,2025
2024-25,1629003,Shake Milton,Shake,1610612751,BKN,Brooklyn Nets,22400077,2024-10-25T00:00:00,BKN @ ORL,L,16.571666666666665,1,2,0.5,1,2,0.5,0,0,0.0,0,1,1,2,0,0,0,0,3,1,3,-12,7.2,0,0,7.0,1,13222,13222,13222,18551,19033,21660,8526,8896,14411,3944,13505,14344,13505,14058,17569,19889,9909,16469,12854,8263,1,18916,11254,19913,22309,21393,2246,150,21087,1,16:34,2024,2025
2024-25,1629661,Cameron Johnson,Cameron,1610612751,BKN,Brooklyn Nets,22400077,2024-10-25T00:00:00,BKN @ ORL,L,35.41166666666667,4,12,0.333,2,10,0.2,2,3,0.667,1,1,2,2,2,0,1,0,4,3,12,-14,18.4,0,0,20.0,1,13222,13222,13222,3143,9611,5979,17395,4949,829,13429,6020,6038,9425,6876,17569,16273,9909,4442,12854,2537,1,22904,4218,9299,23203,14145,2246,150,12254,1,35:25,2024,2025
2024-25,1627732,Ben Simmons,Ben,1610612751,BKN,Brooklyn Nets,22400077,2024-10-25T00:00:00,BKN @ ORL,L,23.9,2,5,0.4,0,0,0.0,3,4,0.75,0,6,6,3,4,1,1,1,5,5,7,-17,20.7,0,0,20.0,1,13222,13222,13222,12991,15612,16437,14933,15070,20945,15070,4159,3754,8186,14058,2943,5362,6913,877,5025,2537,17462,25158,1447,14857,24263,12614,2246,150,12254,1,23:54,2024,2025
2024-25,1630592,Jalen Wilson,Jalen,1610612751,BKN,Brooklyn Nets,22400077,2024-10-25T00:00:00,BKN @ ORL,L,13.166666666666666,0,3,0.0,0,2,0.0,0,0,0.0,0,1,1,2,2,1,0,1,4,0,0,-17,5.2,0,0,5.0,1,13222,13222,13222,20670,22635,19992,22635,15070,14411,15070,13505,14344,13505,14058,17569,19889,9909,4442,5025,8263,17462,22904,17725,23200,24263,22562,2246,150,22358,1,13:10,2024,2025
2024-25,1630560,Cam Thomas,Cam,1610612751,BKN,Brooklyn Nets,22400077,2024-10-25T00:00:00,BKN @ ORL,L,35.06166666666667,7,17,0.412,3,5,0.6,7,8,0.875,1,5,6,3,3,0,0,3,2,4,24,-11,32.7,0,0,36.0,1,13222,13222,13222,3414,3730,2289,14791,2458,6354,2992,752,912,6931,6876,4392,5362,6913,2037,12854,8263,25707,12976,2493,2129,21738,5860,2246,150,3901,1,35:04,2024,2025
2024-25,1630553,Keon Johnson,Keon,1610612751,BKN,Brooklyn Nets,22400077,2024-10-25T00:00:00,BKN @ ORL,L,2.066666666666667,1,3,0.333,0,2,0.0,0,0,0.0,0,0,0,0,0,0,0,1,1,0,2,-2,2.0,0,0,2.0,1,13222,13222,13222,25421,19033,19992,17395,15070,14411,15070,13505,14344,13505,14058,22137,23286,19908,16469,12854,8263,17462,6051,17725,21232,14448,24331,2246,150,24066,1,2:04,2024,2025
2024-25,1630533,Ziaire Williams,Ziaire,1610612751,BKN,Brooklyn Nets,22400077,2024-10-25T00:00:00,BKN @ ORL,L,18.688333333333333,3,7,0.429,1,2,0.5,0,0,0.0,1,6,7,1,1,1,0,0,4,0,7,-10,18.9,0,0,18.0,1,13222,13222,13222,17045,12449,12910,13735,8896,14411,3944,13505,14344,13505,6876,2943,3946,14293,8788,5025,8263,1,22904,17725,14857,21147,13828,2246,150,13589,1,18:41,2024,2025
2024-25,1641730,Noah Clowney,Noah,1610612751,BKN,Brooklyn Nets,22400077,2024-10-25T00:00:00,BKN @ ORL,L,15.8,3,8,0.375,1,4,0.25,0,0,0.0,1,1,2,0,1,1,0,0,3,0,7,-13,11.4,0,0,12.0,1,13222,13222,13222,19061,12449,11288,16299,8896,8688,11902,13505,14344,13505,6876,17569,16273,19908,8788,5025,8263,1,18916,17725,14857,22771,18783,2246,150,17796,1,15:48,2024,2025
2024-25,1629651,Nic Claxton,Nic,1610612751,BKN,Brooklyn Nets,22400077,2024-10-25T00:00:00,BKN @ ORL,L,20.433333333333334,1,4,0.25,0,0,0.0,2,2,1.0,1,4,5,3,1,1,1,1,1,3,4,11,19.5,0,0,16.0,1,13222,13222,13222,15684,19033,18231,20233,15070,20945,15070,6020,7446,1,6876,6429,7268,6913,8788,5025,2537,17462,6051,4218,18599,4119,13445,2246,150,14948,1,20:26,2024,2025
2024-25,1630560,Cam Thomas,Cam,1610612751,BKN,Brooklyn Nets,22400064,2024-10-23T00:00:00,BKN @ ATL,L,33.718333333333334,14,27,0.519,7,13,0.538,1,1,1.0,2,3,5,3,2,3,0,3,4,4,36,-8,53.5,0,0,57.0,1,13222,13222,13222,4520,141,111,8506,76,166,3915,10215,12810,1,3306,9417,7268,6913,4442,473,8263,25707,22904,2493,261,19855,781,2246,150,347,1,33:43,2024,2025
2024-25,1630592,Jalen Wilson,Jalen,1610612751,BKN,Brooklyn Nets,22400064,2024-10-23T00:00:00,BKN @ ATL,L,33.96666666666667,3,7,0.429,2,5,0.4,8,8,1.0,1,3,4,1,1,0,0,0,5,4,16,4,21.3,0,0,23.0,1,13222,13222,13222,4292,12449,12910,13735,4949,6354,7874,481,912,1,6876,9417,9701,14293,8788,12854,8263,1,25158,2493,6070,8479,12222,2246,150,10339,1,33:58,2024,2025
2024-25,1629661,Cameron Johnson,Cameron,1610612751,BKN,Brooklyn Nets,22400064,2024-10-23T00:00:00,BKN @ ATL,L,32.016666666666666,4,10,0.4,1,6,0.167,5,6,0.833,0,4,4,0,0,1,1,0,3,4,14,-10,24.8,0,0,23.0,1,13222,13222,13222,5953,9611,8304,14933,8896,4502,14236,1817,1898,7275,14058,6429,9701,19908,16469,5025,2537,1,18916,2493,7553,21147,10102,2246,150,10339,1,32:01,2024,2025
2024-25,1627827,Dorian Finney-Smith,Dorian,1610612751,BKN,Brooklyn Nets,22400064,2024-10-23T00:00:00,BKN @ ATL,L,29.56,3,10,0.3,2,7,0.286,0,0,0.0,3,5,8,1,1,1,2,1,5,1,8,-4,27.1,0,0,25.0,1,13222,13222,13222,8178,12449,8304,19363,4949,3100,11433,13505,14344,13505,1615,4392,2934,14293,8788,5025,808,17462,25158,11254,13544,16449,8739,2246,150,9137,1,29:34,2024,2025
2024-25,1630533,Ziaire Williams,Ziaire,1610612751,BKN,Brooklyn Nets,22400064,2024-10-23T00:00:00,BKN @ ATL,L,15.855,3,6,0.5,2,3,0.667,1,2,0.5,1,2,3,1,1,0,0,1,2,2,9,5,13.1,0,0,15.0,1,13222,13222,13222,19027,12449,14618,8526,4949,11494,1957,10215,7446,10625,6876,13151,12778,14293,8788,12854,8263,17462,12976,6956,12445,7737,17641,2246,150,15689,1,15:51,2024,2025
2024-25,203471,Dennis Schröder,Dennis,1610612751,BKN,Brooklyn Nets,22400064,2024-10-23T00:00:00,BKN @ ATL,L,34.333333333333336,5,16,0.313,2,6,0.333,1,2,0.5,0,3,3,7,5,1,0,2,4,2,13,-4,25.1,0,0,27.0,1,13222,13222,13222,3975,7242,2836,19175,4949,4502,9209,10215,7446,10625,14058,9417,12778,1463,387,5025,8263,23925,22904,6956,8426,16449,9905,2246,150,7999,1,34:20,2024,2025
2024-25,1629003,Shake Milton,Shake,1610612751,BKN,Brooklyn Nets,22400064,2024-10-23T00:00:00,BKN @ ATL,L,6.333333333333333,0,1,0.0,0,0,0.0,0,0,0.0,0,0,0,0,0,0,0,0,0,0,0,8,0.0,0,0,0.0,1,13222,13222,13222,23441,22635,23259,22635,15070,20945,15070,13505,14344,13505,14058,22137,23286,19908,16469,12854,8263,1,1,17725,23200,5660,25228,2246,150,25259,1,6:20,2024,2025
2024-25,1641730,Noah Clowney,Noah,1610612751,BKN,Brooklyn Nets,22400064,2024-10-23T00:00:00,BKN @ ATL,L,14.6,2,6,0.333,1,3,0.333,2,2,1.0,3,3,6,0,1,1,1,2,1,1,7,-10,19.2,0,0,18.0,1,13222,13222,13222,19826,15612,14618,17395,8896,11494,9209,6020,7446,1,1615,9417,5362,19908,8788,5025,2537,23925,6051,11254,14857,21147,13638,2246,150,13589,1,14:36,2024,2025
2024-25,1627732,Ben Simmons,Ben,1610612751,BKN,Brooklyn Nets,22400064,2024-10-23T00:00:00,BKN @ ATL,L,24.2,3,4,0.75,0,0,0.0,0,0,0.0,2,3,5,8,6,0,1,0,5,0,6,-8,21.0,0,0,21.0,1,13222,13222,13222,12726,12449,18231,2107,15070,20945,15070,13505,14344,13505,3306,9417,7268,963,150,12854,2537,1,25158,17725,15937,19855,12407,2246,150,11621,1,24:12,2024,2025
2024-25,1629651,Nic Claxton,Nic,1610612751,BKN,Brooklyn Nets,22400064,2024-10-23T00:00:00,BKN @ ATL,L,15.416666666666666,3,4,0.75,0,0,0.0,1,4,0.25,0,5,5,0,0,1,1,0,3,2,7,7,19.0,0,0,16.0,1,13222,13222,13222,19296,12449,18231,2107,15070,20945,15070,10215,3754,13358,14058,4392,7268,19908,16469,5025,2537,1,18916,6956,14857,6330,13770,2246,150,14948,1,15:25,2024,2025
