player_id,player,team_id,team,age,gp,g,fga_frequency,fgm,fga,fg_pct,efg_pct,fg2a_frequency,fg2m,fg2a,fg2_pct,fg3a_frequency,fg3m,fg3a,fg3_pct
202696,Nikola Vučević,1610612741,CHI,31.0,5,5,0.637,4.2,11.6,0.362,0.474,0.176,1.6,3.2,0.5,0.462,2.6,8.4,0.31
202691,Klay Thompson,1610612744,GSW,32.0,22,22,0.448,3.05,7.45,0.409,0.588,0.055,0.36,0.91,0.4,0.393,2.68,6.55,0.41
203493,Reggie Bullock Jr.,1610612742,DAL,31.0,18,18,0.841,2.83,7.06,0.402,0.598,0.013,0.06,0.11,0.5,0.828,2.78,6.94,0.4
1629622,Max Strus,1610612748,MIA,26.0,18,18,0.593,2.22,6.0,0.37,0.556,0.0,0.0,0.0,,0.593,2.22,6.0,0.37
1627827,Dorian Finney-Smith,1610612742,DAL,29.0,18,17,0.669,2.39,5.83,0.41,0.61,0.013,0.06,0.11,0.5,0.656,2.33,5.72,0.408
201980,Danny Green,1610612755,PHI,35.0,12,12,0.73,2.25,5.42,0.415,0.623,0.011,0.0,0.08,0.0,0.719,2.25,5.33,0.422
203115,Will Barton,1610612743,DEN,31.0,5,5,0.409,2.4,5.4,0.444,0.648,0.03,0.2,0.4,0.5,0.379,2.2,5.0,0.44
1627759,Jaylen Brown,1610612738,BOS,25.0,24,24,0.298,1.88,5.21,0.36,0.516,0.026,0.25,0.46,0.545,0.272,1.63,4.75,0.342
1626192,Pat Connaughton,1610612749,MIL,29.0,12,12,0.705,2.08,5.17,0.403,0.605,0.011,0.0,0.08,0.0,0.693,2.08,5.08,0.41
1628991,Jaren Jackson Jr.,1610612763,MEM,22.0,12,12,0.397,1.83,5.17,0.355,0.532,0.0,0.0,0.0,,0.397,1.83,5.17,0.355
203935,Marcus Smart,1610612738,BOS,28.0,21,20,0.373,1.67,4.95,0.337,0.505,0.007,0.0,0.1,0.0,0.366,1.67,4.86,0.343
1630217,Desmond Bane,1610612763,MEM,24.0,12,12,0.369,2.33,4.92,0.475,0.703,0.006,0.08,0.08,1.0,0.363,2.25,4.83,0.466
201143,Al Horford,1610612738,BOS,36.0,23,22,0.575,2.39,4.83,0.495,0.703,0.078,0.39,0.65,0.6,0.497,2.0,4.17,0.479
1628420,Monté Morris,1610612743,DEN,27.0,5,5,0.471,2.0,4.8,0.417,0.625,0.0,0.0,0.0,,0.471,2.0,4.8,0.417
1627832,Fred VanVleet,1610612761,TOR,28.0,4,4,0.352,1.75,4.75,0.368,0.553,0.0,0.0,0.0,,0.352,1.75,4.75,0.368
203992,Bogdan Bogdanović,1610612737,ATL,29.0,4,4,0.388,1.5,4.75,0.316,0.474,0.0,0.0,0.0,,0.388,1.5,4.75,0.316
1627742,Brandon Ingram,1610612740,NOP,24.0,6,6,0.237,2.0,4.67,0.429,0.589,0.059,0.5,1.17,0.429,0.178,1.5,3.5,0.429
1629018,Gary Trent Jr.,1610612761,TOR,23.0,6,6,0.341,1.83,4.67,0.393,0.589,0.0,0.0,0.0,,0.341,1.83,4.67,0.393
1628415,Dillon Brooks,1610612763,MEM,26.0,11,11,0.297,1.64,4.64,0.353,0.51,0.029,0.18,0.45,0.4,0.267,1.45,4.18,0.348
203999,Nikola Jokić,1610612743,DEN,27.0,5,5,0.217,2.0,4.6,0.435,0.543,0.075,1.0,1.6,0.625,0.142,1.0,3.0,0.333
1629632,Coby White,1610612741,CHI,22.0,5,5,0.511,1.4,4.6,0.304,0.457,0.0,0.0,0.0,,0.511,1.4,4.6,0.304
203114,Khris Middleton,1610612749,MIL,30.0,2,2,0.375,2.5,4.5,0.556,0.833,0.0,0.0,0.0,,0.375,2.5,4.5,0.556
201939,Stephen Curry,1610612744,GSW,34.0,22,22,0.22,1.77,4.41,0.402,0.562,0.032,0.36,0.64,0.571,0.189,1.41,3.77,0.373
1629631,De'Andre Hunter,1610612737,ATL,24.0,5,5,0.314,2.2,4.4,0.5,0.727,0.014,0.2,0.2,1.0,0.3,2.0,4.2,0.476
1628989,Kevin Huerter,1610612737,ATL,23.0,5,5,0.468,1.2,4.4,0.273,0.409,0.0,0.0,0.0,,0.468,1.2,4.4,0.273
1629661,Cameron Johnson,1610612756,PHX,26.0,13,13,0.576,1.54,4.38,0.351,0.526,0.02,0.0,0.15,0.0,0.556,1.54,4.23,0.364
1628384,OG Anunoby,1610612761,TOR,24.0,6,6,0.317,1.67,4.33,0.385,0.577,0.0,0.0,0.0,,0.317,1.67,4.33,0.385
202699,Tobias Harris,1610612755,PHI,29.0,12,12,0.321,1.5,4.33,0.346,0.519,0.019,0.0,0.25,0.0,0.302,1.5,4.08,0.367
203468,CJ McCollum,1610612740,NOP,30.0,6,6,0.208,1.33,4.33,0.308,0.462,0.008,0.0,0.17,0.0,0.2,1.33,4.17,0.32
203552,Seth Curry,1610612751,BKN,31.0,4,4,0.436,2.25,4.25,0.529,0.765,0.026,0.25,0.25,1.0,0.41,2.0,4.0,0.5
203952,Andrew Wiggins,1610612744,GSW,27.0,22,22,0.305,1.41,4.23,0.333,0.5,0.003,0.0,0.05,0.0,0.302,1.41,4.18,0.337
203109,Jae Crowder,1610612756,PHX,31.0,13,13,0.524,1.38,4.23,0.327,0.455,0.067,0.31,0.54,0.571,0.457,1.08,3.69,0.292
1630162,Anthony Edwards,1610612750,MIN,20.0,6,6,0.227,1.83,4.17,0.44,0.66,0.0,0.0,0.0,,0.227,1.83,4.17,0.44
1628467,Maxi Kleber,1610612742,DAL,30.0,18,18,0.708,1.83,4.17,0.44,0.66,0.019,0.0,0.11,0.0,0.689,1.83,4.06,0.452
1626171,Bobby Portis,1610612749,MIL,27.0,12,12,0.426,1.33,4.08,0.327,0.469,0.052,0.17,0.5,0.333,0.374,1.17,3.58,0.326
202711,Bojan Bogdanović,1610612762,UTA,33.0,6,6,0.296,1.5,4.0,0.375,0.563,0.0,0.0,0.0,,0.296,1.5,4.0,0.375
201568,Danilo Gallinari,1610612737,ATL,33.0,5,5,0.444,1.2,4.0,0.3,0.375,0.178,0.6,1.6,0.375,0.267,0.6,2.4,0.25
1627736,Malik Beasley,1610612750,MIN,25.0,6,5,0.523,1.33,3.83,0.348,0.522,0.0,0.0,0.0,,0.523,1.33,3.83,0.348
1626220,Royce O'Neale,1610612762,UTA,29.0,6,5,0.657,0.83,3.83,0.217,0.326,0.0,0.0,0.0,,0.657,0.83,3.83,0.217
1630172,Patrick Williams,1610612741,CHI,20.0,5,5,0.404,1.4,3.8,0.368,0.553,0.0,0.0,0.0,,0.404,1.4,3.8,0.368
1628369,Jayson Tatum,1610612738,BOS,24.0,24,22,0.193,1.79,3.79,0.473,0.676,0.028,0.25,0.54,0.462,0.165,1.54,3.25,0.474
1630178,Tyrese Maxey,1610612755,PHI,21.0,12,11,0.236,1.5,3.58,0.419,0.628,0.005,0.0,0.08,0.0,0.231,1.5,3.5,0.429
1628971,Bruce Brown,1610612751,BKN,25.0,4,4,0.378,2.0,3.5,0.571,0.786,0.054,0.5,0.5,1.0,0.324,1.5,3.0,0.5
1628995,Kevin Knox II,1610612737,ATL,22.0,2,2,0.636,2.0,3.5,0.571,0.857,0.0,0.0,0.0,,0.636,2.0,3.5,0.571
1630183,Jaden McDaniels,1610612750,MIN,21.0,6,6,0.618,1.67,3.5,0.476,0.714,0.029,0.0,0.17,0.0,0.588,1.67,3.33,0.5
202083,Wesley Matthews,1610612749,MIL,35.0,12,12,0.656,1.42,3.5,0.405,0.607,0.0,0.0,0.0,,0.656,1.42,3.5,0.405
1629028,Deandre Ayton,1610612756,PHX,23.0,13,12,0.274,2.0,3.46,0.578,0.6,0.25,1.85,3.15,0.585,0.024,0.15,0.31,0.5
1629001,De'Anthony Melton,1610612763,MEM,24.0,10,10,0.523,1.0,3.4,0.294,0.441,0.0,0.0,0.0,,0.523,1.0,3.4,0.294
1630533,Ziaire Williams,1610612763,MEM,20.0,10,9,0.654,1.0,3.4,0.294,0.441,0.0,0.0,0.0,,0.654,1.0,3.4,0.294
201942,DeMar DeRozan,1610612741,CHI,32.0,5,5,0.179,0.6,3.4,0.176,0.176,0.084,0.6,1.6,0.375,0.095,0.0,1.8,0.0
1630530,Trey Murphy III,1610612740,NOP,22.0,6,5,0.909,1.5,3.33,0.45,0.675,0.045,0.0,0.17,0.0,0.864,1.5,3.17,0.474
1626164,Devin Booker,1610612756,PHX,25.0,10,10,0.189,1.7,3.3,0.515,0.742,0.023,0.2,0.4,0.5,0.166,1.5,2.9,0.517
203897,Zach LaVine,1610612741,CHI,27.0,4,4,0.206,2.0,3.25,0.615,0.885,0.016,0.25,0.25,1.0,0.19,1.75,3.0,0.583
1627936,Alex Caruso,1610612741,CHI,28.0,4,3,0.565,1.25,3.25,0.385,0.577,0.0,0.0,0.0,,0.565,1.25,3.25,0.385
203932,Aaron Gordon,1610612743,DEN,26.0,5,5,0.296,0.8,3.2,0.25,0.344,0.056,0.2,0.6,0.333,0.241,0.6,2.6,0.231
1629684,Grant Williams,1610612738,BOS,23.0,24,24,0.507,1.33,3.17,0.421,0.632,0.007,0.0,0.04,0.0,0.5,1.33,3.13,0.427
1627777,Georges Niang,1610612755,PHI,29.0,12,12,0.792,1.08,3.17,0.342,0.513,0.0,0.0,0.0,,0.792,1.08,3.17,0.342
201609,Goran Dragic,1610612751,BKN,36.0,4,4,0.375,1.5,3.0,0.5,0.667,0.094,0.5,0.75,0.667,0.281,1.0,2.25,0.444
201142,Kevin Durant,1610612751,BKN,33.0,4,3,0.145,1.5,3.0,0.5,0.625,0.06,0.75,1.25,0.6,0.084,0.75,1.75,0.429
1628401,Derrick White,1610612738,BOS,27.0,23,21,0.392,0.87,3.0,0.29,0.435,0.006,0.0,0.04,0.0,0.386,0.87,2.96,0.294
1629669,Jaylen Nowell,1610612750,MIN,22.0,1,1,0.3,0.0,3.0,0.0,0.0,0.0,0.0,0.0,,0.3,0.0,3.0,0.0
200782,P.J. Tucker,1610612748,MIA,37.0,18,18,0.486,1.44,2.94,0.491,0.708,0.037,0.17,0.22,0.75,0.45,1.28,2.72,0.469
1626156,D'Angelo Russell,1610612750,MIN,26.0,6,6,0.236,1.17,2.83,0.412,0.618,0.0,0.0,0.0,,0.236,1.17,2.83,0.412
1626157,Karl-Anthony Towns,1610612750,MIN,26.0,6,6,0.213,1.17,2.83,0.412,0.618,0.013,0.0,0.17,0.0,0.2,1.17,2.67,0.438
201988,Patty Mills,1610612751,BKN,33.0,4,4,0.688,1.5,2.75,0.545,0.818,0.0,0.0,0.0,,0.688,1.5,2.75,0.545
1628960,Grayson Allen,1610612749,MIL,26.0,12,12,0.402,1.42,2.75,0.515,0.773,0.0,0.0,0.0,,0.402,1.42,2.75,0.515
1626145,Tyus Jones,1610612763,MEM,26.0,12,12,0.333,1.08,2.75,0.394,0.591,0.0,0.0,0.0,,0.333,1.08,2.75,0.394
1628969,Mikal Bridges,1610612756,PHX,25.0,13,13,0.254,1.0,2.69,0.371,0.529,0.036,0.15,0.38,0.4,0.217,0.85,2.31,0.367
1629130,Duncan Robinson,1610612748,MIA,28.0,13,9,0.614,0.92,2.69,0.343,0.514,0.0,0.0,0.0,,0.614,0.92,2.69,0.343
203490,Otto Porter Jr.,1610612744,GSW,29.0,19,17,0.662,1.11,2.68,0.412,0.588,0.091,0.16,0.37,0.429,0.571,0.95,2.32,0.409
201950,Jrue Holiday,1610612749,MIL,32.0,12,12,0.136,1.17,2.67,0.438,0.609,0.021,0.25,0.42,0.6,0.115,0.92,2.25,0.407
201976,Patrick Beverley,1610612750,MIN,33.0,6,6,0.327,1.17,2.67,0.438,0.656,0.02,0.0,0.17,0.0,0.306,1.17,2.5,0.467
1628972,Troy Brown Jr.,1610612741,CHI,22.0,3,1,0.471,0.67,2.67,0.25,0.375,0.0,0.0,0.0,,0.471,0.67,2.67,0.25
1628378,Donovan Mitchell,1610612762,UTA,25.0,6,6,0.12,0.5,2.67,0.188,0.281,0.0,0.0,0.0,,0.12,0.5,2.67,0.188
1629673,Jordan Poole,1610612744,GSW,23.0,22,22,0.228,1.18,2.64,0.448,0.672,0.004,0.0,0.05,0.0,0.224,1.18,2.59,0.456
202722,Dāvis Bertāns,1610612742,DAL,29.0,18,15,0.855,1.06,2.61,0.404,0.606,0.0,0.0,0.0,,0.855,1.06,2.61,0.404
1630245,Ayo Dosunmu,1610612741,CHI,22.0,5,4,0.5,0.6,2.6,0.231,0.346,0.038,0.0,0.2,0.0,0.462,0.6,2.4,0.25
201572,Brook Lopez,1610612749,MIL,34.0,12,10,0.301,0.58,2.58,0.226,0.306,0.068,0.17,0.58,0.286,0.233,0.42,2.0,0.208
203506,Victor Oladipo,1610612748,MIA,30.0,15,15,0.279,0.87,2.53,0.342,0.474,0.022,0.2,0.2,1.0,0.257,0.67,2.33,0.286
202710,Jimmy Butler III,1610612748,MIA,32.0,17,15,0.131,0.76,2.53,0.302,0.407,0.034,0.24,0.65,0.364,0.098,0.53,1.88,0.281
1629639,Tyler Herro,1610612748,MIA,22.0,15,13,0.21,0.67,2.53,0.263,0.382,0.017,0.07,0.2,0.333,0.193,0.6,2.33,0.257
1628449,Chris Boucher,1610612761,TOR,29.0,6,6,0.357,1.0,2.5,0.4,0.6,0.024,0.0,0.17,0.0,0.333,1.0,2.33,0.429
1630631,Jose Alvarado,1610612740,NOP,24.0,6,6,0.455,1.0,2.5,0.4,0.6,0.0,0.0,0.0,,0.455,1.0,2.5,0.4
201933,Blake Griffin,1610612751,BKN,33.0,2,2,0.714,1.0,2.5,0.4,0.6,0.0,0.0,0.0,,0.714,1.0,2.5,0.4
1628973,Jalen Brunson,1610612742,DAL,25.0,18,17,0.145,0.94,2.5,0.378,0.567,0.006,0.0,0.11,0.0,0.138,0.94,2.39,0.395
1629216,Gabe Vincent,1610612748,MIA,26.0,18,16,0.344,0.89,2.5,0.356,0.522,0.008,0.06,0.06,1.0,0.336,0.83,2.44,0.341
200768,Kyle Lowry,1610612748,MIA,36.0,10,10,0.291,0.5,2.5,0.2,0.3,0.0,0.0,0.0,,0.291,0.5,2.5,0.2
1630567,Scottie Barnes,1610612761,TOR,20.0,4,3,0.238,0.25,2.5,0.1,0.15,0.024,0.0,0.25,0.0,0.214,0.25,2.25,0.111
1627752,Taurean Prince,1610612750,MIN,28.0,5,4,0.444,0.8,2.4,0.333,0.5,0.0,0.0,0.0,,0.444,0.8,2.4,0.333
203903,Jordan Clarkson,1610612762,UTA,30.0,6,5,0.192,1.17,2.33,0.5,0.75,0.0,0.0,0.0,,0.192,1.17,2.33,0.5
1627783,Pascal Siakam,1610612761,TOR,28.0,6,6,0.131,0.83,2.33,0.357,0.5,0.019,0.17,0.33,0.5,0.112,0.67,2.0,0.333
202685,Jonas Valančiūnas,1610612740,NOP,30.0,6,6,0.206,0.67,2.33,0.286,0.321,0.118,0.5,1.33,0.375,0.088,0.17,1.0,0.167
1630538,Bones Hyland,1610612743,DEN,21.0,5,5,0.306,0.8,2.2,0.364,0.545,0.0,0.0,0.0,,0.306,0.8,2.2,0.364
203085,Austin Rivers,1610612743,DEN,29.0,5,5,0.611,0.8,2.2,0.364,0.545,0.0,0.0,0.0,,0.611,0.8,2.2,0.364
1628381,John Collins,1610612737,ATL,24.0,5,5,0.282,0.8,2.2,0.364,0.545,0.0,0.0,0.0,,0.282,0.8,2.2,0.364
1627884,Derrick Jones Jr.,1610612741,CHI,25.0,5,5,0.647,0.6,2.2,0.273,0.409,0.0,0.0,0.0,,0.647,0.6,2.2,0.273
203954,Joel Embiid,1610612755,PHI,28.0,10,9,0.137,0.4,2.2,0.182,0.273,0.025,0.0,0.4,0.0,0.112,0.4,1.8,0.222
203915,Spencer Dinwiddie,1610612742,DAL,29.0,18,15,0.203,1.11,2.17,0.513,0.769,0.0,0.0,0.0,,0.203,1.11,2.17,0.513
1630173,Precious Achiuwa,1610612761,TOR,22.0,6,6,0.25,0.83,2.17,0.385,0.577,0.0,0.0,0.0,,0.25,0.83,2.17,0.385
1630529,Herbert Jones,1610612740,NOP,23.0,6,6,0.273,0.67,2.0,0.333,0.5,0.045,0.0,0.33,0.0,0.227,0.67,1.67,0.4
203110,Draymond Green,1610612744,GSW,32.0,22,20,0.306,0.45,2.0,0.227,0.307,0.042,0.14,0.27,0.5,0.264,0.32,1.73,0.184
1628997,Caleb Martin,1610612748,MIA,26.0,17,12,0.413,0.53,1.94,0.273,0.409,0.038,0.0,0.18,0.0,0.375,0.53,1.76,0.3
1630202,Payton Pritchard,1610612738,BOS,24.0,24,21,0.451,0.71,1.92,0.37,0.554,0.0,0.0,0.0,,0.451,0.71,1.92,0.37
1627823,Juancho Hernangomez,1610612762,UTA,26.0,6,5,0.611,0.5,1.83,0.273,0.409,0.0,0.0,0.0,,0.611,0.5,1.83,0.273
1626153,Delon Wright,1610612737,ATL,30.0,5,5,0.31,0.8,1.8,0.444,0.667,0.0,0.0,0.0,,0.31,0.8,1.8,0.444
1629027,Trae Young,1610612737,ATL,23.0,5,4,0.13,0.8,1.8,0.444,0.667,0.0,0.0,0.0,,0.13,0.8,1.8,0.444
1627854,Bryn Forbes,1610612743,DEN,28.0,5,5,0.6,0.8,1.8,0.444,0.611,0.067,0.2,0.2,1.0,0.533,0.6,1.6,0.375
1629680,Matisse Thybulle,1610612755,PHI,25.0,9,7,0.667,0.56,1.78,0.313,0.438,0.083,0.11,0.22,0.5,0.583,0.44,1.56,0.286
1629630,Ja Morant,1610612763,MEM,22.0,9,7,0.087,0.33,1.78,0.188,0.281,0.0,0.0,0.0,,0.087,0.33,1.78,0.188
202681,Kyrie Irving,1610612751,BKN,30.0,4,4,0.111,0.75,1.75,0.429,0.571,0.032,0.25,0.5,0.5,0.079,0.5,1.25,0.4
1629013,Landry Shamet,1610612756,PHX,25.0,12,10,0.438,0.58,1.75,0.333,0.5,0.021,0.0,0.08,0.0,0.417,0.58,1.67,0.35
1628373,Frank Ntilikina,1610612742,DAL,23.0,12,10,0.833,0.58,1.67,0.35,0.5,0.083,0.08,0.17,0.5,0.75,0.5,1.5,0.333
201144,Mike Conley,1610612762,UTA,34.0,6,6,0.175,0.0,1.67,0.0,0.0,0.0,0.0,0.0,,0.175,0.0,1.67,0.0
1628984,Devonte' Graham,1610612740,NOP,27.0,6,5,0.5,0.5,1.5,0.333,0.5,0.0,0.0,0.0,,0.5,0.5,1.5,0.333
1626204,Larry Nance Jr.,1610612740,NOP,29.0,6,3,0.231,0.33,1.5,0.222,0.333,0.0,0.0,0.0,,0.231,0.33,1.5,0.222
1628464,Daniel Theis,1610612738,BOS,30.0,16,12,0.451,0.38,1.44,0.261,0.326,0.176,0.19,0.56,0.333,0.275,0.19,0.88,0.214
1630182,Josh Green,1610612742,DAL,21.0,16,9,0.821,0.31,1.44,0.217,0.326,0.036,0.0,0.06,0.0,0.786,0.31,1.38,0.227
202326,DeMarcus Cousins,1610612743,DEN,31.0,5,4,0.241,1.0,1.4,0.714,1.0,0.034,0.2,0.2,1.0,0.207,0.8,1.2,0.667
1629675,Naz Reid,1610612750,MIN,22.0,5,4,0.412,0.6,1.4,0.429,0.643,0.0,0.0,0.0,,0.412,0.6,1.4,0.429
201145,Jeff Green,1610612743,DEN,35.0,5,4,0.412,0.6,1.4,0.429,0.643,0.0,0.0,0.0,,0.412,0.6,1.4,0.429
201152,Thaddeus Young,1610612761,TOR,34.0,6,5,0.444,0.33,1.33,0.25,0.313,0.056,0.17,0.17,1.0,0.389,0.17,1.17,0.143
1627863,Danuel House Jr.,1610612762,UTA,29.0,6,5,0.364,0.33,1.33,0.25,0.375,0.0,0.0,0.0,,0.364,0.33,1.33,0.25
1629029,Luka Dončić,1610612742,DAL,23.0,15,10,0.054,0.27,1.27,0.211,0.316,0.006,0.0,0.13,0.0,0.048,0.27,1.13,0.235
203507,Giannis Antetokounmpo,1610612749,MIL,27.0,12,7,0.053,0.33,1.25,0.267,0.333,0.018,0.17,0.42,0.4,0.035,0.17,0.83,0.2
203210,JaMychal Green,1610612743,DEN,32.0,5,2,0.375,0.2,1.2,0.167,0.25,0.063,0.0,0.2,0.0,0.313,0.2,1.0,0.2
1629750,Javonte Green,1610612741,CHI,28.0,5,2,0.353,0.0,1.2,0.0,0.0,0.0,0.0,0.0,,0.353,0.0,1.2,0.0
201935,James Harden,1610612755,PHI,32.0,12,9,0.089,0.33,1.17,0.286,0.429,0.0,0.0,0.0,,0.089,0.33,1.17,0.286
101108,Chris Paul,1610612756,PHX,37.0,13,8,0.097,0.38,1.15,0.333,0.5,0.006,0.0,0.08,0.0,0.09,0.38,1.08,0.357
1626166,Cameron Payne,1610612756,PHX,27.0,13,10,0.203,0.08,1.15,0.067,0.1,0.0,0.0,0.0,,0.203,0.08,1.15,0.067
1628470,Torrey Craig,1610612756,PHX,31.0,9,7,0.455,0.33,1.11,0.3,0.45,0.0,0.0,0.0,,0.455,0.33,1.11,0.3
1627780,Gary Payton II,1610612744,GSW,29.0,12,7,0.295,0.58,1.08,0.538,0.808,0.0,0.0,0.0,,0.295,0.58,1.08,0.538
1629003,Shake Milton,1610612755,PHI,25.0,12,8,0.342,0.5,1.08,0.462,0.692,0.026,0.0,0.08,0.0,0.316,0.5,1.0,0.5
1629162,Jordan McLaughlin,1610612750,MIN,26.0,5,2,0.294,0.8,1.0,0.8,1.2,0.0,0.0,0.0,,0.294,0.8,1.0,0.8
1628988,Aaron Holiday,1610612756,PHX,25.0,6,5,0.429,0.67,1.0,0.667,1.0,0.0,0.0,0.0,,0.429,0.67,1.0,0.667
1630541,Moses Moody,1610612744,GSW,20.0,13,6,0.464,0.54,1.0,0.538,0.808,0.036,0.0,0.08,0.0,0.429,0.54,0.92,0.583
203920,Khem Birch,1610612761,TOR,29.0,6,4,0.375,0.33,1.0,0.333,0.5,0.125,0.0,0.33,0.0,0.25,0.33,0.67,0.5
1627814,Damion Lee,1610612744,GSW,29.0,16,11,0.471,0.25,1.0,0.25,0.375,0.029,0.0,0.06,0.0,0.441,0.25,0.94,0.267
1626195,Willy Hernangomez,1610612740,NOP,28.0,1,1,0.25,0.0,1.0,0.0,0.0,0.0,0.0,0.0,,0.25,0.0,1.0,0.0
203937,Kyle Anderson,1610612763,MEM,28.0,12,6,0.216,0.25,0.92,0.273,0.409,0.0,0.0,0.0,,0.216,0.25,0.92,0.273
1630688,Ish Wainright,1610612756,PHX,27.0,7,5,0.5,0.43,0.86,0.5,0.75,0.0,0.0,0.0,,0.5,0.43,0.86,0.5
203473,Dewayne Dedmon,1610612748,MIA,32.0,14,9,0.267,0.07,0.86,0.083,0.125,0.044,0.0,0.14,0.0,0.222,0.07,0.71,0.1
201586,Serge Ibaka,1610612749,MIL,32.0,6,3,0.313,0.0,0.83,0.0,0.0,0.125,0.0,0.33,0.0,0.188,0.0,0.5,0.0
1630228,Jonathan Kuminga,1610612744,GSW,19.0,16,4,0.217,0.19,0.81,0.231,0.308,0.05,0.06,0.19,0.333,0.167,0.13,0.63,0.2
1627788,Furkan Korkmaz,1610612755,PHI,24.0,9,4,0.304,0.33,0.78,0.429,0.643,0.0,0.0,0.0,,0.304,0.33,0.78,0.429
1630209,Omer Yurtseven,1610612748,MIA,24.0,9,4,0.333,0.33,0.67,0.5,0.5,0.222,0.33,0.44,0.75,0.111,0.0,0.22,0.0
1629633,Jarrett Culver,1610612763,MEM,23.0,3,1,0.2,0.0,0.67,0.0,0.0,0.0,0.0,0.0,,0.2,0.0,0.67,0.0
1629004,Svi Mykhailiuk,1610612761,TOR,25.0,3,2,1.0,0.0,0.67,0.0,0.0,0.0,0.0,0.0,,1.0,0.0,0.67,0.0
1628975,Jevon Carter,1610612749,MIL,26.0,11,5,0.368,0.27,0.64,0.429,0.643,0.053,0.0,0.09,0.0,0.316,0.27,0.55,0.5
1629723,John Konchar,1610612763,MEM,26.0,8,4,0.455,0.13,0.63,0.2,0.3,0.0,0.0,0.0,,0.455,0.13,0.63,0.2
202357,Nemanja Bjelica,1610612744,GSW,34.0,15,7,0.265,0.27,0.6,0.444,0.611,0.029,0.07,0.07,1.0,0.235,0.2,0.53,0.375
1628389,Bam Adebayo,1610612748,MIA,24.0,18,6,0.057,0.11,0.56,0.2,0.2,0.057,0.11,0.56,0.2,0.0,0.0,0.0,
1630174,Aaron Nesmith,1610612738,BOS,22.0,15,6,0.471,0.07,0.53,0.125,0.188,0.0,0.0,0.0,,0.471,0.07,0.53,0.125
1630192,Zeke Nnaji,1610612743,DEN,21.0,2,1,1.0,0.5,0.5,1.0,1.5,0.0,0.0,0.0,,1.0,0.5,0.5,1.0
1629312,Haywood Highsmith,1610612748,MIA,25.0,8,3,0.571,0.38,0.5,0.75,1.125,0.0,0.0,0.0,,0.571,0.38,0.5,0.75
1627789,Timothe Luwawu-Cabarrot,1610612737,ATL,27.0,4,1,0.5,0.25,0.5,0.5,0.75,0.0,0.0,0.0,,0.5,0.25,0.5,0.5
1629672,Eric Paschall,1610612762,UTA,25.0,4,1,0.333,0.25,0.5,0.5,0.75,0.0,0.0,0.0,,0.333,0.25,0.5,0.5
1629634,Brandon Clarke,1610612763,MEM,25.0,12,5,0.066,0.17,0.5,0.333,0.333,0.055,0.17,0.42,0.4,0.011,0.0,0.08,0.0
1628427,Vlatko Čančar,1610612743,DEN,25.0,2,1,0.333,0.0,0.5,0.0,0.0,0.0,0.0,0.0,,0.333,0.0,0.5,0.0
1629637,Jaxson Hayes,1610612740,NOP,22.0,6,3,0.12,0.0,0.5,0.0,0.0,0.0,0.0,0.0,,0.12,0.0,0.5,0.0
1630552,Jalen Johnson,1610612737,ATL,20.0,2,1,0.333,0.0,0.5,0.0,0.0,0.0,0.0,0.0,,0.333,0.0,0.5,0.0
203476,Gorgui Dieng,1610612737,ATL,32.0,2,1,0.5,0.0,0.5,0.0,0.0,0.0,0.0,0.0,,0.5,0.0,0.5,0.0
1629717,Armoni Brooks,1610612761,TOR,24.0,4,1,0.5,0.0,0.5,0.0,0.0,0.0,0.0,0.0,,0.5,0.0,0.5,0.0
2738,Andre Iguodala,1610612744,GSW,38.0,7,2,0.333,0.14,0.43,0.333,0.5,0.111,0.0,0.14,0.0,0.222,0.14,0.29,0.5
201588,George Hill,1610612749,MIL,36.0,5,2,0.4,0.2,0.4,0.5,0.75,0.0,0.0,0.0,,0.4,0.2,0.4,0.5
203504,Trey Burke,1610612742,DAL,29.0,10,3,0.182,0.1,0.4,0.25,0.375,0.0,0.0,0.0,,0.182,0.1,0.4,0.25
203917,Nik Stauskas,1610612738,BOS,28.0,13,3,0.417,0.15,0.38,0.4,0.6,0.0,0.0,0.0,,0.417,0.15,0.38,0.4
201580,JaVale McGee,1610612756,PHX,34.0,12,4,0.08,0.08,0.33,0.25,0.25,0.06,0.08,0.25,0.333,0.02,0.0,0.08,0.0
1630201,Malachi Flynn,1610612761,TOR,24.0,6,2,0.286,0.0,0.33,0.0,0.0,0.0,0.0,0.0,,0.286,0.0,0.33,0.0
1629308,Juan Toscano-Anderson,1610612744,GSW,29.0,14,3,0.4,0.14,0.29,0.5,0.75,0.0,0.0,0.0,,0.4,0.14,0.29,0.5
1630492,Luca Vildoza,1610612749,MIL,26.0,7,1,0.333,0.14,0.29,0.5,0.75,0.0,0.0,0.0,,0.333,0.14,0.29,0.5
1630573,Sam Hauser,1610612738,BOS,24.0,7,1,0.5,0.14,0.29,0.5,0.75,0.0,0.0,0.0,,0.5,0.14,0.29,0.5
1630194,Paul Reed,1610612755,PHI,23.0,12,2,0.083,0.17,0.25,0.667,1.0,0.0,0.0,0.0,,0.083,0.17,0.25,0.667
1627737,Marquese Chriss,1610612742,DAL,24.0,8,1,0.25,0.13,0.25,0.5,0.75,0.0,0.0,0.0,,0.25,0.13,0.25,0.5
1629139,Yuta Watanabe,1610612761,TOR,27.0,4,1,0.167,0.0,0.25,0.0,0.0,0.0,0.0,0.0,,0.167,0.0,0.25,0.0
1629670,Jordan Nwora,1610612749,MIL,23.0,8,1,0.222,0.0,0.25,0.0,0.0,0.0,0.0,0.0,,0.222,0.0,0.25,0.0
1630267,Facundo Campazzo,1610612743,DEN,31.0,4,1,0.5,0.0,0.25,0.0,0.0,0.0,0.0,0.0,,0.5,0.0,0.25,0.0
1630238,Malik Fitts,1610612738,BOS,24.0,9,2,0.5,0.22,0.22,1.0,1.5,0.0,0.0,0.0,,0.5,0.22,0.22,1.0
1630214,Xavier Tillman,1610612763,MEM,23.0,9,2,0.08,0.11,0.22,0.5,0.75,0.0,0.0,0.0,,0.08,0.11,0.22,0.5
1628425,Sterling Brown,1610612742,DAL,27.0,9,1,0.2,0.0,0.22,0.0,0.0,0.0,0.0,0.0,,0.2,0.0,0.22,0.0
1630531,Jaden Springer,1610612755,PHI,19.0,5,1,0.167,0.0,0.2,0.0,0.0,0.0,0.0,0.0,,0.167,0.0,0.2,0.0
1629057,Robert Williams III,1610612738,BOS,24.0,17,3,0.038,0.12,0.18,0.667,0.667,0.038,0.12,0.18,0.667,0.0,0.0,0.0,
203939,Dwight Powell,1610612742,DAL,30.0,18,3,0.086,0.0,0.17,0.0,0.0,0.029,0.0,0.06,0.0,0.057,0.0,0.11,0.0
1630198,Isaiah Joe,1610612755,PHI,22.0,7,1,0.2,0.0,0.14,0.0,0.0,0.0,0.0,0.0,,0.2,0.0,0.14,0.0
203500,Steven Adams,1610612763,MEM,28.0,7,1,0.048,0.0,0.14,0.0,0.0,0.048,0.0,0.14,0.0,0.0,0.0,0.0,
1629730,Rayjon Tucker,1610612749,MIL,24.0,8,1,0.333,0.0,0.13,0.0,0.0,0.0,0.0,0.0,,0.333,0.0,0.13,0.0
1628436,Luke Kornet,1610612738,BOS,26.0,9,1,0.25,0.11,0.11,1.0,1.5,0.0,0.0,0.0,,0.25,0.11,0.11,1.0
1626172,Kevon Looney,1610612744,GSW,26.0,22,2,0.023,0.0,0.09,0.0,0.0,0.023,0.0,0.09,0.0,0.0,0.0,0.0,
