season,player_id,player,nickname,team_id,team,team_name,game_id,game_date,matchup,wl,min,pts_off_tov,pts_2nd_chance,pts_fb,pts_paint,opp_pts_off_tov,opp_pts_2nd_chance,opp_pts_fb,opp_pts_paint,blk,blka,pf,pfd,nba_fantasy_pts,gp_rank,w_rank,l_rank,w_pct_rank,min_rank,pts_off_tov_rank,pts_2nd_chance_rank,pts_fb_rank,pts_paint_rank,opp_pts_off_tov_rank,opp_pts_2nd_chance_rank,opp_pts_fb_rank,opp_pts_paint_rank,blk_rank,blka_rank,pf_rank,pfd_rank,nba_fantasy_pts_rank,available_flag,min_sec,season_start,season_end
2017-18,1628418,Thomas Bryant,Thomas,1610612747,LAL,Los Angeles Lakers,21701228,2018-04-11T00:00:00,LAL @ LAC,W,18.3,4.0,0.0,2.0,4.0,4.0,8.0,3.0,30.0,2.0,0.0,2.0,2.0,23.7,1,1,1,1,17566,2585,9889,4430,8975,5970,17775,8396,5301,803,1,11691,7539,9537,1.0,18:16,2017,2018
2017-18,203484,Kentavious Caldwell-Pope,Kentavious,1610612747,LAL,Los Angeles Lakers,21701228,2018-04-11T00:00:00,LAL @ LAC,W,2.2,0.0,0.0,0.0,0.0,0.0,0.0,0.0,2.0,0.0,0.0,0.0,0.0,0.0,1,1,1,1,25485,12040,9889,9215,19152,1,1,1,24730,8133,1,1,18674,25240,1.0,2:09,2017,2018
2017-18,203898,Tyler Ennis,Tyler,1610612747,LAL,Los Angeles Lakers,21701228,2018-04-11T00:00:00,LAL @ LAC,W,23.3,2.0,0.0,0.0,4.0,6.0,6.0,4.0,40.0,0.0,0.0,1.0,2.0,14.4,1,1,1,1,13311,6347,9889,9215,8975,9851,13576,9893,1224,8133,1,5153,7539,16224,1.0,23:15,2017,2018
2017-18,203944,Julius Randle,Julius,1610612747,LAL,Los Angeles Lakers,21701228,2018-04-11T00:00:00,LAL @ LAC,W,16.6,0.0,0.0,0.0,4.0,3.0,0.0,0.0,18.0,0.0,0.0,4.0,1.0,13.5,1,1,1,1,18796,12040,9889,9215,8975,4813,1,1,14614,8133,1,22329,12172,16935,1.0,16:39,2017,2018
2017-18,1628404,Josh Hart,Josh,1610612747,LAL,Los Angeles Lakers,21701228,2018-04-11T00:00:00,LAL @ LAC,W,35.9,12.0,3.0,8.0,2.0,7.0,4.0,5.0,46.0,0.0,0.0,2.0,2.0,44.5,1,1,1,1,2457,31,2864,211,13399,11872,8753,12692,369,8133,1,11691,7539,1538,1.0,35:53,2017,2018
2017-18,204037,Travis Wear,Travis,1610612747,LAL,Los Angeles Lakers,21701228,2018-04-11T00:00:00,LAL @ LAC,W,14.7,0.0,0.0,0.0,0.0,4.0,6.0,2.0,28.0,0.0,0.0,2.0,0.0,4.4,1,1,1,1,20144,12040,9889,9215,19152,5970,13576,4597,6593,8133,1,11691,18674,23044,1.0,14:44,2017,2018
2017-18,201281,Andre Ingram,Andre,1610612747,LAL,Los Angeles Lakers,21701228,2018-04-11T00:00:00,LAL @ LAC,W,34.9,0.0,0.0,0.0,2.0,7.0,8.0,0.0,46.0,0.0,0.0,1.0,3.0,21.6,1,1,1,1,3156,12040,9889,9215,13399,11872,17775,1,369,8133,1,5153,4452,10943,1.0,34:55,2017,2018
2017-18,201572,Brook Lopez,Brook,1610612747,LAL,Los Angeles Lakers,21701228,2018-04-11T00:00:00,LAL @ LAC,W,16.6,3.0,0.0,0.0,2.0,3.0,0.0,0.0,18.0,1.0,0.0,1.0,1.0,20.9,1,1,1,1,18796,4321,9889,9215,13399,4813,1,1,14614,2512,1,5153,12172,11411,1.0,16:39,2017,2018
2017-18,1627936,Alex Caruso,Alex,1610612747,LAL,Los Angeles Lakers,21701228,2018-04-11T00:00:00,LAL @ LAC,W,28.9,0.0,2.0,4.0,4.0,5.0,4.0,3.0,30.0,0.0,1.0,4.0,3.0,24.4,1,1,1,1,8218,12040,4626,1706,8975,8098,8753,8396,5301,8133,17404,22329,4452,9106,1.0,28:55,2017,2018
2017-18,1627780,Gary Payton II,Gary,1610612747,LAL,Los Angeles Lakers,21701228,2018-04-11T00:00:00,LAL @ LAC,W,30.3,3.0,4.0,4.0,12.0,4.0,10.0,3.0,38.0,0.0,0.0,4.0,0.0,42.9,1,1,1,1,6949,4321,1497,1706,1226,5970,20971,8396,1743,8133,1,22329,18674,1793,1.0,30:20,2017,2018
2017-18,1627826,Ivica Zubac,Ivica,1610612747,LAL,Los Angeles Lakers,21701228,2018-04-11T00:00:00,LAL @ LAC,W,18.2,0.0,2.0,0.0,4.0,2.0,4.0,5.0,24.0,3.0,0.0,2.0,3.0,26.0,1,1,1,1,17594,12040,4626,9215,8975,2610,8753,12692,9573,270,1,11691,4452,8120,1.0,18:15,2017,2018
2017-18,1628404,Josh Hart,Josh,1610612747,LAL,Los Angeles Lakers,21701218,2018-04-10T00:00:00,LAL vs. HOU,L,39.7,9.0,0.0,18.0,12.0,10.0,8.0,9.0,32.0,0.0,1.0,2.0,3.0,33.4,1,13054,13054,13054,613,143,9889,1,1226,17328,17775,19743,4134,8133,17404,11691,4452,4437,1.0,39:39,2017,2018
2017-18,201281,Andre Ingram,Andre,1610612747,LAL,Los Angeles Lakers,21701218,2018-04-10T00:00:00,LAL vs. HOU,L,29.2,0.0,3.0,3.0,2.0,8.0,0.0,2.0,24.0,3.0,0.0,2.0,2.0,35.1,1,13054,13054,13054,7962,12040,2864,2871,13399,13769,1,4597,9573,270,1,11691,7539,3814,1.0,29:13,2017,2018
2017-18,1627936,Alex Caruso,Alex,1610612747,LAL,Los Angeles Lakers,21701218,2018-04-10T00:00:00,LAL vs. HOU,L,26.8,4.0,0.0,5.0,4.0,6.0,2.0,4.0,22.0,0.0,3.0,3.0,3.0,25.8,1,13054,13054,13054,10067,2585,9889,1108,8975,9851,3853,9893,11258,8133,25519,17900,4452,8251,1.0,26:50,2017,2018
2017-18,201572,Brook Lopez,Brook,1610612747,LAL,Los Angeles Lakers,21701218,2018-04-10T00:00:00,LAL vs. HOU,L,16.3,3.0,3.0,0.0,8.0,2.0,8.0,5.0,12.0,0.0,0.0,2.0,1.0,14.8,1,13054,13054,13054,19084,4321,2864,9215,3447,2610,17775,12692,19440,8133,1,11691,12172,15927,1.0,16:16,2017,2018
2017-18,1628418,Thomas Bryant,Thomas,1610612747,LAL,Los Angeles Lakers,21701218,2018-04-10T00:00:00,LAL vs. HOU,L,7.9,0.0,0.0,0.0,0.0,0.0,0.0,2.0,12.0,0.0,0.0,2.0,2.0,1.7,1,13054,13054,13054,23366,12040,9889,9215,19152,1,1,4597,19440,8133,1,11691,7539,24538,1.0,7:54,2017,2018
2017-18,1627826,Ivica Zubac,Ivica,1610612747,LAL,Los Angeles Lakers,21701218,2018-04-10T00:00:00,LAL vs. HOU,L,20.1,0.0,0.0,0.0,2.0,9.0,0.0,2.0,12.0,0.0,0.0,3.0,3.0,10.5,1,13054,13054,13054,16003,12040,9889,9215,13399,15582,1,4597,19440,8133,1,17900,4452,19111,1.0,20:06,2017,2018
2017-18,101112,Channing Frye,Channing,1610612747,LAL,Los Angeles Lakers,21701218,2018-04-10T00:00:00,LAL vs. HOU,L,14.9,0.0,0.0,0.0,2.0,5.0,0.0,0.0,12.0,0.0,0.0,0.0,0.0,12.6,1,13054,13054,13054,20034,12040,9889,9215,13399,8098,1,1,19440,8133,1,1,18674,17582,1.0,14:54,2017,2018
2017-18,1627780,Gary Payton II,Gary,1610612747,LAL,Los Angeles Lakers,21701218,2018-04-10T00:00:00,LAL vs. HOU,L,8.3,0.0,0.0,0.0,0.0,2.0,6.0,5.0,8.0,0.0,0.0,0.0,0.0,6.9,1,13054,13054,13054,23257,12040,9889,9215,19152,2610,13576,12692,21998,8133,1,1,18674,21519,1.0,8:15,2017,2018
2017-18,204037,Travis Wear,Travis,1610612747,LAL,Los Angeles Lakers,21701218,2018-04-10T00:00:00,LAL vs. HOU,L,14.6,0.0,0.0,0.0,0.0,5.0,0.0,0.0,16.0,1.0,0.0,1.0,0.0,15.8,1,13054,13054,13054,20240,12040,9889,9215,19152,8098,1,1,16291,2512,1,5153,18674,15212,1.0,14:36,2017,2018
2017-18,203944,Julius Randle,Julius,1610612747,LAL,Los Angeles Lakers,21701218,2018-04-10T00:00:00,LAL vs. HOU,L,17.9,6.0,6.0,4.0,10.0,5.0,8.0,7.0,16.0,0.0,1.0,2.0,3.0,31.1,1,13054,13054,13054,17898,863,488,1706,2079,8098,17775,16621,16291,8133,17404,11691,4452,5437,1.0,17:51,2017,2018
2017-18,203898,Tyler Ennis,Tyler,1610612747,LAL,Los Angeles Lakers,21701218,2018-04-10T00:00:00,LAL vs. HOU,L,23.3,2.0,0.0,2.0,8.0,5.0,0.0,2.0,16.0,0.0,0.0,1.0,2.0,24.8,1,13054,13054,13054,13312,6347,9889,4430,3447,8098,1,4597,16291,8133,1,5153,7539,8852,1.0,23:15,2017,2018
2017-18,203484,Kentavious Caldwell-Pope,Kentavious,1610612747,LAL,Los Angeles Lakers,21701218,2018-04-10T00:00:00,LAL vs. HOU,L,21.2,0.0,0.0,3.0,0.0,8.0,8.0,7.0,18.0,0.0,0.0,1.0,0.0,12.9,1,13054,13054,13054,15060,12040,9889,2871,19152,13769,17775,16621,14614,8133,1,5153,18674,17397,1.0,21:11,2017,2018
2017-18,204037,Travis Wear,Travis,1610612747,LAL,Los Angeles Lakers,21701201,2018-04-08T00:00:00,LAL vs. UTA,L,17.8,2.0,2.0,0.0,2.0,12.0,3.0,8.0,14.0,0.0,0.0,3.0,0.0,4.9,1,13054,13054,13054,17937,6347,4626,9215,13399,20190,7350,18262,17944,8133,1,17900,18674,22801,1.0,17:49,2017,2018
2017-18,203898,Tyler Ennis,Tyler,1610612747,LAL,Los Angeles Lakers,21701201,2018-04-08T00:00:00,LAL vs. UTA,L,29.1,2.0,0.0,5.0,12.0,9.0,5.0,17.0,28.0,0.0,0.0,5.0,2.0,39.0,1,13054,13054,13054,8023,6347,9889,1108,1226,15582,11744,25261,6593,8133,1,24852,7539,2649,1.0,29:07,2017,2018
2017-18,1628418,Thomas Bryant,Thomas,1610612747,LAL,Los Angeles Lakers,21701201,2018-04-08T00:00:00,LAL vs. UTA,L,9.4,0.0,0.0,0.0,2.0,0.0,5.0,3.0,8.0,0.0,0.0,0.0,2.0,9.3,1,13054,13054,13054,22851,12040,9889,9215,13399,1,11744,8396,21998,8133,1,1,7539,19946,1.0,9:25,2017,2018
2017-18,1627936,Alex Caruso,Alex,1610612747,LAL,Los Angeles Lakers,21701201,2018-04-08T00:00:00,LAL vs. UTA,L,16.0,2.0,2.0,2.0,2.0,4.0,5.0,5.0,22.0,0.0,0.0,2.0,3.0,17.3,1,13054,13054,13054,19276,6347,4626,4430,13399,5970,11744,12692,11258,8133,1,11691,4452,14071,1.0,16:00,2017,2018
2017-18,201572,Brook Lopez,Brook,1610612747,LAL,Los Angeles Lakers,21701201,2018-04-08T00:00:00,LAL vs. UTA,L,20.5,0.0,0.0,0.0,0.0,13.0,5.0,9.0,20.0,0.0,2.0,2.0,1.0,9.5,1,13054,13054,13054,15616,12040,9889,9215,19152,21316,11744,19743,12905,8133,23707,11691,12172,19802,1.0,20:32,2017,2018
2017-18,1627826,Ivica Zubac,Ivica,1610612747,LAL,Los Angeles Lakers,21701201,2018-04-08T00:00:00,LAL vs. UTA,L,13.9,0.0,2.0,0.0,2.0,6.0,0.0,5.0,14.0,1.0,0.0,0.0,0.0,10.5,1,13054,13054,13054,20679,12040,4626,9215,13399,9851,1,12692,17944,2512,1,1,18674,19111,1.0,13:54,2017,2018
2017-18,1627780,Gary Payton II,Gary,1610612747,LAL,Los Angeles Lakers,21701201,2018-04-08T00:00:00,LAL vs. UTA,L,21.3,0.0,3.0,0.0,0.0,9.0,5.0,15.0,18.0,0.0,0.0,1.0,2.0,12.4,1,13054,13054,13054,14967,12040,2864,9215,19152,15582,11744,24627,14614,8133,1,5153,7539,17728,1.0,21:18,2017,2018
2017-18,101112,Channing Frye,Channing,1610612747,LAL,Los Angeles Lakers,21701201,2018-04-08T00:00:00,LAL vs. UTA,L,22.9,0.0,0.0,0.0,4.0,6.0,2.0,16.0,26.0,0.0,1.0,2.0,2.0,14.3,1,13054,13054,13054,13628,12040,9889,9215,8975,9851,3853,24980,8069,8133,17404,11691,7539,16315,1.0,22:53,2017,2018
2017-18,203484,Kentavious Caldwell-Pope,Kentavious,1610612747,LAL,Los Angeles Lakers,21701201,2018-04-08T00:00:00,LAL vs. UTA,L,23.3,4.0,0.0,2.0,4.0,7.0,5.0,13.0,26.0,1.0,0.0,3.0,2.0,15.9,1,13054,13054,13054,13254,2585,9889,4430,8975,11872,11744,23596,8069,2512,1,17900,7539,15126,1.0,23:20,2017,2018
2017-18,1628404,Josh Hart,Josh,1610612747,LAL,Los Angeles Lakers,21701201,2018-04-08T00:00:00,LAL vs. UTA,L,41.0,8.0,8.0,7.0,10.0,16.0,10.0,17.0,38.0,2.0,0.0,2.0,4.0,41.3,1,13054,13054,13054,327,254,152,387,2079,23917,20971,25261,1743,803,1,11691,2633,2112,1.0,41:02,2017,2018
2017-18,203944,Julius Randle,Julius,1610612747,LAL,Los Angeles Lakers,21701201,2018-04-08T00:00:00,LAL vs. UTA,L,24.7,2.0,2.0,2.0,12.0,13.0,5.0,17.0,26.0,0.0,1.0,2.0,6.0,29.4,1,13054,13054,13054,12019,6347,4626,4430,1226,21316,11744,25261,8069,8133,17404,11691,852,6222,1.0,24:41,2017,2018
2017-18,203484,Kentavious Caldwell-Pope,Kentavious,1610612747,LAL,Los Angeles Lakers,21701190,2018-04-06T00:00:00,LAL vs. MIN,L,34.7,5.0,0.0,2.0,2.0,21.0,12.0,18.0,50.0,1.0,1.0,1.0,0.0,21.1,1,13054,13054,13054,3367,1528,9889,4430,13399,25636,23073,25471,135,2512,17404,5153,18674,11271,1.0,34:39,2017,2018
2017-18,203944,Julius Randle,Julius,1610612747,LAL,Los Angeles Lakers,21701190,2018-04-06T00:00:00,LAL vs. MIN,L,32.6,0.0,2.0,6.0,10.0,19.0,12.0,18.0,50.0,0.0,3.0,3.0,5.0,30.0,1,13054,13054,13054,5052,12040,4626,622,2079,25199,23073,25471,135,8133,25519,17900,1543,5920,1.0,32:35,2017,2018
2017-18,1627826,Ivica Zubac,Ivica,1610612747,LAL,Los Angeles Lakers,21701190,2018-04-06T00:00:00,LAL vs. MIN,L,21.9,2.0,6.0,0.0,10.0,11.0,4.0,2.0,22.0,0.0,0.0,3.0,5.0,24.8,1,13054,13054,13054,14496,6347,488,9215,2079,18786,8753,4597,11258,8133,1,17900,1543,8852,1.0,21:52,2017,2018
2017-18,1628404,Josh Hart,Josh,1610612747,LAL,Los Angeles Lakers,21701190,2018-04-06T00:00:00,LAL vs. MIN,L,32.2,0.0,1.0,7.0,6.0,16.0,9.0,8.0,38.0,0.0,2.0,1.0,5.0,30.2,1,13054,13054,13054,5424,12040,9497,387,5708,23917,19633,18262,1743,8133,23707,5153,1543,5835,1.0,32:09,2017,2018
2017-18,201572,Brook Lopez,Brook,1610612747,LAL,Los Angeles Lakers,21701190,2018-04-06T00:00:00,LAL vs. MIN,L,24.4,0.0,3.0,2.0,10.0,16.0,10.0,14.0,34.0,0.0,1.0,2.0,2.0,24.2,1,13054,13054,13054,12321,12040,2864,4430,2079,23917,20971,24160,3166,8133,17404,11691,7539,9226,1.0,24:21,2017,2018
2017-18,1627780,Gary Payton II,Gary,1610612747,LAL,Los Angeles Lakers,21701190,2018-04-06T00:00:00,LAL vs. MIN,L,12.2,0.0,0.0,0.0,0.0,0.0,5.0,2.0,18.0,0.0,0.0,2.0,1.0,12.0,1,13054,13054,13054,21664,12040,9889,9215,19152,1,11744,4597,14614,8133,1,11691,12172,18042,1.0,12:10,2017,2018
2017-18,204037,Travis Wear,Travis,1610612747,LAL,Los Angeles Lakers,21701190,2018-04-06T00:00:00,LAL vs. MIN,L,8.4,0.0,0.0,0.0,0.0,7.0,0.0,2.0,8.0,0.0,0.0,1.0,0.0,0.0,1,13054,13054,13054,23220,12040,9889,9215,19152,11872,1,4597,21998,8133,1,5153,18674,25240,1.0,8:21,2017,2018
2017-18,1628398,Kyle Kuzma,Kyle,1610612747,LAL,Los Angeles Lakers,21701190,2018-04-06T00:00:00,LAL vs. MIN,L,18.3,0.0,2.0,0.0,0.0,16.0,7.0,12.0,28.0,1.0,0.0,2.0,0.0,4.6,1,13054,13054,13054,17553,12040,4626,9215,19152,23917,15942,22879,6593,2512,1,11691,18674,22952,1.0,18:17,2017,2018
2017-18,203898,Tyler Ennis,Tyler,1610612747,LAL,Los Angeles Lakers,21701190,2018-04-06T00:00:00,LAL vs. MIN,L,24.0,0.0,0.0,2.0,2.0,16.0,4.0,6.0,20.0,0.0,1.0,2.0,4.0,19.8,1,13054,13054,13054,12654,12040,9889,4430,13399,23917,8753,14585,12905,8133,17404,11691,2633,12171,1.0,24:00,2017,2018
2017-18,1627936,Alex Caruso,Alex,1610612747,LAL,Los Angeles Lakers,21701190,2018-04-06T00:00:00,LAL vs. MIN,L,14.4,0.0,0.0,0.0,2.0,14.0,5.0,12.0,24.0,0.0,0.0,1.0,1.0,5.2,1,13054,13054,13054,20369,12040,9889,9215,13399,22367,11744,22879,9573,8133,1,5153,12172,22561,1.0,14:24,2017,2018
2017-18,101112,Channing Frye,Channing,1610612747,LAL,Los Angeles Lakers,21701190,2018-04-06T00:00:00,LAL vs. MIN,L,14.5,0.0,0.0,0.0,0.0,14.0,2.0,6.0,16.0,0.0,0.0,3.0,1.0,3.2,1,13054,13054,13054,20293,12040,9889,9215,19152,22367,3853,14585,16291,8133,1,17900,12172,23609,1.0,14:30,2017,2018
2017-18,1628418,Thomas Bryant,Thomas,1610612747,LAL,Los Angeles Lakers,21701190,2018-04-06T00:00:00,LAL vs. MIN,L,2.7,0.0,0.0,2.0,2.0,0.0,0.0,0.0,2.0,0.0,0.0,0.0,0.0,3.5,1,13054,13054,13054,25279,12040,9889,4430,13399,1,1,1,24730,8133,1,1,18674,23500,1.0,2:42,2017,2018
2017-18,203898,Tyler Ennis,Tyler,1610612747,LAL,Los Angeles Lakers,21701174,2018-04-04T00:00:00,LAL vs. SAS,W,31.7,0.0,0.0,3.0,2.0,0.0,10.0,2.0,20.0,1.0,1.0,3.0,0.0,27.9,1,1,1,1,5824,12040,9889,2871,13399,1,20971,4597,12905,2512,17404,17900,18674,7056,1.0,31:41,2017,2018
2017-18,203484,Kentavious Caldwell-Pope,Kentavious,1610612747,LAL,Los Angeles Lakers,21701174,2018-04-04T00:00:00,LAL vs. SAS,W,37.3,5.0,0.0,4.0,6.0,10.0,8.0,7.0,32.0,0.0,0.0,3.0,5.0,36.2,1,1,1,1,1568,1528,9889,1706,5708,17328,17775,16621,4134,8133,1,17900,1543,3463,1.0,37:16,2017,2018
2017-18,201572,Brook Lopez,Brook,1610612747,LAL,Los Angeles Lakers,21701174,2018-04-04T00:00:00,LAL vs. SAS,W,22.7,0.0,2.0,0.0,6.0,10.0,8.0,7.0,26.0,1.0,0.0,2.0,3.0,17.3,1,1,1,1,13739,12040,4626,9215,5708,17328,17775,16621,8069,2512,1,11691,4452,14071,1.0,22:44,2017,2018
2017-18,1627936,Alex Caruso,Alex,1610612747,LAL,Los Angeles Lakers,21701174,2018-04-04T00:00:00,LAL vs. SAS,W,18.7,0.0,0.0,0.0,2.0,6.0,4.0,5.0,18.0,0.0,0.0,1.0,0.0,14.1,1,1,1,1,17175,12040,9889,9215,13399,9851,8753,12692,14614,8133,1,5153,18674,16466,1.0,18:43,2017,2018
2017-18,1628398,Kyle Kuzma,Kyle,1610612747,LAL,Los Angeles Lakers,21701174,2018-04-04T00:00:00,LAL vs. SAS,W,43.3,0.0,2.0,8.0,10.0,10.0,14.0,9.0,42.0,0.0,1.0,1.0,4.0,37.5,1,1,1,1,96,12040,4626,211,2079,17328,24457,19743,827,8133,17404,5153,2633,3051,1.0,43:19,2017,2018
2017-18,1628404,Josh Hart,Josh,1610612747,LAL,Los Angeles Lakers,21701174,2018-04-04T00:00:00,LAL vs. SAS,W,33.6,3.0,0.0,2.0,4.0,4.0,12.0,4.0,22.0,0.0,1.0,3.0,5.0,24.0,1,1,1,1,4244,4321,9889,4430,8975,5970,23073,9893,11258,8133,17404,17900,1543,9357,1.0,33:34,2017,2018
2017-18,203944,Julius Randle,Julius,1610612747,LAL,Los Angeles Lakers,21701174,2018-04-04T00:00:00,LAL vs. SAS,W,22.9,2.0,2.0,0.0,12.0,10.0,8.0,7.0,32.0,0.0,2.0,3.0,0.0,22.3,1,1,1,1,13584,6347,4626,9215,1226,17328,17775,16621,4134,8133,23707,17900,18674,10472,1.0,22:56,2017,2018
2017-18,101112,Channing Frye,Channing,1610612747,LAL,Los Angeles Lakers,21701174,2018-04-04T00:00:00,LAL vs. SAS,W,26.3,2.0,0.0,0.0,8.0,0.0,8.0,2.0,12.0,0.0,0.0,2.0,1.0,25.3,1,1,1,1,10568,6347,9889,9215,3447,1,17775,4597,19440,8133,1,11691,12172,8551,1.0,26:17,2017,2018
2017-18,1627826,Ivica Zubac,Ivica,1610612747,LAL,Los Angeles Lakers,21701174,2018-04-04T00:00:00,LAL vs. SAS,W,28.5,2.0,0.0,4.0,8.0,0.0,8.0,2.0,16.0,1.0,0.0,4.0,2.0,26.2,1,1,1,1,8579,6347,9889,1706,3447,1,17775,4597,16291,2512,1,22329,7539,8005,1.0,28:30,2017,2018
2017-18,203944,Julius Randle,Julius,1610612747,LAL,Los Angeles Lakers,21701166,2018-04-03T00:00:00,LAL @ UTA,L,35.9,7.0,3.0,2.0,6.0,16.0,16.0,5.0,34.0,0.0,2.0,4.0,7.0,34.9,1,13054,13054,13054,2459,504,2864,4430,5708,23917,25288,12692,3166,8133,23707,22329,463,3895,1.0,35:52,2017,2018
2017-18,203484,Kentavious Caldwell-Pope,Kentavious,1610612747,LAL,Los Angeles Lakers,21701166,2018-04-03T00:00:00,LAL @ UTA,L,40.4,0.0,3.0,0.0,4.0,18.0,23.0,7.0,44.0,1.0,0.0,5.0,4.0,40.5,1,13054,13054,13054,432,12040,2864,9215,8975,24900,26073,16621,542,2512,1,24852,2633,2303,1.0,40:22,2017,2018
2017-18,1628398,Kyle Kuzma,Kyle,1610612747,LAL,Los Angeles Lakers,21701166,2018-04-03T00:00:00,LAL @ UTA,L,36.5,6.0,0.0,2.0,10.0,16.0,14.0,5.0,34.0,0.0,1.0,4.0,6.0,33.7,1,13054,13054,13054,2052,863,9889,4430,2079,23917,24457,12692,3166,8133,17404,22329,852,4310,1.0,36:28,2017,2018
2017-18,1628404,Josh Hart,Josh,1610612747,LAL,Los Angeles Lakers,21701166,2018-04-03T00:00:00,LAL @ UTA,L,35.3,2.0,0.0,0.0,2.0,10.0,14.0,4.0,38.0,1.0,0.0,3.0,3.0,28.3,1,13054,13054,13054,2882,6347,9889,9215,13399,17328,24457,9893,1743,2512,1,17900,4452,6851,1.0,35:18,2017,2018
2017-18,101112,Channing Frye,Channing,1610612747,LAL,Los Angeles Lakers,21701166,2018-04-03T00:00:00,LAL @ UTA,L,16.7,0.0,0.0,3.0,0.0,2.0,9.0,2.0,18.0,0.0,0.0,2.0,0.0,11.7,1,13054,13054,13054,18740,12040,9889,2871,19152,2610,19633,4597,14614,8133,1,11691,18674,18250,1.0,16:43,2017,2018
2017-18,1627936,Alex Caruso,Alex,1610612747,LAL,Los Angeles Lakers,21701166,2018-04-03T00:00:00,LAL @ UTA,L,15.2,0.0,0.0,3.0,0.0,8.0,11.0,3.0,14.0,0.0,0.0,1.0,0.0,5.0,1,13054,13054,13054,19805,12040,9889,2871,19152,13769,22147,8396,17944,8133,1,5153,18674,22703,1.0,15:14,2017,2018
2017-18,1627826,Ivica Zubac,Ivica,1610612747,LAL,Los Angeles Lakers,21701166,2018-04-03T00:00:00,LAL @ UTA,L,11.0,0.0,0.0,0.0,0.0,2.0,5.0,2.0,14.0,1.0,0.0,1.0,0.0,5.4,1,13054,13054,13054,22272,12040,9889,9215,19152,2610,11744,4597,17944,2512,1,5153,18674,22446,1.0,10:57,2017,2018
2017-18,201572,Brook Lopez,Brook,1610612747,LAL,Los Angeles Lakers,21701166,2018-04-03T00:00:00,LAL @ UTA,L,27.0,0.0,2.0,0.0,4.0,14.0,13.0,3.0,26.0,1.0,2.0,1.0,1.0,20.9,1,13054,13054,13054,9957,12040,4626,9215,8975,22367,23905,8396,8069,2512,23707,5153,12172,11411,1.0,26:57,2017,2018
2017-18,203898,Tyler Ennis,Tyler,1610612747,LAL,Los Angeles Lakers,21701166,2018-04-03T00:00:00,LAL @ UTA,L,22.2,4.0,4.0,0.0,8.0,4.0,10.0,4.0,28.0,1.0,0.0,2.0,1.0,30.9,1,13054,13054,13054,14249,2585,1497,9215,3447,5970,20971,9893,6593,2512,1,11691,12172,5526,1.0,22:09,2017,2018
2017-18,203898,Tyler Ennis,Tyler,1610612747,LAL,Los Angeles Lakers,21701155,2018-04-01T00:00:00,LAL vs. SAC,L,15.7,0.0,0.0,0.0,4.0,0.0,3.0,0.0,8.0,2.0,1.0,0.0,0.0,21.6,1,13054,13054,13054,19492,12040,9889,9215,8975,1,7350,1,21998,803,17404,1,18674,10943,1.0,15:42,2017,2018
2017-18,201572,Brook Lopez,Brook,1610612747,LAL,Los Angeles Lakers,21701155,2018-04-01T00:00:00,LAL vs. SAC,L,26.0,0.0,3.0,0.0,4.0,4.0,8.0,10.0,34.0,0.0,0.0,4.0,2.0,16.0,1,13054,13054,13054,10818,12040,2864,9215,8975,5970,17775,20944,3166,8133,1,22329,7539,15046,1.0,25:58,2017,2018
2017-18,101112,Channing Frye,Channing,1610612747,LAL,Los Angeles Lakers,21701155,2018-04-01T00:00:00,LAL vs. SAC,L,21.5,3.0,0.0,0.0,0.0,5.0,4.0,3.0,12.0,1.0,0.0,1.0,1.0,18.3,1,13054,13054,13054,14762,4321,9889,9215,19152,8098,8753,8396,19440,2512,1,5153,12172,13334,1.0,21:32,2017,2018
2017-18,1628398,Kyle Kuzma,Kyle,1610612747,LAL,Los Angeles Lakers,21701155,2018-04-01T00:00:00,LAL vs. SAC,L,39.0,3.0,0.0,0.0,4.0,6.0,9.0,7.0,48.0,0.0,1.0,0.0,1.0,22.0,1,13054,13054,13054,806,4321,9889,9215,8975,9851,19633,16621,238,8133,17404,1,12172,10675,1.0,39:00,2017,2018
2017-18,203944,Julius Randle,Julius,1610612747,LAL,Los Angeles Lakers,21701155,2018-04-01T00:00:00,LAL vs. SAC,L,24.3,2.0,0.0,9.0,10.0,4.0,7.0,7.0,34.0,1.0,1.0,4.0,7.0,27.0,1,13054,13054,13054,12406,6347,9889,125,2079,5970,15942,16621,3166,2512,17404,22329,463,7532,1.0,24:16,2017,2018
2017-18,1627826,Ivica Zubac,Ivica,1610612747,LAL,Los Angeles Lakers,21701155,2018-04-01T00:00:00,LAL vs. SAC,L,18.1,0.0,2.0,1.0,6.0,5.0,3.0,0.0,12.0,1.0,1.0,2.0,4.0,28.0,1,13054,13054,13054,17669,12040,4626,8899,5708,8098,7350,1,19440,2512,17404,11691,2633,7003,1.0,18:08,2017,2018
2017-18,203484,Kentavious Caldwell-Pope,Kentavious,1610612747,LAL,Los Angeles Lakers,21701155,2018-04-01T00:00:00,LAL vs. SAC,L,39.5,4.0,0.0,5.0,12.0,9.0,13.0,10.0,42.0,0.0,0.0,1.0,4.0,20.1,1,13054,13054,13054,660,2585,9889,1108,1226,15582,23905,20944,827,8133,1,5153,2633,11980,1.0,39:28,2017,2018
2017-18,1628404,Josh Hart,Josh,1610612747,LAL,Los Angeles Lakers,21701155,2018-04-01T00:00:00,LAL vs. SAC,L,26.1,2.0,3.0,0.0,2.0,3.0,8.0,6.0,22.0,0.0,1.0,3.0,0.0,14.6,1,13054,13054,13054,10714,6347,2864,9215,13399,4813,17775,14585,11258,8133,17404,17900,18674,16089,1.0,26:07,2017,2018
2017-18,1627936,Alex Caruso,Alex,1610612747,LAL,Los Angeles Lakers,21701155,2018-04-01T00:00:00,LAL vs. SAC,L,29.8,0.0,2.0,2.0,4.0,9.0,10.0,7.0,38.0,1.0,0.0,0.0,1.0,17.8,1,13054,13054,13054,7402,12040,4626,4430,8975,15582,20971,16621,1743,2512,1,1,12172,13702,1.0,29:49,2017,2018
2017-18,1627936,Alex Caruso,Alex,1610612747,LAL,Los Angeles Lakers,21701136,2018-03-30T00:00:00,LAL vs. MIL,L,30.8,3.0,3.0,0.0,2.0,19.0,7.0,9.0,40.0,0.0,1.0,5.0,2.0,19.8,1,13054,13054,13054,6603,4321,2864,9215,13399,25199,15942,19743,1224,8133,17404,24852,7539,12171,1.0,30:45,2017,2018
2017-18,203484,Kentavious Caldwell-Pope,Kentavious,1610612747,LAL,Los Angeles Lakers,21701136,2018-03-30T00:00:00,LAL vs. MIL,L,16.4,0.0,0.0,0.0,6.0,9.0,2.0,2.0,18.0,0.0,1.0,1.0,0.0,17.1,1,13054,13054,13054,18986,12040,9889,9215,5708,15582,3853,4597,14614,8133,17404,5153,18674,14216,1.0,16:24,2017,2018
2017-18,203944,Julius Randle,Julius,1610612747,LAL,Los Angeles Lakers,21701136,2018-03-30T00:00:00,LAL vs. MIL,L,40.3,4.0,2.0,0.0,6.0,26.0,7.0,13.0,42.0,1.0,2.0,3.0,10.0,36.5,1,13054,13054,13054,453,2585,4626,9215,5708,26020,15942,23596,827,2512,23707,17900,65,3377,1.0,40:15,2017,2018
2017-18,101112,Channing Frye,Channing,1610612747,LAL,Los Angeles Lakers,21701136,2018-03-30T00:00:00,LAL vs. MIL,L,15.1,0.0,0.0,0.0,0.0,10.0,3.0,0.0,18.0,0.0,0.0,1.0,0.0,6.6,1,13054,13054,13054,19943,12040,9889,9215,19152,17328,7350,1,14614,8133,1,5153,18674,21680,1.0,15:03,2017,2018
2017-18,1628398,Kyle Kuzma,Kyle,1610612747,LAL,Los Angeles Lakers,21701136,2018-03-30T00:00:00,LAL vs. MIL,L,46.2,2.0,4.0,4.0,16.0,28.0,10.0,16.0,54.0,0.0,0.0,4.0,2.0,53.4,1,13054,13054,13054,30,6347,1497,1706,372,26069,20971,24980,52,8133,1,22329,7539,587,1.0,46:10,2017,2018
2017-18,203898,Tyler Ennis,Tyler,1610612747,LAL,Los Angeles Lakers,21701136,2018-03-30T00:00:00,LAL vs. MIL,L,15.2,0.0,0.0,0.0,4.0,8.0,3.0,3.0,20.0,0.0,1.0,1.0,0.0,9.2,1,13054,13054,13054,19835,12040,9889,9215,8975,13769,7350,8396,12905,8133,17404,5153,18674,19978,1.0,15:12,2017,2018
2017-18,1628404,Josh Hart,Josh,1610612747,LAL,Los Angeles Lakers,21701136,2018-03-30T00:00:00,LAL vs. MIL,L,34.9,0.0,4.0,4.0,6.0,22.0,9.0,14.0,40.0,1.0,0.0,3.0,1.0,30.6,1,13054,13054,13054,3156,12040,1497,1706,5708,25766,19633,24160,1224,2512,1,17900,12172,5654,1.0,34:55,2017,2018
2017-18,1627826,Ivica Zubac,Ivica,1610612747,LAL,Los Angeles Lakers,21701136,2018-03-30T00:00:00,LAL vs. MIL,L,11.9,2.0,4.0,6.0,12.0,5.0,4.0,3.0,18.0,0.0,0.0,0.0,3.0,22.0,1,13054,13054,13054,21854,6347,1497,622,1226,8098,8753,8396,14614,8133,1,1,4452,10675,1.0,11:55,2017,2018
2017-18,201572,Brook Lopez,Brook,1610612747,LAL,Los Angeles Lakers,21701136,2018-03-30T00:00:00,LAL vs. MIL,L,27.7,4.0,4.0,0.0,16.0,14.0,4.0,9.0,24.0,1.0,0.0,2.0,3.0,29.9,1,13054,13054,13054,9343,2585,1497,9215,372,22367,8753,19743,9573,2512,1,11691,4452,5975,1.0,27:39,2017,2018
2017-18,1627742,Brandon Ingram,Brandon,1610612747,LAL,Los Angeles Lakers,21701136,2018-03-30T00:00:00,LAL vs. MIL,L,26.7,2.0,0.0,2.0,4.0,14.0,6.0,11.0,26.0,0.0,1.0,3.0,4.0,19.6,1,13054,13054,13054,10203,6347,9889,4430,8975,22367,13576,22010,8069,8133,17404,17900,2633,12309,1.0,26:42,2017,2018
2017-18,1627936,Alex Caruso,Alex,1610612747,LAL,Los Angeles Lakers,21701123,2018-03-28T00:00:00,LAL vs. DAL,W,15.7,0.0,0.0,0.0,2.0,4.0,2.0,4.0,10.0,1.0,0.0,2.0,2.0,12.7,1,1,1,1,19457,12040,9889,9215,13399,5970,3853,9893,20795,2512,1,11691,7539,17522,1.0,15:44,2017,2018
2017-18,203944,Julius Randle,Julius,1610612747,LAL,Los Angeles Lakers,21701123,2018-03-28T00:00:00,LAL vs. DAL,W,33.3,1.0,4.0,4.0,14.0,13.0,5.0,9.0,20.0,0.0,0.0,2.0,6.0,35.0,1,1,1,1,4470,11566,1497,1706,679,21316,11744,19743,12905,8133,1,11691,852,3849,1.0,33:17,2017,2018
2017-18,201572,Brook Lopez,Brook,1610612747,LAL,Los Angeles Lakers,21701123,2018-03-28T00:00:00,LAL vs. DAL,W,38.7,0.0,0.0,5.0,12.0,15.0,5.0,13.0,26.0,1.0,1.0,4.0,3.0,42.4,1,1,1,1,895,12040,9889,1108,1226,23214,11744,23596,8069,2512,17404,22329,4452,1903,1.0,38:43,2017,2018
2017-18,1628366,Lonzo Ball,Lonzo,1610612747,LAL,Los Angeles Lakers,21701123,2018-03-28T00:00:00,LAL vs. DAL,W,24.1,1.0,0.0,2.0,2.0,11.0,5.0,9.0,18.0,0.0,0.0,1.0,1.0,19.3,1,1,1,1,12569,11566,9889,4430,13399,18786,11744,19743,14614,8133,1,5153,12172,12555,1.0,24:05,2017,2018
2017-18,1627826,Ivica Zubac,Ivica,1610612747,LAL,Los Angeles Lakers,21701123,2018-03-28T00:00:00,LAL vs. DAL,W,8.7,0.0,0.0,0.0,0.0,2.0,2.0,0.0,4.0,2.0,0.0,1.0,0.0,14.1,1,1,1,1,23106,12040,9889,9215,19152,2610,3853,1,23940,803,1,5153,18674,16466,1.0,8:41,2017,2018
2017-18,1627742,Brandon Ingram,Brandon,1610612747,LAL,Los Angeles Lakers,21701123,2018-03-28T00:00:00,LAL vs. DAL,W,23.2,2.0,4.0,0.0,2.0,11.0,2.0,9.0,18.0,0.0,0.0,2.0,5.0,26.2,1,1,1,1,13377,6347,1497,9215,13399,18786,3853,19743,14614,8133,1,11691,1543,8005,1.0,23:10,2017,2018
2017-18,204037,Travis Wear,Travis,1610612747,LAL,Los Angeles Lakers,21701123,2018-03-28T00:00:00,LAL vs. DAL,W,15.3,0.0,0.0,0.0,0.0,4.0,2.0,4.0,10.0,0.0,0.0,1.0,0.0,8.9,1,1,1,1,19766,12040,9889,9215,19152,5970,3853,9893,20795,8133,1,5153,18674,20207,1.0,15:19,2017,2018
2017-18,203484,Kentavious Caldwell-Pope,Kentavious,1610612747,LAL,Los Angeles Lakers,21701123,2018-03-28T00:00:00,LAL vs. DAL,W,35.5,3.0,0.0,3.0,4.0,13.0,7.0,9.0,20.0,0.0,0.0,0.0,2.0,19.8,1,1,1,1,2740,4321,9889,2871,8975,21316,15942,19743,12905,8133,1,1,7539,12171,1.0,35:29,2017,2018
2017-18,1628398,Kyle Kuzma,Kyle,1610612747,LAL,Los Angeles Lakers,21701123,2018-03-28T00:00:00,LAL vs. DAL,W,34.2,0.0,0.0,6.0,8.0,8.0,5.0,4.0,16.0,1.0,0.0,2.0,3.0,28.3,1,1,1,1,3777,12040,9889,622,3447,13769,11744,9893,16291,2512,1,11691,4452,6851,1.0,34:09,2017,2018
2017-18,203898,Tyler Ennis,Tyler,1610612747,LAL,Los Angeles Lakers,21701123,2018-03-28T00:00:00,LAL vs. DAL,W,11.4,0.0,0.0,3.0,2.0,4.0,0.0,4.0,8.0,0.0,0.0,1.0,0.0,10.6,1,1,1,1,22106,12040,9889,2871,13399,5970,1,9893,21998,8133,1,5153,18674,19027,1.0,11:23,2017,2018
2017-18,203944,Julius Randle,Julius,1610612747,LAL,Los Angeles Lakers,21701104,2018-03-26T00:00:00,LAL @ DET,L,32.3,0.0,0.0,0.0,14.0,7.0,15.0,5.0,26.0,0.0,1.0,5.0,9.0,35.7,1,13054,13054,13054,5335,12040,9889,9215,679,11872,24909,12692,8069,8133,17404,24852,129,3618,1.0,32:16,2017,2018
2017-18,1628418,Thomas Bryant,Thomas,1610612747,LAL,Los Angeles Lakers,21701104,2018-03-26T00:00:00,LAL @ DET,L,0.6,0.0,0.0,0.0,0.0,0.0,0.0,0.0,0.0,0.0,0.0,0.0,0.0,0.0,1,13054,13054,13054,25970,12040,9889,9215,19152,1,1,1,25495,8133,1,1,18674,25240,1.0,0:39,2017,2018
2017-18,1627780,Gary Payton II,Gary,1610612747,LAL,Los Angeles Lakers,21701104,2018-03-26T00:00:00,LAL @ DET,L,2.8,0.0,0.0,0.0,0.0,0.0,0.0,0.0,2.0,0.0,0.0,0.0,0.0,0.0,1,13054,13054,13054,25255,12040,9889,9215,19152,1,1,1,24730,8133,1,1,18674,25240,1.0,2:46,2017,2018
2017-18,203898,Tyler Ennis,Tyler,1610612747,LAL,Los Angeles Lakers,21701104,2018-03-26T00:00:00,LAL @ DET,L,17.8,2.0,0.0,2.0,2.0,3.0,1.0,2.0,20.0,0.0,0.0,1.0,0.0,11.7,1,13054,13054,13054,17920,6347,9889,4430,13399,4813,3582,4597,12905,8133,1,5153,18674,18250,1.0,17:50,2017,2018
2017-18,204037,Travis Wear,Travis,1610612747,LAL,Los Angeles Lakers,21701104,2018-03-26T00:00:00,LAL @ DET,L,17.1,0.0,0.0,0.0,0.0,5.0,3.0,2.0,18.0,0.0,0.0,0.0,3.0,8.8,1,13054,13054,13054,18490,12040,9889,9215,19152,8098,7350,4597,14614,8133,1,1,4452,20288,1.0,17:04,2017,2018
2017-18,203484,Kentavious Caldwell-Pope,Kentavious,1610612747,LAL,Los Angeles Lakers,21701104,2018-03-26T00:00:00,LAL @ DET,L,38.2,2.0,0.0,0.0,2.0,12.0,18.0,5.0,26.0,1.0,0.0,1.0,1.0,26.5,1,13054,13054,13054,1097,6347,9889,9215,13399,20190,25744,12692,8069,2512,1,5153,12172,7830,1.0,38:15,2017,2018
2017-18,1627826,Ivica Zubac,Ivica,1610612747,LAL,Los Angeles Lakers,21701104,2018-03-26T00:00:00,LAL @ DET,L,8.5,0.0,4.0,2.0,4.0,0.0,0.0,0.0,8.0,1.0,1.0,1.0,3.0,16.3,1,13054,13054,13054,23153,12040,1497,4430,8975,1,1,1,21998,2512,17404,5153,4452,14816,1.0,8:33,2017,2018
2017-18,201572,Brook Lopez,Brook,1610612747,LAL,Los Angeles Lakers,21701104,2018-03-26T00:00:00,LAL @ DET,L,31.8,2.0,0.0,0.0,12.0,9.0,17.0,7.0,28.0,5.0,0.0,5.0,3.0,46.1,1,13054,13054,13054,5743,6347,9889,9215,1226,15582,25562,16621,6593,31,1,24852,4452,1284,1.0,31:47,2017,2018
2017-18,101112,Channing Frye,Channing,1610612747,LAL,Los Angeles Lakers,21701104,2018-03-26T00:00:00,LAL @ DET,L,7.0,0.0,0.0,0.0,4.0,3.0,1.0,0.0,4.0,0.0,0.0,2.0,0.0,4.0,1,13054,13054,13054,23679,12040,9889,9215,8975,4813,3582,1,23940,8133,1,11691,18674,23294,1.0,6:59,2017,2018
2017-18,1628366,Lonzo Ball,Lonzo,1610612747,LAL,Los Angeles Lakers,21701104,2018-03-26T00:00:00,LAL @ DET,L,43.0,2.0,0.0,2.0,6.0,12.0,18.0,7.0,40.0,0.0,0.0,4.0,2.0,45.1,1,13054,13054,13054,119,6347,9889,4430,5708,20190,25744,16621,1224,8133,1,22329,7539,1432,1.0,43:00,2017,2018
2017-18,1628398,Kyle Kuzma,Kyle,1610612747,LAL,Los Angeles Lakers,21701104,2018-03-26T00:00:00,LAL @ DET,L,40.9,0.0,0.0,5.0,10.0,9.0,17.0,7.0,38.0,0.0,0.0,1.0,5.0,31.7,1,13054,13054,13054,345,12040,9889,1108,2079,15582,25562,16621,1743,8133,1,5153,1543,5185,1.0,40:52,2017,2018
2017-18,203898,Tyler Ennis,Tyler,1610612747,LAL,Los Angeles Lakers,21701092,2018-03-24T00:00:00,LAL @ MEM,W,17.9,0.0,2.0,2.0,6.0,5.0,6.0,4.0,12.0,0.0,0.0,1.0,0.0,15.9,1,1,1,1,17882,12040,4626,4430,5708,8098,13576,9893,19440,8133,1,5153,18674,15126,1.0,17:52,2017,2018
2017-18,204037,Travis Wear,Travis,1610612747,LAL,Los Angeles Lakers,21701092,2018-03-24T00:00:00,LAL @ MEM,W,19.3,2.0,0.0,2.0,0.0,5.0,6.0,4.0,18.0,0.0,0.0,1.0,1.0,20.9,1,1,1,1,16751,6347,9889,4430,19152,8098,13576,9893,14614,8133,1,5153,12172,11411,1.0,19:15,2017,2018
2017-18,1628366,Lonzo Ball,Lonzo,1610612747,LAL,Los Angeles Lakers,21701092,2018-03-24T00:00:00,LAL @ MEM,W,42.2,2.0,0.0,2.0,6.0,14.0,14.0,11.0,44.0,0.0,1.0,3.0,3.0,37.6,1,1,1,1,187,6347,9889,4430,5708,22367,24457,22010,542,8133,17404,17900,4452,3030,1.0,42:12,2017,2018
2017-18,1627826,Ivica Zubac,Ivica,1610612747,LAL,Los Angeles Lakers,21701092,2018-03-24T00:00:00,LAL @ MEM,W,3.6,0.0,0.0,0.0,0.0,0.0,0.0,0.0,0.0,0.0,0.0,1.0,0.0,0.2,1,1,1,1,24913,12040,9889,9215,19152,1,1,1,25495,8133,1,5153,18674,25169,1.0,3:37,2017,2018
2017-18,203484,Kentavious Caldwell-Pope,Kentavious,1610612747,LAL,Los Angeles Lakers,21701092,2018-03-24T00:00:00,LAL @ MEM,W,42.6,0.0,0.0,2.0,0.0,14.0,14.0,13.0,44.0,0.0,0.0,4.0,5.0,26.5,1,1,1,1,153,12040,9889,4430,19152,22367,24457,23596,542,8133,1,22329,1543,7830,1.0,42:35,2017,2018
2017-18,201572,Brook Lopez,Brook,1610612747,LAL,Los Angeles Lakers,21701092,2018-03-24T00:00:00,LAL @ MEM,W,34.7,2.0,4.0,0.0,2.0,9.0,8.0,11.0,30.0,1.0,0.0,3.0,5.0,19.0,1,1,1,1,3337,6347,1497,9215,13399,15582,17775,22010,5301,2512,1,17900,1543,12780,1.0,34:42,2017,2018
2017-18,1628398,Kyle Kuzma,Kyle,1610612747,LAL,Los Angeles Lakers,21701092,2018-03-24T00:00:00,LAL @ MEM,W,41.4,3.0,0.0,10.0,6.0,9.0,8.0,11.0,38.0,1.0,2.0,2.0,2.0,45.5,1,1,1,1,276,4321,9889,78,5708,15582,17775,22010,1743,2512,23707,11691,7539,1370,1.0,41:21,2017,2018
2017-18,203944,Julius Randle,Julius,1610612747,LAL,Los Angeles Lakers,21701092,2018-03-24T00:00:00,LAL @ MEM,W,38.4,0.0,4.0,0.0,14.0,14.0,14.0,11.0,44.0,0.0,3.0,5.0,5.0,31.7,1,1,1,1,1008,12040,1497,9215,679,22367,24457,22010,542,8133,25519,24852,1543,5185,1.0,38:26,2017,2018
2017-18,1627826,Ivica Zubac,Ivica,1610612747,LAL,Los Angeles Lakers,21701075,2018-03-22T00:00:00,LAL @ NOP,L,5.4,0.0,0.0,0.0,2.0,2.0,0.0,4.0,6.0,0.0,0.0,0.0,0.0,2.0,1,13054,13054,13054,24254,12040,9889,9215,13399,2610,1,9893,23042,8133,1,1,18674,24340,1.0,5:25,2017,2018
2017-18,1628366,Lonzo Ball,Lonzo,1610612747,LAL,Los Angeles Lakers,21701075,2018-03-22T00:00:00,LAL @ NOP,L,44.1,0.0,0.0,0.0,2.0,19.0,9.0,28.0,72.0,2.0,1.0,4.0,1.0,39.9,1,13054,13054,13054,66,12040,9889,9215,13399,25199,19633,26064,2,803,17404,22329,12172,2432,1.0,44:09,2017,2018
2017-18,1628398,Kyle Kuzma,Kyle,1610612747,LAL,Los Angeles Lakers,21701075,2018-03-22T00:00:00,LAL @ NOP,L,42.8,0.0,3.0,0.0,2.0,19.0,9.0,28.0,76.0,0.0,1.0,1.0,5.0,33.0,1,13054,13054,13054,136,12040,2864,9215,13399,25199,19633,26064,1,8133,17404,5153,1543,4633,1.0,42:47,2017,2018
2017-18,201572,Brook Lopez,Brook,1610612747,LAL,Los Angeles Lakers,21701075,2018-03-22T00:00:00,LAL @ NOP,L,30.1,2.0,4.0,2.0,16.0,14.0,7.0,17.0,54.0,0.0,0.0,2.0,4.0,32.7,1,13054,13054,13054,7125,6347,1497,4430,372,22367,15942,25261,52,8133,1,11691,2633,4754,1.0,30:07,2017,2018
2017-18,204037,Travis Wear,Travis,1610612747,LAL,Los Angeles Lakers,21701075,2018-03-22T00:00:00,LAL @ NOP,L,13.6,3.0,0.0,0.0,0.0,7.0,0.0,6.0,14.0,0.0,0.0,3.0,0.0,11.9,1,13054,13054,13054,20867,4321,9889,9215,19152,11872,1,14585,17944,8133,1,17900,18674,18107,1.0,13:36,2017,2018
2017-18,203944,Julius Randle,Julius,1610612747,LAL,Los Angeles Lakers,21701075,2018-03-22T00:00:00,LAL @ NOP,L,35.2,2.0,4.0,2.0,18.0,11.0,9.0,23.0,66.0,1.0,2.0,4.0,5.0,39.0,1,13054,13054,13054,2956,6347,1497,4430,191,18786,19633,25968,5,2512,23707,22329,1543,2649,1.0,35:13,2017,2018
2017-18,202738,Isaiah Thomas,Isaiah,1610612747,LAL,Los Angeles Lakers,21701075,2018-03-22T00:00:00,LAL @ NOP,L,25.8,2.0,0.0,6.0,8.0,15.0,2.0,16.0,40.0,0.0,0.0,3.0,2.0,13.2,1,13054,13054,13054,10957,6347,9889,622,3447,23214,3853,24980,1224,8133,1,17900,7539,17181,1.0,25:51,2017,2018
2017-18,203484,Kentavious Caldwell-Pope,Kentavious,1610612747,LAL,Los Angeles Lakers,21701075,2018-03-22T00:00:00,LAL @ NOP,L,42.9,3.0,3.0,12.0,0.0,18.0,9.0,28.0,72.0,0.0,0.0,3.0,2.0,34.8,1,13054,13054,13054,128,4321,2864,28,19152,24900,19633,26064,2,8133,1,17900,7539,3936,1.0,42:52,2017,2018
2017-18,203898,Tyler Ennis,Tyler,1610612747,LAL,Los Angeles Lakers,21701051,2018-03-19T00:00:00,LAL @ IND,L,9.1,0.0,0.0,0.0,0.0,0.0,4.0,6.0,8.0,0.0,0.0,2.0,0.0,3.6,1,13054,13054,13054,22976,12040,9889,9215,19152,1,8753,14585,21998,8133,1,11691,18674,23455,1.0,9:04,2017,2018
2017-18,1627826,Ivica Zubac,Ivica,1610612747,LAL,Los Angeles Lakers,21701051,2018-03-19T00:00:00,LAL @ IND,L,7.4,0.0,2.0,0.0,2.0,3.0,5.0,4.0,8.0,0.0,1.0,1.0,0.0,6.1,1,13054,13054,13054,23534,12040,4626,9215,13399,4813,11744,9893,21998,8133,17404,5153,18674,22042,1.0,7:25,2017,2018
2017-18,202738,Isaiah Thomas,Isaiah,1610612747,LAL,Los Angeles Lakers,21701051,2018-03-19T00:00:00,LAL @ IND,L,25.5,0.0,0.0,2.0,4.0,9.0,7.0,6.0,20.0,0.0,2.0,3.0,2.0,18.1,1,13054,13054,13054,11326,12040,9889,4430,8975,15582,15942,14585,12905,8133,23707,17900,7539,13466,1.0,25:28,2017,2018
2017-18,203944,Julius Randle,Julius,1610612747,LAL,Los Angeles Lakers,21701051,2018-03-19T00:00:00,LAL @ IND,L,34.5,5.0,4.0,5.0,18.0,13.0,6.0,10.0,38.0,0.0,4.0,4.0,3.0,38.3,1,13054,13054,13054,3544,1528,1497,1108,191,21316,13576,20944,1743,8133,25989,22329,4452,2837,1.0,34:27,2017,2018
2017-18,204037,Travis Wear,Travis,1610612747,LAL,Los Angeles Lakers,21701051,2018-03-19T00:00:00,LAL @ IND,L,13.0,0.0,0.0,0.0,0.0,7.0,5.0,4.0,10.0,0.0,0.0,2.0,0.0,3.8,1,13054,13054,13054,21228,12040,9889,9215,19152,11872,11744,9893,20795,8133,1,11691,18674,23410,1.0,12:59,2017,2018
2017-18,201572,Brook Lopez,Brook,1610612747,LAL,Los Angeles Lakers,21701051,2018-03-19T00:00:00,LAL @ IND,L,37.0,2.0,2.0,0.0,16.0,13.0,6.0,10.0,36.0,2.0,0.0,1.0,3.0,41.1,1,13054,13054,13054,1699,6347,4626,9215,372,21316,13576,20944,2385,803,1,5153,4452,2160,1.0,37:01,2017,2018
2017-18,203484,Kentavious Caldwell-Pope,Kentavious,1610612747,LAL,Los Angeles Lakers,21701051,2018-03-19T00:00:00,LAL @ IND,L,39.4,3.0,0.0,6.0,0.0,14.0,9.0,12.0,34.0,1.0,1.0,2.0,2.0,25.9,1,13054,13054,13054,697,4321,9889,622,19152,22367,19633,22879,3166,2512,17404,11691,7539,8185,1.0,39:22,2017,2018
2017-18,1628366,Lonzo Ball,Lonzo,1610612747,LAL,Los Angeles Lakers,21701051,2018-03-19T00:00:00,LAL @ IND,L,37.4,0.0,0.0,0.0,0.0,15.0,4.0,8.0,36.0,0.0,0.0,1.0,1.0,20.4,1,13054,13054,13054,1514,12040,9889,9215,19152,23214,8753,18262,2385,8133,1,5153,12172,11755,1.0,37:22,2017,2018
2017-18,1628398,Kyle Kuzma,Kyle,1610612747,LAL,Los Angeles Lakers,21701051,2018-03-19T00:00:00,LAL @ IND,L,36.9,3.0,5.0,6.0,6.0,16.0,9.0,10.0,40.0,0.0,0.0,2.0,5.0,37.1,1,13054,13054,13054,1781,4321,967,622,5708,23917,19633,20944,1224,8133,1,11691,1543,3186,1.0,36:52,2017,2018
2017-18,203484,Kentavious Caldwell-Pope,Kentavious,1610612747,LAL,Los Angeles Lakers,21701034,2018-03-16T00:00:00,LAL vs. MIA,L,38.9,2.0,2.0,2.0,4.0,15.0,13.0,11.0,42.0,0.0,0.0,3.0,2.0,21.8,1,13054,13054,13054,839,6347,4626,4430,8975,23214,23905,22010,827,8133,1,17900,7539,10809,1.0,38:52,2017,2018
2017-18,1628398,Kyle Kuzma,Kyle,1610612747,LAL,Los Angeles Lakers,21701034,2018-03-16T00:00:00,LAL vs. MIA,L,32.5,3.0,0.0,4.0,8.0,11.0,12.0,4.0,32.0,0.0,0.0,3.0,1.0,25.1,1,13054,13054,13054,5139,4321,9889,1706,3447,18786,23073,9893,4134,8133,1,17900,12172,8657,1.0,32:30,2017,2018
2017-18,201572,Brook Lopez,Brook,1610612747,LAL,Los Angeles Lakers,21701034,2018-03-16T00:00:00,LAL vs. MIA,L,32.6,4.0,3.0,0.0,2.0,13.0,13.0,11.0,38.0,2.0,0.0,3.0,3.0,29.8,1,13054,13054,13054,5011,2585,2864,9215,13399,21316,23905,22010,1743,803,1,17900,4452,6027,1.0,32:39,2017,2018
2017-18,203944,Julius Randle,Julius,1610612747,LAL,Los Angeles Lakers,21701034,2018-03-16T00:00:00,LAL vs. MIA,L,38.2,2.0,2.0,4.0,18.0,13.0,13.0,11.0,44.0,0.0,1.0,4.0,7.0,44.4,1,13054,13054,13054,1099,6347,4626,1706,191,21316,23905,22010,542,8133,17404,22329,463,1552,1.0,38:14,2017,2018
2017-18,1627826,Ivica Zubac,Ivica,1610612747,LAL,Los Angeles Lakers,21701034,2018-03-16T00:00:00,LAL vs. MIA,L,7.3,0.0,0.0,0.0,4.0,5.0,3.0,2.0,4.0,1.0,0.0,0.0,0.0,8.6,1,13054,13054,13054,23569,12040,9889,9215,8975,8098,7350,4597,23940,2512,1,1,18674,20395,1.0,7:18,2017,2018
2017-18,202738,Isaiah Thomas,Isaiah,1610612747,LAL,Los Angeles Lakers,21701034,2018-03-16T00:00:00,LAL vs. MIA,L,26.6,0.0,0.0,2.0,2.0,16.0,13.0,11.0,24.0,0.0,3.0,2.0,3.0,8.9,1,13054,13054,13054,10325,12040,9889,4430,13399,23917,23905,22010,9573,8133,25519,11691,4452,20207,1.0,26:34,2017,2018
2017-18,1628366,Lonzo Ball,Lonzo,1610612747,LAL,Los Angeles Lakers,21701034,2018-03-16T00:00:00,LAL vs. MIA,L,38.1,4.0,0.0,3.0,6.0,15.0,13.0,11.0,40.0,1.0,2.0,0.0,1.0,36.6,1,13054,13054,13054,1143,2585,9889,2871,5708,23214,23905,22010,1224,2512,23707,1,12172,3349,1.0,38:07,2017,2018
2017-18,203898,Tyler Ennis,Tyler,1610612747,LAL,Los Angeles Lakers,21701034,2018-03-16T00:00:00,LAL vs. MIA,L,11.7,0.0,0.0,0.0,0.0,5.0,5.0,2.0,14.0,0.0,0.0,1.0,0.0,2.2,1,13054,13054,13054,21996,12040,9889,9215,19152,8098,11744,4597,17944,8133,1,5153,18674,24259,1.0,11:39,2017,2018
2017-18,204037,Travis Wear,Travis,1610612747,LAL,Los Angeles Lakers,21701034,2018-03-16T00:00:00,LAL vs. MIA,L,14.1,0.0,0.0,0.0,0.0,7.0,5.0,2.0,12.0,0.0,0.0,1.0,1.0,12.4,1,13054,13054,13054,20546,12040,9889,9215,19152,11872,11744,4597,19440,8133,1,5153,12172,17728,1.0,14:07,2017,2018
2017-18,204037,Travis Wear,Travis,1610612747,LAL,Los Angeles Lakers,21701019,2018-03-14T00:00:00,LAL @ GSW,L,15.7,3.0,0.0,0.0,0.0,2.0,0.0,2.0,8.0,0.0,1.0,3.0,1.0,7.7,1,13054,13054,13054,19516,4321,9889,9215,19152,2610,1,4597,21998,8133,17404,17900,12172,20945,1.0,15:40,2017,2018
2017-18,202682,Derrick Williams,Derrick,1610612747,LAL,Los Angeles Lakers,21701019,2018-03-14T00:00:00,LAL @ GSW,L,8.1,2.0,0.0,0.0,2.0,4.0,0.0,2.0,2.0,0.0,2.0,0.0,0.0,3.2,1,13054,13054,13054,23315,6347,9889,9215,13399,5970,1,4597,24730,8133,23707,1,18674,23609,1.0,8:06,2017,2018
2017-18,1627826,Ivica Zubac,Ivica,1610612747,LAL,Los Angeles Lakers,21701019,2018-03-14T00:00:00,LAL @ GSW,L,5.6,0.0,0.0,0.0,0.0,0.0,0.0,0.0,4.0,0.0,1.0,0.0,1.0,3.6,1,13054,13054,13054,24174,12040,9889,9215,19152,1,1,1,23940,8133,17404,1,12172,23455,1.0,5:38,2017,2018
2017-18,201572,Brook Lopez,Brook,1610612747,LAL,Los Angeles Lakers,21701019,2018-03-14T00:00:00,LAL @ GSW,L,36.1,5.0,2.0,2.0,10.0,11.0,15.0,12.0,44.0,5.0,0.0,1.0,4.0,46.2,1,13054,13054,13054,2284,1528,4626,4430,2079,18786,24909,22879,542,31,1,5153,2633,1269,1.0,36:08,2017,2018
2017-18,203898,Tyler Ennis,Tyler,1610612747,LAL,Los Angeles Lakers,21701019,2018-03-14T00:00:00,LAL @ GSW,L,12.5,2.0,5.0,0.0,8.0,4.0,2.0,2.0,6.0,0.0,0.0,0.0,1.0,18.9,1,13054,13054,13054,21508,6347,967,9215,3447,5970,3853,4597,23042,8133,1,1,12172,12872,1.0,12:28,2017,2018
2017-18,1627936,Alex Caruso,Alex,1610612747,LAL,Los Angeles Lakers,21701019,2018-03-14T00:00:00,LAL @ GSW,L,20.9,0.0,0.0,0.0,4.0,6.0,0.0,4.0,10.0,2.0,0.0,2.0,0.0,15.2,1,13054,13054,13054,15342,12040,9889,9215,8975,9851,1,9893,20795,803,1,11691,18674,15642,1.0,20:52,2017,2018
2017-18,202738,Isaiah Thomas,Isaiah,1610612747,LAL,Los Angeles Lakers,21701019,2018-03-14T00:00:00,LAL @ GSW,L,36.6,9.0,4.0,9.0,2.0,9.0,15.0,10.0,42.0,0.0,1.0,0.0,6.0,30.7,1,13054,13054,13054,1946,143,1497,125,13399,15582,24909,20944,827,8133,17404,1,852,5612,1.0,36:37,2017,2018
2017-18,1628366,Lonzo Ball,Lonzo,1610612747,LAL,Los Angeles Lakers,21701019,2018-03-14T00:00:00,LAL @ GSW,L,38.8,2.0,2.0,0.0,4.0,15.0,13.0,14.0,46.0,1.0,0.0,4.0,2.0,40.7,1,13054,13054,13054,855,6347,4626,9215,8975,23214,23905,24160,369,2512,1,22329,7539,2252,1.0,38:49,2017,2018
2017-18,203944,Julius Randle,Julius,1610612747,LAL,Los Angeles Lakers,21701019,2018-03-14T00:00:00,LAL @ GSW,L,33.6,2.0,1.0,4.0,16.0,11.0,15.0,12.0,38.0,0.0,0.0,6.0,6.0,35.0,1,13054,13054,13054,4241,6347,9497,1706,372,18786,24909,22879,1743,8133,1,25886,852,3849,1.0,33:35,2017,2018
2017-18,203484,Kentavious Caldwell-Pope,Kentavious,1610612747,LAL,Los Angeles Lakers,21701019,2018-03-14T00:00:00,LAL @ GSW,L,32.1,2.0,0.0,2.0,4.0,13.0,15.0,12.0,40.0,0.0,1.0,3.0,3.0,25.8,1,13054,13054,13054,5440,6347,9889,4430,8975,21316,24909,22879,1224,8133,17404,17900,4452,8251,1.0,32:08,2017,2018
2017-18,201572,Brook Lopez,Brook,1610612747,LAL,Los Angeles Lakers,21701015,2018-03-13T00:00:00,LAL vs. DEN,W,26.0,0.0,0.0,3.0,6.0,10.0,3.0,3.0,24.0,1.0,0.0,4.0,3.0,22.6,1,1,1,1,10810,12040,9889,2871,5708,17328,7350,8396,9573,2512,1,22329,4452,10263,1.0,25:59,2017,2018
2017-18,203944,Julius Randle,Julius,1610612747,LAL,Los Angeles Lakers,21701015,2018-03-13T00:00:00,LAL vs. DEN,W,39.1,6.0,12.0,4.0,22.0,8.0,5.0,5.0,36.0,0.0,2.0,4.0,6.0,40.6,1,1,1,1,766,863,10,1706,45,13769,11744,12692,2385,8133,23707,22329,852,2275,1.0,39:06,2017,2018
2017-18,202738,Isaiah Thomas,Isaiah,1610612747,LAL,Los Angeles Lakers,21701015,2018-03-13T00:00:00,LAL vs. DEN,W,31.3,3.0,4.0,6.0,2.0,4.0,2.0,4.0,30.0,0.0,1.0,2.0,7.0,27.8,1,1,1,1,6186,4321,1497,622,13399,5970,3853,9893,5301,8133,17404,11691,463,7116,1.0,31:15,2017,2018
2017-18,1627936,Alex Caruso,Alex,1610612747,LAL,Los Angeles Lakers,21701015,2018-03-13T00:00:00,LAL vs. DEN,W,9.6,0.0,0.0,0.0,0.0,4.0,0.0,2.0,8.0,0.0,0.0,0.0,2.0,4.7,1,1,1,1,22782,12040,9889,9215,19152,5970,1,4597,21998,8133,1,1,7539,22855,1.0,9:36,2017,2018
2017-18,1628366,Lonzo Ball,Lonzo,1610612747,LAL,Los Angeles Lakers,21701015,2018-03-13T00:00:00,LAL vs. DEN,W,40.8,5.0,0.0,0.0,2.0,8.0,5.0,5.0,36.0,2.0,0.0,1.0,1.0,38.8,1,1,1,1,352,1528,9889,9215,13399,13769,11744,12692,2385,803,1,5153,12172,2703,1.0,40:50,2017,2018
2017-18,203484,Kentavious Caldwell-Pope,Kentavious,1610612747,LAL,Los Angeles Lakers,21701015,2018-03-13T00:00:00,LAL vs. DEN,W,36.4,7.0,4.0,3.0,4.0,8.0,5.0,5.0,36.0,0.0,0.0,3.0,4.0,33.1,1,1,1,1,2071,504,1497,2871,8975,13769,11744,12692,2385,8133,1,17900,2633,4590,1.0,36:26,2017,2018
2017-18,1628398,Kyle Kuzma,Kyle,1610612747,LAL,Los Angeles Lakers,21701015,2018-03-13T00:00:00,LAL vs. DEN,W,39.5,0.0,0.0,4.0,8.0,12.0,5.0,7.0,36.0,0.0,0.0,2.0,1.0,46.6,1,1,1,1,660,12040,9889,1706,3447,20190,11744,16621,2385,8133,1,11691,12172,1214,1.0,39:28,2017,2018
2017-18,204037,Travis Wear,Travis,1610612747,LAL,Los Angeles Lakers,21701015,2018-03-13T00:00:00,LAL vs. DEN,W,12.7,0.0,0.0,0.0,0.0,4.0,0.0,2.0,10.0,0.0,0.0,4.0,1.0,3.2,1,1,1,1,21375,12040,9889,9215,19152,5970,1,4597,20795,8133,1,22329,12172,23609,1.0,12:43,2017,2018
2017-18,1627826,Ivica Zubac,Ivica,1610612747,LAL,Los Angeles Lakers,21701015,2018-03-13T00:00:00,LAL vs. DEN,W,4.6,0.0,0.0,0.0,0.0,2.0,0.0,2.0,4.0,0.0,1.0,3.0,1.0,-1.0,1,1,1,1,24573,12040,9889,9215,19152,2610,1,4597,23940,8133,17404,17900,12172,26003,1.0,4:37,2017,2018
2017-18,1627936,Alex Caruso,Alex,1610612747,LAL,Los Angeles Lakers,21701000,2018-03-11T00:00:00,LAL vs. CLE,W,12.3,0.0,0.0,0.0,4.0,2.0,4.0,4.0,10.0,0.0,0.0,0.0,0.0,9.4,1,1,1,1,21603,12040,9889,9215,8975,2610,8753,9893,20795,8133,1,1,18674,19844,1.0,12:18,2017,2018
2017-18,1627826,Ivica Zubac,Ivica,1610612747,LAL,Los Angeles Lakers,21701000,2018-03-11T00:00:00,LAL vs. CLE,W,5.7,0.0,0.0,0.0,0.0,0.0,2.0,4.0,2.0,0.0,0.0,2.0,0.0,7.2,1,1,1,1,24159,12040,9889,9215,19152,1,3853,9893,24730,8133,1,11691,18674,21291,1.0,5:41,2017,2018
2017-18,202682,Derrick Williams,Derrick,1610612747,LAL,Los Angeles Lakers,21701000,2018-03-11T00:00:00,LAL vs. CLE,W,0.4,0.0,0.0,0.0,0.0,0.0,0.0,0.0,0.0,0.0,0.0,0.0,0.0,0.0,1,1,1,1,26017,12040,9889,9215,19152,1,1,1,25495,8133,1,1,18674,25240,1.0,0:25,2017,2018
2017-18,202738,Isaiah Thomas,Isaiah,1610612747,LAL,Los Angeles Lakers,21701000,2018-03-11T00:00:00,LAL vs. CLE,W,30.7,2.0,4.0,4.0,8.0,12.0,6.0,6.0,30.0,0.0,1.0,3.0,4.0,37.5,1,1,1,1,6631,6347,1497,1706,3447,20190,13576,14585,5301,8133,17404,17900,2633,3051,1.0,30:44,2017,2018
2017-18,203484,Kentavious Caldwell-Pope,Kentavious,1610612747,LAL,Los Angeles Lakers,21701000,2018-03-11T00:00:00,LAL vs. CLE,W,37.7,0.0,2.0,3.0,4.0,12.0,8.0,8.0,42.0,0.0,0.0,2.0,2.0,32.7,1,1,1,1,1364,12040,4626,2871,8975,20190,17775,18262,827,8133,1,11691,7539,4754,1.0,37:40,2017,2018
2017-18,201572,Brook Lopez,Brook,1610612747,LAL,Los Angeles Lakers,21701000,2018-03-11T00:00:00,LAL vs. CLE,W,32.8,0.0,4.0,2.0,14.0,7.0,6.0,6.0,34.0,2.0,0.0,3.0,1.0,45.6,1,1,1,1,4905,12040,1497,4430,679,11872,13576,14585,3166,803,1,17900,12172,1353,1.0,32:46,2017,2018
2017-18,203944,Julius Randle,Julius,1610612747,LAL,Los Angeles Lakers,21701000,2018-03-11T00:00:00,LAL vs. CLE,W,38.0,8.0,8.0,6.0,26.0,14.0,6.0,8.0,42.0,2.0,1.0,3.0,8.0,68.3,1,1,1,1,1202,254,152,622,8,22367,13576,18262,827,803,17404,17900,260,80,1.0,37:59,2017,2018
2017-18,204037,Travis Wear,Travis,1610612747,LAL,Los Angeles Lakers,21701000,2018-03-11T00:00:00,LAL vs. CLE,W,12.1,0.0,0.0,0.0,0.0,2.0,4.0,4.0,12.0,0.0,0.0,1.0,0.0,8.4,1,1,1,1,21683,12040,9889,9215,19152,2610,8753,9893,19440,8133,1,5153,18674,20520,1.0,12:08,2017,2018
2017-18,1628366,Lonzo Ball,Lonzo,1610612747,LAL,Los Angeles Lakers,21701000,2018-03-11T00:00:00,LAL vs. CLE,W,31.5,0.0,0.0,0.0,2.0,9.0,6.0,12.0,36.0,0.0,0.0,2.0,1.0,22.1,1,1,1,1,5959,12040,9889,9215,13399,15582,13576,22879,2385,8133,1,11691,12172,10603,1.0,31:31,2017,2018
2017-18,1628398,Kyle Kuzma,Kyle,1610612747,LAL,Los Angeles Lakers,21701000,2018-03-11T00:00:00,LAL vs. CLE,W,38.8,0.0,0.0,0.0,4.0,12.0,8.0,8.0,42.0,0.0,3.0,3.0,2.0,28.0,1,1,1,1,863,12040,9889,9215,8975,20190,17775,18262,827,8133,25519,17900,7539,7003,1.0,38:48,2017,2018
2017-18,202738,Isaiah Thomas,Isaiah,1610612747,LAL,Los Angeles Lakers,21700983,2018-03-09T00:00:00,LAL @ DEN,L,28.9,0.0,2.0,2.0,8.0,15.0,11.0,5.0,32.0,0.0,0.0,2.0,3.0,19.4,1,13054,13054,13054,8206,12040,4626,4430,3447,23214,22147,12692,4134,8133,1,11691,4452,12462,1.0,28:55,2017,2018
2017-18,201572,Brook Lopez,Brook,1610612747,LAL,Los Angeles Lakers,21700983,2018-03-09T00:00:00,LAL @ DEN,L,32.2,5.0,2.0,0.0,10.0,23.0,4.0,9.0,40.0,2.0,0.0,5.0,3.0,44.0,1,13054,13054,13054,5387,1528,4626,9215,2079,25866,8753,19743,1224,803,1,24852,4452,1621,1.0,32:12,2017,2018
2017-18,1628366,Lonzo Ball,Lonzo,1610612747,LAL,Los Angeles Lakers,21700983,2018-03-09T00:00:00,LAL @ DEN,L,37.7,0.0,6.0,2.0,10.0,26.0,7.0,11.0,42.0,1.0,1.0,2.0,0.0,47.6,1,13054,13054,13054,1362,12040,488,4430,2079,26020,15942,22010,827,2512,17404,11691,18674,1090,1.0,37:41,2017,2018
2017-18,1627826,Ivica Zubac,Ivica,1610612747,LAL,Los Angeles Lakers,21700983,2018-03-09T00:00:00,LAL @ DEN,L,8.6,0.0,0.0,0.0,0.0,7.0,5.0,3.0,8.0,1.0,2.0,2.0,0.0,9.0,1,13054,13054,13054,23145,12040,9889,9215,19152,11872,11744,8396,21998,2512,23707,11691,18674,20141,1.0,8:34,2017,2018
2017-18,203898,Tyler Ennis,Tyler,1610612747,LAL,Los Angeles Lakers,21700983,2018-03-09T00:00:00,LAL @ DEN,L,17.0,3.0,0.0,0.0,0.0,7.0,6.0,4.0,10.0,1.0,0.0,2.0,1.0,16.7,1,13054,13054,13054,18513,4321,9889,9215,19152,11872,13576,9893,20795,2512,1,11691,12172,14522,1.0,17:02,2017,2018
2017-18,204037,Travis Wear,Travis,1610612747,LAL,Los Angeles Lakers,21700983,2018-03-09T00:00:00,LAL @ DEN,L,8.8,2.0,0.0,2.0,2.0,4.0,4.0,1.0,8.0,1.0,0.0,2.0,0.0,10.4,1,13054,13054,13054,23085,6347,9889,4430,13399,5970,8753,4366,21998,2512,1,11691,18674,19167,1.0,8:45,2017,2018
2017-18,203944,Julius Randle,Julius,1610612747,LAL,Los Angeles Lakers,21700983,2018-03-09T00:00:00,LAL @ DEN,L,28.6,2.0,0.0,7.0,12.0,16.0,6.0,4.0,34.0,0.0,2.0,4.0,7.0,30.2,1,13054,13054,13054,8514,6347,9889,387,1226,23917,13576,9893,3166,8133,23707,22329,463,5835,1.0,28:34,2017,2018
2017-18,203484,Kentavious Caldwell-Pope,Kentavious,1610612747,LAL,Los Angeles Lakers,21700983,2018-03-09T00:00:00,LAL @ DEN,L,39.1,3.0,3.0,2.0,0.0,28.0,9.0,11.0,44.0,0.0,0.0,2.0,1.0,31.3,1,13054,13054,13054,784,4321,2864,4430,19152,26069,19633,22010,542,8133,1,11691,12172,5349,1.0,39:03,2017,2018
2017-18,1628398,Kyle Kuzma,Kyle,1610612747,LAL,Los Angeles Lakers,21700983,2018-03-09T00:00:00,LAL @ DEN,L,39.2,2.0,2.0,0.0,4.0,24.0,13.0,12.0,42.0,0.0,1.0,2.0,1.0,24.7,1,13054,13054,13054,734,6347,4626,9215,8975,25938,23905,22879,827,8133,17404,11691,12172,8919,1.0,39:14,2017,2018
2017-18,1628418,Thomas Bryant,Thomas,1610612747,LAL,Los Angeles Lakers,21700971,2018-03-07T00:00:00,LAL vs. ORL,W,3.0,0.0,0.0,0.0,0.0,4.0,0.0,0.0,10.0,0.0,0.0,0.0,0.0,0.0,1,1,1,1,25182,12040,9889,9215,19152,5970,1,1,20795,8133,1,1,18674,25240,1.0,2:59,2017,2018
2017-18,204037,Travis Wear,Travis,1610612747,LAL,Los Angeles Lakers,21700971,2018-03-07T00:00:00,LAL vs. ORL,W,1.6,0.0,0.0,0.0,0.0,0.0,0.0,0.0,0.0,0.0,0.0,1.0,0.0,0.0,1,1,1,1,25677,12040,9889,9215,19152,1,1,1,25495,8133,1,5153,18674,25240,1.0,1:33,2017,2018
2017-18,203484,Kentavious Caldwell-Pope,Kentavious,1610612747,LAL,Los Angeles Lakers,21700971,2018-03-07T00:00:00,LAL vs. ORL,W,38.7,8.0,0.0,2.0,2.0,13.0,15.0,16.0,50.0,0.0,0.0,2.0,7.0,15.9,1,1,1,1,896,254,9889,4430,13399,21316,24909,24980,135,8133,1,11691,463,15126,1.0,38:43,2017,2018
2017-18,1628366,Lonzo Ball,Lonzo,1610612747,LAL,Los Angeles Lakers,21700971,2018-03-07T00:00:00,LAL vs. ORL,W,37.2,3.0,0.0,0.0,4.0,11.0,15.0,16.0,46.0,2.0,0.0,3.0,1.0,39.7,1,1,1,1,1608,4321,9889,9215,8975,18786,24909,24980,369,803,1,17900,12172,2475,1.0,37:11,2017,2018
2017-18,201572,Brook Lopez,Brook,1610612747,LAL,Los Angeles Lakers,21700971,2018-03-07T00:00:00,LAL vs. ORL,W,34.5,5.0,2.0,2.0,20.0,9.0,15.0,16.0,44.0,0.0,0.0,4.0,3.0,32.5,1,1,1,1,3490,1528,4626,4430,97,15582,24909,24980,542,8133,1,22329,4452,4836,1.0,34:30,2017,2018
2017-18,1627936,Alex Caruso,Alex,1610612747,LAL,Los Angeles Lakers,21700971,2018-03-07T00:00:00,LAL vs. ORL,W,13.4,2.0,0.0,0.0,0.0,6.0,0.0,0.0,8.0,0.0,0.0,0.0,1.0,8.9,1,1,1,1,20965,6347,9889,9215,19152,9851,1,1,21998,8133,1,1,12172,20207,1.0,13:26,2017,2018
2017-18,1628398,Kyle Kuzma,Kyle,1610612747,LAL,Los Angeles Lakers,21700971,2018-03-07T00:00:00,LAL vs. ORL,W,42.1,2.0,3.0,7.0,16.0,11.0,15.0,16.0,40.0,1.0,1.0,2.0,2.0,43.5,1,1,1,1,197,6347,2864,387,372,18786,24909,24980,1224,2512,17404,11691,7539,1688,1.0,42:03,2017,2018
2017-18,202738,Isaiah Thomas,Isaiah,1610612747,LAL,Los Angeles Lakers,21700971,2018-03-07T00:00:00,LAL vs. ORL,W,25.9,6.0,2.0,6.0,2.0,6.0,2.0,5.0,24.0,0.0,0.0,1.0,3.0,28.1,1,1,1,1,10873,863,4626,622,13399,9851,3853,12692,9573,8133,1,5153,4452,6958,1.0,25:55,2017,2018
2017-18,203944,Julius Randle,Julius,1610612747,LAL,Los Angeles Lakers,21700971,2018-03-07T00:00:00,LAL vs. ORL,W,30.2,0.0,4.0,0.0,12.0,9.0,13.0,11.0,30.0,0.0,2.0,3.0,3.0,27.7,1,1,1,1,7100,12040,1497,9215,1226,15582,23905,22010,5301,8133,23707,17900,4452,7164,1.0,30:10,2017,2018
2017-18,1627826,Ivica Zubac,Ivica,1610612747,LAL,Los Angeles Lakers,21700971,2018-03-07T00:00:00,LAL vs. ORL,W,13.5,0.0,0.0,2.0,2.0,6.0,0.0,0.0,8.0,0.0,1.0,0.0,2.0,15.0,1,1,1,1,20917,12040,9889,4430,13399,9851,1,1,21998,8133,17404,1,7539,15785,1.0,13:30,2017,2018
2017-18,203484,Kentavious Caldwell-Pope,Kentavious,1610612747,LAL,Los Angeles Lakers,21700956,2018-03-05T00:00:00,LAL vs. POR,L,40.9,4.0,0.0,5.0,4.0,6.0,5.0,15.0,24.0,0.0,0.0,2.0,3.0,33.8,1,13054,13054,13054,339,2585,9889,1108,8975,9851,11744,24627,9573,8133,1,11691,4452,4268,1.0,40:56,2017,2018
2017-18,1628366,Lonzo Ball,Lonzo,1610612747,LAL,Los Angeles Lakers,21700956,2018-03-05T00:00:00,LAL vs. POR,L,33.0,0.0,3.0,0.0,0.0,0.0,4.0,17.0,24.0,0.0,0.0,3.0,2.0,20.4,1,13054,13054,13054,4693,12040,2864,9215,19152,1,8753,25261,9573,8133,1,17900,7539,11755,1.0,32:60,2017,2018
2017-18,202738,Isaiah Thomas,Isaiah,1610612747,LAL,Los Angeles Lakers,21700956,2018-03-05T00:00:00,LAL vs. POR,L,30.2,2.0,4.0,2.0,6.0,6.0,9.0,13.0,26.0,0.0,3.0,2.0,6.0,28.7,1,13054,13054,13054,7052,6347,1497,4430,5708,9851,19633,23596,8069,8133,25519,11691,852,6613,1.0,30:14,2017,2018
2017-18,203944,Julius Randle,Julius,1610612747,LAL,Los Angeles Lakers,21700956,2018-03-05T00:00:00,LAL vs. POR,L,33.6,2.0,0.0,2.0,14.0,4.0,5.0,15.0,16.0,0.0,1.0,4.0,6.0,37.8,1,13054,13054,13054,4242,6347,9889,4430,679,5970,11744,24627,16291,8133,17404,22329,852,2968,1.0,33:35,2017,2018
2017-18,1628398,Kyle Kuzma,Kyle,1610612747,LAL,Los Angeles Lakers,21700956,2018-03-05T00:00:00,LAL vs. POR,L,37.7,3.0,0.0,3.0,4.0,6.0,7.0,15.0,26.0,2.0,1.0,3.0,2.0,32.1,1,13054,13054,13054,1329,4321,9889,2871,8975,9851,15942,24627,8069,803,17404,17900,7539,5000,1.0,37:44,2017,2018
2017-18,201572,Brook Lopez,Brook,1610612747,LAL,Los Angeles Lakers,21700956,2018-03-05T00:00:00,LAL vs. POR,L,26.2,1.0,2.0,0.0,8.0,2.0,2.0,15.0,14.0,2.0,0.0,4.0,3.0,38.6,1,13054,13054,13054,10678,11566,4626,9215,3447,2610,3853,24627,17944,803,1,22329,4452,2755,1.0,26:09,2017,2018
2017-18,1627826,Ivica Zubac,Ivica,1610612747,LAL,Los Angeles Lakers,21700956,2018-03-05T00:00:00,LAL vs. POR,L,16.1,0.0,5.0,2.0,4.0,4.0,4.0,6.0,20.0,0.0,0.0,2.0,2.0,11.8,1,13054,13054,13054,19184,12040,967,4430,8975,5970,8753,14585,12905,8133,1,11691,7539,18190,1.0,16:07,2017,2018
2017-18,203898,Tyler Ennis,Tyler,1610612747,LAL,Los Angeles Lakers,21700956,2018-03-05T00:00:00,LAL vs. POR,L,6.0,0.0,0.0,0.0,0.0,0.0,2.0,3.0,6.0,0.0,0.0,0.0,0.0,3.0,1,13054,13054,13054,24036,12040,9889,9215,19152,1,3853,8396,23042,8133,1,1,18674,23793,1.0,6:01,2017,2018
2017-18,204037,Travis Wear,Travis,1610612747,LAL,Los Angeles Lakers,21700956,2018-03-05T00:00:00,LAL vs. POR,L,16.3,0.0,0.0,0.0,0.0,2.0,7.0,6.0,14.0,3.0,0.0,4.0,1.0,21.2,1,13054,13054,13054,19100,12040,9889,9215,19152,2610,15942,14585,17944,270,1,22329,12172,11206,1.0,16:15,2017,2018
2017-18,1627826,Ivica Zubac,Ivica,1610612747,LAL,Los Angeles Lakers,21700940,2018-03-03T00:00:00,LAL @ SAS,W,14.4,0.0,0.0,0.0,0.0,2.0,4.0,2.0,20.0,1.0,0.0,0.0,1.0,10.8,1,1,1,1,20381,12040,9889,9215,19152,2610,8753,4597,12905,2512,1,1,12172,18896,1.0,14:23,2017,2018
2017-18,204037,Travis Wear,Travis,1610612747,LAL,Los Angeles Lakers,21700940,2018-03-03T00:00:00,LAL @ SAS,W,12.9,0.0,0.0,0.0,0.0,0.0,4.0,2.0,10.0,0.0,0.0,0.0,0.0,9.4,1,1,1,1,21280,12040,9889,9215,19152,1,8753,4597,20795,8133,1,1,18674,19844,1.0,12:55,2017,2018
2017-18,1627780,Gary Payton II,Gary,1610612747,LAL,Los Angeles Lakers,21700940,2018-03-03T00:00:00,LAL @ SAS,W,0.8,0.0,0.0,0.0,0.0,0.0,0.0,0.0,4.0,0.0,1.0,0.0,0.0,0.0,1,1,1,1,25951,12040,9889,9215,19152,1,1,1,23940,8133,17404,1,18674,25240,1.0,0:46,2017,2018
2017-18,203898,Tyler Ennis,Tyler,1610612747,LAL,Los Angeles Lakers,21700940,2018-03-03T00:00:00,LAL @ SAS,W,13.2,0.0,0.0,0.0,0.0,4.0,6.0,4.0,22.0,0.0,0.0,3.0,0.0,6.6,1,1,1,1,21087,12040,9889,9215,19152,5970,13576,9893,11258,8133,1,17900,18674,21680,1.0,13:14,2017,2018
2017-18,203484,Kentavious Caldwell-Pope,Kentavious,1610612747,LAL,Los Angeles Lakers,21700940,2018-03-03T00:00:00,LAL @ SAS,W,43.0,5.0,2.0,0.0,2.0,10.0,14.0,8.0,50.0,0.0,0.0,4.0,1.0,44.6,1,1,1,1,118,1528,4626,9215,13399,17328,24457,18262,135,8133,1,22329,12172,1518,1.0,43:01,2017,2018
2017-18,1628366,Lonzo Ball,Lonzo,1610612747,LAL,Los Angeles Lakers,21700940,2018-03-03T00:00:00,LAL @ SAS,W,34.8,3.0,0.0,0.0,0.0,8.0,10.0,4.0,38.0,2.0,0.0,4.0,1.0,49.9,1,1,1,1,3278,4321,9889,9215,19152,13769,20971,9893,1743,803,1,22329,12172,852,1.0,34:46,2017,2018
2017-18,1628398,Kyle Kuzma,Kyle,1610612747,LAL,Los Angeles Lakers,21700940,2018-03-03T00:00:00,LAL @ SAS,W,33.2,0.0,7.0,3.0,4.0,8.0,12.0,6.0,44.0,0.0,0.0,5.0,3.0,26.1,1,1,1,1,4541,12040,304,2871,8975,13769,23073,14585,542,8133,1,24852,4452,8066,1.0,33:12,2017,2018
2017-18,203944,Julius Randle,Julius,1610612747,LAL,Los Angeles Lakers,21700940,2018-03-03T00:00:00,LAL @ SAS,W,33.3,8.0,2.0,6.0,14.0,10.0,10.0,4.0,38.0,1.0,2.0,4.0,6.0,41.7,1,1,1,1,4484,254,4626,622,679,17328,20971,9893,1743,2512,23707,22329,852,2032,1.0,33:16,2017,2018
2017-18,201572,Brook Lopez,Brook,1610612747,LAL,Los Angeles Lakers,21700940,2018-03-03T00:00:00,LAL @ SAS,W,25.6,0.0,2.0,0.0,6.0,10.0,8.0,6.0,32.0,0.0,1.0,0.0,1.0,20.4,1,1,1,1,11229,12040,4626,9215,5708,17328,17775,14585,4134,8133,17404,1,12172,11755,1.0,25:33,2017,2018
2017-18,202738,Isaiah Thomas,Isaiah,1610612747,LAL,Los Angeles Lakers,21700940,2018-03-03T00:00:00,LAL @ SAS,W,28.9,2.0,3.0,6.0,8.0,8.0,12.0,4.0,42.0,0.0,1.0,1.0,6.0,27.7,1,1,1,1,8205,6347,2864,622,3447,13769,23073,9893,827,8133,17404,5153,852,7164,1.0,28:55,2017,2018
2017-18,1628366,Lonzo Ball,Lonzo,1610612747,LAL,Los Angeles Lakers,21700922,2018-03-01T00:00:00,LAL @ MIA,W,33.8,3.0,3.0,0.0,2.0,9.0,10.0,6.0,40.0,0.0,1.0,4.0,1.0,41.7,1,1,1,1,4020,4321,2864,9215,13399,15582,20971,14585,1224,8133,17404,22329,12172,2032,1.0,33:50,2017,2018
2017-18,203484,Kentavious Caldwell-Pope,Kentavious,1610612747,LAL,Los Angeles Lakers,21700922,2018-03-01T00:00:00,LAL @ MIA,W,36.0,5.0,3.0,2.0,8.0,13.0,12.0,8.0,42.0,0.0,0.0,2.0,3.0,22.3,1,1,1,1,2405,1528,2864,4430,3447,21316,23073,18262,827,8133,1,11691,4452,10472,1.0,35:57,2017,2018
2017-18,1627826,Ivica Zubac,Ivica,1610612747,LAL,Los Angeles Lakers,21700922,2018-03-01T00:00:00,LAL @ MIA,W,17.6,0.0,0.0,0.0,2.0,2.0,12.0,2.0,24.0,0.0,0.0,1.0,2.0,17.6,1,1,1,1,18115,12040,9889,9215,13399,2610,23073,4597,9573,8133,1,5153,7539,13849,1.0,17:33,2017,2018
2017-18,203944,Julius Randle,Julius,1610612747,LAL,Los Angeles Lakers,21700922,2018-03-01T00:00:00,LAL @ MIA,W,33.9,4.0,4.0,6.0,14.0,9.0,6.0,8.0,36.0,1.0,2.0,2.0,7.0,39.2,1,1,1,1,3944,2585,1497,622,679,15582,13576,18262,2385,2512,23707,11691,463,2602,1.0,33:56,2017,2018
2017-18,1627742,Brandon Ingram,Brandon,1610612747,LAL,Los Angeles Lakers,21700922,2018-03-01T00:00:00,LAL @ MIA,W,35.0,7.0,0.0,4.0,6.0,11.0,14.0,10.0,46.0,1.0,0.0,4.0,2.0,37.5,1,1,1,1,3101,504,9889,1706,5708,18786,24457,20944,369,2512,1,22329,7539,3051,1.0,35:00,2017,2018
2017-18,202738,Isaiah Thomas,Isaiah,1610612747,LAL,Los Angeles Lakers,21700922,2018-03-01T00:00:00,LAL @ MIA,W,29.8,0.0,2.0,8.0,10.0,2.0,16.0,6.0,36.0,0.0,1.0,1.0,2.0,39.8,1,1,1,1,7448,12040,4626,211,2079,2610,25288,14585,2385,8133,17404,5153,7539,2453,1.0,29:46,2017,2018
2017-18,1628418,Thomas Bryant,Thomas,1610612747,LAL,Los Angeles Lakers,21700922,2018-03-01T00:00:00,LAL @ MIA,W,1.3,0.0,0.0,0.0,0.0,2.0,0.0,0.0,2.0,0.0,0.0,2.0,0.0,-1.0,1,1,1,1,25782,12040,9889,9215,19152,2610,1,1,24730,8133,1,11691,18674,26003,1.0,1:16,2017,2018
2017-18,203898,Tyler Ennis,Tyler,1610612747,LAL,Los Angeles Lakers,21700922,2018-03-01T00:00:00,LAL @ MIA,W,1.3,0.0,0.0,0.0,0.0,2.0,0.0,0.0,2.0,0.0,0.0,0.0,0.0,0.0,1,1,1,1,25782,12040,9889,9215,19152,2610,1,1,24730,8133,1,1,18674,25240,1.0,1:16,2017,2018
2017-18,1627780,Gary Payton II,Gary,1610612747,LAL,Los Angeles Lakers,21700922,2018-03-01T00:00:00,LAL @ MIA,W,1.3,0.0,0.0,0.0,0.0,2.0,0.0,0.0,2.0,0.0,0.0,0.0,0.0,0.0,1,1,1,1,25782,12040,9889,9215,19152,2610,1,1,24730,8133,1,1,18674,25240,1.0,1:16,2017,2018
2017-18,1628398,Kyle Kuzma,Kyle,1610612747,LAL,Los Angeles Lakers,21700922,2018-03-01T00:00:00,LAL @ MIA,W,28.5,2.0,0.0,2.0,4.0,4.0,16.0,4.0,32.0,2.0,1.0,0.0,2.0,31.2,1,1,1,1,8603,6347,9889,4430,8975,5970,25288,9893,4134,803,17404,1,7539,5386,1.0,28:28,2017,2018
2017-18,201572,Brook Lopez,Brook,1610612747,LAL,Los Angeles Lakers,21700922,2018-03-01T00:00:00,LAL @ MIA,W,21.7,0.0,0.0,0.0,2.0,9.0,4.0,6.0,28.0,1.0,0.0,1.0,2.0,18.4,1,1,1,1,14638,12040,9889,9215,13399,15582,8753,14585,6593,2512,1,5153,7539,13252,1.0,21:42,2017,2018
2017-18,203944,Julius Randle,Julius,1610612747,LAL,Los Angeles Lakers,21700897,2018-02-26T00:00:00,LAL @ ATL,W,29.6,8.0,2.0,4.0,16.0,10.0,6.0,15.0,30.0,1.0,1.0,2.0,3.0,37.0,1,1,1,1,7577,254,4626,1706,372,17328,13576,24627,5301,2512,17404,11691,4452,3222,1.0,29:37,2017,2018
2017-18,1628366,Lonzo Ball,Lonzo,1610612747,LAL,Los Angeles Lakers,21700897,2018-02-26T00:00:00,LAL @ ATL,W,24.1,2.0,0.0,4.0,2.0,6.0,8.0,7.0,26.0,0.0,0.0,3.0,2.0,35.9,1,1,1,1,12607,6347,9889,1706,13399,9851,17775,16621,8069,8133,1,17900,7539,3561,1.0,24:03,2017,2018
2017-18,203898,Tyler Ennis,Tyler,1610612747,LAL,Los Angeles Lakers,21700897,2018-02-26T00:00:00,LAL @ ATL,W,5.0,0.0,0.0,0.0,2.0,8.0,0.0,0.0,8.0,0.0,0.0,0.0,1.0,3.2,1,1,1,1,24409,12040,9889,9215,13399,13769,1,1,21998,8133,1,1,12172,23609,1.0,5:00,2017,2018
2017-18,1627826,Ivica Zubac,Ivica,1610612747,LAL,Los Angeles Lakers,21700897,2018-02-26T00:00:00,LAL @ ATL,W,16.6,2.0,2.0,0.0,6.0,12.0,2.0,4.0,18.0,0.0,0.0,5.0,2.0,8.2,1,1,1,1,18817,6347,4626,9215,5708,20190,3853,9893,14614,8133,1,24852,7539,20654,1.0,16:37,2017,2018
2017-18,1628398,Kyle Kuzma,Kyle,1610612747,LAL,Los Angeles Lakers,21700897,2018-02-26T00:00:00,LAL @ ATL,W,28.3,0.0,0.0,1.0,0.0,16.0,8.0,7.0,30.0,0.0,0.0,2.0,1.0,26.3,1,1,1,1,8776,12040,9889,8899,19152,23917,17775,16621,5301,8133,1,11691,12172,7938,1.0,28:17,2017,2018
2017-18,1627742,Brandon Ingram,Brandon,1610612747,LAL,Los Angeles Lakers,21700897,2018-02-26T00:00:00,LAL @ ATL,W,28.7,2.0,7.0,2.0,14.0,10.0,2.0,14.0,24.0,3.0,1.0,0.0,2.0,51.0,1,1,1,1,8403,6347,304,4430,679,17328,3853,24160,9573,270,17404,1,7539,756,1.0,28:41,2017,2018
2017-18,201572,Brook Lopez,Brook,1610612747,LAL,Los Angeles Lakers,21700897,2018-02-26T00:00:00,LAL @ ATL,W,21.5,0.0,0.0,0.0,2.0,6.0,0.0,12.0,22.0,2.0,0.0,2.0,0.0,21.6,1,1,1,1,14809,12040,9889,9215,13399,9851,1,22879,11258,803,1,11691,18674,10943,1.0,21:30,2017,2018
2017-18,1628404,Josh Hart,Josh,1610612747,LAL,Los Angeles Lakers,21700897,2018-02-26T00:00:00,LAL @ ATL,W,27.2,0.0,0.0,0.0,4.0,15.0,2.0,11.0,30.0,0.0,0.0,4.0,2.0,15.4,1,1,1,1,9778,12040,9889,9215,8975,23214,3853,22010,5301,8133,1,22329,7539,15503,1.0,27:09,2017,2018
2017-18,203484,Kentavious Caldwell-Pope,Kentavious,1610612747,LAL,Los Angeles Lakers,21700897,2018-02-26T00:00:00,LAL @ ATL,W,32.5,2.0,0.0,0.0,4.0,16.0,4.0,17.0,38.0,0.0,1.0,2.0,1.0,34.3,1,1,1,1,5171,6347,9889,9215,8975,23917,8753,25261,1743,8133,17404,11691,12172,4098,1.0,32:28,2017,2018
2017-18,202738,Isaiah Thomas,Isaiah,1610612747,LAL,Los Angeles Lakers,21700897,2018-02-26T00:00:00,LAL @ ATL,W,26.7,0.0,2.0,3.0,6.0,11.0,8.0,8.0,24.0,0.0,0.0,3.0,3.0,21.9,1,1,1,1,10247,12040,4626,2871,5708,18786,17775,18262,9573,8133,1,17900,4452,10750,1.0,26:39,2017,2018
2017-18,203944,Julius Randle,Julius,1610612747,LAL,Los Angeles Lakers,21700891,2018-02-24T00:00:00,LAL @ SAC,W,37.6,0.0,2.0,4.0,12.0,3.0,10.0,8.0,22.0,1.0,2.0,5.0,6.0,41.6,1,1,1,1,1400,12040,4626,1706,1226,4813,20971,18262,11258,2512,23707,24852,852,2051,1.0,37:36,2017,2018
2017-18,203484,Kentavious Caldwell-Pope,Kentavious,1610612747,LAL,Los Angeles Lakers,21700891,2018-02-24T00:00:00,LAL @ SAC,W,38.2,9.0,3.0,9.0,6.0,5.0,13.0,13.0,28.0,0.0,0.0,3.0,3.0,45.4,1,1,1,1,1109,143,2864,125,5708,8098,23905,23596,6593,8133,1,17900,4452,1387,1.0,38:12,2017,2018
2017-18,201147,Corey Brewer,Corey,1610612747,LAL,Los Angeles Lakers,21700891,2018-02-24T00:00:00,LAL @ SAC,W,13.4,0.0,0.0,0.0,2.0,2.0,8.0,4.0,14.0,0.0,0.0,1.0,1.0,5.0,1,1,1,1,20978,12040,9889,9215,13399,2610,17775,9893,17944,8133,1,5153,12172,22703,1.0,13:25,2017,2018
2017-18,1628404,Josh Hart,Josh,1610612747,LAL,Los Angeles Lakers,21700891,2018-02-24T00:00:00,LAL @ SAC,W,31.0,2.0,3.0,2.0,2.0,1.0,10.0,6.0,28.0,0.0,2.0,1.0,1.0,26.7,1,1,1,1,6429,6347,2864,4430,13399,2400,20971,14585,6593,8133,23707,5153,12172,7716,1.0,30:58,2017,2018
2017-18,1628398,Kyle Kuzma,Kyle,1610612747,LAL,Los Angeles Lakers,21700891,2018-02-24T00:00:00,LAL @ SAC,W,22.5,0.0,0.0,3.0,2.0,6.0,12.0,9.0,24.0,0.0,0.0,2.0,1.0,16.5,1,1,1,1,13924,12040,9889,2871,13399,9851,23073,19743,9573,8133,1,11691,12172,14662,1.0,22:33,2017,2018
2017-18,1627742,Brandon Ingram,Brandon,1610612747,LAL,Los Angeles Lakers,21700891,2018-02-24T00:00:00,LAL @ SAC,W,38.3,0.0,5.0,0.0,4.0,7.0,10.0,13.0,30.0,1.0,0.0,2.0,1.0,35.4,1,1,1,1,1050,12040,967,9215,8975,11872,20971,23596,5301,2512,1,11691,12172,3712,1.0,38:20,2017,2018
2017-18,202738,Isaiah Thomas,Isaiah,1610612747,LAL,Los Angeles Lakers,21700891,2018-02-24T00:00:00,LAL @ SAC,W,23.2,3.0,2.0,0.0,2.0,6.0,10.0,12.0,20.0,0.0,1.0,1.0,4.0,23.4,1,1,1,1,13391,4321,4626,9215,13399,9851,20971,22879,12905,8133,17404,5153,2633,9720,1.0,23:09,2017,2018
2017-18,201572,Brook Lopez,Brook,1610612747,LAL,Los Angeles Lakers,21700891,2018-02-24T00:00:00,LAL @ SAC,W,24.3,2.0,0.0,3.0,6.0,1.0,5.0,3.0,18.0,4.0,0.0,3.0,3.0,28.4,1,1,1,1,12359,6347,9889,2871,5708,2400,11744,8396,14614,94,1,17900,4452,6785,1.0,24:19,2017,2018
2017-18,1627826,Ivica Zubac,Ivica,1610612747,LAL,Los Angeles Lakers,21700891,2018-02-24T00:00:00,LAL @ SAC,W,11.5,0.0,2.0,0.0,4.0,4.0,7.0,7.0,16.0,0.0,0.0,0.0,1.0,5.4,1,1,1,1,22069,12040,4626,9215,8975,5970,15942,16621,16291,8133,1,1,12172,22446,1.0,11:28,2017,2018
2017-18,203898,Tyler Ennis,Tyler,1610612747,LAL,Los Angeles Lakers,21700883,2018-02-23T00:00:00,LAL vs. DAL,W,4.6,0.0,0.0,0.0,2.0,3.0,3.0,0.0,6.0,0.0,0.0,0.0,0.0,3.5,1,1,1,1,24575,12040,9889,9215,13399,4813,7350,1,23042,8133,1,1,18674,23500,1.0,4:36,2017,2018
2017-18,1628366,Lonzo Ball,Lonzo,1610612747,LAL,Los Angeles Lakers,21700883,2018-02-23T00:00:00,LAL vs. DAL,W,17.4,3.0,0.0,0.0,0.0,16.0,3.0,11.0,16.0,0.0,0.0,0.0,0.0,24.4,1,1,1,1,18256,4321,9889,9215,19152,23917,7350,22010,16291,8133,1,1,18674,9106,1.0,17:23,2017,2018
2017-18,1627826,Ivica Zubac,Ivica,1610612747,LAL,Los Angeles Lakers,21700883,2018-02-23T00:00:00,LAL vs. DAL,W,18.1,0.0,6.0,2.0,12.0,9.0,3.0,6.0,8.0,0.0,1.0,3.0,3.0,21.7,1,1,1,1,17686,12040,488,4430,1226,15582,7350,14585,21998,8133,17404,17900,4452,10879,1.0,18:07,2017,2018
2017-18,201572,Brook Lopez,Brook,1610612747,LAL,Los Angeles Lakers,21700883,2018-02-23T00:00:00,LAL vs. DAL,W,21.5,0.0,0.0,0.0,4.0,9.0,3.0,6.0,2.0,1.0,0.0,1.0,2.0,18.8,1,1,1,1,14815,12040,9889,9215,8975,15582,7350,14585,24730,2512,1,5153,7539,12946,1.0,21:29,2017,2018
2017-18,203944,Julius Randle,Julius,1610612747,LAL,Los Angeles Lakers,21700883,2018-02-23T00:00:00,LAL vs. DAL,W,30.4,2.0,2.0,4.0,18.0,14.0,3.0,8.0,14.0,0.0,4.0,2.0,2.0,45.6,1,1,1,1,6925,6347,4626,1706,191,22367,7350,18262,17944,8133,25989,11691,7539,1353,1.0,30:22,2017,2018
2017-18,203484,Kentavious Caldwell-Pope,Kentavious,1610612747,LAL,Los Angeles Lakers,21700883,2018-02-23T00:00:00,LAL vs. DAL,W,29.9,4.0,0.0,4.0,6.0,11.0,9.0,8.0,18.0,0.0,0.0,1.0,0.0,33.2,1,1,1,1,7377,2585,9889,1706,5708,18786,19633,18262,14614,8133,1,5153,18674,4530,1.0,29:52,2017,2018
2017-18,1628418,Thomas Bryant,Thomas,1610612747,LAL,Los Angeles Lakers,21700883,2018-02-23T00:00:00,LAL vs. DAL,W,4.6,0.0,2.0,0.0,0.0,3.0,3.0,0.0,6.0,0.0,0.0,0.0,1.0,4.4,1,1,1,1,24575,12040,4626,9215,19152,4813,7350,1,23042,8133,1,1,12172,23044,1.0,4:36,2017,2018
2017-18,1628404,Josh Hart,Josh,1610612747,LAL,Los Angeles Lakers,21700883,2018-02-23T00:00:00,LAL vs. DAL,W,33.7,0.0,1.0,5.0,8.0,16.0,6.0,6.0,12.0,0.0,1.0,1.0,1.0,29.0,1,1,1,1,4162,12040,9497,1108,3447,23917,13576,14585,19440,8133,17404,5153,12172,6471,1.0,33:40,2017,2018
2017-18,1627742,Brandon Ingram,Brandon,1610612747,LAL,Los Angeles Lakers,21700883,2018-02-23T00:00:00,LAL vs. DAL,W,29.5,0.0,4.0,2.0,4.0,12.0,3.0,6.0,8.0,3.0,0.0,4.0,3.0,42.3,1,1,1,1,7726,12040,1497,4430,8975,20190,7350,14585,21998,270,1,22329,4452,1922,1.0,29:27,2017,2018
2017-18,202738,Isaiah Thomas,Isaiah,1610612747,LAL,Los Angeles Lakers,21700883,2018-02-23T00:00:00,LAL vs. DAL,W,25.5,0.0,1.0,3.0,4.0,20.0,3.0,11.0,16.0,0.0,1.0,2.0,6.0,29.4,1,1,1,1,11326,12040,9497,2871,8975,25436,7350,22010,16291,8133,17404,11691,852,6222,1.0,25:28,2017,2018
2017-18,1628398,Kyle Kuzma,Kyle,1610612747,LAL,Los Angeles Lakers,21700883,2018-02-23T00:00:00,LAL vs. DAL,W,25.0,6.0,0.0,4.0,4.0,17.0,6.0,8.0,24.0,2.0,1.0,3.0,1.0,20.1,1,1,1,1,11733,863,9889,1706,8975,24491,13576,18262,9573,803,17404,17900,12172,11980,1.0,25:00,2017,2018
2017-18,203944,Julius Randle,Julius,1610612747,LAL,Los Angeles Lakers,21700866,2018-02-15T00:00:00,LAL @ MIN,L,31.5,2.0,3.0,2.0,16.0,9.0,11.0,5.0,38.0,1.0,2.0,6.0,5.0,42.8,1,13054,13054,13054,6008,6347,2864,4430,372,15582,22147,12692,1743,2512,23707,25886,1543,1814,1.0,31:28,2017,2018
2017-18,201572,Brook Lopez,Brook,1610612747,LAL,Los Angeles Lakers,21700866,2018-02-15T00:00:00,LAL @ MIN,L,26.0,0.0,0.0,0.0,0.0,3.0,8.0,5.0,28.0,1.0,0.0,4.0,2.0,11.4,1,13054,13054,13054,10844,12040,9889,9215,19152,4813,17775,12692,6593,2512,1,22329,7539,18461,1.0,25:57,2017,2018
2017-18,1627742,Brandon Ingram,Brandon,1610612747,LAL,Los Angeles Lakers,21700866,2018-02-15T00:00:00,LAL @ MIN,L,33.7,2.0,4.0,0.0,10.0,8.0,9.0,7.0,38.0,0.0,1.0,2.0,4.0,27.3,1,13054,13054,13054,4105,6347,1497,9215,2079,13769,19633,16621,1743,8133,17404,11691,2633,7375,1.0,33:44,2017,2018
2017-18,203484,Kentavious Caldwell-Pope,Kentavious,1610612747,LAL,Los Angeles Lakers,21700866,2018-02-15T00:00:00,LAL @ MIN,L,40.7,3.0,4.0,3.0,4.0,9.0,12.0,5.0,40.0,0.0,0.0,3.0,2.0,44.2,1,13054,13054,13054,374,4321,1497,2871,8975,15582,23073,12692,1224,8133,1,17900,7539,1580,1.0,40:42,2017,2018
2017-18,202738,Isaiah Thomas,Isaiah,1610612747,LAL,Los Angeles Lakers,21700866,2018-02-15T00:00:00,LAL @ MIN,L,24.9,2.0,0.0,0.0,4.0,11.0,13.0,2.0,28.0,1.0,4.0,2.0,4.0,13.7,1,13054,13054,13054,11847,6347,9889,9215,8975,18786,23905,4597,6593,2512,25989,11691,2633,16767,1.0,24:52,2017,2018
2017-18,1628398,Kyle Kuzma,Kyle,1610612747,LAL,Los Angeles Lakers,21700866,2018-02-15T00:00:00,LAL @ MIN,L,18.6,2.0,0.0,0.0,0.0,7.0,7.0,2.0,18.0,1.0,0.0,2.0,1.0,12.4,1,13054,13054,13054,17253,6347,9889,9215,19152,11872,15942,4597,14614,2512,1,11691,12172,17728,1.0,18:37,2017,2018
2017-18,1628404,Josh Hart,Josh,1610612747,LAL,Los Angeles Lakers,21700866,2018-02-15T00:00:00,LAL @ MIN,L,31.3,0.0,0.0,2.0,8.0,11.0,11.0,5.0,36.0,0.0,2.0,3.0,0.0,15.8,1,13054,13054,13054,6139,12040,9889,4430,3447,18786,22147,12692,2385,8133,23707,17900,18674,15212,1.0,31:18,2017,2018
2017-18,1627826,Ivica Zubac,Ivica,1610612747,LAL,Los Angeles Lakers,21700866,2018-02-15T00:00:00,LAL @ MIN,L,20.0,0.0,11.0,0.0,14.0,9.0,4.0,2.0,16.0,0.0,0.0,1.0,4.0,31.2,1,13054,13054,13054,16144,12040,29,9215,679,15582,8753,4597,16291,8133,1,5153,2633,5386,1.0,19:58,2017,2018
2017-18,201147,Corey Brewer,Corey,1610612747,LAL,Los Angeles Lakers,21700866,2018-02-15T00:00:00,LAL @ MIN,L,13.4,0.0,2.0,2.0,6.0,3.0,0.0,2.0,8.0,0.0,1.0,3.0,0.0,12.9,1,13054,13054,13054,20998,12040,4626,4430,5708,4813,1,4597,21998,8133,17404,17900,18674,17397,1.0,13:24,2017,2018
2017-18,201147,Corey Brewer,Corey,1610612747,LAL,Los Angeles Lakers,21700862,2018-02-14T00:00:00,LAL @ NOP,L,20.0,0.0,0.0,0.0,4.0,15.0,3.0,11.0,28.0,0.0,1.0,1.0,4.0,18.4,1,13054,13054,13054,16106,12040,9889,9215,8975,23214,7350,22010,6593,8133,17404,5153,2633,13252,1.0,20:00,2017,2018
2017-18,1628398,Kyle Kuzma,Kyle,1610612747,LAL,Los Angeles Lakers,21700862,2018-02-14T00:00:00,LAL @ NOP,L,26.9,6.0,2.0,7.0,14.0,16.0,7.0,14.0,34.0,0.0,3.0,2.0,1.0,31.5,1,13054,13054,13054,9985,863,4626,387,679,23917,15942,24160,3166,8133,25519,11691,12172,5270,1.0,26:55,2017,2018
2017-18,1627742,Brandon Ingram,Brandon,1610612747,LAL,Los Angeles Lakers,21700862,2018-02-14T00:00:00,LAL @ NOP,L,30.9,4.0,4.0,10.0,14.0,21.0,7.0,13.0,42.0,0.0,1.0,5.0,3.0,28.9,1,13054,13054,13054,6458,2585,1497,78,679,25636,15942,23596,827,8133,17404,24852,4452,6523,1.0,30:55,2017,2018
2017-18,203944,Julius Randle,Julius,1610612747,LAL,Los Angeles Lakers,21700862,2018-02-14T00:00:00,LAL @ NOP,L,31.4,0.0,2.0,0.0,18.0,16.0,8.0,16.0,40.0,1.0,1.0,3.0,6.0,29.5,1,13054,13054,13054,6038,12040,4626,9215,191,23917,17775,24980,1224,2512,17404,17900,852,6175,1.0,31:25,2017,2018
2017-18,1628404,Josh Hart,Josh,1610612747,LAL,Los Angeles Lakers,21700862,2018-02-14T00:00:00,LAL @ NOP,L,31.3,0.0,5.0,8.0,4.0,20.0,8.0,18.0,44.0,1.0,0.0,1.0,3.0,32.2,1,13054,13054,13054,6186,12040,967,211,8975,25436,17775,25471,542,2512,1,5153,4452,4954,1.0,31:15,2017,2018
2017-18,203484,Kentavious Caldwell-Pope,Kentavious,1610612747,LAL,Los Angeles Lakers,21700862,2018-02-14T00:00:00,LAL @ NOP,L,32.8,0.0,0.0,3.0,2.0,16.0,8.0,14.0,38.0,1.0,0.0,1.0,1.0,28.6,1,13054,13054,13054,4898,12040,9889,2871,13399,23917,17775,24160,1743,2512,1,5153,12172,6670,1.0,32:46,2017,2018
2017-18,202738,Isaiah Thomas,Isaiah,1610612747,LAL,Los Angeles Lakers,21700862,2018-02-14T00:00:00,LAL @ NOP,L,4.8,1.0,0.0,0.0,2.0,7.0,3.0,6.0,12.0,0.0,0.0,0.0,2.0,5.2,1,13054,13054,13054,24490,11566,9889,9215,13399,11872,7350,14585,19440,8133,1,1,7539,22561,1.0,4:49,2017,2018
2017-18,1628418,Thomas Bryant,Thomas,1610612747,LAL,Los Angeles Lakers,21700862,2018-02-14T00:00:00,LAL @ NOP,L,5.4,2.0,0.0,0.0,0.0,4.0,0.0,5.0,6.0,0.0,0.0,0.0,0.0,3.2,1,13054,13054,13054,24260,6347,9889,9215,19152,5970,1,12692,23042,8133,1,1,18674,23609,1.0,5:24,2017,2018
2017-18,101112,Channing Frye,Channing,1610612747,LAL,Los Angeles Lakers,21700862,2018-02-14T00:00:00,LAL @ NOP,L,11.5,0.0,0.0,0.0,0.0,9.0,3.0,4.0,16.0,0.0,0.0,2.0,0.0,3.0,1,13054,13054,13054,22065,12040,9889,9215,19152,15582,7350,9893,16291,8133,1,11691,18674,23793,1.0,11:29,2017,2018
2017-18,1627826,Ivica Zubac,Ivica,1610612747,LAL,Los Angeles Lakers,21700862,2018-02-14T00:00:00,LAL @ NOP,L,5.7,0.0,2.0,0.0,2.0,4.0,0.0,5.0,6.0,0.0,1.0,1.0,0.0,6.9,1,13054,13054,13054,24170,12040,4626,9215,13399,5970,1,12692,23042,8133,17404,5153,18674,21519,1.0,5:39,2017,2018
2017-18,203898,Tyler Ennis,Tyler,1610612747,LAL,Los Angeles Lakers,21700862,2018-02-14T00:00:00,LAL @ NOP,L,4.5,0.0,0.0,0.0,0.0,0.0,0.0,3.0,2.0,0.0,0.0,0.0,0.0,0.0,1,13054,13054,13054,24596,12040,9889,9215,19152,1,1,8396,24730,8133,1,1,18674,25240,1.0,4:32,2017,2018
2017-18,1627780,Gary Payton II,Gary,1610612747,LAL,Los Angeles Lakers,21700862,2018-02-14T00:00:00,LAL @ NOP,L,16.5,0.0,0.0,0.0,4.0,8.0,4.0,10.0,18.0,0.0,0.0,2.0,0.0,6.4,1,13054,13054,13054,18895,12040,9889,9215,8975,13769,8753,20944,14614,8133,1,11691,18674,21794,1.0,16:31,2017,2018
2017-18,201572,Brook Lopez,Brook,1610612747,LAL,Los Angeles Lakers,21700862,2018-02-14T00:00:00,LAL @ NOP,L,18.3,0.0,0.0,0.0,2.0,9.0,4.0,6.0,24.0,0.0,0.0,3.0,0.0,10.6,1,13054,13054,13054,17506,12040,9889,9215,13399,15582,8753,14585,9573,8133,1,17900,18674,19027,1.0,18:20,2017,2018
2017-18,201572,Brook Lopez,Brook,1610612747,LAL,Los Angeles Lakers,21700830,2018-02-10T00:00:00,LAL @ DAL,L,25.6,0.0,0.0,0.0,8.0,15.0,5.0,4.0,24.0,0.0,0.0,3.0,6.0,24.9,1,13054,13054,13054,11209,12040,9889,9215,3447,23214,11744,9893,9573,8133,1,17900,852,8782,1.0,25:34,2017,2018
2017-18,1627742,Brandon Ingram,Brandon,1610612747,LAL,Los Angeles Lakers,21700830,2018-02-10T00:00:00,LAL @ DAL,L,35.8,3.0,3.0,3.0,6.0,21.0,2.0,11.0,34.0,0.0,1.0,3.0,0.0,28.7,1,13054,13054,13054,2539,4321,2864,2871,5708,25636,3853,22010,3166,8133,17404,17900,18674,6613,1.0,35:46,2017,2018
2017-18,202738,Isaiah Thomas,Isaiah,1610612747,LAL,Los Angeles Lakers,21700830,2018-02-10T00:00:00,LAL @ DAL,L,30.6,3.0,3.0,5.0,4.0,20.0,7.0,8.0,36.0,0.0,0.0,5.0,4.0,29.2,1,13054,13054,13054,6697,4321,2864,1108,8975,25436,15942,18262,2385,8133,1,24852,2633,6345,1.0,30:38,2017,2018
2017-18,203944,Julius Randle,Julius,1610612747,LAL,Los Angeles Lakers,21700830,2018-02-10T00:00:00,LAL @ DAL,L,37.0,5.0,0.0,8.0,18.0,21.0,2.0,11.0,36.0,0.0,2.0,6.0,6.0,41.1,1,13054,13054,13054,1708,1528,9889,211,191,25636,3853,22010,2385,8133,23707,25886,852,2160,1.0,37:01,2017,2018
2017-18,1628404,Josh Hart,Josh,1610612747,LAL,Los Angeles Lakers,21700830,2018-02-10T00:00:00,LAL @ DAL,L,29.1,0.0,0.0,0.0,0.0,12.0,2.0,7.0,32.0,0.0,0.0,2.0,1.0,11.9,1,13054,13054,13054,8044,12040,9889,9215,19152,20190,3853,16621,4134,8133,1,11691,12172,18107,1.0,29:06,2017,2018
2017-18,1628398,Kyle Kuzma,Kyle,1610612747,LAL,Los Angeles Lakers,21700830,2018-02-10T00:00:00,LAL @ DAL,L,32.3,0.0,2.0,5.0,4.0,22.0,7.0,11.0,40.0,0.0,0.0,1.0,1.0,39.5,1,13054,13054,13054,5297,12040,4626,1108,8975,25766,15942,22010,1224,8133,1,5153,12172,2528,1.0,32:19,2017,2018
2017-18,203484,Kentavious Caldwell-Pope,Kentavious,1610612747,LAL,Los Angeles Lakers,21700830,2018-02-10T00:00:00,LAL @ DAL,L,35.1,4.0,0.0,2.0,2.0,22.0,5.0,9.0,32.0,0.0,0.0,4.0,2.0,36.2,1,13054,13054,13054,3009,2585,9889,4430,13399,25766,11744,19743,4134,8133,1,22329,7539,3463,1.0,35:08,2017,2018
2017-18,1627826,Ivica Zubac,Ivica,1610612747,LAL,Los Angeles Lakers,21700830,2018-02-10T00:00:00,LAL @ DAL,L,0.6,0.0,0.0,0.0,0.0,0.0,0.0,0.0,2.0,0.0,0.0,0.0,0.0,0.0,1,13054,13054,13054,25987,12040,9889,9215,19152,1,1,1,24730,8133,1,1,18674,25240,1.0,0:35,2017,2018
2017-18,201147,Corey Brewer,Corey,1610612747,LAL,Los Angeles Lakers,21700830,2018-02-10T00:00:00,LAL @ DAL,L,13.7,0.0,2.0,0.0,2.0,12.0,5.0,4.0,22.0,0.0,0.0,1.0,1.0,3.4,1,13054,13054,13054,20837,12040,4626,9215,13399,20190,11744,9893,11258,8133,1,5153,12172,23562,1.0,13:39,2017,2018
2017-18,1627936,Alex Caruso,Alex,1610612747,LAL,Los Angeles Lakers,21700830,2018-02-10T00:00:00,LAL @ DAL,L,0.2,0.0,0.0,0.0,0.0,0.0,0.0,0.0,2.0,0.0,0.0,0.0,0.0,0.0,1,13054,13054,13054,26049,12040,9889,9215,19152,1,1,1,24730,8133,1,1,18674,25240,1.0,0:14,2017,2018
2017-18,1627826,Ivica Zubac,Ivica,1610612747,LAL,Los Angeles Lakers,21700816,2018-02-08T00:00:00,LAL vs. OKC,W,17.3,2.0,0.0,0.0,4.0,3.0,2.0,4.0,12.0,1.0,1.0,3.0,3.0,17.5,1,1,1,1,18334,6347,9889,9215,8975,4813,3853,9893,19440,2512,17404,17900,4452,13923,1.0,17:17,2017,2018
2017-18,203944,Julius Randle,Julius,1610612747,LAL,Los Angeles Lakers,21700816,2018-02-08T00:00:00,LAL vs. OKC,W,28.4,0.0,8.0,2.0,16.0,7.0,11.0,8.0,30.0,1.0,1.0,1.0,1.0,28.2,1,1,1,1,8638,12040,152,4430,372,11872,22147,18262,5301,2512,17404,5153,12172,6908,1.0,28:26,2017,2018
2017-18,1627780,Gary Payton II,Gary,1610612747,LAL,Los Angeles Lakers,21700816,2018-02-08T00:00:00,LAL vs. OKC,W,3.4,0.0,0.0,0.0,0.0,0.0,0.0,1.0,4.0,0.0,0.0,0.0,0.0,2.4,1,1,1,1,25041,12040,9889,9215,19152,1,1,4366,23940,8133,1,1,18674,24155,1.0,3:21,2017,2018
2017-18,1627936,Alex Caruso,Alex,1610612747,LAL,Los Angeles Lakers,21700816,2018-02-08T00:00:00,LAL vs. OKC,W,18.2,0.0,0.0,0.0,0.0,5.0,2.0,6.0,14.0,1.0,0.0,3.0,1.0,12.5,1,1,1,1,17628,12040,9889,9215,19152,8098,3853,14585,17944,2512,1,17900,12172,17681,1.0,18:11,2017,2018
2017-18,1628418,Thomas Bryant,Thomas,1610612747,LAL,Los Angeles Lakers,21700816,2018-02-08T00:00:00,LAL vs. OKC,W,4.3,0.0,0.0,0.0,2.0,3.0,0.0,1.0,4.0,0.0,0.0,0.0,0.0,3.5,1,1,1,1,24666,12040,9889,9215,13399,4813,1,4366,23940,8133,1,1,18674,23500,1.0,4:18,2017,2018
2017-18,1628398,Kyle Kuzma,Kyle,1610612747,LAL,Los Angeles Lakers,21700816,2018-02-08T00:00:00,LAL vs. OKC,W,23.9,0.0,0.0,2.0,4.0,2.0,5.0,6.0,16.0,2.0,1.0,3.0,2.0,38.8,1,1,1,1,12739,12040,9889,4430,8975,2610,11744,14585,16291,803,17404,17900,7539,2703,1.0,23:54,2017,2018
2017-18,203484,Kentavious Caldwell-Pope,Kentavious,1610612747,LAL,Los Angeles Lakers,21700816,2018-02-08T00:00:00,LAL vs. OKC,W,30.9,2.0,5.0,0.0,6.0,5.0,12.0,5.0,34.0,0.0,0.0,2.0,1.0,32.9,1,1,1,1,6473,6347,967,9215,5708,8098,23073,12692,3166,8133,1,11691,12172,4682,1.0,30:54,2017,2018
2017-18,201147,Corey Brewer,Corey,1610612747,LAL,Los Angeles Lakers,21700816,2018-02-08T00:00:00,LAL vs. OKC,W,18.9,4.0,0.0,2.0,6.0,2.0,2.0,5.0,10.0,0.0,1.0,3.0,0.0,11.9,1,1,1,1,17039,2585,9889,4430,5708,2610,3853,12692,20795,8133,17404,17900,18674,18107,1.0,18:54,2017,2018
2017-18,203898,Tyler Ennis,Tyler,1610612747,LAL,Los Angeles Lakers,21700816,2018-02-08T00:00:00,LAL vs. OKC,W,4.1,0.0,0.0,0.0,0.0,3.0,0.0,1.0,4.0,0.0,0.0,0.0,0.0,1.2,1,1,1,1,24750,12040,9889,9215,19152,4813,1,4366,23940,8133,1,1,18674,24751,1.0,4:03,2017,2018
2017-18,1627742,Brandon Ingram,Brandon,1610612747,LAL,Los Angeles Lakers,21700816,2018-02-08T00:00:00,LAL vs. OKC,W,33.4,2.0,0.0,5.0,8.0,5.0,11.0,9.0,28.0,0.0,0.0,1.0,2.0,32.4,1,1,1,1,4419,6347,9889,1108,3447,8098,22147,19743,6593,8133,1,5153,7539,4877,1.0,33:22,2017,2018
2017-18,1628404,Josh Hart,Josh,1610612747,LAL,Los Angeles Lakers,21700816,2018-02-08T00:00:00,LAL vs. OKC,W,32.9,0.0,5.0,0.0,4.0,10.0,11.0,8.0,32.0,1.0,0.0,2.0,0.0,30.1,1,1,1,1,4813,12040,967,9215,8975,17328,22147,18262,4134,2512,1,11691,18674,5874,1.0,32:52,2017,2018
2017-18,201572,Brook Lopez,Brook,1610612747,LAL,Los Angeles Lakers,21700816,2018-02-08T00:00:00,LAL vs. OKC,W,24.5,2.0,3.0,0.0,8.0,5.0,9.0,6.0,22.0,1.0,0.0,1.0,1.0,25.8,1,1,1,1,12210,6347,2864,9215,3447,8098,19633,14585,11258,2512,1,5153,12172,8251,1.0,24:28,2017,2018
2017-18,1627742,Brandon Ingram,Brandon,1610612747,LAL,Los Angeles Lakers,21700804,2018-02-06T00:00:00,LAL vs. PHX,W,33.8,5.0,0.0,5.0,12.0,15.0,11.0,9.0,34.0,2.0,0.0,1.0,3.0,42.3,1,1,1,1,4088,1528,9889,1108,1226,23214,22147,19743,3166,803,1,5153,4452,1922,1.0,33:45,2017,2018
2017-18,203903,Jordan Clarkson,Jordan,1610612747,LAL,Los Angeles Lakers,21700804,2018-02-06T00:00:00,LAL vs. PHX,W,26.6,0.0,2.0,0.0,6.0,6.0,9.0,6.0,12.0,0.0,0.0,1.0,2.0,19.3,1,1,1,1,10308,12040,4626,9215,5708,9851,19633,14585,19440,8133,1,5153,7539,12555,1.0,26:35,2017,2018
2017-18,201572,Brook Lopez,Brook,1610612747,LAL,Los Angeles Lakers,21700804,2018-02-06T00:00:00,LAL vs. PHX,W,23.2,0.0,0.0,3.0,0.0,11.0,6.0,9.0,30.0,1.0,0.0,3.0,0.0,16.8,1,1,1,1,13353,12040,9889,2871,19152,18786,13576,19743,5301,2512,1,17900,18674,14450,1.0,23:12,2017,2018
2017-18,1628404,Josh Hart,Josh,1610612747,LAL,Los Angeles Lakers,21700804,2018-02-06T00:00:00,LAL vs. PHX,W,31.0,3.0,2.0,5.0,4.0,11.0,9.0,7.0,30.0,1.0,0.0,4.0,1.0,37.7,1,1,1,1,6376,4321,4626,1108,8975,18786,19633,16621,5301,2512,1,22329,12172,3007,1.0,31:02,2017,2018
2017-18,203944,Julius Randle,Julius,1610612747,LAL,Los Angeles Lakers,21700804,2018-02-06T00:00:00,LAL vs. PHX,W,27.4,0.0,4.0,2.0,16.0,13.0,8.0,5.0,28.0,1.0,0.0,1.0,5.0,38.1,1,1,1,1,9559,12040,1497,4430,372,21316,17775,12692,6593,2512,1,5153,1543,2874,1.0,27:24,2017,2018
2017-18,1628398,Kyle Kuzma,Kyle,1610612747,LAL,Los Angeles Lakers,21700804,2018-02-06T00:00:00,LAL vs. PHX,W,27.3,5.0,0.0,6.0,8.0,6.0,9.0,6.0,12.0,0.0,2.0,3.0,1.0,23.8,1,1,1,1,9689,1528,9889,622,3447,9851,19633,14585,19440,8133,23707,17900,12172,9478,1.0,27:15,2017,2018
2017-18,203484,Kentavious Caldwell-Pope,Kentavious,1610612747,LAL,Los Angeles Lakers,21700804,2018-02-06T00:00:00,LAL vs. PHX,W,27.7,2.0,0.0,4.0,2.0,13.0,8.0,7.0,30.0,0.0,0.0,3.0,1.0,20.2,1,1,1,1,9343,6347,9889,1706,13399,21316,17775,16621,5301,8133,1,17900,12172,11904,1.0,27:39,2017,2018
2017-18,1626204,Larry Nance Jr.,Larry,1610612747,LAL,Los Angeles Lakers,21700804,2018-02-06T00:00:00,LAL vs. PHX,W,16.7,0.0,2.0,0.0,4.0,0.0,7.0,2.0,6.0,0.0,0.0,1.0,3.0,20.0,1,1,1,1,18740,12040,4626,9215,8975,1,15942,4597,23042,8133,1,5153,4452,12038,1.0,16:43,2017,2018
2017-18,201147,Corey Brewer,Corey,1610612747,LAL,Los Angeles Lakers,21700804,2018-02-06T00:00:00,LAL vs. PHX,W,9.3,0.0,0.0,0.0,0.0,0.0,4.0,2.0,4.0,1.0,2.0,1.0,0.0,7.8,1,1,1,1,22899,12040,9889,9215,19152,1,8753,4597,23940,2512,23707,5153,18674,20919,1.0,9:18,2017,2018
2017-18,1627936,Alex Caruso,Alex,1610612747,LAL,Los Angeles Lakers,21700804,2018-02-06T00:00:00,LAL vs. PHX,W,14.3,0.0,0.0,0.0,0.0,0.0,4.0,2.0,4.0,0.0,0.0,3.0,2.0,6.7,1,1,1,1,20468,12040,9889,9215,19152,1,8753,4597,23940,8133,1,17900,7539,21625,1.0,14:15,2017,2018
2017-18,203898,Tyler Ennis,Tyler,1610612747,LAL,Los Angeles Lakers,21700804,2018-02-06T00:00:00,LAL vs. PHX,W,1.4,0.0,0.0,0.0,0.0,0.0,0.0,0.0,0.0,0.0,0.0,0.0,0.0,0.0,1,1,1,1,25728,12040,9889,9215,19152,1,1,1,25495,8133,1,1,18674,25240,1.0,1:26,2017,2018
2017-18,1627826,Ivica Zubac,Ivica,1610612747,LAL,Los Angeles Lakers,21700804,2018-02-06T00:00:00,LAL vs. PHX,W,1.4,0.0,0.0,0.0,0.0,0.0,0.0,0.0,0.0,1.0,0.0,0.0,0.0,3.0,1,1,1,1,25728,12040,9889,9215,19152,1,1,1,25495,2512,1,1,18674,23793,1.0,1:26,2017,2018
2017-18,1627936,Alex Caruso,Alex,1610612747,LAL,Los Angeles Lakers,21700788,2018-02-04T00:00:00,LAL @ OKC,W,8.8,0.0,0.0,0.0,0.0,2.0,3.0,0.0,6.0,1.0,0.0,0.0,1.0,5.5,1,1,1,1,23069,12040,9889,9215,19152,2610,7350,1,23042,2512,1,1,12172,22408,1.0,8:50,2017,2018
2017-18,1626204,Larry Nance Jr.,Larry,1610612747,LAL,Los Angeles Lakers,21700788,2018-02-04T00:00:00,LAL @ OKC,W,11.9,0.0,2.0,0.0,2.0,5.0,5.0,0.0,10.0,1.0,0.0,3.0,1.0,6.6,1,1,1,1,21840,12040,4626,9215,13399,8098,11744,1,20795,2512,1,17900,12172,21680,1.0,11:56,2017,2018
2017-18,1627742,Brandon Ingram,Brandon,1610612747,LAL,Los Angeles Lakers,21700788,2018-02-04T00:00:00,LAL @ OKC,W,35.7,4.0,0.0,2.0,10.0,18.0,6.0,21.0,42.0,2.0,0.0,3.0,3.0,32.5,1,1,1,1,2586,2585,9889,4430,2079,24900,13576,25870,827,803,1,17900,4452,4836,1.0,35:41,2017,2018
2017-18,201147,Corey Brewer,Corey,1610612747,LAL,Los Angeles Lakers,21700788,2018-02-04T00:00:00,LAL @ OKC,W,8.3,0.0,0.0,0.0,4.0,1.0,5.0,0.0,8.0,0.0,1.0,1.0,0.0,4.0,1,1,1,1,23256,12040,9889,9215,8975,2400,11744,1,21998,8133,17404,5153,18674,23294,1.0,8:15,2017,2018
2017-18,1628398,Kyle Kuzma,Kyle,1610612747,LAL,Los Angeles Lakers,21700788,2018-02-04T00:00:00,LAL @ OKC,W,15.9,0.0,2.0,0.0,2.0,7.0,7.0,6.0,18.0,1.0,0.0,1.0,0.0,8.6,1,1,1,1,19341,12040,4626,9215,13399,11872,15942,14585,14614,2512,1,5153,18674,20395,1.0,15:54,2017,2018
2017-18,203903,Jordan Clarkson,Jordan,1610612747,LAL,Los Angeles Lakers,21700788,2018-02-04T00:00:00,LAL @ OKC,W,23.2,5.0,2.0,0.0,4.0,9.0,11.0,7.0,30.0,0.0,0.0,2.0,0.0,26.4,1,1,1,1,13324,1528,4626,9215,8975,15582,22147,16621,5301,8133,1,11691,18674,7879,1.0,23:15,2017,2018
2017-18,1628404,Josh Hart,Josh,1610612747,LAL,Los Angeles Lakers,21700788,2018-02-04T00:00:00,LAL @ OKC,W,39.2,3.0,0.0,4.0,4.0,18.0,10.0,21.0,48.0,0.0,0.0,1.0,1.0,34.2,1,1,1,1,743,4321,9889,1706,8975,24900,20971,25870,238,8133,1,5153,12172,4126,1.0,39:10,2017,2018
2017-18,201572,Brook Lopez,Brook,1610612747,LAL,Los Angeles Lakers,21700788,2018-02-04T00:00:00,LAL @ OKC,W,34.6,3.0,5.0,0.0,8.0,15.0,8.0,17.0,40.0,1.0,1.0,4.0,2.0,34.5,1,1,1,1,3406,4321,967,9215,3447,23214,17775,25261,1224,2512,17404,22329,7539,4024,1.0,34:36,2017,2018
2017-18,203944,Julius Randle,Julius,1610612747,LAL,Los Angeles Lakers,21700788,2018-02-04T00:00:00,LAL @ OKC,W,33.3,3.0,5.0,2.0,12.0,13.0,6.0,19.0,40.0,1.0,3.0,3.0,7.0,34.2,1,1,1,1,4484,4321,967,4430,1226,21316,13576,25657,1224,2512,25519,17900,463,4126,1.0,33:16,2017,2018
2017-18,203484,Kentavious Caldwell-Pope,Kentavious,1610612747,LAL,Los Angeles Lakers,21700788,2018-02-04T00:00:00,LAL @ OKC,W,29.1,2.0,2.0,0.0,6.0,12.0,4.0,14.0,28.0,0.0,1.0,2.0,3.0,25.5,1,1,1,1,8038,6347,4626,9215,5708,20190,8753,24160,6593,8133,17404,11691,4452,8429,1.0,29:07,2017,2018
2017-18,1626204,Larry Nance Jr.,Larry,1610612747,LAL,Los Angeles Lakers,21700768,2018-02-02T00:00:00,LAL @ BKN,W,15.9,0.0,4.0,3.0,4.0,4.0,4.0,0.0,20.0,0.0,0.0,0.0,1.0,21.6,1,1,1,1,19341,12040,1497,2871,8975,5970,8753,1,12905,8133,1,1,12172,10943,1.0,15:54,2017,2018
2017-18,203944,Julius Randle,Julius,1610612747,LAL,Los Angeles Lakers,21700768,2018-02-02T00:00:00,LAL @ BKN,W,32.1,0.0,7.0,2.0,16.0,9.0,6.0,5.0,32.0,0.0,3.0,1.0,2.0,31.4,1,1,1,1,5472,12040,304,4430,372,15582,13576,12692,4134,8133,25519,5153,7539,5307,1.0,32:06,2017,2018
2017-18,1628404,Josh Hart,Josh,1610612747,LAL,Los Angeles Lakers,21700768,2018-02-02T00:00:00,LAL @ BKN,W,34.8,3.0,0.0,5.0,4.0,11.0,8.0,5.0,36.0,0.0,0.0,2.0,3.0,37.8,1,1,1,1,3259,4321,9889,1108,8975,18786,17775,12692,2385,8133,1,11691,4452,2968,1.0,34:48,2017,2018
2017-18,1628398,Kyle Kuzma,Kyle,1610612747,LAL,Los Angeles Lakers,21700768,2018-02-02T00:00:00,LAL @ BKN,W,20.3,2.0,2.0,2.0,6.0,4.0,4.0,3.0,28.0,0.0,0.0,1.0,0.0,14.1,1,1,1,1,15853,6347,4626,4430,5708,5970,8753,8396,6593,8133,1,5153,18674,16466,1.0,20:17,2017,2018
2017-18,1627742,Brandon Ingram,Brandon,1610612747,LAL,Los Angeles Lakers,21700768,2018-02-02T00:00:00,LAL @ BKN,W,36.8,3.0,3.0,3.0,10.0,9.0,10.0,5.0,42.0,0.0,2.0,3.0,6.0,38.6,1,1,1,1,1822,4321,2864,2871,2079,15582,20971,12692,827,8133,23707,17900,852,2755,1.0,36:48,2017,2018
2017-18,201572,Brook Lopez,Brook,1610612747,LAL,Los Angeles Lakers,21700768,2018-02-02T00:00:00,LAL @ BKN,W,27.6,0.0,0.0,0.0,10.0,9.0,6.0,2.0,24.0,3.0,1.0,4.0,3.0,28.6,1,1,1,1,9415,12040,9889,9215,2079,15582,13576,4597,9573,270,17404,22329,4452,6670,1.0,27:34,2017,2018
2017-18,203903,Jordan Clarkson,Jordan,1610612747,LAL,Los Angeles Lakers,21700768,2018-02-02T00:00:00,LAL @ BKN,W,26.1,6.0,3.0,0.0,0.0,6.0,6.0,0.0,28.0,1.0,1.0,2.0,1.0,19.8,1,1,1,1,10753,863,2864,9215,19152,9851,13576,1,6593,2512,17404,11691,12172,12171,1.0,26:03,2017,2018
2017-18,203484,Kentavious Caldwell-Pope,Kentavious,1610612747,LAL,Los Angeles Lakers,21700768,2018-02-02T00:00:00,LAL @ BKN,W,22.7,0.0,2.0,0.0,0.0,7.0,4.0,5.0,26.0,0.0,1.0,2.0,2.0,3.5,1,1,1,1,13794,12040,4626,9215,19152,11872,8753,12692,8069,8133,17404,11691,7539,23500,1.0,22:40,2017,2018
2017-18,1627936,Alex Caruso,Alex,1610612747,LAL,Los Angeles Lakers,21700768,2018-02-02T00:00:00,LAL @ BKN,W,11.2,0.0,0.0,0.0,0.0,4.0,0.0,0.0,10.0,2.0,0.0,0.0,0.0,10.7,1,1,1,1,22171,12040,9889,9215,19152,5970,1,1,20795,803,1,1,18674,18951,1.0,11:12,2017,2018
2017-18,201147,Corey Brewer,Corey,1610612747,LAL,Los Angeles Lakers,21700768,2018-02-02T00:00:00,LAL @ BKN,W,12.6,0.0,2.0,0.0,6.0,2.0,2.0,0.0,14.0,0.0,0.0,3.0,0.0,12.6,1,1,1,1,21432,12040,4626,9215,5708,2610,3853,1,17944,8133,1,17900,18674,17582,1.0,12:38,2017,2018
2017-18,1626204,Larry Nance Jr.,Larry,1610612747,LAL,Los Angeles Lakers,21700754,2018-01-31T00:00:00,LAL @ ORL,L,24.8,0.0,4.0,2.0,6.0,21.0,2.0,11.0,20.0,0.0,0.0,3.0,2.0,17.6,1,13054,13054,13054,11883,12040,1497,4430,5708,25636,3853,22010,12905,8133,1,17900,7539,13849,1.0,24:49,2017,2018
2017-18,203898,Tyler Ennis,Tyler,1610612747,LAL,Los Angeles Lakers,21700754,2018-01-31T00:00:00,LAL @ ORL,L,10.4,0.0,0.0,0.0,4.0,2.0,5.0,2.0,10.0,0.0,1.0,3.0,1.0,9.8,1,13054,13054,13054,22476,12040,9889,9215,8975,2610,11744,4597,20795,8133,17404,17900,12172,19592,1.0,10:25,2017,2018
2017-18,201572,Brook Lopez,Brook,1610612747,LAL,Los Angeles Lakers,21700754,2018-01-31T00:00:00,LAL @ ORL,L,8.8,0.0,0.0,0.0,4.0,2.0,5.0,7.0,10.0,0.0,0.0,2.0,1.0,8.2,1,13054,13054,13054,23080,12040,9889,9215,8975,2610,11744,16621,20795,8133,1,11691,12172,20654,1.0,8:47,2017,2018
2017-18,1628404,Josh Hart,Josh,1610612747,LAL,Los Angeles Lakers,21700754,2018-01-31T00:00:00,LAL @ ORL,L,13.9,0.0,0.0,0.0,0.0,4.0,2.0,2.0,12.0,0.0,0.0,0.0,1.0,7.2,1,13054,13054,13054,20694,12040,9889,9215,19152,5970,3853,4597,19440,8133,1,1,12172,21291,1.0,13:53,2017,2018
2017-18,201147,Corey Brewer,Corey,1610612747,LAL,Los Angeles Lakers,21700754,2018-01-31T00:00:00,LAL @ ORL,L,13.6,2.0,0.0,3.0,4.0,10.0,0.0,9.0,8.0,0.0,0.0,0.0,1.0,10.8,1,13054,13054,13054,20895,6347,9889,2871,8975,17328,1,19743,21998,8133,1,1,12172,18896,1.0,13:33,2017,2018
2017-18,1628398,Kyle Kuzma,Kyle,1610612747,LAL,Los Angeles Lakers,21700754,2018-01-31T00:00:00,LAL @ ORL,L,28.3,4.0,0.0,3.0,8.0,14.0,0.0,11.0,20.0,0.0,0.0,0.0,2.0,16.3,1,13054,13054,13054,8727,2585,9889,2871,3447,22367,1,22010,12905,8133,1,1,7539,14816,1.0,28:20,2017,2018
2017-18,1627936,Alex Caruso,Alex,1610612747,LAL,Los Angeles Lakers,21700754,2018-01-31T00:00:00,LAL @ ORL,L,15.5,0.0,0.0,0.0,2.0,11.0,0.0,12.0,16.0,0.0,0.0,1.0,1.0,8.6,1,13054,13054,13054,19653,12040,9889,9215,13399,18786,1,22879,16291,8133,1,5153,12172,20395,1.0,15:28,2017,2018
2017-18,1628418,Thomas Bryant,Thomas,1610612747,LAL,Los Angeles Lakers,21700754,2018-01-31T00:00:00,LAL @ ORL,L,7.4,1.0,0.0,0.0,0.0,0.0,0.0,0.0,6.0,0.0,0.0,0.0,1.0,4.9,1,13054,13054,13054,23551,11566,9889,9215,19152,1,1,1,23042,8133,1,1,12172,22801,1.0,7:21,2017,2018
2017-18,1627742,Brandon Ingram,Brandon,1610612747,LAL,Los Angeles Lakers,21700754,2018-01-31T00:00:00,LAL @ ORL,L,34.7,4.0,3.0,0.0,8.0,18.0,7.0,13.0,32.0,0.0,1.0,2.0,4.0,24.5,1,13054,13054,13054,3303,2585,2864,9215,3447,24900,15942,23596,4134,8133,17404,11691,2633,9047,1.0,34:44,2017,2018
2017-18,203484,Kentavious Caldwell-Pope,Kentavious,1610612747,LAL,Los Angeles Lakers,21700754,2018-01-31T00:00:00,LAL @ ORL,L,31.6,0.0,2.0,0.0,4.0,13.0,7.0,13.0,26.0,0.0,1.0,4.0,2.0,20.9,1,13054,13054,13054,5881,12040,4626,9215,8975,21316,15942,23596,8069,8133,17404,22329,7539,11411,1.0,31:37,2017,2018
2017-18,203944,Julius Randle,Julius,1610612747,LAL,Los Angeles Lakers,21700754,2018-01-31T00:00:00,LAL @ ORL,L,26.7,5.0,2.0,7.0,12.0,13.0,7.0,11.0,24.0,0.0,0.0,3.0,4.0,29.3,1,13054,13054,13054,10193,1528,4626,387,1226,21316,15942,22010,9573,8133,1,17900,2633,6285,1.0,26:43,2017,2018
2017-18,203903,Jordan Clarkson,Jordan,1610612747,LAL,Los Angeles Lakers,21700754,2018-01-31T00:00:00,LAL @ ORL,L,24.3,0.0,2.0,3.0,4.0,17.0,0.0,9.0,16.0,1.0,1.0,0.0,3.0,33.5,1,13054,13054,13054,12341,12040,4626,2871,8975,24491,1,19743,16291,2512,17404,1,4452,4393,1.0,24:20,2017,2018
2017-18,203898,Tyler Ennis,Tyler,1610612747,LAL,Los Angeles Lakers,21700735,2018-01-28T00:00:00,LAL @ TOR,L,18.7,0.0,0.0,0.0,0.0,3.0,4.0,1.0,24.0,0.0,0.0,2.0,1.0,9.4,1,13054,13054,13054,17230,12040,9889,9215,19152,4813,8753,4366,9573,8133,1,11691,12172,19844,1.0,18:39,2017,2018
2017-18,1628502,Nigel Hayes,Nigel,1610612747,LAL,Los Angeles Lakers,21700735,2018-01-28T00:00:00,LAL @ TOR,L,9.7,3.0,0.0,0.0,2.0,0.0,3.0,6.0,10.0,0.0,0.0,0.0,1.0,6.0,1,13054,13054,13054,22745,4321,9889,9215,13399,1,7350,14585,20795,8133,1,1,12172,22073,1.0,9:41,2017,2018
2017-18,1628404,Josh Hart,Josh,1610612747,LAL,Los Angeles Lakers,21700735,2018-01-28T00:00:00,LAL @ TOR,L,13.5,0.0,0.0,0.0,0.0,4.0,10.0,8.0,16.0,0.0,0.0,0.0,1.0,1.4,1,13054,13054,13054,20912,12040,9889,9215,19152,5970,20971,18262,16291,8133,1,1,12172,24703,1.0,13:32,2017,2018
2017-18,201572,Brook Lopez,Brook,1610612747,LAL,Los Angeles Lakers,21700735,2018-01-28T00:00:00,LAL @ TOR,L,16.6,0.0,0.0,0.0,2.0,3.0,7.0,1.0,20.0,2.0,0.0,2.0,1.0,15.4,1,13054,13054,13054,18852,12040,9889,9215,13399,4813,15942,4366,12905,803,1,11691,12172,15503,1.0,16:34,2017,2018
2017-18,1628398,Kyle Kuzma,Kyle,1610612747,LAL,Los Angeles Lakers,21700735,2018-01-28T00:00:00,LAL @ TOR,L,23.1,2.0,0.0,0.0,6.0,6.0,10.0,13.0,28.0,0.0,0.0,0.0,1.0,11.8,1,13054,13054,13054,13448,6347,9889,9215,5708,9851,20971,23596,6593,8133,1,1,12172,18190,1.0,23:05,2017,2018
2017-18,203484,Kentavious Caldwell-Pope,Kentavious,1610612747,LAL,Los Angeles Lakers,21700735,2018-01-28T00:00:00,LAL @ TOR,L,34.1,5.0,2.0,1.0,0.0,7.0,9.0,5.0,48.0,0.0,1.0,0.0,2.0,26.8,1,13054,13054,13054,3841,1528,4626,8899,19152,11872,19633,12692,238,8133,17404,1,7539,7655,1.0,34:04,2017,2018
2017-18,1627936,Alex Caruso,Alex,1610612747,LAL,Los Angeles Lakers,21700735,2018-01-28T00:00:00,LAL @ TOR,L,17.8,0.0,0.0,0.0,6.0,2.0,9.0,9.0,26.0,1.0,0.0,3.0,1.0,27.3,1,13054,13054,13054,17940,12040,9889,9215,5708,2610,19633,19743,8069,2512,1,17900,12172,7375,1.0,17:48,2017,2018
2017-18,1626204,Larry Nance Jr.,Larry,1610612747,LAL,Los Angeles Lakers,21700735,2018-01-28T00:00:00,LAL @ TOR,L,25.5,0.0,5.0,2.0,12.0,6.0,12.0,15.0,32.0,0.0,0.0,4.0,1.0,33.6,1,13054,13054,13054,11312,12040,967,4430,1226,9851,23073,24627,4134,8133,1,22329,12172,4348,1.0,25:29,2017,2018
2017-18,203903,Jordan Clarkson,Jordan,1610612747,LAL,Los Angeles Lakers,21700735,2018-01-28T00:00:00,LAL @ TOR,L,21.9,2.0,0.0,3.0,2.0,6.0,13.0,13.0,24.0,0.0,0.0,4.0,3.0,19.4,1,13054,13054,13054,14454,6347,9889,2871,13399,9851,23905,23596,9573,8133,1,22329,4452,12462,1.0,21:55,2017,2018
2017-18,203944,Julius Randle,Julius,1610612747,LAL,Los Angeles Lakers,21700735,2018-01-28T00:00:00,LAL @ TOR,L,24.7,2.0,8.0,0.0,10.0,3.0,9.0,1.0,36.0,0.0,2.0,3.0,4.0,35.5,1,13054,13054,13054,11998,6347,152,9215,2079,4813,19633,4366,2385,8133,23707,17900,2633,3675,1.0,24:42,2017,2018
2017-18,1627742,Brandon Ingram,Brandon,1610612747,LAL,Los Angeles Lakers,21700735,2018-01-28T00:00:00,LAL @ TOR,L,34.5,2.0,2.0,2.0,4.0,5.0,9.0,8.0,46.0,1.0,1.0,3.0,7.0,35.2,1,13054,13054,13054,3477,6347,4626,4430,8975,8098,19633,18262,369,2512,17404,17900,463,3779,1.0,34:31,2017,2018
2017-18,1627742,Brandon Ingram,Brandon,1610612747,LAL,Los Angeles Lakers,21700717,2018-01-26T00:00:00,LAL @ CHI,W,33.4,4.0,4.0,6.0,12.0,7.0,4.0,7.0,14.0,0.0,0.0,5.0,6.0,43.3,1,1,1,1,4422,2585,1497,622,1226,11872,8753,16621,17944,8133,1,24852,852,1726,1.0,33:21,2017,2018
2017-18,1628398,Kyle Kuzma,Kyle,1610612747,LAL,Los Angeles Lakers,21700717,2018-01-26T00:00:00,LAL @ CHI,W,27.4,0.0,0.0,0.0,2.0,9.0,11.0,6.0,24.0,1.0,1.0,1.0,1.0,19.4,1,1,1,1,9580,12040,9889,9215,13399,15582,22147,14585,9573,2512,17404,5153,12172,12462,1.0,27:23,2017,2018
2017-18,203944,Julius Randle,Julius,1610612747,LAL,Los Angeles Lakers,21700717,2018-01-26T00:00:00,LAL @ CHI,W,27.5,5.0,3.0,6.0,8.0,5.0,4.0,7.0,12.0,0.0,1.0,3.0,5.0,27.7,1,1,1,1,9459,1528,2864,622,3447,8098,8753,16621,19440,8133,17404,17900,1543,7164,1.0,27:31,2017,2018
2017-18,203898,Tyler Ennis,Tyler,1610612747,LAL,Los Angeles Lakers,21700717,2018-01-26T00:00:00,LAL @ CHI,W,14.4,2.0,0.0,4.0,6.0,0.0,2.0,5.0,6.0,0.0,2.0,2.0,1.0,14.1,1,1,1,1,20349,6347,9889,1706,5708,1,3853,12692,23042,8133,23707,11691,12172,16466,1.0,14:26,2017,2018
2017-18,203903,Jordan Clarkson,Jordan,1610612747,LAL,Los Angeles Lakers,21700717,2018-01-26T00:00:00,LAL @ CHI,W,30.1,0.0,0.0,10.0,8.0,6.0,9.0,6.0,22.0,0.0,1.0,1.0,6.0,27.4,1,1,1,1,7125,12040,9889,78,3447,9851,19633,14585,11258,8133,17404,5153,852,7322,1.0,30:07,2017,2018
2017-18,203484,Kentavious Caldwell-Pope,Kentavious,1610612747,LAL,Los Angeles Lakers,21700717,2018-01-26T00:00:00,LAL @ CHI,W,23.5,0.0,2.0,0.0,2.0,5.0,4.0,7.0,14.0,0.0,0.0,3.0,0.0,16.4,1,1,1,1,13096,12040,4626,9215,13399,8098,8753,16621,17944,8133,1,17900,18674,14715,1.0,23:30,2017,2018
2017-18,1626204,Larry Nance Jr.,Larry,1610612747,LAL,Los Angeles Lakers,21700717,2018-01-26T00:00:00,LAL @ CHI,W,21.5,0.0,0.0,0.0,0.0,4.0,9.0,4.0,16.0,0.0,1.0,2.0,0.0,10.7,1,1,1,1,14800,12040,9889,9215,19152,5970,19633,9893,16291,8133,17404,11691,18674,18951,1.0,21:30,2017,2018
2017-18,1628404,Josh Hart,Josh,1610612747,LAL,Los Angeles Lakers,21700717,2018-01-26T00:00:00,LAL @ CHI,W,22.8,3.0,0.0,4.0,0.0,5.0,11.0,4.0,16.0,0.0,0.0,0.0,2.0,10.1,1,1,1,1,13672,4321,9889,1706,19152,8098,22147,9893,16291,8133,1,1,7539,19403,1.0,22:50,2017,2018
2017-18,201572,Brook Lopez,Brook,1610612747,LAL,Los Angeles Lakers,21700717,2018-01-26T00:00:00,LAL @ CHI,W,19.6,5.0,4.0,3.0,8.0,0.0,2.0,5.0,8.0,2.0,0.0,4.0,2.0,30.7,1,1,1,1,16468,1528,1497,2871,3447,1,3853,12692,21998,803,1,22329,7539,5612,1.0,19:36,2017,2018
2017-18,1627936,Alex Caruso,Alex,1610612747,LAL,Los Angeles Lakers,21700717,2018-01-26T00:00:00,LAL @ CHI,W,19.8,1.0,0.0,0.0,6.0,4.0,9.0,4.0,18.0,0.0,1.0,2.0,2.0,18.3,1,1,1,1,16323,11566,9889,9215,5708,5970,19633,9893,14614,8133,17404,11691,7539,13334,1.0,19:46,2017,2018
2017-18,1628398,Kyle Kuzma,Kyle,1610612747,LAL,Los Angeles Lakers,21700700,2018-01-23T00:00:00,LAL vs. BOS,W,26.6,3.0,2.0,6.0,8.0,4.0,7.0,2.0,30.0,0.0,0.0,0.0,3.0,37.3,1,1,1,1,10283,4321,4626,622,3447,5970,15942,4597,5301,8133,1,1,4452,3131,1.0,26:37,2017,2018
2017-18,203484,Kentavious Caldwell-Pope,Kentavious,1610612747,LAL,Los Angeles Lakers,21700700,2018-01-23T00:00:00,LAL vs. BOS,W,23.8,3.0,2.0,0.0,0.0,9.0,0.0,3.0,18.0,0.0,0.0,1.0,3.0,14.3,1,1,1,1,12853,4321,4626,9215,19152,15582,1,8396,14614,8133,1,5153,4452,16315,1.0,23:47,2017,2018
2017-18,1628404,Josh Hart,Josh,1610612747,LAL,Los Angeles Lakers,21700700,2018-01-23T00:00:00,LAL vs. BOS,W,23.1,0.0,2.0,2.0,4.0,5.0,4.0,2.0,20.0,0.0,0.0,1.0,1.0,7.9,1,1,1,1,13434,12040,4626,4430,8975,8098,8753,4597,12905,8133,1,5153,12172,20866,1.0,23:06,2017,2018
2017-18,203898,Tyler Ennis,Tyler,1610612747,LAL,Los Angeles Lakers,21700700,2018-01-23T00:00:00,LAL vs. BOS,W,13.6,0.0,0.0,0.0,2.0,3.0,0.0,3.0,8.0,0.0,1.0,3.0,0.0,5.9,1,1,1,1,20867,12040,9889,9215,13399,4813,1,8396,21998,8133,17404,17900,18674,22171,1.0,13:36,2017,2018
2017-18,201572,Brook Lopez,Brook,1610612747,LAL,Los Angeles Lakers,21700700,2018-01-23T00:00:00,LAL vs. BOS,W,14.6,0.0,3.0,0.0,8.0,3.0,0.0,3.0,8.0,1.0,0.0,2.0,3.0,16.4,1,1,1,1,20205,12040,2864,9215,3447,4813,1,8396,21998,2512,1,11691,4452,14715,1.0,14:38,2017,2018
2017-18,203903,Jordan Clarkson,Jordan,1610612747,LAL,Los Angeles Lakers,21700700,2018-01-23T00:00:00,LAL vs. BOS,W,34.4,2.0,4.0,2.0,14.0,10.0,7.0,2.0,36.0,0.0,0.0,1.0,4.0,38.0,1,1,1,1,3584,6347,1497,4430,679,17328,15942,4597,2385,8133,1,5153,2633,2905,1.0,34:24,2017,2018
2017-18,1627936,Alex Caruso,Alex,1610612747,LAL,Los Angeles Lakers,21700700,2018-01-23T00:00:00,LAL vs. BOS,W,18.7,0.0,0.0,0.0,0.0,4.0,5.0,2.0,22.0,0.0,1.0,1.0,1.0,4.5,1,1,1,1,17228,12040,9889,9215,19152,5970,11744,4597,11258,8133,17404,5153,12172,22982,1.0,18:40,2017,2018
2017-18,1627742,Brandon Ingram,Brandon,1610612747,LAL,Los Angeles Lakers,21700700,2018-01-23T00:00:00,LAL vs. BOS,W,33.0,3.0,0.0,2.0,2.0,11.0,5.0,3.0,28.0,1.0,1.0,1.0,2.0,26.8,1,1,1,1,4690,4321,9889,4430,13399,18786,11744,8396,6593,2512,17404,5153,7539,7655,1.0,32:60,2017,2018
2017-18,1626204,Larry Nance Jr.,Larry,1610612747,LAL,Los Angeles Lakers,21700700,2018-01-23T00:00:00,LAL vs. BOS,W,26.0,4.0,2.0,0.0,8.0,5.0,7.0,2.0,30.0,0.0,0.0,3.0,3.0,25.8,1,1,1,1,10801,2585,4626,9215,3447,8098,15942,4597,5301,8133,1,17900,4452,8251,1.0,26:00,2017,2018
2017-18,203944,Julius Randle,Julius,1610612747,LAL,Los Angeles Lakers,21700700,2018-01-23T00:00:00,LAL vs. BOS,W,26.2,0.0,8.0,0.0,12.0,11.0,0.0,3.0,20.0,0.0,2.0,3.0,5.0,33.3,1,1,1,1,10640,12040,152,9215,1226,18786,1,8396,12905,8133,23707,17900,1543,4496,1.0,26:12,2017,2018
2017-18,1627742,Brandon Ingram,Brandon,1610612747,LAL,Los Angeles Lakers,21700684,2018-01-21T00:00:00,LAL vs. NYK,W,24.4,3.0,0.0,0.0,4.0,9.0,6.0,4.0,18.0,0.0,1.0,2.0,2.0,15.9,1,1,1,1,12258,4321,9889,9215,8975,15582,13576,9893,14614,8133,17404,11691,7539,15126,2.0,24:25,2017,2018
2017-18,201147,Corey Brewer,Corey,1610612747,LAL,Los Angeles Lakers,21700684,2018-01-21T00:00:00,LAL vs. NYK,W,22.6,0.0,0.0,0.0,2.0,0.0,0.0,3.0,24.0,0.0,0.0,2.0,0.0,22.0,1,1,1,1,13879,12040,9889,9215,13399,1,1,8396,9573,8133,1,11691,18674,10675,2.0,22:35,2017,2018
2017-18,1626204,Larry Nance Jr.,Larry,1610612747,LAL,Los Angeles Lakers,21700684,2018-01-21T00:00:00,LAL vs. NYK,W,31.8,4.0,3.0,4.0,8.0,0.0,4.0,3.0,26.0,2.0,0.0,2.0,3.0,29.5,1,1,1,1,5753,2585,2864,1706,3447,1,8753,8396,8069,803,1,11691,4452,6175,2.0,31:46,2017,2018
2017-18,203944,Julius Randle,Julius,1610612747,LAL,Los Angeles Lakers,21700684,2018-01-21T00:00:00,LAL vs. NYK,W,36.6,4.0,7.0,4.0,22.0,9.0,4.0,4.0,30.0,0.0,2.0,4.0,6.0,49.9,1,1,1,1,1994,2585,304,1706,45,15582,8753,9893,5301,8133,23707,22329,852,852,2.0,36:33,2017,2018
2017-18,1627936,Alex Caruso,Alex,1610612747,LAL,Los Angeles Lakers,21700684,2018-01-21T00:00:00,LAL vs. NYK,W,30.6,4.0,0.0,3.0,6.0,0.0,4.0,3.0,26.0,0.0,0.0,1.0,3.0,31.8,1,1,1,1,6736,2585,9889,2871,5708,1,8753,8396,8069,8133,1,5153,4452,5134,2.0,30:35,2017,2018
2017-18,203903,Jordan Clarkson,Jordan,1610612747,LAL,Los Angeles Lakers,21700684,2018-01-21T00:00:00,LAL vs. NYK,W,37.7,0.0,6.0,6.0,12.0,0.0,4.0,3.0,38.0,0.0,1.0,2.0,3.0,59.2,1,1,1,1,1372,12040,488,622,1226,1,8753,8396,1743,8133,17404,11691,4452,276,2.0,37:39,2017,2018
2017-18,201572,Brook Lopez,Brook,1610612747,LAL,Los Angeles Lakers,21700684,2018-01-21T00:00:00,LAL vs. NYK,W,14.7,0.0,0.0,3.0,0.0,9.0,2.0,4.0,16.0,0.0,0.0,0.0,1.0,17.8,1,1,1,1,20147,12040,9889,2871,19152,15582,3853,9893,16291,8133,1,1,12172,13702,2.0,14:44,2017,2018
2017-18,1628398,Kyle Kuzma,Kyle,1610612747,LAL,Los Angeles Lakers,21700684,2018-01-21T00:00:00,LAL vs. NYK,W,10.5,5.0,0.0,2.0,6.0,0.0,2.0,3.0,12.0,0.0,0.0,2.0,2.0,15.0,1,1,1,1,22461,1528,9889,4430,5708,1,3853,8396,19440,8133,1,11691,7539,15785,2.0,10:27,2017,2018
2017-18,1628404,Josh Hart,Josh,1610612747,LAL,Los Angeles Lakers,21700684,2018-01-21T00:00:00,LAL vs. NYK,W,17.0,0.0,0.0,0.0,0.0,9.0,2.0,4.0,10.0,1.0,0.0,3.0,0.0,3.0,1,1,1,1,18514,12040,9889,9215,19152,15582,3853,9893,20795,2512,1,17900,18674,23793,2.0,17:02,2017,2018
2017-18,1628502,Nigel Hayes,Nigel,1610612747,LAL,Los Angeles Lakers,21700684,2018-01-21T00:00:00,LAL vs. NYK,W,1.0,0.0,0.0,0.0,0.0,0.0,0.0,0.0,0.0,0.0,0.0,0.0,0.0,0.0,1,1,1,1,25868,12040,9889,9215,19152,1,1,1,25495,8133,1,1,18674,25240,2.0,1:01,2017,2018
2017-18,1627826,Ivica Zubac,Ivica,1610612747,LAL,Los Angeles Lakers,21700684,2018-01-21T00:00:00,LAL vs. NYK,W,1.0,0.0,0.0,0.0,0.0,0.0,0.0,0.0,0.0,0.0,0.0,0.0,0.0,-1.0,1,1,1,1,25868,12040,9889,9215,19152,1,1,1,25495,8133,1,1,18674,26003,2.0,1:01,2017,2018
2017-18,1628418,Thomas Bryant,Thomas,1610612747,LAL,Los Angeles Lakers,21700684,2018-01-21T00:00:00,LAL vs. NYK,W,1.0,3.0,0.0,0.0,0.0,0.0,0.0,0.0,0.0,0.0,0.0,0.0,0.0,3.0,1,1,1,1,25868,4321,9889,9215,19152,1,1,1,25495,8133,1,1,18674,23793,2.0,1:01,2017,2018
2017-18,203898,Tyler Ennis,Tyler,1610612747,LAL,Los Angeles Lakers,21700684,2018-01-21T00:00:00,LAL vs. NYK,W,11.2,0.0,0.0,0.0,0.0,9.0,2.0,4.0,10.0,0.0,1.0,0.0,0.0,7.2,1,1,1,1,22180,12040,9889,9215,19152,15582,3853,9893,20795,8133,17404,1,18674,21291,2.0,11:11,2017,2018
2017-18,203944,Julius Randle,Julius,1610612747,LAL,Los Angeles Lakers,21700673,2018-01-19T00:00:00,LAL vs. IND,W,20.4,0.0,2.0,2.0,14.0,7.0,15.0,6.0,26.0,1.0,2.0,3.0,3.0,27.8,1,1,1,1,15790,12040,4626,4430,679,11872,24909,14585,8069,2512,23707,17900,4452,7116,1.0,20:21,2017,2018
2017-18,1628398,Kyle Kuzma,Kyle,1610612747,LAL,Los Angeles Lakers,21700673,2018-01-19T00:00:00,LAL vs. IND,W,32.2,3.0,0.0,0.0,4.0,11.0,12.0,11.0,42.0,1.0,0.0,3.0,2.0,23.5,1,1,1,1,5424,4321,9889,9215,8975,18786,23073,22010,827,2512,1,17900,7539,9666,1.0,32:09,2017,2018
2017-18,201572,Brook Lopez,Brook,1610612747,LAL,Los Angeles Lakers,21700673,2018-01-19T00:00:00,LAL vs. IND,W,15.9,0.0,0.0,0.0,0.0,5.0,7.0,2.0,16.0,2.0,0.0,1.0,1.0,16.5,1,1,1,1,19385,12040,9889,9215,19152,8098,15942,4597,16291,803,1,5153,12172,14662,1.0,15:51,2017,2018
2017-18,203903,Jordan Clarkson,Jordan,1610612747,LAL,Los Angeles Lakers,21700673,2018-01-19T00:00:00,LAL vs. IND,W,33.6,4.0,6.0,8.0,18.0,9.0,13.0,6.0,40.0,0.0,0.0,0.0,4.0,47.9,1,1,1,1,4183,2585,488,211,191,15582,23905,14585,1224,8133,1,1,2633,1053,1.0,33:38,2017,2018
2017-18,201147,Corey Brewer,Corey,1610612747,LAL,Los Angeles Lakers,21700673,2018-01-19T00:00:00,LAL vs. IND,W,29.5,0.0,0.0,0.0,4.0,14.0,15.0,13.0,38.0,0.0,0.0,2.0,1.0,16.4,1,1,1,1,7712,12040,9889,9215,8975,22367,24909,23596,1743,8133,1,11691,12172,14715,1.0,29:28,2017,2018
2017-18,1628404,Josh Hart,Josh,1610612747,LAL,Los Angeles Lakers,21700673,2018-01-19T00:00:00,LAL vs. IND,W,32.9,3.0,0.0,2.0,6.0,9.0,10.0,7.0,38.0,0.0,1.0,2.0,0.0,13.5,1,1,1,1,4778,4321,9889,4430,5708,15582,20971,16621,1743,8133,17404,11691,18674,16935,1.0,32:54,2017,2018
2017-18,1627936,Alex Caruso,Alex,1610612747,LAL,Los Angeles Lakers,21700673,2018-01-19T00:00:00,LAL vs. IND,W,28.0,0.0,0.0,0.0,2.0,7.0,9.0,4.0,32.0,0.0,0.0,0.0,1.0,15.4,1,1,1,1,8987,12040,9889,9215,13399,11872,19633,9893,4134,8133,1,1,12172,15503,1.0,28:02,2017,2018
2017-18,203898,Tyler Ennis,Tyler,1610612747,LAL,Los Angeles Lakers,21700673,2018-01-19T00:00:00,LAL vs. IND,W,20.0,0.0,0.0,0.0,4.0,9.0,10.0,9.0,26.0,0.0,1.0,5.0,4.0,15.7,1,1,1,1,16147,12040,9889,9215,8975,15582,20971,19743,8069,8133,17404,24852,2633,15293,1.0,19:58,2017,2018
2017-18,1626204,Larry Nance Jr.,Larry,1610612747,LAL,Los Angeles Lakers,21700673,2018-01-19T00:00:00,LAL vs. IND,W,27.7,0.0,0.0,6.0,8.0,9.0,4.0,7.0,32.0,2.0,0.0,1.0,2.0,42.7,1,1,1,1,9343,12040,9889,622,3447,15582,8753,16621,4134,803,1,5153,7539,1839,1.0,27:39,2017,2018
2017-18,1628404,Josh Hart,Josh,1610612747,LAL,Los Angeles Lakers,21700660,2018-01-17T00:00:00,LAL @ OKC,L,26.5,0.0,0.0,0.0,0.0,16.0,16.0,3.0,24.0,0.0,2.0,1.0,2.0,21.6,1,13054,13054,13054,10419,12040,9889,9215,19152,23917,25288,8396,9573,8133,23707,5153,7539,10943,1.0,26:27,2017,2018
2017-18,203944,Julius Randle,Julius,1610612747,LAL,Los Angeles Lakers,21700660,2018-01-17T00:00:00,LAL @ OKC,L,23.4,4.0,0.0,2.0,12.0,17.0,20.0,5.0,34.0,1.0,0.0,3.0,1.0,21.7,1,13054,13054,13054,13148,2585,9889,4430,1226,24491,25969,12692,3166,2512,1,17900,12172,10879,1.0,23:26,2017,2018
2017-18,203898,Tyler Ennis,Tyler,1610612747,LAL,Los Angeles Lakers,21700660,2018-01-17T00:00:00,LAL @ OKC,L,20.2,2.0,0.0,4.0,4.0,12.0,18.0,4.0,30.0,0.0,2.0,1.0,2.0,16.1,1,13054,13054,13054,15966,6347,9889,1706,8975,20190,25744,9893,5301,8133,23707,5153,7539,14968,1.0,20:09,2017,2018
2017-18,1627780,Gary Payton II,Gary,1610612747,LAL,Los Angeles Lakers,21700660,2018-01-17T00:00:00,LAL @ OKC,L,6.5,0.0,0.0,0.0,2.0,3.0,2.0,3.0,2.0,0.0,0.0,0.0,0.0,4.4,1,13054,13054,13054,23865,12040,9889,9215,13399,4813,3853,8396,24730,8133,1,1,18674,23044,1.0,6:27,2017,2018
2017-18,201147,Corey Brewer,Corey,1610612747,LAL,Los Angeles Lakers,21700660,2018-01-17T00:00:00,LAL @ OKC,L,12.4,2.0,0.0,4.0,6.0,5.0,2.0,8.0,10.0,0.0,0.0,0.0,2.0,14.1,1,13054,13054,13054,21566,6347,9889,1706,5708,8098,3853,18262,20795,8133,1,1,7539,16466,1.0,12:22,2017,2018
2017-18,1627742,Brandon Ingram,Brandon,1610612747,LAL,Los Angeles Lakers,21700660,2018-01-17T00:00:00,LAL @ OKC,L,25.5,0.0,0.0,0.0,6.0,17.0,22.0,5.0,34.0,0.0,0.0,1.0,2.0,11.7,1,13054,13054,13054,11269,12040,9889,9215,5708,24491,26056,12692,3166,8133,1,5153,7539,18250,1.0,25:31,2017,2018
2017-18,203903,Jordan Clarkson,Jordan,1610612747,LAL,Los Angeles Lakers,21700660,2018-01-17T00:00:00,LAL @ OKC,L,21.2,0.0,0.0,0.0,0.0,9.0,4.0,6.0,18.0,0.0,1.0,0.0,0.0,16.5,1,13054,13054,13054,15012,12040,9889,9215,19152,15582,8753,14585,14614,8133,17404,1,18674,14662,1.0,21:14,2017,2018
2017-18,1628398,Kyle Kuzma,Kyle,1610612747,LAL,Los Angeles Lakers,21700660,2018-01-17T00:00:00,LAL @ OKC,L,22.7,2.0,2.0,0.0,4.0,6.0,11.0,2.0,26.0,0.0,0.0,1.0,1.0,12.2,1,13054,13054,13054,13739,6347,4626,9215,8975,9851,22147,4597,8069,8133,1,5153,12172,17874,1.0,22:44,2017,2018
2017-18,1626204,Larry Nance Jr.,Larry,1610612747,LAL,Los Angeles Lakers,21700660,2018-01-17T00:00:00,LAL @ OKC,L,23.2,2.0,2.0,2.0,6.0,7.0,4.0,8.0,12.0,0.0,0.0,3.0,0.0,20.2,1,13054,13054,13054,13364,6347,4626,4430,5708,11872,8753,18262,19440,8133,1,17900,18674,11904,1.0,23:11,2017,2018
2017-18,203484,Kentavious Caldwell-Pope,Kentavious,1610612747,LAL,Los Angeles Lakers,21700660,2018-01-17T00:00:00,LAL @ OKC,L,15.2,0.0,0.0,3.0,2.0,5.0,10.0,2.0,26.0,0.0,0.0,0.0,3.0,20.2,1,13054,13054,13054,19835,12040,9889,2871,13399,8098,20971,4597,8069,8133,1,1,4452,11904,1.0,15:12,2017,2018
2017-18,201572,Brook Lopez,Brook,1610612747,LAL,Los Angeles Lakers,21700660,2018-01-17T00:00:00,LAL @ OKC,L,17.0,0.0,0.0,0.0,2.0,15.0,15.0,5.0,26.0,0.0,0.0,3.0,1.0,7.4,1,13054,13054,13054,18526,12040,9889,9215,13399,23214,24909,12692,8069,8133,1,17900,12172,21170,1.0,17:01,2017,2018
2017-18,1627826,Ivica Zubac,Ivica,1610612747,LAL,Los Angeles Lakers,21700660,2018-01-17T00:00:00,LAL @ OKC,L,9.6,2.0,0.0,0.0,2.0,3.0,2.0,6.0,2.0,0.0,1.0,0.0,0.0,3.2,1,13054,13054,13054,22763,6347,9889,9215,13399,4813,3853,14585,24730,8133,17404,1,18674,23609,1.0,9:38,2017,2018
2017-18,1627936,Alex Caruso,Alex,1610612747,LAL,Los Angeles Lakers,21700660,2018-01-17T00:00:00,LAL @ OKC,L,16.6,0.0,0.0,2.0,2.0,5.0,4.0,8.0,6.0,0.0,0.0,2.0,0.0,8.2,1,13054,13054,13054,18804,12040,9889,4430,13399,8098,8753,18262,23042,8133,1,11691,18674,20654,1.0,16:38,2017,2018
2017-18,1628398,Kyle Kuzma,Kyle,1610612747,LAL,Los Angeles Lakers,21700645,2018-01-15T00:00:00,LAL @ MEM,L,28.7,2.0,4.0,3.0,4.0,11.0,11.0,8.0,36.0,0.0,4.0,3.0,1.0,36.9,1,13054,13054,13054,8441,6347,1497,2871,8975,18786,22147,18262,2385,8133,25989,17900,12172,3254,1.0,28:39,2017,2018
2017-18,1627936,Alex Caruso,Alex,1610612747,LAL,Los Angeles Lakers,21700645,2018-01-15T00:00:00,LAL @ MEM,L,13.4,4.0,0.0,4.0,4.0,8.0,6.0,8.0,20.0,0.0,1.0,2.0,2.0,8.2,1,13054,13054,13054,20978,2585,9889,1706,8975,13769,13576,18262,12905,8133,17404,11691,7539,20654,1.0,13:25,2017,2018
2017-18,201572,Brook Lopez,Brook,1610612747,LAL,Los Angeles Lakers,21700645,2018-01-15T00:00:00,LAL @ MEM,L,19.4,2.0,0.0,0.0,4.0,11.0,2.0,11.0,18.0,0.0,0.0,1.0,3.0,9.7,1,13054,13054,13054,16660,6347,9889,9215,8975,18786,3853,22010,14614,8133,1,5153,4452,19642,1.0,19:21,2017,2018
2017-18,201147,Corey Brewer,Corey,1610612747,LAL,Los Angeles Lakers,21700645,2018-01-15T00:00:00,LAL @ MEM,L,19.6,0.0,1.0,0.0,0.0,7.0,8.0,8.0,24.0,0.0,1.0,3.0,1.0,6.9,1,13054,13054,13054,16494,12040,9497,9215,19152,11872,17775,18262,9573,8133,17404,17900,12172,21519,1.0,19:34,2017,2018
2017-18,1626204,Larry Nance Jr.,Larry,1610612747,LAL,Los Angeles Lakers,21700645,2018-01-15T00:00:00,LAL @ MEM,L,26.4,5.0,6.0,2.0,10.0,10.0,11.0,8.0,34.0,3.0,1.0,3.0,3.0,44.2,1,13054,13054,13054,10513,1528,488,4430,2079,17328,22147,18262,3166,270,17404,17900,4452,1580,1.0,26:21,2017,2018
2017-18,1628404,Josh Hart,Josh,1610612747,LAL,Los Angeles Lakers,21700645,2018-01-15T00:00:00,LAL @ MEM,L,31.8,4.0,0.0,8.0,6.0,12.0,7.0,13.0,36.0,1.0,0.0,1.0,2.0,27.1,1,13054,13054,13054,5765,2585,9889,211,5708,20190,15942,23596,2385,2512,1,5153,7539,7478,1.0,31:45,2017,2018
2017-18,1627780,Gary Payton II,Gary,1610612747,LAL,Los Angeles Lakers,21700645,2018-01-15T00:00:00,LAL @ MEM,L,12.0,2.0,0.0,0.0,4.0,0.0,5.0,2.0,16.0,2.0,0.0,4.0,0.0,16.0,1,13054,13054,13054,21750,6347,9889,9215,8975,1,11744,4597,16291,803,1,22329,18674,15046,1.0,12:00,2017,2018
2017-18,203898,Tyler Ennis,Tyler,1610612747,LAL,Los Angeles Lakers,21700645,2018-01-15T00:00:00,LAL @ MEM,L,17.5,0.0,0.0,0.0,4.0,12.0,2.0,7.0,14.0,1.0,0.0,1.0,1.0,15.9,1,13054,13054,13054,18180,12040,9889,9215,8975,20190,3853,16621,17944,2512,1,5153,12172,15126,1.0,17:29,2017,2018
2017-18,203903,Jordan Clarkson,Jordan,1610612747,LAL,Los Angeles Lakers,21700645,2018-01-15T00:00:00,LAL @ MEM,L,16.8,4.0,0.0,1.0,2.0,10.0,6.0,6.0,20.0,0.0,1.0,1.0,4.0,15.4,1,13054,13054,13054,18713,2585,9889,8899,13399,17328,13576,14585,12905,8133,17404,5153,2633,15503,1.0,16:45,2017,2018
2017-18,203944,Julius Randle,Julius,1610612747,LAL,Los Angeles Lakers,21700645,2018-01-15T00:00:00,LAL @ MEM,L,21.7,0.0,6.0,2.0,4.0,12.0,2.0,11.0,20.0,1.0,0.0,2.0,4.0,25.1,1,13054,13054,13054,14679,12040,488,4430,8975,20190,3853,22010,12905,2512,1,11691,2633,8657,1.0,21:39,2017,2018
2017-18,203484,Kentavious Caldwell-Pope,Kentavious,1610612747,LAL,Los Angeles Lakers,21700645,2018-01-15T00:00:00,LAL @ MEM,L,33.0,3.0,0.0,6.0,0.0,17.0,5.0,13.0,32.0,0.0,0.0,2.0,5.0,42.9,1,13054,13054,13054,4651,4321,9889,622,19152,24491,11744,23596,4134,8133,1,11691,1543,1793,1.0,33:02,2017,2018
2017-18,1628366,Lonzo Ball,Lonzo,1610612747,LAL,Los Angeles Lakers,21700627,2018-01-13T00:00:00,LAL @ DAL,W,43.1,0.0,0.0,2.0,6.0,17.0,5.0,10.0,22.0,0.0,0.0,1.0,0.0,30.9,1,1,1,1,113,12040,9889,4430,5708,24491,11744,20944,11258,8133,1,5153,18674,5526,1.0,43:05,2017,2018
2017-18,1627742,Brandon Ingram,Brandon,1610612747,LAL,Los Angeles Lakers,21700627,2018-01-13T00:00:00,LAL @ DAL,W,13.9,0.0,0.0,0.0,0.0,7.0,4.0,7.0,12.0,0.0,0.0,1.0,1.0,18.7,1,1,1,1,20679,12040,9889,9215,19152,11872,8753,16621,19440,8133,1,5153,12172,13020,1.0,13:54,2017,2018
2017-18,203484,Kentavious Caldwell-Pope,Kentavious,1610612747,LAL,Los Angeles Lakers,21700627,2018-01-13T00:00:00,LAL @ DAL,W,40.7,0.0,3.0,2.0,0.0,14.0,5.0,7.0,20.0,0.0,0.0,4.0,5.0,22.0,1,1,1,1,370,12040,2864,4430,19152,22367,11744,16621,12905,8133,1,22329,1543,10675,1.0,40:42,2017,2018
2017-18,203903,Jordan Clarkson,Jordan,1610612747,LAL,Los Angeles Lakers,21700627,2018-01-13T00:00:00,LAL @ DAL,W,30.5,2.0,0.0,2.0,10.0,10.0,4.0,3.0,16.0,0.0,0.0,0.0,0.0,26.6,1,1,1,1,6854,6347,9889,4430,2079,17328,8753,8396,16291,8133,1,1,18674,7766,1.0,30:28,2017,2018
2017-18,203898,Tyler Ennis,Tyler,1610612747,LAL,Los Angeles Lakers,21700627,2018-01-13T00:00:00,LAL @ DAL,W,9.9,0.0,0.0,0.0,0.0,0.0,2.0,0.0,8.0,0.0,0.0,4.0,0.0,4.7,1,1,1,1,22661,12040,9889,9215,19152,1,3853,1,21998,8133,1,22329,18674,22855,1.0,9:55,2017,2018
2017-18,201572,Brook Lopez,Brook,1610612747,LAL,Los Angeles Lakers,21700627,2018-01-13T00:00:00,LAL @ DAL,W,17.5,0.0,5.0,0.0,2.0,7.0,2.0,7.0,6.0,0.0,1.0,1.0,0.0,17.6,1,1,1,1,18190,12040,967,9215,13399,11872,3853,16621,23042,8133,17404,5153,18674,13849,1.0,17:28,2017,2018
2017-18,203944,Julius Randle,Julius,1610612747,LAL,Los Angeles Lakers,21700627,2018-01-13T00:00:00,LAL @ DAL,W,33.6,6.0,2.0,4.0,18.0,11.0,6.0,7.0,20.0,0.0,0.0,5.0,6.0,37.0,1,1,1,1,4261,863,4626,1706,191,18786,13576,16621,12905,8133,1,24852,852,3222,1.0,33:33,2017,2018
2017-18,1628398,Kyle Kuzma,Kyle,1610612747,LAL,Los Angeles Lakers,21700627,2018-01-13T00:00:00,LAL @ DAL,W,35.5,0.0,4.0,5.0,14.0,10.0,5.0,3.0,24.0,0.0,0.0,3.0,2.0,35.5,1,1,1,1,2713,12040,1497,1108,679,17328,11744,8396,9573,8133,1,17900,7539,3675,1.0,35:32,2017,2018
2017-18,1626204,Larry Nance Jr.,Larry,1610612747,LAL,Los Angeles Lakers,21700627,2018-01-13T00:00:00,LAL @ DAL,W,19.5,0.0,0.0,0.0,2.0,6.0,1.0,3.0,10.0,0.0,0.0,4.0,0.0,10.4,1,1,1,1,16580,12040,9889,9215,13399,9851,3582,8396,20795,8133,1,22329,18674,19167,1.0,19:27,2017,2018
2017-18,1628404,Josh Hart,Josh,1610612747,LAL,Los Angeles Lakers,21700627,2018-01-13T00:00:00,LAL @ DAL,W,12.1,0.0,0.0,0.0,2.0,2.0,0.0,3.0,8.0,0.0,0.0,4.0,1.0,6.4,1,1,1,1,21699,12040,9889,9215,13399,2610,1,8396,21998,8133,1,22329,12172,21794,1.0,12:06,2017,2018
2017-18,201147,Corey Brewer,Corey,1610612747,LAL,Los Angeles Lakers,21700627,2018-01-13T00:00:00,LAL @ DAL,W,8.8,0.0,2.0,0.0,0.0,1.0,1.0,0.0,4.0,0.0,0.0,4.0,2.0,2.0,1,1,1,1,23061,12040,4626,9215,19152,2400,3582,1,23940,8133,1,22329,7539,24340,1.0,8:50,2017,2018
2017-18,1626204,Larry Nance Jr.,Larry,1610612747,LAL,Los Angeles Lakers,21700617,2018-01-11T00:00:00,LAL vs. SAS,W,30.4,6.0,2.0,2.0,10.0,9.0,0.0,4.0,22.0,1.0,0.0,4.0,2.0,36.0,1,1,1,1,6880,863,4626,4430,2079,15582,1,9893,11258,2512,1,22329,7539,3530,1.0,30:26,2017,2018
2017-18,1627742,Brandon Ingram,Brandon,1610612747,LAL,Los Angeles Lakers,21700617,2018-01-11T00:00:00,LAL vs. SAS,W,36.8,4.0,5.0,0.0,10.0,24.0,2.0,10.0,30.0,0.0,0.0,0.0,5.0,36.1,1,1,1,1,1802,2585,967,9215,2079,25938,3853,20944,5301,8133,1,1,1543,3494,1.0,36:51,2017,2018
2017-18,203944,Julius Randle,Julius,1610612747,LAL,Los Angeles Lakers,21700617,2018-01-11T00:00:00,LAL vs. SAS,W,17.6,0.0,0.0,0.0,0.0,18.0,2.0,6.0,18.0,0.0,2.0,3.0,0.0,6.7,1,1,1,1,18104,12040,9889,9215,19152,24900,3853,14585,14614,8133,23707,17900,18674,21625,1.0,17:34,2017,2018
2017-18,203898,Tyler Ennis,Tyler,1610612747,LAL,Los Angeles Lakers,21700617,2018-01-11T00:00:00,LAL vs. SAS,W,12.1,0.0,0.0,0.0,0.0,5.0,0.0,2.0,10.0,0.0,1.0,2.0,0.0,4.2,1,1,1,1,21715,12040,9889,9215,19152,8098,1,4597,20795,8133,17404,11691,18674,23143,1.0,12:04,2017,2018
2017-18,1628404,Josh Hart,Josh,1610612747,LAL,Los Angeles Lakers,21700617,2018-01-11T00:00:00,LAL vs. SAS,W,12.7,3.0,0.0,0.0,0.0,0.0,0.0,0.0,12.0,0.0,0.0,1.0,1.0,8.4,1,1,1,1,21372,4321,9889,9215,19152,1,1,1,19440,8133,1,5153,12172,20520,1.0,12:44,2017,2018
2017-18,201572,Brook Lopez,Brook,1610612747,LAL,Los Angeles Lakers,21700617,2018-01-11T00:00:00,LAL vs. SAS,W,18.1,0.0,0.0,0.0,0.0,18.0,2.0,6.0,18.0,3.0,0.0,4.0,1.0,13.4,1,1,1,1,17719,12040,9889,9215,19152,24900,3853,14585,14614,270,1,22329,12172,17003,1.0,18:05,2017,2018
2017-18,203903,Jordan Clarkson,Jordan,1610612747,LAL,Los Angeles Lakers,21700617,2018-01-11T00:00:00,LAL vs. SAS,W,14.1,4.0,0.0,2.0,4.0,3.0,0.0,0.0,10.0,0.0,0.0,0.0,2.0,13.6,1,1,1,1,20555,2585,9889,4430,8975,4813,1,1,20795,8133,1,1,7539,16852,1.0,14:06,2017,2018
2017-18,1628366,Lonzo Ball,Lonzo,1610612747,LAL,Los Angeles Lakers,21700617,2018-01-11T00:00:00,LAL vs. SAS,W,35.9,7.0,2.0,2.0,6.0,22.0,2.0,8.0,30.0,0.0,1.0,1.0,1.0,46.0,1,1,1,1,2418,504,4626,4430,5708,25766,3853,18262,5301,8133,17404,5153,12172,1296,1.0,35:56,2017,2018
2017-18,203484,Kentavious Caldwell-Pope,Kentavious,1610612747,LAL,Los Angeles Lakers,21700617,2018-01-11T00:00:00,LAL vs. SAS,W,32.3,4.0,3.0,4.0,4.0,27.0,2.0,10.0,28.0,0.0,0.0,2.0,1.0,30.8,1,1,1,1,5279,2585,2864,1706,8975,26046,3853,20944,6593,8133,1,11691,12172,5570,1.0,32:20,2017,2018
2017-18,1628398,Kyle Kuzma,Kyle,1610612747,LAL,Los Angeles Lakers,21700617,2018-01-11T00:00:00,LAL vs. SAS,W,29.9,4.0,5.0,2.0,0.0,9.0,0.0,4.0,22.0,0.0,1.0,0.0,2.0,29.2,1,1,1,1,7317,2585,967,4430,19152,15582,1,9893,11258,8133,17404,1,7539,6345,1.0,29:55,2017,2018
2017-18,1627742,Brandon Ingram,Brandon,1610612747,LAL,Los Angeles Lakers,21700602,2018-01-09T00:00:00,LAL vs. SAC,W,23.8,2.0,2.0,9.0,8.0,8.0,2.0,6.0,12.0,1.0,1.0,4.0,1.0,21.5,1,1,1,1,12834,6347,4626,125,3447,13769,3853,14585,19440,2512,17404,22329,12172,11026,1.0,23:48,2017,2018
2017-18,1626204,Larry Nance Jr.,Larry,1610612747,LAL,Los Angeles Lakers,21700602,2018-01-09T00:00:00,LAL vs. SAC,W,19.3,1.0,0.0,0.0,8.0,13.0,7.0,3.0,22.0,0.0,1.0,3.0,4.0,22.1,1,1,1,1,16751,11566,9889,9215,3447,21316,15942,8396,11258,8133,17404,17900,2633,10603,1.0,19:15,2017,2018
2017-18,203944,Julius Randle,Julius,1610612747,LAL,Los Angeles Lakers,21700602,2018-01-09T00:00:00,LAL vs. SAC,W,30.3,6.0,0.0,8.0,14.0,9.0,8.0,5.0,16.0,0.0,0.0,1.0,7.0,44.8,1,1,1,1,6949,863,9889,211,679,15582,17775,12692,16291,8133,1,5153,463,1480,1.0,30:20,2017,2018
2017-18,203484,Kentavious Caldwell-Pope,Kentavious,1610612747,LAL,Los Angeles Lakers,21700602,2018-01-09T00:00:00,LAL vs. SAC,W,32.9,7.0,0.0,7.0,6.0,8.0,11.0,4.0,20.0,1.0,0.0,1.0,3.0,31.8,1,1,1,1,4798,504,9889,387,5708,13769,22147,9893,12905,2512,1,5153,4452,5134,1.0,32:53,2017,2018
2017-18,203903,Jordan Clarkson,Jordan,1610612747,LAL,Los Angeles Lakers,21700602,2018-01-09T00:00:00,LAL vs. SAC,W,14.5,0.0,2.0,0.0,2.0,12.0,7.0,2.0,16.0,0.0,0.0,4.0,0.0,3.7,1,1,1,1,20330,12040,4626,9215,13399,20190,15942,4597,16291,8133,1,22329,18674,23418,1.0,14:27,2017,2018
2017-18,1628366,Lonzo Ball,Lonzo,1610612747,LAL,Los Angeles Lakers,21700602,2018-01-09T00:00:00,LAL vs. SAC,W,36.7,0.0,2.0,5.0,2.0,12.0,9.0,6.0,20.0,1.0,0.0,1.0,0.0,51.7,1,1,1,1,1895,12040,4626,1108,13399,20190,19633,14585,12905,2512,1,5153,18674,686,1.0,36:42,2017,2018
2017-18,1628398,Kyle Kuzma,Kyle,1610612747,LAL,Los Angeles Lakers,21700602,2018-01-09T00:00:00,LAL vs. SAC,W,24.1,0.0,0.0,0.0,6.0,13.0,12.0,3.0,24.0,1.0,0.0,2.0,1.0,27.3,1,1,1,1,12591,12040,9889,9215,5708,21316,23073,8396,9573,2512,1,11691,12172,7375,1.0,24:04,2017,2018
2017-18,203898,Tyler Ennis,Tyler,1610612747,LAL,Los Angeles Lakers,21700602,2018-01-09T00:00:00,LAL vs. SAC,W,9.5,0.0,0.0,0.0,0.0,10.0,9.0,2.0,16.0,0.0,1.0,1.0,1.0,1.2,1,1,1,1,22834,12040,9889,9215,19152,17328,19633,4597,16291,8133,17404,5153,12172,24751,1.0,9:27,2017,2018
2017-18,201572,Brook Lopez,Brook,1610612747,LAL,Los Angeles Lakers,21700602,2018-01-09T00:00:00,LAL vs. SAC,W,22.4,0.0,0.0,6.0,0.0,9.0,9.0,5.0,14.0,0.0,1.0,5.0,1.0,20.6,1,1,1,1,14104,12040,9889,622,19152,15582,19633,12692,17944,8133,17404,24852,12172,11614,1.0,22:21,2017,2018
2017-18,201147,Corey Brewer,Corey,1610612747,LAL,Los Angeles Lakers,21700602,2018-01-09T00:00:00,LAL vs. SAC,W,5.7,0.0,0.0,0.0,0.0,5.0,7.0,2.0,14.0,0.0,0.0,0.0,1.0,1.2,1,1,1,1,24164,12040,9889,9215,19152,8098,15942,4597,17944,8133,1,1,12172,24751,1.0,5:40,2017,2018
2017-18,1628404,Josh Hart,Josh,1610612747,LAL,Los Angeles Lakers,21700602,2018-01-09T00:00:00,LAL vs. SAC,W,21.1,0.0,0.0,0.0,0.0,11.0,9.0,2.0,16.0,0.0,0.0,1.0,0.0,7.1,1,1,1,1,15180,12040,9889,9215,19152,18786,19633,4597,16291,8133,1,5153,18674,21427,1.0,21:03,2017,2018
2017-18,203484,Kentavious Caldwell-Pope,Kentavious,1610612747,LAL,Los Angeles Lakers,21700590,2018-01-07T00:00:00,LAL vs. ATL,W,23.3,4.0,0.0,5.0,2.0,18.0,6.0,8.0,20.0,0.0,1.0,0.0,0.0,20.2,1,1,1,1,13282,2585,9889,1108,13399,24900,13576,18262,12905,8133,17404,1,18674,11904,1.0,23:17,2017,2018
2017-18,1627826,Ivica Zubac,Ivica,1610612747,LAL,Los Angeles Lakers,21700590,2018-01-07T00:00:00,LAL vs. ATL,W,1.1,0.0,0.0,0.0,0.0,2.0,0.0,2.0,2.0,0.0,0.0,0.0,0.0,0.0,1,1,1,1,25855,12040,9889,9215,19152,2610,1,4597,24730,8133,1,1,18674,25240,1.0,1:04,2017,2018
2017-18,201147,Corey Brewer,Corey,1610612747,LAL,Los Angeles Lakers,21700590,2018-01-07T00:00:00,LAL vs. ATL,W,2.9,0.0,0.0,0.0,2.0,2.0,2.0,4.0,6.0,0.0,0.0,0.0,0.0,6.2,1,1,1,1,25220,12040,9889,9215,13399,2610,3853,9893,23042,8133,1,1,18674,21910,1.0,2:53,2017,2018
2017-18,203944,Julius Randle,Julius,1610612747,LAL,Los Angeles Lakers,21700590,2018-01-07T00:00:00,LAL vs. ATL,W,22.9,4.0,2.0,6.0,8.0,14.0,8.0,10.0,20.0,0.0,1.0,4.0,4.0,32.8,1,1,1,1,13601,2585,4626,622,3447,22367,17775,20944,12905,8133,17404,22329,2633,4720,1.0,22:55,2017,2018
2017-18,1628418,Thomas Bryant,Thomas,1610612747,LAL,Los Angeles Lakers,21700590,2018-01-07T00:00:00,LAL vs. ATL,W,1.1,0.0,0.0,0.0,0.0,2.0,0.0,2.0,2.0,0.0,0.0,0.0,0.0,1.2,1,1,1,1,25855,12040,9889,9215,19152,2610,1,4597,24730,8133,1,1,18674,24751,1.0,1:04,2017,2018
2017-18,203898,Tyler Ennis,Tyler,1610612747,LAL,Los Angeles Lakers,21700590,2018-01-07T00:00:00,LAL vs. ATL,W,18.3,3.0,0.0,0.0,0.0,12.0,6.0,4.0,18.0,1.0,0.0,0.0,0.0,16.4,1,1,1,1,17535,4321,9889,9215,19152,20190,13576,9893,14614,2512,1,1,18674,14715,1.0,18:18,2017,2018
2017-18,203903,Jordan Clarkson,Jordan,1610612747,LAL,Los Angeles Lakers,21700590,2018-01-07T00:00:00,LAL vs. ATL,W,23.7,0.0,0.0,2.0,6.0,6.0,9.0,5.0,18.0,0.0,0.0,0.0,1.0,26.4,1,1,1,1,12968,12040,9889,4430,5708,9851,19633,12692,14614,8133,1,1,12172,7879,1.0,23:39,2017,2018
2017-18,201572,Brook Lopez,Brook,1610612747,LAL,Los Angeles Lakers,21700590,2018-01-07T00:00:00,LAL vs. ATL,W,19.4,0.0,0.0,3.0,2.0,14.0,4.0,8.0,12.0,2.0,1.0,3.0,0.0,30.6,1,1,1,1,16608,12040,9889,2871,13399,22367,8753,18262,19440,803,17404,17900,18674,5654,1.0,19:25,2017,2018
2017-18,1628404,Josh Hart,Josh,1610612747,LAL,Los Angeles Lakers,21700590,2018-01-07T00:00:00,LAL vs. ATL,W,19.5,4.0,0.0,4.0,4.0,2.0,7.0,7.0,14.0,0.0,1.0,3.0,1.0,24.5,1,1,1,1,16532,2585,9889,1706,8975,2610,15942,16621,17944,8133,17404,17900,12172,9047,1.0,19:31,2017,2018
2017-18,1628366,Lonzo Ball,Lonzo,1610612747,LAL,Los Angeles Lakers,21700590,2018-01-07T00:00:00,LAL vs. ATL,W,29.7,2.0,2.0,10.0,4.0,14.0,9.0,11.0,22.0,0.0,0.0,4.0,0.0,35.0,1,1,1,1,7504,6347,4626,78,8975,22367,19633,22010,11258,8133,1,22329,18674,3849,1.0,29:42,2017,2018
2017-18,1627742,Brandon Ingram,Brandon,1610612747,LAL,Los Angeles Lakers,21700590,2018-01-07T00:00:00,LAL vs. ATL,W,29.7,0.0,0.0,4.0,6.0,24.0,10.0,8.0,28.0,1.0,0.0,2.0,5.0,29.7,1,1,1,1,7480,12040,9889,1706,5708,25938,20971,18262,6593,2512,1,11691,1543,6077,1.0,29:44,2017,2018
2017-18,1628398,Kyle Kuzma,Kyle,1610612747,LAL,Los Angeles Lakers,21700590,2018-01-07T00:00:00,LAL vs. ATL,W,24.4,0.0,0.0,4.0,10.0,10.0,7.0,3.0,20.0,1.0,0.0,4.0,3.0,25.7,1,1,1,1,12242,12040,9889,1706,2079,17328,15942,8396,12905,2512,1,22329,4452,8308,1.0,24:27,2017,2018
2017-18,1626204,Larry Nance Jr.,Larry,1610612747,LAL,Los Angeles Lakers,21700590,2018-01-07T00:00:00,LAL vs. ATL,W,24.0,0.0,0.0,4.0,12.0,10.0,7.0,3.0,18.0,1.0,0.0,5.0,2.0,29.1,1,1,1,1,12638,12040,9889,1706,1226,17328,15942,8396,14614,2512,1,24852,7539,6407,1.0,24:01,2017,2018
2017-18,201572,Brook Lopez,Brook,1610612747,LAL,Los Angeles Lakers,21700577,2018-01-05T00:00:00,LAL vs. CHA,L,19.2,0.0,0.0,2.0,2.0,7.0,13.0,11.0,28.0,0.0,0.0,1.0,2.0,18.4,1,13054,13054,13054,16765,12040,9889,4430,13399,11872,23905,22010,6593,8133,1,5153,7539,13252,1.0,19:14,2017,2018
2017-18,1627742,Brandon Ingram,Brandon,1610612747,LAL,Los Angeles Lakers,21700577,2018-01-05T00:00:00,LAL vs. CHA,L,36.4,0.0,2.0,2.0,10.0,15.0,22.0,13.0,36.0,0.0,1.0,3.0,2.0,41.8,1,13054,13054,13054,2073,12040,4626,4430,2079,23214,26056,23596,2385,8133,17404,17900,7539,2012,1.0,36:26,2017,2018
2017-18,203944,Julius Randle,Julius,1610612747,LAL,Los Angeles Lakers,21700577,2018-01-05T00:00:00,LAL vs. CHA,L,27.5,2.0,9.0,0.0,10.0,11.0,14.0,17.0,32.0,0.0,0.0,2.0,6.0,27.0,1,13054,13054,13054,9459,6347,87,9215,2079,18786,24457,25261,4134,8133,1,11691,852,7532,1.0,27:31,2017,2018
2017-18,1627826,Ivica Zubac,Ivica,1610612747,LAL,Los Angeles Lakers,21700577,2018-01-05T00:00:00,LAL vs. CHA,L,2.8,2.0,0.0,0.0,2.0,0.0,0.0,0.0,2.0,0.0,0.0,0.0,0.0,4.7,1,13054,13054,13054,25237,6347,9889,9215,13399,1,1,1,24730,8133,1,1,18674,22855,1.0,2:49,2017,2018
2017-18,203903,Jordan Clarkson,Jordan,1610612747,LAL,Los Angeles Lakers,21700577,2018-01-05T00:00:00,LAL vs. CHA,L,19.2,0.0,0.0,0.0,0.0,16.0,6.0,14.0,12.0,0.0,0.0,1.0,3.0,13.4,1,13054,13054,13054,16828,12040,9889,9215,19152,23917,13576,24160,19440,8133,1,5153,4452,17003,1.0,19:09,2017,2018
2017-18,1626204,Larry Nance Jr.,Larry,1610612747,LAL,Los Angeles Lakers,21700577,2018-01-05T00:00:00,LAL vs. CHA,L,17.7,0.0,0.0,0.0,6.0,13.0,8.0,7.0,8.0,0.0,0.0,2.0,0.0,20.3,1,13054,13054,13054,18030,12040,9889,9215,5708,21316,17775,16621,21998,8133,1,11691,18674,11845,1.0,17:40,2017,2018
2017-18,1628366,Lonzo Ball,Lonzo,1610612747,LAL,Los Angeles Lakers,21700577,2018-01-05T00:00:00,LAL vs. CHA,L,27.2,0.0,0.0,0.0,2.0,13.0,15.0,17.0,30.0,0.0,0.0,2.0,0.0,28.3,1,13054,13054,13054,9744,12040,9889,9215,13399,21316,24909,25261,5301,8133,1,11691,18674,6851,1.0,27:11,2017,2018
2017-18,201147,Corey Brewer,Corey,1610612747,LAL,Los Angeles Lakers,21700577,2018-01-05T00:00:00,LAL vs. CHA,L,12.0,0.0,0.0,3.0,4.0,4.0,1.0,2.0,4.0,1.0,0.0,0.0,2.0,10.6,1,13054,13054,13054,21750,12040,9889,2871,8975,5970,3582,4597,23940,2512,1,1,7539,19027,1.0,12:00,2017,2018
2017-18,203898,Tyler Ennis,Tyler,1610612747,LAL,Los Angeles Lakers,21700577,2018-01-05T00:00:00,LAL vs. CHA,L,9.0,2.0,0.0,2.0,4.0,2.0,1.0,0.0,2.0,0.0,0.0,2.0,1.0,10.7,1,13054,13054,13054,23005,6347,9889,4430,8975,2610,3582,1,24730,8133,1,11691,12172,18951,1.0,8:59,2017,2018
2017-18,1628398,Kyle Kuzma,Kyle,1610612747,LAL,Los Angeles Lakers,21700577,2018-01-05T00:00:00,LAL vs. CHA,L,25.5,2.0,0.0,0.0,4.0,15.0,8.0,11.0,12.0,2.0,2.0,3.0,0.0,10.9,1,13054,13054,13054,11289,6347,9889,9215,8975,23214,17775,22010,19440,803,23707,17900,18674,18830,1.0,25:30,2017,2018
2017-18,203484,Kentavious Caldwell-Pope,Kentavious,1610612747,LAL,Los Angeles Lakers,21700577,2018-01-05T00:00:00,LAL vs. CHA,L,20.4,0.0,0.0,0.0,0.0,9.0,7.0,17.0,28.0,0.0,0.0,1.0,0.0,2.0,1,13054,13054,13054,15750,12040,9889,9215,19152,15582,15942,25261,6593,8133,1,5153,18674,24340,1.0,20:23,2017,2018
2017-18,1628404,Josh Hart,Josh,1610612747,LAL,Los Angeles Lakers,21700577,2018-01-05T00:00:00,LAL vs. CHA,L,23.1,1.0,0.0,0.0,0.0,15.0,15.0,11.0,16.0,0.0,0.0,2.0,1.0,11.1,1,13054,13054,13054,13412,11566,9889,9215,19152,23214,24909,22010,16291,8133,1,11691,12172,18687,1.0,23:08,2017,2018
2017-18,1627742,Brandon Ingram,Brandon,1610612747,LAL,Los Angeles Lakers,21700565,2018-01-03T00:00:00,LAL vs. OKC,L,29.5,0.0,2.0,0.0,4.0,13.0,10.0,11.0,40.0,1.0,2.0,0.0,3.0,20.0,1,13054,13054,13054,7682,12040,4626,9215,8975,21316,20971,22010,1224,2512,23707,1,4452,12038,1.0,29:30,2017,2018
2017-18,1628404,Josh Hart,Josh,1610612747,LAL,Los Angeles Lakers,21700565,2018-01-03T00:00:00,LAL vs. OKC,L,19.4,2.0,0.0,2.0,2.0,13.0,3.0,8.0,26.0,1.0,0.0,0.0,1.0,14.9,1,13054,13054,13054,16660,6347,9889,4430,13399,21316,7350,18262,8069,2512,1,1,12172,15857,1.0,19:21,2017,2018
2017-18,1626204,Larry Nance Jr.,Larry,1610612747,LAL,Los Angeles Lakers,21700565,2018-01-03T00:00:00,LAL vs. OKC,L,22.3,2.0,0.0,2.0,2.0,8.0,5.0,6.0,30.0,0.0,0.0,1.0,1.0,17.4,1,13054,13054,13054,14138,6347,9889,4430,13399,13769,11744,14585,5301,8133,1,5153,12172,13986,1.0,22:18,2017,2018
2017-18,201572,Brook Lopez,Brook,1610612747,LAL,Los Angeles Lakers,21700565,2018-01-03T00:00:00,LAL vs. OKC,L,16.4,0.0,2.0,0.0,4.0,5.0,2.0,2.0,20.0,0.0,0.0,1.0,3.0,15.0,1,13054,13054,13054,18975,12040,4626,9215,8975,8098,3853,4597,12905,8133,1,5153,4452,15785,1.0,16:25,2017,2018
2017-18,1627826,Ivica Zubac,Ivica,1610612747,LAL,Los Angeles Lakers,21700565,2018-01-03T00:00:00,LAL vs. OKC,L,6.0,0.0,0.0,0.0,0.0,8.0,0.0,6.0,14.0,0.0,0.0,0.0,0.0,-1.0,1,13054,13054,13054,24064,12040,9889,9215,19152,13769,1,14585,17944,8133,1,1,18674,26003,1.0,5:57,2017,2018
2017-18,1627936,Alex Caruso,Alex,1610612747,LAL,Los Angeles Lakers,21700565,2018-01-03T00:00:00,LAL vs. OKC,L,8.2,0.0,5.0,0.0,2.0,8.0,3.0,6.0,16.0,0.0,0.0,0.0,0.0,12.1,1,13054,13054,13054,23288,12040,967,9215,13399,13769,7350,14585,16291,8133,1,1,18674,17974,1.0,8:11,2017,2018
2017-18,203898,Tyler Ennis,Tyler,1610612747,LAL,Los Angeles Lakers,21700565,2018-01-03T00:00:00,LAL vs. OKC,L,21.3,0.0,0.0,2.0,4.0,8.0,8.0,9.0,28.0,0.0,1.0,2.0,0.0,16.8,1,13054,13054,13054,14972,12040,9889,4430,8975,13769,17775,19743,6593,8133,17404,11691,18674,14450,1.0,21:17,2017,2018
2017-18,203903,Jordan Clarkson,Jordan,1610612747,LAL,Los Angeles Lakers,21700565,2018-01-03T00:00:00,LAL vs. OKC,L,20.8,0.0,3.0,0.0,2.0,5.0,5.0,2.0,24.0,0.0,1.0,0.0,1.0,18.2,1,13054,13054,13054,15422,12040,2864,9215,13399,8098,11744,4597,9573,8133,17404,1,12172,13395,1.0,20:46,2017,2018
2017-18,203484,Kentavious Caldwell-Pope,Kentavious,1610612747,LAL,Los Angeles Lakers,21700565,2018-01-03T00:00:00,LAL vs. OKC,L,28.7,0.0,0.0,0.0,4.0,8.0,10.0,9.0,40.0,0.0,0.0,1.0,1.0,24.2,1,13054,13054,13054,8441,12040,9889,9215,8975,13769,20971,19743,1224,8133,1,5153,12172,9226,1.0,28:39,2017,2018
2017-18,201147,Corey Brewer,Corey,1610612747,LAL,Los Angeles Lakers,21700565,2018-01-03T00:00:00,LAL vs. OKC,L,18.5,0.0,6.0,0.0,8.0,8.0,3.0,6.0,26.0,0.0,0.0,1.0,2.0,15.3,1,13054,13054,13054,17370,12040,488,9215,3447,13769,7350,14585,8069,8133,1,5153,7539,15593,1.0,18:30,2017,2018
2017-18,203944,Julius Randle,Julius,1610612747,LAL,Los Angeles Lakers,21700565,2018-01-03T00:00:00,LAL vs. OKC,L,21.1,0.0,0.0,4.0,4.0,8.0,6.0,9.0,26.0,0.0,1.0,2.0,4.0,18.0,1,13054,13054,13054,15180,12040,9889,1706,8975,13769,13576,19743,8069,8133,17404,11691,2633,13540,1.0,21:03,2017,2018
2017-18,1628398,Kyle Kuzma,Kyle,1610612747,LAL,Los Angeles Lakers,21700565,2018-01-03T00:00:00,LAL vs. OKC,L,28.1,5.0,3.0,5.0,8.0,13.0,10.0,11.0,40.0,2.0,0.0,2.0,1.0,25.1,1,13054,13054,13054,8976,1528,2864,1108,3447,21316,20971,22010,1224,803,1,11691,12172,8657,1.0,28:03,2017,2018
2017-18,203944,Julius Randle,Julius,1610612747,LAL,Los Angeles Lakers,21700548,2018-01-01T00:00:00,LAL @ MIN,L,28.4,2.0,5.0,6.0,12.0,12.0,11.0,11.0,28.0,1.0,1.0,2.0,4.0,31.4,1,13054,13054,13054,8634,6347,967,622,1226,20190,22147,22010,6593,2512,17404,11691,2633,5307,1.0,28:26,2017,2018
2017-18,201147,Corey Brewer,Corey,1610612747,LAL,Los Angeles Lakers,21700548,2018-01-01T00:00:00,LAL @ MIN,L,21.8,2.0,0.0,4.0,6.0,15.0,12.0,9.0,28.0,1.0,1.0,3.0,4.0,18.5,1,13054,13054,13054,14531,6347,9889,1706,5708,23214,23073,19743,6593,2512,17404,17900,2633,13186,1.0,21:50,2017,2018
2017-18,1627742,Brandon Ingram,Brandon,1610612747,LAL,Los Angeles Lakers,21700548,2018-01-01T00:00:00,LAL @ MIN,L,28.9,3.0,0.0,0.0,0.0,12.0,11.0,11.0,32.0,1.0,1.0,2.0,4.0,22.5,1,13054,13054,13054,8269,4321,9889,9215,19152,20190,22147,22010,4134,2512,17404,11691,2633,10336,1.0,28:51,2017,2018
2017-18,101106,Andrew Bogut,Andrew,1610612747,LAL,Los Angeles Lakers,21700548,2018-01-01T00:00:00,LAL @ MIN,L,8.4,0.0,0.0,0.0,0.0,8.0,3.0,2.0,10.0,0.0,0.0,0.0,0.0,4.1,1,13054,13054,13054,23200,12040,9889,9215,19152,13769,7350,4597,20795,8133,1,1,18674,23282,1.0,8:24,2017,2018
2017-18,1626204,Larry Nance Jr.,Larry,1610612747,LAL,Los Angeles Lakers,21700548,2018-01-01T00:00:00,LAL @ MIN,L,19.6,2.0,0.0,0.0,4.0,17.0,3.0,2.0,20.0,0.0,0.0,1.0,2.0,16.8,1,13054,13054,13054,16499,6347,9889,9215,8975,24491,7350,4597,12905,8133,1,5153,7539,14450,1.0,19:34,2017,2018
2017-18,203898,Tyler Ennis,Tyler,1610612747,LAL,Los Angeles Lakers,21700548,2018-01-01T00:00:00,LAL @ MIN,L,22.9,3.0,0.0,0.0,2.0,9.0,11.0,11.0,30.0,1.0,1.0,3.0,2.0,26.8,1,13054,13054,13054,13639,4321,9889,9215,13399,15582,22147,22010,5301,2512,17404,17900,7539,7655,1.0,22:52,2017,2018
2017-18,203903,Jordan Clarkson,Jordan,1610612747,LAL,Los Angeles Lakers,21700548,2018-01-01T00:00:00,LAL @ MIN,L,24.0,3.0,5.0,5.0,8.0,22.0,3.0,4.0,20.0,0.0,0.0,1.0,3.0,28.4,1,13054,13054,13054,12661,4321,967,1108,3447,25766,7350,9893,12905,8133,1,5153,4452,6785,1.0,23:60,2017,2018
2017-18,1628404,Josh Hart,Josh,1610612747,LAL,Los Angeles Lakers,21700548,2018-01-01T00:00:00,LAL @ MIN,L,21.1,5.0,0.0,0.0,4.0,10.0,2.0,4.0,18.0,0.0,0.0,5.0,0.0,14.7,1,13054,13054,13054,15161,1528,9889,9215,8975,17328,3853,9893,14614,8133,1,24852,18674,16012,1.0,21:04,2017,2018
2017-18,1627936,Alex Caruso,Alex,1610612747,LAL,Los Angeles Lakers,21700548,2018-01-01T00:00:00,LAL @ MIN,L,17.8,0.0,0.0,0.0,0.0,15.0,3.0,2.0,14.0,0.0,0.0,3.0,4.0,6.7,1,13054,13054,13054,17974,12040,9889,9215,19152,23214,7350,4597,17944,8133,1,17900,2633,21625,1.0,17:46,2017,2018
2017-18,1628398,Kyle Kuzma,Kyle,1610612747,LAL,Los Angeles Lakers,21700548,2018-01-01T00:00:00,LAL @ MIN,L,18.3,0.0,0.0,0.0,0.0,9.0,7.0,9.0,22.0,0.0,1.0,2.0,0.0,7.7,1,13054,13054,13054,17505,12040,9889,9215,19152,15582,15942,19743,11258,8133,17404,11691,18674,20945,1.0,18:20,2017,2018
2017-18,1627826,Ivica Zubac,Ivica,1610612747,LAL,Los Angeles Lakers,21700548,2018-01-01T00:00:00,LAL @ MIN,L,12.0,0.0,2.0,0.0,4.0,7.0,0.0,0.0,6.0,0.0,0.0,3.0,0.0,7.8,1,13054,13054,13054,21750,12040,4626,9215,8975,11872,1,1,23042,8133,1,17900,18674,20919,1.0,12:00,2017,2018
2017-18,203505,Vander Blue,Vander,1610612747,LAL,Los Angeles Lakers,21700548,2018-01-01T00:00:00,LAL @ MIN,L,16.9,0.0,0.0,0.0,0.0,9.0,4.0,0.0,12.0,0.0,0.0,0.0,1.0,6.0,1,13054,13054,13054,18611,12040,9889,9215,19152,15582,8753,1,19440,8133,1,1,12172,22073,1.0,16:53,2017,2018
2017-18,1627936,Alex Caruso,Alex,1610612747,LAL,Los Angeles Lakers,21700540,2017-12-31T00:00:00,LAL @ HOU,L,8.7,0.0,2.0,2.0,4.0,0.0,7.0,0.0,8.0,0.0,0.0,3.0,1.0,6.4,1,13054,13054,13054,23099,12040,4626,4430,8975,1,15942,1,21998,8133,1,17900,12172,21794,1.0,8:43,2017,2018
2017-18,203903,Jordan Clarkson,Jordan,1610612747,LAL,Los Angeles Lakers,21700540,2017-12-31T00:00:00,LAL @ HOU,L,21.2,2.0,0.0,0.0,4.0,10.0,12.0,3.0,24.0,0.0,0.0,0.0,1.0,12.5,1,13054,13054,13054,15029,6347,9889,9215,8975,17328,23073,8396,9573,8133,1,1,12172,17681,1.0,21:13,2017,2018
2017-18,1627742,Brandon Ingram,Brandon,1610612747,LAL,Los Angeles Lakers,21700540,2017-12-31T00:00:00,LAL @ HOU,L,44.5,0.0,2.0,0.0,2.0,20.0,9.0,3.0,48.0,0.0,1.0,1.0,4.0,24.2,1,13054,13054,13054,60,12040,4626,9215,13399,25436,19633,8396,238,8133,17404,5153,2633,9226,1.0,44:29,2017,2018
2017-18,201147,Corey Brewer,Corey,1610612747,LAL,Los Angeles Lakers,21700540,2017-12-31T00:00:00,LAL @ HOU,L,31.2,2.0,0.0,2.0,6.0,13.0,17.0,3.0,38.0,1.0,1.0,4.0,1.0,24.2,1,13054,13054,13054,6255,6347,9889,4430,5708,21316,25562,8396,1743,2512,17404,22329,12172,9226,1.0,31:11,2017,2018
2017-18,101106,Andrew Bogut,Andrew,1610612747,LAL,Los Angeles Lakers,21700540,2017-12-31T00:00:00,LAL @ HOU,L,8.1,0.0,6.0,0.0,6.0,2.0,7.0,0.0,8.0,0.0,0.0,1.0,0.0,12.0,1,13054,13054,13054,23304,12040,488,9215,5708,2610,15942,1,21998,8133,1,5153,18674,18042,1.0,8:09,2017,2018
2017-18,1628398,Kyle Kuzma,Kyle,1610612747,LAL,Los Angeles Lakers,21700540,2017-12-31T00:00:00,LAL @ HOU,L,42.9,3.0,3.0,0.0,4.0,15.0,10.0,3.0,46.0,2.0,3.0,4.0,4.0,38.5,1,13054,13054,13054,131,4321,2864,9215,8975,23214,20971,8396,369,803,25519,22329,2633,2788,1.0,42:51,2017,2018
2017-18,203944,Julius Randle,Julius,1610612747,LAL,Los Angeles Lakers,21700540,2017-12-31T00:00:00,LAL @ HOU,L,33.1,2.0,6.0,2.0,26.0,16.0,2.0,0.0,28.0,1.0,2.0,6.0,6.0,55.0,1,13054,13054,13054,4634,6347,488,4430,8,23917,3853,1,6593,2512,23707,25886,852,468,1.0,33:03,2017,2018
2017-18,203898,Tyler Ennis,Tyler,1610612747,LAL,Los Angeles Lakers,21700540,2017-12-31T00:00:00,LAL @ HOU,L,45.5,0.0,0.0,0.0,16.0,20.0,12.0,0.0,42.0,0.0,1.0,6.0,5.0,44.3,1,13054,13054,13054,38,12040,9889,9215,372,25436,23073,1,827,8133,17404,25886,1543,1569,1.0,45:28,2017,2018
2017-18,1628404,Josh Hart,Josh,1610612747,LAL,Los Angeles Lakers,21700540,2017-12-31T00:00:00,LAL @ HOU,L,36.9,5.0,1.0,6.0,10.0,18.0,7.0,0.0,28.0,0.0,0.0,6.0,6.0,37.7,1,13054,13054,13054,1777,1528,9497,622,2079,24900,15942,1,6593,8133,1,25886,852,3007,1.0,36:53,2017,2018
2017-18,1626204,Larry Nance Jr.,Larry,1610612747,LAL,Los Angeles Lakers,21700540,2017-12-31T00:00:00,LAL @ HOU,L,18.0,2.0,4.0,0.0,4.0,6.0,12.0,3.0,20.0,0.0,1.0,1.0,5.0,14.5,1,13054,13054,13054,17800,6347,1497,9215,8975,9851,23073,8396,12905,8133,17404,5153,1543,16169,1.0,17:60,2017,2018
2017-18,1626204,Larry Nance Jr.,Larry,1610612747,LAL,Los Angeles Lakers,21700529,2017-12-29T00:00:00,LAL vs. LAC,L,18.2,5.0,1.0,3.0,10.0,8.0,10.0,6.0,34.0,1.0,0.0,4.0,4.0,33.8,1,13054,13054,13054,17645,1528,9497,2871,2079,13769,20971,14585,3166,2512,1,22329,2633,4268,1.0,18:10,2017,2018
2017-18,203944,Julius Randle,Julius,1610612747,LAL,Los Angeles Lakers,21700529,2017-12-29T00:00:00,LAL vs. LAC,L,28.5,0.0,4.0,6.0,16.0,6.0,16.0,6.0,24.0,1.0,3.0,4.0,4.0,34.4,1,13054,13054,13054,8555,12040,1497,622,372,9851,25288,14585,9573,2512,25519,22329,2633,4058,1.0,28:31,2017,2018
2017-18,203484,Kentavious Caldwell-Pope,Kentavious,1610612747,LAL,Los Angeles Lakers,21700529,2017-12-29T00:00:00,LAL vs. LAC,L,33.8,2.0,4.0,2.0,8.0,8.0,18.0,6.0,32.0,0.0,0.0,3.0,2.0,25.9,1,13054,13054,13054,4088,6347,1497,4430,3447,13769,25744,14585,4134,8133,1,17900,7539,8185,1.0,33:45,2017,2018
2017-18,1627742,Brandon Ingram,Brandon,1610612747,LAL,Los Angeles Lakers,21700529,2017-12-29T00:00:00,LAL vs. LAC,L,36.6,2.0,0.0,6.0,8.0,12.0,22.0,8.0,40.0,1.0,1.0,2.0,3.0,27.7,1,13054,13054,13054,1987,6347,9889,622,3447,20190,26056,18262,1224,2512,17404,11691,4452,7164,1.0,36:34,2017,2018
2017-18,203903,Jordan Clarkson,Jordan,1610612747,LAL,Los Angeles Lakers,21700529,2017-12-29T00:00:00,LAL vs. LAC,L,35.1,2.0,2.0,4.0,14.0,10.0,23.0,10.0,46.0,0.0,1.0,0.0,1.0,36.0,1,13054,13054,13054,3045,6347,4626,1706,679,17328,26073,20944,369,8133,17404,1,12172,3530,1.0,35:05,2017,2018
2017-18,101106,Andrew Bogut,Andrew,1610612747,LAL,Los Angeles Lakers,21700529,2017-12-29T00:00:00,LAL vs. LAC,L,5.1,0.0,0.0,0.0,0.0,2.0,6.0,2.0,8.0,0.0,0.0,1.0,0.0,0.4,1,13054,13054,13054,24377,12040,9889,9215,19152,2610,13576,4597,21998,8133,1,5153,18674,25162,1.0,5:04,2017,2018
2017-18,1627826,Ivica Zubac,Ivica,1610612747,LAL,Los Angeles Lakers,21700529,2017-12-29T00:00:00,LAL vs. LAC,L,1.3,0.0,0.0,0.0,0.0,0.0,0.0,0.0,0.0,0.0,0.0,0.0,0.0,0.0,1,13054,13054,13054,25770,12040,9889,9215,19152,1,1,1,25495,8133,1,1,18674,25240,1.0,1:19,2017,2018
2017-18,1627936,Alex Caruso,Alex,1610612747,LAL,Los Angeles Lakers,21700529,2017-12-29T00:00:00,LAL vs. LAC,L,6.1,0.0,0.0,0.0,0.0,2.0,2.0,2.0,14.0,0.0,0.0,1.0,0.0,1.5,1,13054,13054,13054,23997,12040,9889,9215,19152,2610,3853,4597,17944,8133,1,5153,18674,24559,1.0,6:07,2017,2018
2017-18,1628404,Josh Hart,Josh,1610612747,LAL,Los Angeles Lakers,21700529,2017-12-29T00:00:00,LAL vs. LAC,L,22.0,2.0,0.0,2.0,2.0,6.0,7.0,6.0,28.0,0.0,0.0,2.0,2.0,10.4,1,13054,13054,13054,14380,6347,9889,4430,13399,9851,15942,14585,6593,8133,1,11691,7539,19167,1.0,22:00,2017,2018
2017-18,201147,Corey Brewer,Corey,1610612747,LAL,Los Angeles Lakers,21700529,2017-12-29T00:00:00,LAL vs. LAC,L,15.3,2.0,2.0,0.0,4.0,6.0,8.0,6.0,28.0,0.0,0.0,2.0,1.0,12.4,1,13054,13054,13054,19781,6347,4626,9215,8975,9851,17775,14585,6593,8133,1,11691,12172,17728,1.0,15:17,2017,2018
2017-18,1628418,Thomas Bryant,Thomas,1610612747,LAL,Los Angeles Lakers,21700529,2017-12-29T00:00:00,LAL vs. LAC,L,1.3,0.0,0.0,0.0,0.0,0.0,0.0,0.0,0.0,0.0,0.0,0.0,0.0,0.0,1,13054,13054,13054,25770,12040,9889,9215,19152,1,1,1,25495,8133,1,1,18674,25240,1.0,1:19,2017,2018
2017-18,1628398,Kyle Kuzma,Kyle,1610612747,LAL,Los Angeles Lakers,21700529,2017-12-29T00:00:00,LAL vs. LAC,L,36.8,3.0,2.0,0.0,8.0,10.0,18.0,8.0,36.0,0.0,1.0,3.0,4.0,21.0,1,13054,13054,13054,1812,4321,4626,9215,3447,17328,25744,18262,2385,8133,17404,17900,2633,11350,1.0,36:49,2017,2018
2017-18,1627936,Alex Caruso,Alex,1610612747,LAL,Los Angeles Lakers,21700515,2017-12-27T00:00:00,LAL vs. MEM,L,4.3,0.0,0.0,0.0,0.0,2.0,0.0,2.0,4.0,0.0,0.0,1.0,0.0,0.0,1,13054,13054,13054,24669,12040,9889,9215,19152,2610,1,4597,23940,8133,1,5153,18674,25240,1.0,4:17,2017,2018
2017-18,203903,Jordan Clarkson,Jordan,1610612747,LAL,Los Angeles Lakers,21700515,2017-12-27T00:00:00,LAL vs. MEM,L,37.9,0.0,5.0,0.0,4.0,8.0,10.0,2.0,36.0,1.0,0.0,2.0,3.0,30.8,1,13054,13054,13054,1254,12040,967,9215,8975,13769,20971,4597,2385,2512,1,11691,4452,5570,1.0,37:53,2017,2018
2017-18,1628404,Josh Hart,Josh,1610612747,LAL,Los Angeles Lakers,21700515,2017-12-27T00:00:00,LAL vs. MEM,L,30.0,2.0,2.0,2.0,4.0,8.0,6.0,2.0,28.0,0.0,0.0,4.0,1.0,21.6,1,13054,13054,13054,7266,6347,4626,4430,8975,13769,13576,4597,6593,8133,1,22329,12172,10943,1.0,29:58,2017,2018
2017-18,203484,Kentavious Caldwell-Pope,Kentavious,1610612747,LAL,Los Angeles Lakers,21700515,2017-12-27T00:00:00,LAL vs. MEM,L,36.0,2.0,2.0,2.0,4.0,6.0,10.0,2.0,36.0,0.0,0.0,2.0,3.0,24.4,1,13054,13054,13054,2405,6347,4626,4430,8975,9851,20971,4597,2385,8133,1,11691,4452,9106,1.0,35:57,2017,2018
2017-18,203944,Julius Randle,Julius,1610612747,LAL,Los Angeles Lakers,21700515,2017-12-27T00:00:00,LAL vs. MEM,L,11.0,0.0,0.0,0.0,4.0,4.0,2.0,2.0,10.0,0.0,0.0,2.0,3.0,8.6,1,13054,13054,13054,22244,12040,9889,9215,8975,5970,3853,4597,20795,8133,1,11691,4452,20395,1.0,11:01,2017,2018
2017-18,1626204,Larry Nance Jr.,Larry,1610612747,LAL,Los Angeles Lakers,21700515,2017-12-27T00:00:00,LAL vs. MEM,L,19.3,2.0,6.0,0.0,10.0,2.0,6.0,0.0,24.0,0.0,1.0,1.0,1.0,27.3,1,13054,13054,13054,16699,6347,488,9215,2079,2610,13576,1,9573,8133,17404,5153,12172,7375,1.0,19:19,2017,2018
2017-18,101106,Andrew Bogut,Andrew,1610612747,LAL,Los Angeles Lakers,21700515,2017-12-27T00:00:00,LAL vs. MEM,L,12.5,0.0,2.0,0.0,2.0,4.0,2.0,2.0,8.0,0.0,0.0,4.0,0.0,13.3,1,13054,13054,13054,21469,12040,4626,9215,13399,5970,3853,4597,21998,8133,1,22329,18674,17120,1.0,12:32,2017,2018
2017-18,203898,Tyler Ennis,Tyler,1610612747,LAL,Los Angeles Lakers,21700515,2017-12-27T00:00:00,LAL vs. MEM,L,4.0,0.0,0.0,0.0,0.0,2.0,0.0,0.0,4.0,1.0,1.0,3.0,0.0,4.7,1,13054,13054,13054,24787,12040,9889,9215,19152,2610,1,1,23940,2512,17404,17900,18674,22855,1.0,3:58,2017,2018
2017-18,201147,Corey Brewer,Corey,1610612747,LAL,Los Angeles Lakers,21700515,2017-12-27T00:00:00,LAL vs. MEM,L,6.7,0.0,0.0,0.0,0.0,2.0,0.0,0.0,6.0,0.0,0.0,0.0,0.0,1.2,1,13054,13054,13054,23783,12040,9889,9215,19152,2610,1,1,23042,8133,1,1,18674,24751,1.0,6:40,2017,2018
2017-18,1627742,Brandon Ingram,Brandon,1610612747,LAL,Los Angeles Lakers,21700515,2017-12-27T00:00:00,LAL vs. MEM,L,44.0,5.0,4.0,3.0,16.0,8.0,12.0,4.0,42.0,2.0,2.0,3.0,8.0,37.8,1,13054,13054,13054,70,1528,1497,2871,372,13769,23073,9893,827,803,23707,17900,260,2968,1.0,44:02,2017,2018
2017-18,1628398,Kyle Kuzma,Kyle,1610612747,LAL,Los Angeles Lakers,21700515,2017-12-27T00:00:00,LAL vs. MEM,L,34.4,7.0,2.0,2.0,6.0,4.0,12.0,4.0,32.0,0.0,5.0,4.0,1.0,25.1,1,13054,13054,13054,3594,504,4626,4430,5708,5970,23073,9893,4134,8133,26086,22329,12172,8657,1.0,34:23,2017,2018
2017-18,203944,Julius Randle,Julius,1610612747,LAL,Los Angeles Lakers,21700497,2017-12-25T00:00:00,LAL vs. MIN,L,18.8,0.0,2.0,6.0,14.0,11.0,3.0,7.0,24.0,0.0,1.0,4.0,2.0,25.4,1,13054,13054,13054,17119,12040,4626,622,679,18786,7350,16621,9573,8133,17404,22329,7539,8486,1.0,18:48,2017,2018
2017-18,1626204,Larry Nance Jr.,Larry,1610612747,LAL,Los Angeles Lakers,21700497,2017-12-25T00:00:00,LAL vs. MIN,L,20.9,2.0,1.0,2.0,4.0,7.0,3.0,12.0,30.0,0.0,0.0,3.0,2.0,19.5,1,13054,13054,13054,15336,6347,9497,4430,8975,11872,7350,22879,5301,8133,1,17900,7539,12401,1.0,20:52,2017,2018
2017-18,1628398,Kyle Kuzma,Kyle,1610612747,LAL,Los Angeles Lakers,21700497,2017-12-25T00:00:00,LAL vs. MIN,L,41.1,8.0,4.0,5.0,4.0,16.0,11.0,10.0,44.0,1.0,0.0,0.0,7.0,47.6,1,13054,13054,13054,305,254,1497,1108,8975,23917,22147,20944,542,2512,1,1,463,1090,1.0,41:08,2017,2018
2017-18,203903,Jordan Clarkson,Jordan,1610612747,LAL,Los Angeles Lakers,21700497,2017-12-25T00:00:00,LAL vs. MIN,L,35.2,4.0,2.0,2.0,12.0,16.0,11.0,10.0,42.0,0.0,2.0,1.0,1.0,45.7,1,13054,13054,13054,2959,2585,4626,4430,1226,23917,22147,20944,827,8133,23707,5153,12172,1337,1.0,35:13,2017,2018
2017-18,201147,Corey Brewer,Corey,1610612747,LAL,Los Angeles Lakers,21700497,2017-12-25T00:00:00,LAL vs. MIN,L,9.1,0.0,0.0,0.0,2.0,7.0,1.0,7.0,14.0,0.0,0.0,2.0,0.0,3.0,1,13054,13054,13054,22959,12040,9889,9215,13399,11872,3582,16621,17944,8133,1,11691,18674,23793,1.0,9:08,2017,2018
2017-18,101106,Andrew Bogut,Andrew,1610612747,LAL,Los Angeles Lakers,21700497,2017-12-25T00:00:00,LAL vs. MIN,L,15.2,0.0,0.0,0.0,0.0,12.0,7.0,5.0,18.0,0.0,0.0,2.0,0.0,5.1,1,13054,13054,13054,19835,12040,9889,9215,19152,20190,15942,12692,14614,8133,1,11691,18674,22674,1.0,15:12,2017,2018
2017-18,1627936,Alex Caruso,Alex,1610612747,LAL,Los Angeles Lakers,21700497,2017-12-25T00:00:00,LAL vs. MIN,L,10.4,0.0,0.0,0.0,2.0,7.0,1.0,7.0,14.0,0.0,0.0,1.0,0.0,2.5,1,13054,13054,13054,22498,12040,9889,9215,13399,11872,3582,16621,17944,8133,1,5153,18674,24128,1.0,10:22,2017,2018
2017-18,203898,Tyler Ennis,Tyler,1610612747,LAL,Los Angeles Lakers,21700497,2017-12-25T00:00:00,LAL vs. MIN,L,14.6,2.0,0.0,2.0,6.0,7.0,3.0,10.0,18.0,0.0,0.0,1.0,1.0,12.4,1,13054,13054,13054,20243,6347,9889,4430,5708,11872,7350,20944,14614,8133,1,5153,12172,17728,1.0,14:35,2017,2018
2017-18,203484,Kentavious Caldwell-Pope,Kentavious,1610612747,LAL,Los Angeles Lakers,21700497,2017-12-25T00:00:00,LAL vs. MIN,L,35.8,3.0,0.0,0.0,2.0,16.0,9.0,7.0,42.0,0.0,0.0,0.0,0.0,15.5,1,13054,13054,13054,2484,4321,9889,9215,13399,23917,19633,16621,827,8133,1,1,18674,15449,1.0,35:50,2017,2018
2017-18,1628404,Josh Hart,Josh,1610612747,LAL,Los Angeles Lakers,21700497,2017-12-25T00:00:00,LAL vs. MIN,L,38.9,8.0,3.0,5.0,6.0,16.0,11.0,10.0,44.0,0.0,1.0,2.0,0.0,24.2,1,13054,13054,13054,839,254,2864,1108,5708,23917,22147,20944,542,8133,17404,11691,18674,9226,1.0,38:52,2017,2018
2017-18,1628398,Kyle Kuzma,Kyle,1610612747,LAL,Los Angeles Lakers,21700491,2017-12-23T00:00:00,LAL vs. POR,L,35.0,2.0,3.0,0.0,8.0,9.0,16.0,3.0,26.0,0.0,1.0,4.0,3.0,30.9,1,13054,13054,13054,3117,6347,2864,9215,3447,15582,25288,8396,8069,8133,17404,22329,4452,5526,1.0,34:58,2017,2018
2017-18,1628366,Lonzo Ball,Lonzo,1610612747,LAL,Los Angeles Lakers,21700491,2017-12-23T00:00:00,LAL vs. POR,L,36.5,0.0,0.0,0.0,4.0,9.0,16.0,3.0,26.0,1.0,2.0,2.0,1.0,40.1,1,13054,13054,13054,2042,12040,9889,9215,8975,15582,25288,8396,8069,2512,23707,11691,12172,2382,1.0,36:30,2017,2018
2017-18,203484,Kentavious Caldwell-Pope,Kentavious,1610612747,LAL,Los Angeles Lakers,21700491,2017-12-23T00:00:00,LAL vs. POR,L,33.2,0.0,5.0,2.0,4.0,11.0,13.0,4.0,26.0,0.0,1.0,0.0,1.0,29.3,1,13054,13054,13054,4525,12040,967,4430,8975,18786,23905,9893,8069,8133,17404,1,12172,6285,1.0,33:13,2017,2018
2017-18,1628404,Josh Hart,Josh,1610612747,LAL,Los Angeles Lakers,21700491,2017-12-23T00:00:00,LAL vs. POR,L,34.5,4.0,0.0,4.0,8.0,9.0,14.0,4.0,26.0,0.0,2.0,1.0,1.0,29.5,1,13054,13054,13054,3538,2585,9889,1706,3447,15582,24457,9893,8069,8133,23707,5153,12172,6175,1.0,34:28,2017,2018
2017-18,203903,Jordan Clarkson,Jordan,1610612747,LAL,Los Angeles Lakers,21700491,2017-12-23T00:00:00,LAL vs. POR,L,21.1,2.0,2.0,5.0,8.0,9.0,14.0,10.0,28.0,0.0,0.0,0.0,2.0,25.1,1,13054,13054,13054,15100,6347,4626,1108,3447,15582,24457,20944,6593,8133,1,1,7539,8657,1.0,21:08,2017,2018
2017-18,203898,Tyler Ennis,Tyler,1610612747,LAL,Los Angeles Lakers,21700491,2017-12-23T00:00:00,LAL vs. POR,L,2.9,0.0,0.0,0.0,0.0,3.0,2.0,3.0,2.0,0.0,0.0,1.0,0.0,1.2,1,13054,13054,13054,25219,12040,9889,9215,19152,4813,3853,8396,24730,8133,1,5153,18674,24751,1.0,2:53,2017,2018
2017-18,203944,Julius Randle,Julius,1610612747,LAL,Los Angeles Lakers,21700491,2017-12-23T00:00:00,LAL vs. POR,L,23.0,0.0,4.0,2.0,12.0,14.0,17.0,6.0,26.0,0.0,1.0,4.0,4.0,27.3,1,13054,13054,13054,13534,12040,1497,4430,1226,22367,25562,14585,8069,8133,17404,22329,2633,7375,1.0,22:59,2017,2018
2017-18,1628418,Thomas Bryant,Thomas,1610612747,LAL,Los Angeles Lakers,21700491,2017-12-23T00:00:00,LAL vs. POR,L,4.1,0.0,0.0,0.0,0.0,2.0,3.0,0.0,8.0,0.0,0.0,0.0,1.0,1.0,1,13054,13054,13054,24750,12040,9889,9215,19152,2610,7350,1,21998,8133,1,1,12172,25079,1.0,4:03,2017,2018
2017-18,201147,Corey Brewer,Corey,1610612747,LAL,Los Angeles Lakers,21700491,2017-12-23T00:00:00,LAL vs. POR,L,13.0,0.0,0.0,3.0,2.0,7.0,7.0,7.0,18.0,0.0,1.0,2.0,1.0,0.2,1,13054,13054,13054,21202,12040,9889,2871,13399,11872,15942,16621,14614,8133,17404,11691,12172,25169,1.0,13:02,2017,2018
2017-18,101106,Andrew Bogut,Andrew,1610612747,LAL,Los Angeles Lakers,21700491,2017-12-23T00:00:00,LAL vs. POR,L,14.8,0.0,0.0,0.0,2.0,0.0,2.0,0.0,4.0,1.0,0.0,6.0,0.0,11.8,1,13054,13054,13054,20068,12040,9889,9215,13399,1,3853,1,23940,2512,1,25886,18674,18190,1.0,14:50,2017,2018
2017-18,1626204,Larry Nance Jr.,Larry,1610612747,LAL,Los Angeles Lakers,21700491,2017-12-23T00:00:00,LAL vs. POR,L,10.2,0.0,0.0,0.0,2.0,2.0,4.0,4.0,14.0,0.0,0.0,1.0,1.0,10.1,1,13054,13054,13054,22575,12040,9889,9215,13399,2610,8753,9893,17944,8133,1,5153,12172,19403,1.0,10:11,2017,2018
2017-18,1627936,Alex Caruso,Alex,1610612747,LAL,Los Angeles Lakers,21700491,2017-12-23T00:00:00,LAL vs. POR,L,11.8,0.0,0.0,0.0,0.0,5.0,7.0,6.0,16.0,1.0,0.0,1.0,0.0,2.0,1,13054,13054,13054,21954,12040,9889,9215,19152,8098,15942,14585,16291,2512,1,5153,18674,24340,1.0,11:45,2017,2018
2017-18,1628404,Josh Hart,Josh,1610612747,LAL,Los Angeles Lakers,21700479,2017-12-22T00:00:00,LAL @ GSW,L,16.4,0.0,0.0,0.0,0.0,6.0,6.0,11.0,20.0,0.0,1.0,1.0,0.0,10.7,1,13054,13054,13054,19026,12040,9889,9215,19152,9851,13576,22010,12905,8133,17404,5153,18674,18951,1.0,16:21,2017,2018
2017-18,201147,Corey Brewer,Corey,1610612747,LAL,Los Angeles Lakers,21700479,2017-12-22T00:00:00,LAL @ GSW,L,4.5,0.0,0.0,0.0,0.0,2.0,4.0,7.0,10.0,0.0,0.0,0.0,0.0,0.0,1,13054,13054,13054,24611,12040,9889,9215,19152,2610,8753,16621,20795,8133,1,1,18674,25240,1.0,4:30,2017,2018
2017-18,1627936,Alex Caruso,Alex,1610612747,LAL,Los Angeles Lakers,21700479,2017-12-22T00:00:00,LAL @ GSW,L,7.0,0.0,0.0,0.0,0.0,8.0,0.0,6.0,12.0,0.0,0.0,2.0,0.0,1.5,1,13054,13054,13054,23665,12040,9889,9215,19152,13769,1,14585,19440,8133,1,11691,18674,24559,1.0,7:00,2017,2018
2017-18,1626204,Larry Nance Jr.,Larry,1610612747,LAL,Los Angeles Lakers,21700479,2017-12-22T00:00:00,LAL @ GSW,L,12.1,0.0,0.0,0.0,2.0,8.0,8.0,4.0,20.0,1.0,0.0,2.0,1.0,10.9,1,13054,13054,13054,21683,12040,9889,9215,13399,13769,17775,9893,12905,2512,1,11691,12172,18830,1.0,12:08,2017,2018
2017-18,203903,Jordan Clarkson,Jordan,1610612747,LAL,Los Angeles Lakers,21700479,2017-12-22T00:00:00,LAL @ GSW,L,14.4,0.0,0.0,2.0,0.0,6.0,2.0,11.0,16.0,0.0,1.0,2.0,1.0,12.6,1,13054,13054,13054,20349,12040,9889,4430,19152,9851,3853,22010,16291,8133,17404,11691,12172,17582,1.0,14:26,2017,2018
2017-18,203484,Kentavious Caldwell-Pope,Kentavious,1610612747,LAL,Los Angeles Lakers,21700479,2017-12-22T00:00:00,LAL @ GSW,L,34.1,2.0,2.0,2.0,6.0,8.0,4.0,13.0,42.0,0.0,1.0,3.0,2.0,31.0,1,13054,13054,13054,3808,6347,4626,4430,5708,13769,8753,23596,827,8133,17404,17900,7539,5483,1.0,34:07,2017,2018
2017-18,101106,Andrew Bogut,Andrew,1610612747,LAL,Los Angeles Lakers,21700479,2017-12-22T00:00:00,LAL @ GSW,L,11.9,0.0,2.0,2.0,6.0,2.0,2.0,5.0,12.0,1.0,0.0,1.0,0.0,11.6,1,13054,13054,13054,21882,12040,4626,4430,5708,2610,3853,12692,19440,2512,1,5153,18674,18328,1.0,11:52,2017,2018
2017-18,1628398,Kyle Kuzma,Kyle,1610612747,LAL,Los Angeles Lakers,21700479,2017-12-22T00:00:00,LAL @ GSW,L,43.0,8.0,4.0,8.0,12.0,14.0,8.0,22.0,54.0,1.0,1.0,3.0,4.0,51.3,1,13054,13054,13054,123,254,1497,211,1226,22367,17775,25922,52,2512,17404,17900,2633,724,1.0,42:58,2017,2018
2017-18,203944,Julius Randle,Julius,1610612747,LAL,Los Angeles Lakers,21700479,2017-12-22T00:00:00,LAL @ GSW,L,24.0,8.0,6.0,6.0,10.0,8.0,0.0,17.0,30.0,1.0,7.0,4.0,4.0,41.5,1,13054,13054,13054,12654,254,488,622,2079,13769,1,25261,5301,2512,26106,22329,2633,2078,1.0,24:00,2017,2018
2017-18,1628366,Lonzo Ball,Lonzo,1610612747,LAL,Los Angeles Lakers,21700479,2017-12-22T00:00:00,LAL @ GSW,L,37.0,5.0,0.0,4.0,8.0,14.0,10.0,17.0,50.0,1.0,0.0,2.0,2.0,35.5,1,13054,13054,13054,1699,1528,9889,1706,3447,22367,20971,25261,135,2512,1,11691,7539,3675,1.0,37:01,2017,2018
2017-18,1627742,Brandon Ingram,Brandon,1610612747,LAL,Los Angeles Lakers,21700479,2017-12-22T00:00:00,LAL @ GSW,L,35.6,0.0,4.0,0.0,8.0,14.0,6.0,17.0,44.0,0.0,2.0,3.0,3.0,20.6,1,13054,13054,13054,2648,12040,1497,9215,3447,22367,13576,25261,542,8133,23707,17900,4452,11614,1.0,35:37,2017,2018
2017-18,1628404,Josh Hart,Josh,1610612747,LAL,Los Angeles Lakers,21700459,2017-12-20T00:00:00,LAL @ HOU,W,27.7,0.0,0.0,1.0,0.0,13.0,11.0,6.0,34.0,1.0,1.0,3.0,3.0,27.8,1,1,1,1,9275,12040,9889,8899,19152,21316,22147,14585,3166,2512,17404,17900,4452,7116,2.0,27:44,2017,2018
2017-18,1628366,Lonzo Ball,Lonzo,1610612747,LAL,Los Angeles Lakers,21700459,2017-12-20T00:00:00,LAL @ HOU,W,38.0,2.0,2.0,2.0,4.0,15.0,11.0,2.0,38.0,2.0,1.0,2.0,4.0,36.8,1,1,1,1,1178,6347,4626,4430,8975,23214,22147,4597,1743,803,17404,11691,2633,3291,2.0,38:02,2017,2018
2017-18,201147,Corey Brewer,Corey,1610612747,LAL,Los Angeles Lakers,21700459,2017-12-20T00:00:00,LAL @ HOU,W,25.0,6.0,1.0,6.0,8.0,6.0,8.0,4.0,8.0,0.0,0.0,6.0,5.0,37.5,1,1,1,1,11719,863,9497,622,3447,9851,17775,9893,21998,8133,1,25886,1543,3051,2.0,25:01,2017,2018
2017-18,1626204,Larry Nance Jr.,Larry,1610612747,LAL,Los Angeles Lakers,21700459,2017-12-20T00:00:00,LAL @ HOU,W,22.4,1.0,4.0,2.0,8.0,4.0,8.0,2.0,16.0,0.0,0.0,3.0,6.0,32.8,1,1,1,1,14099,11566,1497,4430,3447,5970,17775,4597,16291,8133,1,17900,852,4720,2.0,22:22,2017,2018
2017-18,1627742,Brandon Ingram,Brandon,1610612747,LAL,Los Angeles Lakers,21700459,2017-12-20T00:00:00,LAL @ HOU,W,40.3,5.0,0.0,2.0,2.0,17.0,15.0,6.0,36.0,0.0,2.0,2.0,5.0,33.2,1,1,1,1,445,1528,9889,4430,13399,24491,24909,14585,2385,8133,23707,11691,1543,4530,2.0,40:19,2017,2018
2017-18,1628398,Kyle Kuzma,Kyle,1610612747,LAL,Los Angeles Lakers,21700459,2017-12-20T00:00:00,LAL @ HOU,W,39.9,7.0,6.0,7.0,8.0,15.0,11.0,2.0,38.0,1.0,0.0,1.0,6.0,55.4,1,1,1,1,557,504,488,387,3447,23214,22147,4597,1743,2512,1,5153,852,433,2.0,39:51,2017,2018
2017-18,1627936,Alex Caruso,Alex,1610612747,LAL,Los Angeles Lakers,21700459,2017-12-20T00:00:00,LAL @ HOU,W,3.1,0.0,0.0,0.0,0.0,0.0,0.0,0.0,0.0,0.0,0.0,1.0,0.0,2.4,1,1,1,1,25154,12040,9889,9215,19152,1,1,1,25495,8133,1,5153,18674,24155,2.0,3:03,2017,2018
2017-18,101106,Andrew Bogut,Andrew,1610612747,LAL,Los Angeles Lakers,21700459,2017-12-20T00:00:00,LAL @ HOU,W,17.4,0.0,0.0,0.0,0.0,8.0,7.0,4.0,12.0,1.0,0.0,5.0,1.0,6.6,1,1,1,1,18247,12040,9889,9215,19152,13769,15942,9893,19440,2512,1,24852,12172,21680,2.0,17:24,2017,2018
2017-18,203903,Jordan Clarkson,Jordan,1610612747,LAL,Los Angeles Lakers,21700459,2017-12-20T00:00:00,LAL @ HOU,W,18.1,2.0,2.0,0.0,4.0,2.0,4.0,4.0,6.0,0.0,1.0,0.0,0.0,9.7,1,1,1,1,17701,6347,4626,9215,8975,2610,8753,9893,23042,8133,17404,1,18674,19642,2.0,18:06,2017,2018
2017-18,203944,Julius Randle,Julius,1610612747,LAL,Los Angeles Lakers,21700459,2017-12-20T00:00:00,LAL @ HOU,W,8.1,2.0,0.0,0.0,4.0,5.0,0.0,0.0,12.0,0.0,0.0,2.0,0.0,5.7,1,1,1,1,23307,6347,9889,9215,8975,8098,1,1,19440,8133,1,11691,18674,22252,2.0,8:08,2017,2018
2017-18,203903,Jordan Clarkson,Jordan,1610612747,LAL,Los Angeles Lakers,21700450,2017-12-18T00:00:00,LAL vs. GSW,L,18.9,0.0,0.0,2.0,4.0,9.0,4.0,7.0,24.0,0.0,0.0,1.0,2.0,6.5,1,13054,13054,13054,17073,12040,9889,4430,8975,15582,8753,16621,9573,8133,1,5153,7539,21740,1.0,18:51,2017,2018
2017-18,1628404,Josh Hart,Josh,1610612747,LAL,Los Angeles Lakers,21700450,2017-12-18T00:00:00,LAL vs. GSW,L,19.1,0.0,2.0,0.0,2.0,4.0,6.0,5.0,30.0,0.0,0.0,4.0,0.0,9.4,1,13054,13054,13054,16864,12040,4626,9215,13399,5970,13576,12692,5301,8133,1,22329,18674,19844,1.0,19:07,2017,2018
2017-18,1628398,Kyle Kuzma,Kyle,1610612747,LAL,Los Angeles Lakers,21700450,2017-12-18T00:00:00,LAL vs. GSW,L,39.9,0.0,5.0,2.0,10.0,9.0,12.0,17.0,44.0,1.0,0.0,3.0,0.0,37.7,1,13054,13054,13054,552,12040,967,4430,2079,15582,23073,25261,542,2512,1,17900,18674,3007,1.0,39:52,2017,2018
2017-18,203944,Julius Randle,Julius,1610612747,LAL,Los Angeles Lakers,21700450,2017-12-18T00:00:00,LAL vs. GSW,L,30.8,0.0,3.0,2.0,10.0,9.0,6.0,12.0,28.0,1.0,2.0,2.0,7.0,32.2,1,13054,13054,13054,6551,12040,2864,4430,2079,15582,13576,22879,6593,2512,23707,11691,463,4954,1.0,30:49,2017,2018
2017-18,1628366,Lonzo Ball,Lonzo,1610612747,LAL,Los Angeles Lakers,21700450,2017-12-18T00:00:00,LAL vs. GSW,L,38.6,2.0,0.0,1.0,6.0,4.0,17.0,10.0,36.0,2.0,3.0,4.0,1.0,39.2,1,13054,13054,13054,924,6347,9889,8899,5708,5970,25562,20944,2385,803,25519,22329,12172,2602,1.0,38:38,2017,2018
2017-18,1627742,Brandon Ingram,Brandon,1610612747,LAL,Los Angeles Lakers,21700450,2017-12-18T00:00:00,LAL vs. GSW,L,39.3,2.0,0.0,3.0,10.0,6.0,13.0,5.0,34.0,2.0,3.0,5.0,8.0,44.7,1,13054,13054,13054,730,6347,9889,2871,2079,9851,23905,12692,3166,803,25519,24852,260,1498,1.0,39:15,2017,2018
2017-18,201147,Corey Brewer,Corey,1610612747,LAL,Los Angeles Lakers,21700450,2017-12-18T00:00:00,LAL vs. GSW,L,6.1,0.0,0.0,0.0,0.0,5.0,2.0,7.0,6.0,0.0,0.0,2.0,0.0,4.7,1,13054,13054,13054,23997,12040,9889,9215,19152,8098,3853,16621,23042,8133,1,11691,18674,22855,1.0,6:07,2017,2018
2017-18,201572,Brook Lopez,Brook,1610612747,LAL,Los Angeles Lakers,21700450,2017-12-18T00:00:00,LAL vs. GSW,L,10.8,0.0,2.0,0.0,6.0,2.0,7.0,0.0,14.0,1.0,0.0,2.0,1.0,16.7,1,13054,13054,13054,22334,12040,4626,9215,5708,2610,15942,1,17944,2512,1,11691,12172,14522,1.0,10:46,2017,2018
2017-18,1626204,Larry Nance Jr.,Larry,1610612747,LAL,Los Angeles Lakers,21700450,2017-12-18T00:00:00,LAL vs. GSW,L,20.5,3.0,0.0,1.0,4.0,0.0,11.0,5.0,24.0,0.0,1.0,1.0,4.0,17.3,1,13054,13054,13054,15616,4321,9889,8899,8975,1,22147,12692,9573,8133,17404,5153,2633,14071,1.0,20:32,2017,2018
2017-18,203484,Kentavious Caldwell-Pope,Kentavious,1610612747,LAL,Los Angeles Lakers,21700450,2017-12-18T00:00:00,LAL vs. GSW,L,41.1,5.0,0.0,6.0,4.0,7.0,17.0,17.0,40.0,2.0,1.0,2.0,3.0,36.1,1,13054,13054,13054,324,1528,9889,622,8975,11872,25562,25261,1224,803,17404,11691,4452,3494,1.0,41:03,2017,2018
2017-18,201572,Brook Lopez,Brook,1610612747,LAL,Los Angeles Lakers,21700415,2017-12-14T00:00:00,LAL @ CLE,L,22.2,2.0,0.0,2.0,8.0,11.0,5.0,7.0,20.0,1.0,1.0,3.0,1.0,14.2,1,13054,13054,13054,14215,6347,9889,4430,3447,18786,11744,16621,12905,2512,17404,17900,12172,16374,1.0,22:12,2017,2018
2017-18,1628404,Josh Hart,Josh,1610612747,LAL,Los Angeles Lakers,21700415,2017-12-14T00:00:00,LAL @ CLE,L,32.7,4.0,2.0,4.0,4.0,21.0,5.0,15.0,32.0,1.0,1.0,2.0,2.0,31.0,1,13054,13054,13054,4921,2585,4626,1706,8975,25636,11744,24627,4134,2512,17404,11691,7539,5483,1.0,32:45,2017,2018
2017-18,1626204,Larry Nance Jr.,Larry,1610612747,LAL,Los Angeles Lakers,21700415,2017-12-14T00:00:00,LAL @ CLE,L,21.3,0.0,2.0,0.0,6.0,10.0,5.0,9.0,24.0,0.0,1.0,2.0,2.0,30.9,1,13054,13054,13054,14972,12040,4626,9215,5708,17328,11744,19743,9573,8133,17404,11691,7539,5526,1.0,21:17,2017,2018
2017-18,201147,Corey Brewer,Corey,1610612747,LAL,Los Angeles Lakers,21700415,2017-12-14T00:00:00,LAL @ CLE,L,8.3,2.0,0.0,0.0,4.0,5.0,4.0,5.0,6.0,0.0,0.0,2.0,2.0,8.5,1,13054,13054,13054,23236,6347,9889,9215,8975,8098,8753,12692,23042,8133,1,11691,7539,20475,1.0,8:19,2017,2018
2017-18,203903,Jordan Clarkson,Jordan,1610612747,LAL,Los Angeles Lakers,21700415,2017-12-14T00:00:00,LAL @ CLE,L,25.4,2.0,2.0,0.0,4.0,13.0,10.0,11.0,24.0,0.0,0.0,0.0,1.0,16.2,1,13054,13054,13054,11410,6347,4626,9215,8975,21316,20971,22010,9573,8133,1,1,12172,14876,1.0,25:22,2017,2018
2017-18,1628366,Lonzo Ball,Lonzo,1610612747,LAL,Los Angeles Lakers,21700415,2017-12-14T00:00:00,LAL @ CLE,L,37.9,2.0,3.0,2.0,2.0,16.0,7.0,12.0,36.0,0.0,0.0,3.0,1.0,39.1,1,13054,13054,13054,1254,6347,2864,4430,13399,23917,15942,22879,2385,8133,1,17900,12172,2631,1.0,37:53,2017,2018
2017-18,1628398,Kyle Kuzma,Kyle,1610612747,LAL,Los Angeles Lakers,21700415,2017-12-14T00:00:00,LAL @ CLE,L,30.9,0.0,4.0,2.0,14.0,17.0,8.0,12.0,30.0,0.0,1.0,3.0,1.0,25.9,1,13054,13054,13054,6473,12040,1497,4430,679,24491,17775,22879,5301,8133,17404,17900,12172,8185,1.0,30:54,2017,2018
2017-18,1627742,Brandon Ingram,Brandon,1610612747,LAL,Los Angeles Lakers,21700415,2017-12-14T00:00:00,LAL @ CLE,L,39.7,6.0,5.0,5.0,10.0,20.0,7.0,14.0,40.0,0.0,0.0,4.0,4.0,43.2,1,13054,13054,13054,605,863,967,1108,2079,25436,15942,24160,1224,8133,1,22329,2633,1742,1.0,39:41,2017,2018
2017-18,203944,Julius Randle,Julius,1610612747,LAL,Los Angeles Lakers,21700415,2017-12-14T00:00:00,LAL @ CLE,L,21.6,2.0,2.0,0.0,10.0,12.0,4.0,10.0,18.0,1.0,1.0,1.0,2.0,23.3,1,13054,13054,13054,14706,6347,4626,9215,2079,20190,8753,20944,14614,2512,17404,5153,7539,9794,1.0,21:37,2017,2018
2017-18,201572,Brook Lopez,Brook,1610612747,LAL,Los Angeles Lakers,21700399,2017-12-12T00:00:00,LAL @ NYK,L,23.4,2.0,2.0,2.0,6.0,4.0,12.0,5.0,24.0,1.0,0.0,2.0,1.0,22.3,1,13054,13054,13054,13148,6347,4626,4430,5708,5970,23073,12692,9573,2512,1,11691,12172,10472,1.0,23:26,2017,2018
2017-18,203484,Kentavious Caldwell-Pope,Kentavious,1610612747,LAL,Los Angeles Lakers,21700399,2017-12-12T00:00:00,LAL @ NYK,L,38.4,3.0,7.0,5.0,6.0,10.0,19.0,7.0,40.0,0.0,0.0,1.0,4.0,41.3,1,13054,13054,13054,1035,4321,304,1108,5708,17328,25878,16621,1224,8133,1,5153,2633,2112,1.0,38:22,2017,2018
2017-18,203903,Jordan Clarkson,Jordan,1610612747,LAL,Los Angeles Lakers,21700399,2017-12-12T00:00:00,LAL @ NYK,L,20.3,0.0,3.0,0.0,6.0,10.0,8.0,0.0,12.0,0.0,1.0,0.0,1.0,22.7,1,13054,13054,13054,15852,12040,2864,9215,5708,17328,17775,1,19440,8133,17404,1,12172,10207,1.0,20:17,2017,2018
2017-18,1627742,Brandon Ingram,Brandon,1610612747,LAL,Los Angeles Lakers,21700399,2017-12-12T00:00:00,LAL @ NYK,L,41.4,3.0,0.0,0.0,4.0,10.0,21.0,7.0,40.0,1.0,2.0,2.0,2.0,21.9,1,13054,13054,13054,273,4321,9889,9215,8975,17328,26026,16621,1224,2512,23707,11691,7539,10750,1.0,41:24,2017,2018
2017-18,1628398,Kyle Kuzma,Kyle,1610612747,LAL,Los Angeles Lakers,21700399,2017-12-12T00:00:00,LAL @ NYK,L,29.6,5.0,4.0,0.0,8.0,12.0,14.0,2.0,26.0,2.0,1.0,4.0,1.0,33.7,1,13054,13054,13054,7607,1528,1497,9215,3447,20190,24457,4597,8069,803,17404,22329,12172,4310,1.0,29:34,2017,2018
2017-18,1626204,Larry Nance Jr.,Larry,1610612747,LAL,Los Angeles Lakers,21700399,2017-12-12T00:00:00,LAL @ NYK,L,25.5,0.0,2.0,2.0,4.0,4.0,12.0,5.0,24.0,0.0,0.0,2.0,2.0,17.3,1,13054,13054,13054,11288,12040,4626,4430,8975,5970,23073,12692,9573,8133,1,11691,7539,14071,1.0,25:30,2017,2018
2017-18,1628366,Lonzo Ball,Lonzo,1610612747,LAL,Los Angeles Lakers,21700399,2017-12-12T00:00:00,LAL @ NYK,L,39.5,5.0,0.0,2.0,4.0,10.0,20.0,7.0,42.0,1.0,2.0,3.0,2.0,43.6,1,13054,13054,13054,648,1528,9889,4430,8975,17328,25969,16621,827,2512,23707,17900,7539,1673,1.0,39:31,2017,2018
2017-18,201147,Corey Brewer,Corey,1610612747,LAL,Los Angeles Lakers,21700399,2017-12-12T00:00:00,LAL @ NYK,L,9.0,0.0,0.0,0.0,0.0,4.0,5.0,0.0,8.0,0.0,0.0,0.0,1.0,0.2,1,13054,13054,13054,23011,12040,9889,9215,19152,5970,11744,1,21998,8133,1,1,12172,25169,1.0,8:58,2017,2018
2017-18,1628404,Josh Hart,Josh,1610612747,LAL,Los Angeles Lakers,21700399,2017-12-12T00:00:00,LAL @ NYK,L,10.5,0.0,0.0,0.0,0.0,4.0,5.0,0.0,8.0,0.0,0.0,0.0,0.0,3.6,1,13054,13054,13054,22456,12040,9889,9215,19152,5970,11744,1,21998,8133,1,1,18674,23455,1.0,10:28,2017,2018
2017-18,101106,Andrew Bogut,Andrew,1610612747,LAL,Los Angeles Lakers,21700399,2017-12-12T00:00:00,LAL @ NYK,L,0.0,0.0,0.0,0.0,0.0,0.0,0.0,0.0,0.0,0.0,0.0,0.0,0.0,0.0,1,13054,13054,13054,26105,12040,9889,9215,19152,1,1,1,25495,8133,1,1,18674,25240,1.0,0:00,2017,2018
2017-18,203944,Julius Randle,Julius,1610612747,LAL,Los Angeles Lakers,21700399,2017-12-12T00:00:00,LAL @ NYK,L,27.5,2.0,2.0,2.0,10.0,12.0,14.0,2.0,26.0,1.0,1.0,5.0,2.0,20.8,1,13054,13054,13054,9490,6347,4626,4430,2079,20190,24457,4597,8069,2512,17404,24852,7539,11480,1.0,27:30,2017,2018
2017-18,1628404,Josh Hart,Josh,1610612747,LAL,Los Angeles Lakers,21700377,2017-12-09T00:00:00,LAL @ CHA,W,13.5,0.0,0.0,3.0,2.0,6.0,2.0,2.0,14.0,0.0,0.0,0.0,0.0,6.4,1,1,1,1,20947,12040,9889,2871,13399,9851,3853,4597,17944,8133,1,1,18674,21794,1.0,13:28,2017,2018
2017-18,201147,Corey Brewer,Corey,1610612747,LAL,Los Angeles Lakers,21700377,2017-12-09T00:00:00,LAL @ CHA,W,5.2,0.0,2.0,0.0,2.0,2.0,0.0,0.0,2.0,0.0,0.0,1.0,0.0,3.2,1,1,1,1,24342,12040,4626,9215,13399,2610,1,1,24730,8133,1,5153,18674,23609,1.0,5:09,2017,2018
2017-18,203898,Tyler Ennis,Tyler,1610612747,LAL,Los Angeles Lakers,21700377,2017-12-09T00:00:00,LAL @ CHA,W,6.5,0.0,0.0,0.0,0.0,2.0,0.0,0.0,2.0,0.0,0.0,2.0,1.0,1.2,1,1,1,1,23862,12040,9889,9215,19152,2610,1,1,24730,8133,1,11691,12172,24751,1.0,6:28,2017,2018
2017-18,203903,Jordan Clarkson,Jordan,1610612747,LAL,Los Angeles Lakers,21700377,2017-12-09T00:00:00,LAL @ CHA,W,27.0,2.0,0.0,0.0,8.0,16.0,6.0,5.0,22.0,0.0,0.0,0.0,4.0,38.0,1,1,1,1,9941,6347,9889,9215,3447,23917,13576,12692,11258,8133,1,1,2633,2905,1.0,26:58,2017,2018
2017-18,1626204,Larry Nance Jr.,Larry,1610612747,LAL,Los Angeles Lakers,21700377,2017-12-09T00:00:00,LAL @ CHA,W,16.3,0.0,0.0,2.0,6.0,0.0,5.0,4.0,26.0,0.0,0.0,4.0,2.0,9.2,1,1,1,1,19074,12040,9889,4430,5708,1,11744,9893,8069,8133,1,22329,7539,19978,1.0,16:17,2017,2018
2017-18,203484,Kentavious Caldwell-Pope,Kentavious,1610612747,LAL,Los Angeles Lakers,21700377,2017-12-09T00:00:00,LAL @ CHA,W,32.0,2.0,0.0,10.0,4.0,6.0,10.0,10.0,42.0,0.0,0.0,0.0,0.0,24.2,1,1,1,1,5562,6347,9889,78,8975,9851,20971,20944,827,8133,1,1,18674,9226,1.0,31:59,2017,2018
2017-18,1627742,Brandon Ingram,Brandon,1610612747,LAL,Los Angeles Lakers,21700377,2017-12-09T00:00:00,LAL @ CHA,W,35.7,2.0,4.0,7.0,12.0,10.0,12.0,12.0,40.0,0.0,1.0,5.0,5.0,25.7,1,1,1,1,2586,6347,1497,387,1226,17328,23073,22879,1224,8133,17404,24852,1543,8308,1.0,35:41,2017,2018
2017-18,203944,Julius Randle,Julius,1610612747,LAL,Los Angeles Lakers,21700377,2017-12-09T00:00:00,LAL @ CHA,W,26.3,0.0,2.0,4.0,6.0,16.0,6.0,5.0,22.0,2.0,1.0,3.0,3.0,29.7,1,1,1,1,10553,12040,4626,1706,5708,23917,13576,12692,11258,803,17404,17900,4452,6077,1.0,26:18,2017,2018
2017-18,1628398,Kyle Kuzma,Kyle,1610612747,LAL,Los Angeles Lakers,21700377,2017-12-09T00:00:00,LAL @ CHA,W,31.9,0.0,4.0,2.0,10.0,16.0,7.0,8.0,24.0,1.0,0.0,0.0,2.0,34.8,1,1,1,1,5610,12040,1497,4430,2079,23917,15942,18262,9573,2512,1,1,7539,3936,1.0,31:56,2017,2018
2017-18,1628366,Lonzo Ball,Lonzo,1610612747,LAL,Los Angeles Lakers,21700377,2017-12-09T00:00:00,LAL @ CHA,W,26.5,0.0,0.0,0.0,2.0,6.0,8.0,9.0,32.0,1.0,1.0,4.0,1.0,25.5,1,1,1,1,10363,12040,9889,9215,13399,9851,17775,19743,4134,2512,17404,22329,12172,8429,1.0,26:31,2017,2018
2017-18,201572,Brook Lopez,Brook,1610612747,LAL,Los Angeles Lakers,21700377,2017-12-09T00:00:00,LAL @ CHA,W,19.3,0.0,0.0,0.0,4.0,0.0,4.0,5.0,24.0,1.0,0.0,2.0,3.0,25.3,1,1,1,1,16751,12040,9889,9215,8975,1,8753,12692,9573,2512,1,11691,4452,8551,1.0,19:15,2017,2018
2017-18,203944,Julius Randle,Julius,1610612747,LAL,Los Angeles Lakers,21700363,2017-12-07T00:00:00,LAL @ PHI,W,29.9,2.0,4.0,0.0,12.0,12.0,6.0,5.0,34.0,1.0,1.0,5.0,2.0,29.6,1,1,1,1,7333,6347,1497,9215,1226,20190,13576,12692,3166,2512,17404,24852,7539,6120,1.0,29:54,2017,2018
2017-18,101106,Andrew Bogut,Andrew,1610612747,LAL,Los Angeles Lakers,21700363,2017-12-07T00:00:00,LAL @ PHI,W,11.3,2.0,2.0,0.0,0.0,6.0,3.0,5.0,8.0,0.0,0.0,4.0,1.0,12.1,1,1,1,1,22127,6347,4626,9215,19152,9851,7350,12692,21998,8133,1,22329,12172,17974,1.0,11:20,2017,2018
2017-18,203484,Kentavious Caldwell-Pope,Kentavious,1610612747,LAL,Los Angeles Lakers,21700363,2017-12-07T00:00:00,LAL @ PHI,W,37.3,3.0,3.0,4.0,4.0,9.0,5.0,2.0,42.0,0.0,1.0,0.0,3.0,26.8,1,1,1,1,1563,4321,2864,1706,8975,15582,11744,4597,827,8133,17404,1,4452,7655,1.0,37:16,2017,2018
2017-18,201572,Brook Lopez,Brook,1610612747,LAL,Los Angeles Lakers,21700363,2017-12-07T00:00:00,LAL @ PHI,W,19.6,0.0,2.0,0.0,6.0,4.0,5.0,2.0,24.0,1.0,0.0,5.0,4.0,19.0,1,1,1,1,16455,12040,4626,9215,5708,5970,11744,4597,9573,2512,1,24852,2633,12780,1.0,19:37,2017,2018
2017-18,1628366,Lonzo Ball,Lonzo,1610612747,LAL,Los Angeles Lakers,21700363,2017-12-07T00:00:00,LAL @ PHI,W,38.4,4.0,2.0,4.0,10.0,9.0,8.0,2.0,46.0,4.0,1.0,0.0,0.0,52.6,1,1,1,1,1035,2585,4626,1706,2079,15582,17775,4597,369,94,17404,1,18674,639,1.0,38:22,2017,2018
2017-18,1627742,Brandon Ingram,Brandon,1610612747,LAL,Los Angeles Lakers,21700363,2017-12-07T00:00:00,LAL @ PHI,W,38.0,6.0,3.0,0.0,8.0,9.0,8.0,2.0,46.0,1.0,8.0,3.0,7.0,39.4,1,1,1,1,1199,863,2864,9215,3447,15582,17775,4597,369,2512,26107,17900,463,2555,1.0,37:60,2017,2018
2017-18,1626204,Larry Nance Jr.,Larry,1610612747,LAL,Los Angeles Lakers,21700363,2017-12-07T00:00:00,LAL @ PHI,W,22.2,2.0,3.0,2.0,8.0,6.0,5.0,2.0,30.0,0.0,0.0,4.0,2.0,28.4,1,1,1,1,14249,6347,2864,4430,3447,9851,11744,4597,5301,8133,1,22329,7539,6785,1.0,22:09,2017,2018
2017-18,203903,Jordan Clarkson,Jordan,1610612747,LAL,Los Angeles Lakers,21700363,2017-12-07T00:00:00,LAL @ PHI,W,14.5,2.0,3.0,0.0,4.0,5.0,6.0,5.0,14.0,0.0,0.0,1.0,5.0,20.4,1,1,1,1,20323,6347,2864,9215,8975,8098,13576,12692,17944,8133,1,5153,1543,11755,1.0,14:28,2017,2018
2017-18,1628398,Kyle Kuzma,Kyle,1610612747,LAL,Los Angeles Lakers,21700363,2017-12-07T00:00:00,LAL @ PHI,W,18.9,0.0,0.0,0.0,0.0,5.0,6.0,5.0,18.0,0.0,2.0,1.0,0.0,5.9,1,1,1,1,17039,12040,9889,9215,19152,8098,13576,12692,14614,8133,23707,5153,18674,22171,1.0,18:54,2017,2018
2017-18,1628404,Josh Hart,Josh,1610612747,LAL,Los Angeles Lakers,21700363,2017-12-07T00:00:00,LAL @ PHI,W,9.2,4.0,0.0,1.0,0.0,5.0,3.0,5.0,8.0,0.0,0.0,0.0,2.0,7.6,1,1,1,1,22938,2585,9889,8899,19152,8098,7350,12692,21998,8133,1,1,7539,21034,1.0,9:11,2017,2018
2017-18,201147,Corey Brewer,Corey,1610612747,LAL,Los Angeles Lakers,21700363,2017-12-07T00:00:00,LAL @ PHI,W,0.8,0.0,0.0,0.0,0.0,0.0,0.0,0.0,0.0,0.0,0.0,0.0,0.0,0.0,1,1,1,1,25934,12040,9889,9215,19152,1,1,1,25495,8133,1,1,18674,25240,1.0,0:50,2017,2018
2017-18,203944,Julius Randle,Julius,1610612747,LAL,Los Angeles Lakers,21700338,2017-12-03T00:00:00,LAL vs. HOU,L,15.8,0.0,2.0,0.0,2.0,12.0,2.0,2.0,20.0,0.0,0.0,5.0,2.0,13.0,1,13054,13054,13054,19444,12040,4626,9215,13399,20190,3853,4597,12905,8133,1,24852,7539,17338,1.0,15:45,2017,2018
2017-18,201572,Brook Lopez,Brook,1610612747,LAL,Los Angeles Lakers,21700338,2017-12-03T00:00:00,LAL vs. HOU,L,20.0,2.0,4.0,0.0,2.0,11.0,8.0,5.0,18.0,2.0,0.0,3.0,5.0,22.0,1,13054,13054,13054,16143,6347,1497,9215,13399,18786,17775,12692,14614,803,1,17900,1543,10675,1.0,19:59,2017,2018
2017-18,203484,Kentavious Caldwell-Pope,Kentavious,1610612747,LAL,Los Angeles Lakers,21700338,2017-12-03T00:00:00,LAL vs. HOU,L,34.9,3.0,0.0,6.0,2.0,25.0,13.0,12.0,46.0,0.0,1.0,1.0,1.0,25.1,1,13054,13054,13054,3143,4321,9889,622,13399,25986,23905,22879,369,8133,17404,5153,12172,8657,1.0,34:56,2017,2018
2017-18,1628398,Kyle Kuzma,Kyle,1610612747,LAL,Los Angeles Lakers,21700338,2017-12-03T00:00:00,LAL vs. HOU,L,27.6,6.0,10.0,4.0,10.0,14.0,5.0,7.0,32.0,1.0,3.0,1.0,4.0,40.4,1,13054,13054,13054,9394,863,44,1706,2079,22367,11744,16621,4134,2512,25519,5153,2633,2327,1.0,27:37,2017,2018
2017-18,1626204,Larry Nance Jr.,Larry,1610612747,LAL,Los Angeles Lakers,21700338,2017-12-03T00:00:00,LAL vs. HOU,L,30.0,0.0,7.0,0.0,14.0,17.0,11.0,10.0,36.0,1.0,0.0,5.0,3.0,34.1,1,13054,13054,13054,7284,12040,304,9215,679,24491,22147,20944,2385,2512,1,24852,4452,4154,1.0,29:57,2017,2018
2017-18,1628404,Josh Hart,Josh,1610612747,LAL,Los Angeles Lakers,21700338,2017-12-03T00:00:00,LAL vs. HOU,L,15.1,0.0,0.0,0.0,0.0,2.0,0.0,1.0,12.0,0.0,0.0,0.0,0.0,0.5,1,13054,13054,13054,19929,12040,9889,9215,19152,2610,1,4366,19440,8133,1,1,18674,25138,1.0,15:05,2017,2018
2017-18,1627742,Brandon Ingram,Brandon,1610612747,LAL,Los Angeles Lakers,21700338,2017-12-03T00:00:00,LAL vs. HOU,L,37.1,2.0,4.0,4.0,10.0,25.0,13.0,12.0,48.0,0.0,0.0,2.0,5.0,38.3,1,13054,13054,13054,1664,6347,1497,1706,2079,25986,23905,22879,238,8133,1,11691,1543,2837,1.0,37:05,2017,2018
2017-18,203898,Tyler Ennis,Tyler,1610612747,LAL,Los Angeles Lakers,21700338,2017-12-03T00:00:00,LAL vs. HOU,L,3.4,0.0,0.0,0.0,2.0,0.0,0.0,0.0,2.0,0.0,0.0,0.0,0.0,3.7,1,13054,13054,13054,25025,12040,9889,9215,13399,1,1,1,24730,8133,1,1,18674,23418,1.0,3:22,2017,2018
2017-18,1627826,Ivica Zubac,Ivica,1610612747,LAL,Los Angeles Lakers,21700338,2017-12-03T00:00:00,LAL vs. HOU,L,2.7,0.0,0.0,0.0,0.0,0.0,0.0,0.0,2.0,0.0,0.0,0.0,1.0,0.0,1,13054,13054,13054,25279,12040,9889,9215,19152,1,1,1,24730,8133,1,1,12172,25240,1.0,2:42,2017,2018
2017-18,203903,Jordan Clarkson,Jordan,1610612747,LAL,Los Angeles Lakers,21700338,2017-12-03T00:00:00,LAL vs. HOU,L,20.6,3.0,0.0,3.0,0.0,10.0,2.0,2.0,20.0,0.0,0.0,1.0,1.0,3.7,1,13054,13054,13054,15579,4321,9889,2871,19152,17328,3853,4597,12905,8133,1,5153,12172,23418,1.0,20:35,2017,2018
2017-18,1628366,Lonzo Ball,Lonzo,1610612747,LAL,Los Angeles Lakers,21700338,2017-12-03T00:00:00,LAL vs. HOU,L,22.0,2.0,0.0,0.0,0.0,17.0,11.0,9.0,28.0,2.0,0.0,1.0,1.0,10.7,1,13054,13054,13054,14346,6347,9889,9215,19152,24491,22147,19743,6593,803,1,5153,12172,18951,1.0,22:02,2017,2018
2017-18,201147,Corey Brewer,Corey,1610612747,LAL,Los Angeles Lakers,21700338,2017-12-03T00:00:00,LAL vs. HOU,L,10.9,0.0,0.0,0.0,0.0,2.0,0.0,0.0,6.0,0.0,0.0,3.0,0.0,6.5,1,13054,13054,13054,22283,12040,9889,9215,19152,2610,1,1,23042,8133,1,17900,18674,21740,1.0,10:55,2017,2018
2017-18,201147,Corey Brewer,Corey,1610612747,LAL,Los Angeles Lakers,21700332,2017-12-02T00:00:00,LAL @ DEN,L,9.1,0.0,0.0,0.0,0.0,0.0,2.0,3.0,8.0,0.0,0.0,1.0,1.0,0.0,1,13054,13054,13054,22959,12040,9889,9215,19152,1,3853,8396,21998,8133,1,5153,12172,25240,1.0,9:08,2017,2018
2017-18,1628404,Josh Hart,Josh,1610612747,LAL,Los Angeles Lakers,21700332,2017-12-02T00:00:00,LAL @ DEN,L,22.5,0.0,6.0,0.0,0.0,9.0,2.0,5.0,28.0,1.0,0.0,1.0,1.0,24.6,1,13054,13054,13054,13969,12040,488,9215,19152,15582,3853,12692,6593,2512,1,5153,12172,8974,1.0,22:30,2017,2018
2017-18,1628398,Kyle Kuzma,Kyle,1610612747,LAL,Los Angeles Lakers,21700332,2017-12-02T00:00:00,LAL @ DEN,L,26.9,0.0,2.0,0.0,6.0,14.0,2.0,5.0,32.0,0.0,1.0,3.0,1.0,25.0,1,13054,13054,13054,9994,12040,4626,9215,5708,22367,3853,12692,4134,8133,17404,17900,12172,8729,1.0,26:54,2017,2018
2017-18,203944,Julius Randle,Julius,1610612747,LAL,Los Angeles Lakers,21700332,2017-12-02T00:00:00,LAL @ DEN,L,21.5,6.0,1.0,2.0,8.0,13.0,2.0,5.0,26.0,0.0,0.0,4.0,7.0,24.7,1,13054,13054,13054,14762,863,9497,4430,3447,21316,3853,12692,8069,8133,1,22329,463,8919,1.0,21:32,2017,2018
2017-18,1626204,Larry Nance Jr.,Larry,1610612747,LAL,Los Angeles Lakers,21700332,2017-12-02T00:00:00,LAL @ DEN,L,23.6,0.0,2.0,0.0,4.0,16.0,5.0,6.0,26.0,0.0,0.0,4.0,1.0,9.2,1,13054,13054,13054,13012,12040,4626,9215,8975,23917,11744,14585,8069,8133,1,22329,12172,19978,1.0,23:36,2017,2018
2017-18,203484,Kentavious Caldwell-Pope,Kentavious,1610612747,LAL,Los Angeles Lakers,21700332,2017-12-02T00:00:00,LAL @ DEN,L,22.8,2.0,0.0,1.0,2.0,14.0,5.0,2.0,26.0,0.0,0.0,1.0,1.0,12.2,1,13054,13054,13054,13705,6347,9889,8899,13399,22367,11744,4597,8069,8133,1,5153,12172,17874,1.0,22:47,2017,2018
2017-18,203903,Jordan Clarkson,Jordan,1610612747,LAL,Los Angeles Lakers,21700332,2017-12-02T00:00:00,LAL @ DEN,L,28.5,5.0,0.0,2.0,6.0,16.0,2.0,7.0,30.0,0.0,1.0,1.0,2.0,19.6,1,13054,13054,13054,8585,1528,9889,4430,5708,23917,3853,16621,5301,8133,17404,5153,7539,12309,1.0,28:29,2017,2018
2017-18,1627742,Brandon Ingram,Brandon,1610612747,LAL,Los Angeles Lakers,21700332,2017-12-02T00:00:00,LAL @ DEN,L,27.7,6.0,8.0,2.0,8.0,22.0,5.0,4.0,34.0,0.0,2.0,4.0,4.0,22.8,1,13054,13054,13054,9274,863,152,4430,3447,25766,11744,9893,3166,8133,23707,22329,2633,10131,1.0,27:44,2017,2018
2017-18,1628366,Lonzo Ball,Lonzo,1610612747,LAL,Los Angeles Lakers,21700332,2017-12-02T00:00:00,LAL @ DEN,L,33.4,2.0,2.0,2.0,6.0,20.0,5.0,6.0,42.0,0.0,1.0,3.0,1.0,28.3,1,13054,13054,13054,4411,6347,4626,4430,5708,25436,11744,14585,827,8133,17404,17900,12172,6851,1.0,33:22,2017,2018
2017-18,201572,Brook Lopez,Brook,1610612747,LAL,Los Angeles Lakers,21700332,2017-12-02T00:00:00,LAL @ DEN,L,24.0,0.0,2.0,4.0,12.0,11.0,5.0,2.0,28.0,1.0,1.0,2.0,0.0,27.5,1,13054,13054,13054,12691,12040,4626,1706,1226,18786,11744,4597,6593,2512,17404,11691,18674,7282,1.0,23:58,2017,2018
2017-18,203484,Kentavious Caldwell-Pope,Kentavious,1610612747,LAL,Los Angeles Lakers,21700312,2017-11-29T00:00:00,LAL vs. GSW,L,41.5,0.0,0.0,4.0,10.0,8.0,14.0,10.0,40.0,0.0,0.0,3.0,4.0,30.4,1,13054,13054,13054,252,12040,9889,1706,2079,13769,24457,20944,1224,8133,1,17900,2633,5739,1.0,41:32,2017,2018
2017-18,201572,Brook Lopez,Brook,1610612747,LAL,Los Angeles Lakers,21700312,2017-11-29T00:00:00,LAL vs. GSW,L,16.9,0.0,0.0,0.0,2.0,8.0,2.0,8.0,20.0,1.0,0.0,1.0,2.0,12.7,1,13054,13054,13054,18638,12040,9889,9215,13399,13769,3853,18262,12905,2512,1,5153,7539,17522,1.0,16:52,2017,2018
2017-18,203944,Julius Randle,Julius,1610612747,LAL,Los Angeles Lakers,21700312,2017-11-29T00:00:00,LAL vs. GSW,L,31.2,8.0,2.0,8.0,18.0,2.0,12.0,9.0,22.0,1.0,1.0,4.0,3.0,29.8,1,13054,13054,13054,6278,254,4626,211,191,2610,23073,19743,11258,2512,17404,22329,4452,6027,1.0,31:10,2017,2018
2017-18,1628366,Lonzo Ball,Lonzo,1610612747,LAL,Los Angeles Lakers,21700312,2017-11-29T00:00:00,LAL vs. GSW,L,43.3,5.0,3.0,0.0,4.0,10.0,16.0,17.0,42.0,0.0,1.0,2.0,3.0,33.4,1,13054,13054,13054,95,1528,2864,9215,8975,17328,25288,25261,827,8133,17404,11691,4452,4437,1.0,43:20,2017,2018
2017-18,1627742,Brandon Ingram,Brandon,1610612747,LAL,Los Angeles Lakers,21700312,2017-11-29T00:00:00,LAL vs. GSW,L,44.0,4.0,2.0,5.0,14.0,12.0,16.0,17.0,44.0,2.0,0.0,5.0,5.0,50.5,1,13054,13054,13054,71,2585,4626,1108,679,20190,25288,25261,542,803,1,24852,1543,793,1.0,44:01,2017,2018
2017-18,203903,Jordan Clarkson,Jordan,1610612747,LAL,Los Angeles Lakers,21700312,2017-11-29T00:00:00,LAL vs. GSW,L,35.5,2.0,5.0,2.0,14.0,6.0,14.0,11.0,34.0,0.0,2.0,3.0,1.0,39.2,1,13054,13054,13054,2722,6347,967,4430,679,9851,24457,22010,3166,8133,23707,17900,12172,2602,1.0,35:31,2017,2018
2017-18,1628404,Josh Hart,Josh,1610612747,LAL,Los Angeles Lakers,21700312,2017-11-29T00:00:00,LAL vs. GSW,L,12.7,0.0,0.0,0.0,4.0,2.0,2.0,9.0,12.0,0.0,0.0,2.0,1.0,8.6,1,13054,13054,13054,21383,12040,9889,9215,8975,2610,3853,19743,19440,8133,1,11691,12172,20395,1.0,12:43,2017,2018
2017-18,1626204,Larry Nance Jr.,Larry,1610612747,LAL,Los Angeles Lakers,21700312,2017-11-29T00:00:00,LAL vs. GSW,L,22.5,0.0,0.0,0.0,0.0,8.0,8.0,10.0,28.0,1.0,0.0,0.0,0.0,27.3,1,13054,13054,13054,14000,12040,9889,9215,19152,13769,17775,20944,6593,2512,1,1,18674,7375,1.0,22:27,2017,2018
2017-18,201147,Corey Brewer,Corey,1610612747,LAL,Los Angeles Lakers,21700312,2017-11-29T00:00:00,LAL vs. GSW,L,12.1,0.0,0.0,0.0,0.0,4.0,4.0,2.0,12.0,0.0,0.0,3.0,0.0,5.0,1,13054,13054,13054,21715,12040,9889,9215,19152,5970,8753,4597,19440,8133,1,17900,18674,22703,1.0,12:04,2017,2018
2017-18,101106,Andrew Bogut,Andrew,1610612747,LAL,Los Angeles Lakers,21700312,2017-11-29T00:00:00,LAL vs. GSW,L,5.4,0.0,0.0,0.0,2.0,0.0,2.0,2.0,6.0,0.0,0.0,0.0,0.0,5.9,1,13054,13054,13054,24277,12040,9889,9215,13399,1,3853,4597,23042,8133,1,1,18674,22171,1.0,5:21,2017,2018
2017-18,1627742,Brandon Ingram,Brandon,1610612747,LAL,Los Angeles Lakers,21700297,2017-11-27T00:00:00,LAL @ LAC,L,22.3,0.0,0.0,5.0,12.0,6.0,4.0,2.0,22.0,1.0,2.0,5.0,8.0,23.5,1,13054,13054,13054,14138,12040,9889,1108,1226,9851,8753,4597,11258,2512,23707,24852,260,9666,1.0,22:18,2017,2018
2017-18,1628404,Josh Hart,Josh,1610612747,LAL,Los Angeles Lakers,21700297,2017-11-27T00:00:00,LAL @ LAC,L,21.9,0.0,0.0,0.0,2.0,7.0,10.0,9.0,26.0,0.0,0.0,2.0,0.0,10.1,1,13054,13054,13054,14468,12040,9889,9215,13399,11872,20971,19743,8069,8133,1,11691,18674,19403,1.0,21:54,2017,2018
2017-18,101106,Andrew Bogut,Andrew,1610612747,LAL,Los Angeles Lakers,21700297,2017-11-27T00:00:00,LAL @ LAC,L,6.6,0.0,0.0,0.0,0.0,1.0,2.0,3.0,6.0,0.0,0.0,0.0,0.0,1.5,1,13054,13054,13054,23827,12040,9889,9215,19152,2400,3853,8396,23042,8133,1,1,18674,24559,1.0,6:34,2017,2018
2017-18,1628398,Kyle Kuzma,Kyle,1610612747,LAL,Los Angeles Lakers,21700297,2017-11-27T00:00:00,LAL @ LAC,L,19.6,0.0,0.0,2.0,2.0,7.0,7.0,9.0,24.0,0.0,0.0,2.0,3.0,18.9,1,13054,13054,13054,16478,12040,9889,4430,13399,11872,15942,19743,9573,8133,1,11691,4452,12872,1.0,19:36,2017,2018
2017-18,201572,Brook Lopez,Brook,1610612747,LAL,Los Angeles Lakers,21700297,2017-11-27T00:00:00,LAL @ LAC,L,16.1,0.0,0.0,1.0,2.0,6.0,3.0,4.0,16.0,2.0,0.0,4.0,2.0,13.7,1,13054,13054,13054,19221,12040,9889,8899,13399,9851,7350,9893,16291,803,1,22329,7539,16767,1.0,16:04,2017,2018
2017-18,203484,Kentavious Caldwell-Pope,Kentavious,1610612747,LAL,Los Angeles Lakers,21700297,2017-11-27T00:00:00,LAL @ LAC,L,37.3,5.0,2.0,10.0,4.0,11.0,9.0,7.0,40.0,0.0,0.0,1.0,0.0,45.7,1,13054,13054,13054,1563,1528,4626,78,8975,18786,19633,16621,1224,8133,1,5153,18674,1337,1.0,37:16,2017,2018
2017-18,203944,Julius Randle,Julius,1610612747,LAL,Los Angeles Lakers,21700297,2017-11-27T00:00:00,LAL @ LAC,L,24.1,3.0,0.0,1.0,2.0,9.0,9.0,6.0,30.0,1.0,0.0,5.0,6.0,16.1,1,13054,13054,13054,12553,4321,9889,8899,13399,15582,19633,14585,5301,2512,1,24852,852,14968,1.0,24:07,2017,2018
2017-18,203903,Jordan Clarkson,Jordan,1610612747,LAL,Los Angeles Lakers,21700297,2017-11-27T00:00:00,LAL @ LAC,L,25.5,4.0,4.0,4.0,12.0,12.0,7.0,8.0,34.0,0.0,0.0,0.0,0.0,32.1,1,13054,13054,13054,11269,2585,1497,1706,1226,20190,15942,18262,3166,8133,1,1,18674,5000,1.0,25:31,2017,2018
2017-18,201147,Corey Brewer,Corey,1610612747,LAL,Los Angeles Lakers,21700297,2017-11-27T00:00:00,LAL @ LAC,L,10.7,0.0,0.0,0.0,4.0,5.0,5.0,6.0,14.0,0.0,1.0,1.0,0.0,15.4,1,13054,13054,13054,22343,12040,9889,9215,8975,8098,11744,14585,17944,8133,17404,5153,18674,15503,1.0,10:44,2017,2018
2017-18,1628366,Lonzo Ball,Lonzo,1610612747,LAL,Los Angeles Lakers,21700297,2017-11-27T00:00:00,LAL @ LAC,L,26.3,3.0,3.0,0.0,0.0,7.0,7.0,7.0,26.0,0.0,0.0,4.0,2.0,19.5,1,13054,13054,13054,10568,4321,2864,9215,19152,11872,15942,16621,8069,8133,1,22329,7539,12401,1.0,26:17,2017,2018
2017-18,1626204,Larry Nance Jr.,Larry,1610612747,LAL,Los Angeles Lakers,21700297,2017-11-27T00:00:00,LAL @ LAC,L,29.7,2.0,2.0,0.0,6.0,9.0,7.0,4.0,32.0,1.0,0.0,5.0,1.0,33.6,1,13054,13054,13054,7533,6347,4626,9215,5708,15582,15942,9893,4134,2512,1,24852,12172,4348,1.0,29:40,2017,2018
2017-18,203903,Jordan Clarkson,Jordan,1610612747,LAL,Los Angeles Lakers,21700266,2017-11-22T00:00:00,LAL @ SAC,L,25.9,0.0,0.0,2.0,8.0,19.0,8.0,7.0,34.0,0.0,1.0,2.0,4.0,22.9,1,13054,13054,13054,10940,12040,9889,4430,3447,25199,17775,16621,3166,8133,17404,11691,2633,10066,2.0,25:51,2017,2018
2017-18,1628398,Kyle Kuzma,Kyle,1610612747,LAL,Los Angeles Lakers,21700266,2017-11-22T00:00:00,LAL @ SAC,L,35.6,0.0,0.0,5.0,8.0,17.0,8.0,5.0,40.0,0.0,1.0,4.0,0.0,20.4,1,13054,13054,13054,2695,12040,9889,1108,3447,24491,17775,12692,1224,8133,17404,22329,18674,11755,2.0,35:33,2017,2018
2017-18,1628404,Josh Hart,Josh,1610612747,LAL,Los Angeles Lakers,21700266,2017-11-22T00:00:00,LAL @ SAC,L,10.2,0.0,0.0,0.0,0.0,4.0,2.0,0.0,12.0,0.0,0.0,0.0,0.0,11.1,1,13054,13054,13054,22584,12040,9889,9215,19152,5970,3853,1,19440,8133,1,1,18674,18687,2.0,10:10,2017,2018
2017-18,201147,Corey Brewer,Corey,1610612747,LAL,Los Angeles Lakers,21700266,2017-11-22T00:00:00,LAL @ SAC,L,8.2,3.0,0.0,0.0,0.0,4.0,4.0,2.0,6.0,0.0,0.0,0.0,2.0,10.5,1,13054,13054,13054,23277,4321,9889,9215,19152,5970,8753,4597,23042,8133,1,1,7539,19111,2.0,8:13,2017,2018
2017-18,203898,Tyler Ennis,Tyler,1610612747,LAL,Los Angeles Lakers,21700266,2017-11-22T00:00:00,LAL @ SAC,L,1.2,0.0,0.0,0.0,0.0,0.0,0.0,0.0,0.0,0.0,0.0,0.0,0.0,0.0,1,13054,13054,13054,25809,12040,9889,9215,19152,1,1,1,25495,8133,1,1,18674,25240,2.0,1:12,2017,2018
2017-18,1627826,Ivica Zubac,Ivica,1610612747,LAL,Los Angeles Lakers,21700266,2017-11-22T00:00:00,LAL @ SAC,L,1.2,0.0,0.0,0.0,0.0,0.0,0.0,0.0,0.0,0.0,0.0,0.0,0.0,0.0,1,13054,13054,13054,25809,12040,9889,9215,19152,1,1,1,25495,8133,1,1,18674,25240,2.0,1:12,2017,2018
2017-18,201572,Brook Lopez,Brook,1610612747,LAL,Los Angeles Lakers,21700266,2017-11-22T00:00:00,LAL @ SAC,L,17.5,0.0,0.0,0.0,2.0,9.0,6.0,0.0,16.0,1.0,0.0,5.0,1.0,7.2,1,13054,13054,13054,18204,12040,9889,9215,13399,15582,13576,1,16291,2512,1,24852,12172,21291,2.0,17:27,2017,2018
2017-18,101106,Andrew Bogut,Andrew,1610612747,LAL,Los Angeles Lakers,21700266,2017-11-22T00:00:00,LAL @ SAC,L,5.8,0.0,0.0,0.0,0.0,2.0,4.0,2.0,6.0,1.0,0.0,1.0,0.0,4.4,1,13054,13054,13054,24122,12040,9889,9215,19152,2610,8753,4597,23042,2512,1,5153,18674,23044,2.0,5:46,2017,2018
2017-18,1627742,Brandon Ingram,Brandon,1610612747,LAL,Los Angeles Lakers,21700266,2017-11-22T00:00:00,LAL @ SAC,L,32.6,0.0,0.0,0.0,8.0,14.0,8.0,3.0,32.0,1.0,1.0,2.0,6.0,31.2,1,13054,13054,13054,5014,12040,9889,9215,3447,22367,17775,8396,4134,2512,17404,11691,852,5386,2.0,32:38,2017,2018
2017-18,203944,Julius Randle,Julius,1610612747,LAL,Los Angeles Lakers,21700266,2017-11-22T00:00:00,LAL @ SAC,L,29.4,2.0,4.0,0.0,12.0,14.0,6.0,7.0,36.0,1.0,0.0,2.0,4.0,31.6,1,13054,13054,13054,7825,6347,1497,9215,1226,22367,13576,16621,2385,2512,1,11691,2633,5224,2.0,29:21,2017,2018
2017-18,1628366,Lonzo Ball,Lonzo,1610612747,LAL,Los Angeles Lakers,21700266,2017-11-22T00:00:00,LAL @ SAC,L,37.3,3.0,0.0,3.0,2.0,13.0,8.0,6.0,40.0,0.0,0.0,2.0,2.0,34.9,1,13054,13054,13054,1563,4321,9889,2871,13399,21316,17775,14585,1224,8133,1,11691,7539,3895,2.0,37:16,2017,2018
2017-18,203484,Kentavious Caldwell-Pope,Kentavious,1610612747,LAL,Los Angeles Lakers,21700266,2017-11-22T00:00:00,LAL @ SAC,L,35.4,4.0,0.0,0.0,6.0,19.0,6.0,3.0,38.0,0.0,1.0,1.0,1.0,25.7,1,13054,13054,13054,2842,2585,9889,9215,5708,25199,13576,8396,1743,8133,17404,5153,12172,8308,2.0,35:21,2017,2018
2017-18,203944,Julius Randle,Julius,1610612747,LAL,Los Angeles Lakers,21700252,2017-11-21T00:00:00,LAL vs. CHI,W,28.4,0.0,2.0,2.0,8.0,11.0,6.0,4.0,22.0,2.0,2.0,3.0,2.0,29.0,1,1,1,1,8638,12040,4626,4430,3447,18786,13576,9893,11258,803,23707,17900,7539,6471,1.0,28:26,2017,2018
2017-18,1627826,Ivica Zubac,Ivica,1610612747,LAL,Los Angeles Lakers,21700252,2017-11-21T00:00:00,LAL vs. CHI,W,2.9,0.0,0.0,0.0,2.0,3.0,0.0,0.0,2.0,0.0,0.0,1.0,0.0,2.2,1,1,1,1,25227,12040,9889,9215,13399,4813,1,1,24730,8133,1,5153,18674,24259,1.0,2:52,2017,2018
2017-18,201147,Corey Brewer,Corey,1610612747,LAL,Los Angeles Lakers,21700252,2017-11-21T00:00:00,LAL vs. CHI,W,3.5,0.0,0.0,0.0,2.0,6.0,0.0,2.0,4.0,0.0,0.0,0.0,0.0,2.2,1,1,1,1,24957,12040,9889,9215,13399,9851,1,4597,23940,8133,1,1,18674,24259,1.0,3:30,2017,2018
2017-18,203903,Jordan Clarkson,Jordan,1610612747,LAL,Los Angeles Lakers,21700252,2017-11-21T00:00:00,LAL vs. CHI,W,16.0,3.0,3.0,3.0,2.0,9.0,4.0,2.0,12.0,0.0,0.0,1.0,2.0,12.5,1,1,1,1,19276,4321,2864,2871,13399,15582,8753,4597,19440,8133,1,5153,7539,17681,1.0,16:00,2017,2018
2017-18,1627742,Brandon Ingram,Brandon,1610612747,LAL,Los Angeles Lakers,21700252,2017-11-21T00:00:00,LAL vs. CHI,W,38.6,3.0,0.0,2.0,12.0,10.0,14.0,10.0,26.0,2.0,0.0,1.0,4.0,38.5,1,1,1,1,959,4321,9889,4430,1226,17328,24457,20944,8069,803,1,5153,2633,2788,1.0,38:33,2017,2018
2017-18,1628404,Josh Hart,Josh,1610612747,LAL,Los Angeles Lakers,21700252,2017-11-21T00:00:00,LAL vs. CHI,W,14.6,0.0,2.0,1.0,4.0,6.0,4.0,2.0,10.0,0.0,0.0,0.0,1.0,12.1,1,1,1,1,20205,12040,4626,8899,8975,9851,8753,4597,20795,8133,1,1,12172,17974,1.0,14:38,2017,2018
2017-18,203484,Kentavious Caldwell-Pope,Kentavious,1610612747,LAL,Los Angeles Lakers,21700252,2017-11-21T00:00:00,LAL vs. CHI,W,39.3,3.0,6.0,3.0,2.0,10.0,14.0,10.0,20.0,0.0,0.0,1.0,5.0,44.6,1,1,1,1,711,4321,488,2871,13399,17328,24457,20944,12905,8133,1,5153,1543,1518,1.0,39:19,2017,2018
2017-18,201572,Brook Lopez,Brook,1610612747,LAL,Los Angeles Lakers,21700252,2017-11-21T00:00:00,LAL vs. CHI,W,24.8,0.0,0.0,0.0,4.0,5.0,12.0,8.0,12.0,2.0,0.0,2.0,1.0,24.3,1,1,1,1,11916,12040,9889,9215,8975,8098,23073,18262,19440,803,1,11691,12172,9163,1.0,24:47,2017,2018
2017-18,1628398,Kyle Kuzma,Kyle,1610612747,LAL,Los Angeles Lakers,21700252,2017-11-21T00:00:00,LAL vs. CHI,W,39.9,8.0,2.0,6.0,6.0,13.0,14.0,12.0,24.0,0.0,0.0,4.0,3.0,31.1,1,1,1,1,540,254,4626,622,5708,21316,24457,22879,9573,8133,1,22329,4452,5437,1.0,39:55,2017,2018
2017-18,1628366,Lonzo Ball,Lonzo,1610612747,LAL,Los Angeles Lakers,21700252,2017-11-21T00:00:00,LAL vs. CHI,W,32.0,0.0,0.0,0.0,2.0,7.0,12.0,10.0,18.0,0.0,2.0,3.0,1.0,31.6,1,1,1,1,5550,12040,9889,9215,13399,11872,23073,20944,14614,8133,23707,17900,12172,5224,1.0,32:00,2017,2018
2017-18,1628366,Lonzo Ball,Lonzo,1610612747,LAL,Los Angeles Lakers,21700240,2017-11-19T00:00:00,LAL vs. DEN,W,39.9,2.0,5.0,2.0,8.0,14.0,24.0,11.0,38.0,2.0,2.0,4.0,1.0,50.7,1,1,1,1,543,6347,967,4430,3447,22367,26087,22010,1743,803,23707,22329,12172,777,1.0,39:54,2017,2018
2017-18,1628404,Josh Hart,Josh,1610612747,LAL,Los Angeles Lakers,21700240,2017-11-19T00:00:00,LAL vs. DEN,W,12.2,0.0,0.0,2.0,2.0,1.0,5.0,9.0,14.0,0.0,0.0,0.0,1.0,8.4,1,1,1,1,21664,12040,9889,4430,13399,2400,11744,19743,17944,8133,1,1,12172,20520,1.0,12:10,2017,2018
2017-18,203484,Kentavious Caldwell-Pope,Kentavious,1610612747,LAL,Los Angeles Lakers,21700240,2017-11-19T00:00:00,LAL vs. DEN,W,35.5,0.0,2.0,2.0,2.0,14.0,24.0,10.0,32.0,1.0,0.0,3.0,0.0,39.5,1,1,1,1,2760,12040,4626,4430,13399,22367,26087,20944,4134,2512,1,17900,18674,2528,1.0,35:27,2017,2018
2017-18,203944,Julius Randle,Julius,1610612747,LAL,Los Angeles Lakers,21700240,2017-11-19T00:00:00,LAL vs. DEN,W,31.7,9.0,2.0,6.0,20.0,6.0,14.0,11.0,30.0,0.0,2.0,4.0,2.0,37.9,1,1,1,1,5783,143,4626,622,97,9851,24457,22010,5301,8133,23707,22329,7539,2939,1.0,31:44,2017,2018
2017-18,101106,Andrew Bogut,Andrew,1610612747,LAL,Los Angeles Lakers,21700240,2017-11-19T00:00:00,LAL vs. DEN,W,2.8,0.0,2.0,0.0,2.0,0.0,0.0,2.0,2.0,0.0,0.0,1.0,0.0,3.2,1,1,1,1,25251,12040,4626,9215,13399,1,1,4597,24730,8133,1,5153,18674,23609,1.0,2:47,2017,2018
2017-18,1627826,Ivica Zubac,Ivica,1610612747,LAL,Los Angeles Lakers,21700240,2017-11-19T00:00:00,LAL vs. DEN,W,2.0,0.0,0.0,0.0,0.0,0.0,0.0,2.0,4.0,0.0,0.0,0.0,0.0,0.0,1,1,1,1,25528,12040,9889,9215,19152,1,1,4597,23940,8133,1,1,18674,25240,1.0,2:02,2017,2018
2017-18,201572,Brook Lopez,Brook,1610612747,LAL,Los Angeles Lakers,21700240,2017-11-19T00:00:00,LAL vs. DEN,W,22.4,2.0,4.0,0.0,12.0,11.0,20.0,3.0,16.0,2.0,1.0,4.0,2.0,35.6,1,1,1,1,14052,6347,1497,9215,1226,18786,25969,8396,16291,803,17404,22329,7539,3647,1.0,22:24,2017,2018
2017-18,203903,Jordan Clarkson,Jordan,1610612747,LAL,Los Angeles Lakers,21700240,2017-11-19T00:00:00,LAL vs. DEN,W,24.2,2.0,2.0,0.0,12.0,6.0,10.0,9.0,20.0,0.0,0.0,4.0,3.0,23.1,1,1,1,1,12508,6347,4626,9215,1226,9851,20971,19743,12905,8133,1,22329,4452,9932,1.0,24:09,2017,2018
2017-18,1627742,Brandon Ingram,Brandon,1610612747,LAL,Los Angeles Lakers,21700240,2017-11-19T00:00:00,LAL vs. DEN,W,28.8,0.0,0.0,0.0,4.0,11.0,21.0,9.0,26.0,0.0,3.0,5.0,1.0,26.0,1,1,1,1,8300,12040,9889,9215,8975,18786,26026,19743,8069,8133,25519,24852,12172,8120,1.0,28:49,2017,2018
2017-18,1628398,Kyle Kuzma,Kyle,1610612747,LAL,Los Angeles Lakers,21700240,2017-11-19T00:00:00,LAL vs. DEN,W,25.7,2.0,2.0,0.0,6.0,17.0,22.0,7.0,26.0,0.0,0.0,2.0,3.0,25.1,1,1,1,1,11126,6347,4626,9215,5708,24491,26056,16621,8069,8133,1,11691,4452,8657,1.0,25:40,2017,2018
2017-18,201147,Corey Brewer,Corey,1610612747,LAL,Los Angeles Lakers,21700240,2017-11-19T00:00:00,LAL vs. DEN,W,14.9,0.0,0.0,2.0,2.0,5.0,5.0,7.0,12.0,0.0,0.0,0.0,2.0,19.7,1,1,1,1,20034,12040,9889,4430,13399,8098,11744,16621,19440,8133,1,1,7539,12245,1.0,14:54,2017,2018
2017-18,203944,Julius Randle,Julius,1610612747,LAL,Los Angeles Lakers,21700227,2017-11-17T00:00:00,LAL vs. PHX,L,16.0,0.0,0.0,4.0,10.0,4.0,5.0,6.0,12.0,0.0,2.0,0.0,1.0,20.8,1,13054,13054,13054,19258,12040,9889,1706,2079,5970,11744,14585,19440,8133,23707,1,12172,11480,1.0,16:01,2017,2018
2017-18,203484,Kentavious Caldwell-Pope,Kentavious,1610612747,LAL,Los Angeles Lakers,21700227,2017-11-17T00:00:00,LAL vs. PHX,L,36.3,3.0,0.0,2.0,0.0,11.0,12.0,9.0,36.0,1.0,0.0,5.0,4.0,25.8,1,13054,13054,13054,2182,4321,9889,4430,19152,18786,23073,19743,2385,2512,1,24852,2633,8251,1.0,36:16,2017,2018
2017-18,1627742,Brandon Ingram,Brandon,1610612747,LAL,Los Angeles Lakers,21700227,2017-11-17T00:00:00,LAL vs. PHX,L,34.9,2.0,2.0,5.0,14.0,9.0,8.0,6.0,34.0,2.0,2.0,5.0,5.0,34.6,1,13054,13054,13054,3210,6347,4626,1108,679,15582,17775,14585,3166,803,23707,24852,1543,3987,1.0,34:52,2017,2018
2017-18,1628366,Lonzo Ball,Lonzo,1610612747,LAL,Los Angeles Lakers,21700227,2017-11-17T00:00:00,LAL vs. PHX,L,37.7,0.0,2.0,4.0,6.0,11.0,10.0,15.0,36.0,2.0,1.0,2.0,2.0,40.2,1,13054,13054,13054,1353,12040,4626,1706,5708,18786,20971,24627,2385,803,17404,11691,7539,2357,1.0,37:42,2017,2018
2017-18,1628398,Kyle Kuzma,Kyle,1610612747,LAL,Los Angeles Lakers,21700227,2017-11-17T00:00:00,LAL vs. PHX,L,38.5,3.0,2.0,8.0,18.0,11.0,10.0,15.0,36.0,0.0,0.0,1.0,5.0,40.5,1,13054,13054,13054,1002,4321,4626,211,191,18786,20971,24627,2385,8133,1,5153,1543,2303,1.0,38:27,2017,2018
2017-18,203505,Vander Blue,Vander,1610612747,LAL,Los Angeles Lakers,21700227,2017-11-17T00:00:00,LAL vs. PHX,L,5.1,0.0,0.0,0.0,0.0,2.0,3.0,0.0,8.0,0.0,0.0,0.0,0.0,-1.0,1,13054,13054,13054,24377,12040,9889,9215,19152,2610,7350,1,21998,8133,1,1,18674,26003,1.0,5:04,2017,2018
2017-18,101106,Andrew Bogut,Andrew,1610612747,LAL,Los Angeles Lakers,21700227,2017-11-17T00:00:00,LAL vs. PHX,L,6.9,0.0,0.0,0.0,0.0,2.0,3.0,0.0,8.0,1.0,0.0,0.0,2.0,7.4,1,13054,13054,13054,23714,12040,9889,9215,19152,2610,7350,1,21998,2512,1,1,7539,21170,1.0,6:51,2017,2018
2017-18,203898,Tyler Ennis,Tyler,1610612747,LAL,Los Angeles Lakers,21700227,2017-11-17T00:00:00,LAL vs. PHX,L,3.7,0.0,0.0,0.0,0.0,2.0,3.0,0.0,8.0,0.0,0.0,1.0,0.0,3.2,1,13054,13054,13054,24894,12040,9889,9215,19152,2610,7350,1,21998,8133,1,5153,18674,23609,1.0,3:41,2017,2018
2017-18,201147,Corey Brewer,Corey,1610612747,LAL,Los Angeles Lakers,21700227,2017-11-17T00:00:00,LAL vs. PHX,L,12.5,4.0,0.0,4.0,6.0,4.0,6.0,9.0,6.0,0.0,0.0,3.0,2.0,16.4,1,13054,13054,13054,21522,2585,9889,1706,5708,5970,13576,19743,23042,8133,1,17900,7539,14715,1.0,12:27,2017,2018
2017-18,201572,Brook Lopez,Brook,1610612747,LAL,Los Angeles Lakers,21700227,2017-11-17T00:00:00,LAL vs. PHX,L,31.2,5.0,6.0,0.0,12.0,10.0,10.0,9.0,34.0,4.0,0.0,1.0,1.0,46.5,1,13054,13054,13054,6270,1528,488,9215,1226,17328,20971,19743,3166,94,1,5153,12172,1228,1.0,31:10,2017,2018
2017-18,203903,Jordan Clarkson,Jordan,1610612747,LAL,Los Angeles Lakers,21700227,2017-11-17T00:00:00,LAL vs. PHX,L,17.5,0.0,0.0,0.0,0.0,4.0,5.0,6.0,12.0,0.0,0.0,2.0,0.0,8.4,1,13054,13054,13054,18180,12040,9889,9215,19152,5970,11744,14585,19440,8133,1,11691,18674,20520,1.0,17:29,2017,2018
2017-18,203944,Julius Randle,Julius,1610612747,LAL,Los Angeles Lakers,21700214,2017-11-15T00:00:00,LAL vs. PHI,L,29.7,2.0,0.0,1.0,4.0,7.0,8.0,5.0,26.0,0.0,5.0,6.0,3.0,19.1,1,13054,13054,13054,7547,6347,9889,8899,8975,11872,17775,12692,8069,8133,26086,25886,4452,12700,1.0,29:39,2017,2018
2017-18,201572,Brook Lopez,Brook,1610612747,LAL,Los Angeles Lakers,21700214,2017-11-15T00:00:00,LAL vs. PHI,L,15.9,0.0,2.0,0.0,6.0,4.0,2.0,4.0,24.0,0.0,2.0,3.0,1.0,13.4,1,13054,13054,13054,19337,12040,4626,9215,5708,5970,3853,9893,9573,8133,23707,17900,12172,17003,1.0,15:55,2017,2018
2017-18,1628366,Lonzo Ball,Lonzo,1610612747,LAL,Los Angeles Lakers,21700214,2017-11-15T00:00:00,LAL vs. PHI,L,21.4,2.0,0.0,0.0,2.0,5.0,2.0,4.0,30.0,0.0,1.0,3.0,0.0,12.0,1,13054,13054,13054,14880,6347,9889,9215,13399,8098,3853,9893,5301,8133,17404,17900,18674,18042,1.0,21:25,2017,2018
2017-18,1628398,Kyle Kuzma,Kyle,1610612747,LAL,Los Angeles Lakers,21700214,2017-11-15T00:00:00,LAL vs. PHI,L,30.8,0.0,4.0,2.0,16.0,6.0,7.0,7.0,44.0,0.0,0.0,2.0,3.0,31.9,1,13054,13054,13054,6575,12040,1497,4430,372,9851,15942,16621,542,8133,1,11691,4452,5088,1.0,30:47,2017,2018
2017-18,1627742,Brandon Ingram,Brandon,1610612747,LAL,Los Angeles Lakers,21700214,2017-11-15T00:00:00,LAL vs. PHI,L,39.8,2.0,6.0,4.0,14.0,11.0,10.0,9.0,50.0,2.0,1.0,4.0,3.0,47.7,1,13054,13054,13054,581,6347,488,1706,679,18786,20971,19743,135,803,17404,22329,4452,1078,1.0,39:46,2017,2018
2017-18,203484,Kentavious Caldwell-Pope,Kentavious,1610612747,LAL,Los Angeles Lakers,21700214,2017-11-15T00:00:00,LAL vs. PHI,L,41.3,4.0,3.0,3.0,0.0,8.0,8.0,9.0,52.0,2.0,0.0,1.0,3.0,32.4,1,13054,13054,13054,292,2585,2864,2871,19152,13769,17775,19743,84,803,1,5153,4452,4877,1.0,41:15,2017,2018
2017-18,201147,Corey Brewer,Corey,1610612747,LAL,Los Angeles Lakers,21700214,2017-11-15T00:00:00,LAL vs. PHI,L,9.9,3.0,0.0,3.0,2.0,0.0,2.0,0.0,8.0,0.0,1.0,1.0,2.0,7.2,1,13054,13054,13054,22675,4321,9889,2871,13399,1,3853,1,21998,8133,17404,5153,7539,21291,1.0,9:54,2017,2018
2017-18,203903,Jordan Clarkson,Jordan,1610612747,LAL,Los Angeles Lakers,21700214,2017-11-15T00:00:00,LAL vs. PHI,L,31.7,0.0,6.0,0.0,16.0,9.0,8.0,5.0,28.0,0.0,4.0,1.0,3.0,40.7,1,13054,13054,13054,5837,12040,488,9215,372,15582,17775,12692,6593,8133,25989,5153,4452,2252,1.0,31:40,2017,2018
2017-18,101106,Andrew Bogut,Andrew,1610612747,LAL,Los Angeles Lakers,21700214,2017-11-15T00:00:00,LAL vs. PHI,L,19.7,2.0,6.0,0.0,6.0,5.0,3.0,2.0,18.0,2.0,1.0,2.0,1.0,30.0,1,13054,13054,13054,16428,6347,488,9215,5708,8098,7350,4597,14614,803,17404,11691,12172,5920,1.0,19:39,2017,2018
2017-18,203944,Julius Randle,Julius,1610612747,LAL,Los Angeles Lakers,21700196,2017-11-13T00:00:00,LAL @ PHX,W,18.7,0.0,0.0,0.0,4.0,6.0,6.0,2.0,10.0,2.0,0.0,1.0,1.0,20.6,1,1,1,1,17210,12040,9889,9215,8975,9851,13576,4597,20795,803,1,5153,12172,11614,2.0,18:40,2017,2018
2017-18,1628398,Kyle Kuzma,Kyle,1610612747,LAL,Los Angeles Lakers,21700196,2017-11-13T00:00:00,LAL @ PHX,W,33.6,3.0,0.0,0.0,2.0,13.0,16.0,13.0,34.0,0.0,1.0,0.0,2.0,20.2,1,1,1,1,4257,4321,9889,9215,13399,21316,25288,23596,3166,8133,17404,1,7539,11904,2.0,33:34,2017,2018
2017-18,203903,Jordan Clarkson,Jordan,1610612747,LAL,Los Angeles Lakers,21700196,2017-11-13T00:00:00,LAL @ PHX,W,26.1,5.0,2.0,3.0,10.0,3.0,7.0,6.0,16.0,0.0,1.0,2.0,1.0,36.1,1,1,1,1,10705,1528,4626,2871,2079,4813,15942,14585,16291,8133,17404,11691,12172,3494,2.0,26:07,2017,2018
2017-18,201147,Corey Brewer,Corey,1610612747,LAL,Los Angeles Lakers,21700196,2017-11-13T00:00:00,LAL @ PHX,W,18.1,2.0,2.0,2.0,8.0,3.0,2.0,5.0,8.0,0.0,0.0,3.0,1.0,17.2,1,1,1,1,17667,6347,4626,4430,3447,4813,3853,12692,21998,8133,1,17900,12172,14138,2.0,18:08,2017,2018
2017-18,1627742,Brandon Ingram,Brandon,1610612747,LAL,Los Angeles Lakers,21700196,2017-11-13T00:00:00,LAL @ PHX,W,32.2,0.0,0.0,2.0,4.0,12.0,11.0,10.0,30.0,1.0,1.0,5.0,7.0,14.6,1,1,1,1,5351,12040,9889,4430,8975,20190,22147,20944,5301,2512,17404,24852,463,16089,2.0,32:14,2017,2018
2017-18,203484,Kentavious Caldwell-Pope,Kentavious,1610612747,LAL,Los Angeles Lakers,21700196,2017-11-13T00:00:00,LAL @ PHX,W,33.8,0.0,2.0,2.0,2.0,16.0,13.0,9.0,30.0,0.0,1.0,1.0,3.0,33.5,1,1,1,1,4055,12040,4626,4430,13399,23917,23905,19743,5301,8133,17404,5153,4452,4393,2.0,33:47,2017,2018
2017-18,1628366,Lonzo Ball,Lonzo,1610612747,LAL,Los Angeles Lakers,21700196,2017-11-13T00:00:00,LAL @ PHX,W,28.1,4.0,2.0,0.0,4.0,16.0,15.0,9.0,28.0,0.0,0.0,2.0,0.0,22.5,1,1,1,1,8939,2585,4626,9215,8975,23917,24909,19743,6593,8133,1,11691,18674,10336,2.0,28:05,2017,2018
2017-18,201572,Brook Lopez,Brook,1610612747,LAL,Los Angeles Lakers,21700196,2017-11-13T00:00:00,LAL @ PHX,W,28.1,0.0,4.0,2.0,10.0,11.0,11.0,11.0,26.0,1.0,0.0,4.0,1.0,29.5,1,1,1,1,8933,12040,1497,4430,2079,18786,22147,22010,8069,2512,1,22329,12172,6175,2.0,28:06,2017,2018
2017-18,203505,Vander Blue,Vander,1610612747,LAL,Los Angeles Lakers,21700196,2017-11-13T00:00:00,LAL @ PHX,W,5.5,0.0,0.0,0.0,0.0,1.0,3.0,0.0,2.0,0.0,0.0,1.0,0.0,1.5,1,1,1,1,24219,12040,9889,9215,19152,2400,7350,1,24730,8133,1,5153,18674,24559,2.0,5:31,2017,2018
2017-18,101106,Andrew Bogut,Andrew,1610612747,LAL,Los Angeles Lakers,21700196,2017-11-13T00:00:00,LAL @ PHX,W,15.8,0.0,0.0,0.0,0.0,4.0,1.0,0.0,6.0,2.0,0.0,1.0,1.0,13.4,1,1,1,1,19416,12040,9889,9215,19152,5970,3582,1,23042,803,1,5153,12172,17003,2.0,15:48,2017,2018
2017-18,203505,Vander Blue,Vander,1610612747,LAL,Los Angeles Lakers,21700182,2017-11-11T00:00:00,LAL @ MIL,L,14.4,0.0,0.0,0.0,0.0,9.0,0.0,0.0,12.0,0.0,0.0,1.0,0.0,0.2,1,13054,13054,13054,20402,12040,9889,9215,19152,15582,1,1,19440,8133,1,5153,18674,25169,1.0,14:21,2017,2018
2017-18,1628398,Kyle Kuzma,Kyle,1610612747,LAL,Los Angeles Lakers,21700182,2017-11-11T00:00:00,LAL @ MIL,L,41.7,6.0,3.0,2.0,10.0,12.0,9.0,6.0,44.0,1.0,0.0,3.0,5.0,39.7,1,13054,13054,13054,233,863,2864,4430,2079,20190,19633,14585,542,2512,1,17900,1543,2475,1.0,41:40,2017,2018
2017-18,1628366,Lonzo Ball,Lonzo,1610612747,LAL,Los Angeles Lakers,21700182,2017-11-11T00:00:00,LAL @ MIL,L,38.8,2.0,0.0,0.0,8.0,11.0,7.0,3.0,36.0,3.0,0.0,3.0,3.0,66.9,1,13054,13054,13054,863,6347,9889,9215,3447,18786,15942,8396,2385,270,1,17900,4452,96,1.0,38:48,2017,2018
2017-18,1627742,Brandon Ingram,Brandon,1610612747,LAL,Los Angeles Lakers,21700182,2017-11-11T00:00:00,LAL @ MIL,L,35.8,1.0,0.0,0.0,4.0,12.0,9.0,8.0,44.0,1.0,2.0,3.0,6.0,18.2,1,13054,13054,13054,2539,11566,9889,9215,8975,20190,19633,18262,542,2512,23707,17900,852,13395,1.0,35:46,2017,2018
2017-18,203903,Jordan Clarkson,Jordan,1610612747,LAL,Los Angeles Lakers,21700182,2017-11-11T00:00:00,LAL @ MIL,L,20.4,0.0,2.0,0.0,6.0,11.0,2.0,5.0,22.0,0.0,0.0,2.0,2.0,10.7,1,13054,13054,13054,15771,12040,4626,9215,5708,18786,3853,12692,11258,8133,1,11691,7539,18951,1.0,20:22,2017,2018
2017-18,201147,Corey Brewer,Corey,1610612747,LAL,Los Angeles Lakers,21700182,2017-11-11T00:00:00,LAL @ MIL,L,6.3,0.0,0.0,0.0,0.0,5.0,0.0,2.0,8.0,0.0,0.0,0.0,0.0,3.2,1,13054,13054,13054,23919,12040,9889,9215,19152,8098,1,4597,21998,8133,1,1,18674,23609,1.0,6:20,2017,2018
2017-18,203484,Kentavious Caldwell-Pope,Kentavious,1610612747,LAL,Los Angeles Lakers,21700182,2017-11-11T00:00:00,LAL @ MIL,L,34.7,0.0,0.0,2.0,4.0,8.0,9.0,8.0,42.0,0.0,1.0,3.0,3.0,17.0,1,13054,13054,13054,3318,12040,9889,4430,8975,13769,19633,18262,827,8133,17404,17900,4452,14305,1.0,34:43,2017,2018
2017-18,203944,Julius Randle,Julius,1610612747,LAL,Los Angeles Lakers,21700182,2017-11-11T00:00:00,LAL @ MIL,L,27.0,2.0,2.0,1.0,8.0,13.0,5.0,7.0,32.0,1.0,1.0,5.0,6.0,28.3,1,13054,13054,13054,9884,6347,4626,8899,3447,21316,11744,16621,4134,2512,17404,24852,852,6851,1.0,27:02,2017,2018
2017-18,201572,Brook Lopez,Brook,1610612747,LAL,Los Angeles Lakers,21700182,2017-11-11T00:00:00,LAL @ MIL,L,21.0,0.0,4.0,0.0,6.0,4.0,4.0,1.0,20.0,3.0,0.0,2.0,2.0,21.9,1,13054,13054,13054,15258,12040,1497,9215,5708,5970,8753,4366,12905,270,1,11691,7539,10750,1.0,20:58,2017,2018
2017-18,201572,Brook Lopez,Brook,1610612747,LAL,Los Angeles Lakers,21700164,2017-11-09T00:00:00,LAL @ WAS,L,22.0,3.0,2.0,2.0,8.0,10.0,8.0,6.0,28.0,2.0,0.0,3.0,4.0,27.8,1,13054,13054,13054,14407,4321,4626,4430,3447,17328,17775,14585,6593,803,1,17900,2633,7116,1.0,21:58,2017,2018
2017-18,1628398,Kyle Kuzma,Kyle,1610612747,LAL,Los Angeles Lakers,21700164,2017-11-09T00:00:00,LAL @ WAS,L,35.0,4.0,5.0,2.0,6.0,14.0,4.0,6.0,30.0,0.0,1.0,3.0,3.0,20.3,1,13054,13054,13054,3108,2585,967,4430,5708,22367,8753,14585,5301,8133,17404,17900,4452,11845,1.0,34:59,2017,2018
2017-18,203944,Julius Randle,Julius,1610612747,LAL,Los Angeles Lakers,21700164,2017-11-09T00:00:00,LAL @ WAS,L,22.9,5.0,6.0,0.0,6.0,11.0,0.0,2.0,22.0,0.0,0.0,4.0,4.0,22.3,1,13054,13054,13054,13584,1528,488,9215,5708,18786,1,4597,11258,8133,1,22329,2633,10472,1.0,22:56,2017,2018
2017-18,1628366,Lonzo Ball,Lonzo,1610612747,LAL,Los Angeles Lakers,21700164,2017-11-09T00:00:00,LAL @ WAS,L,28.5,0.0,3.0,0.0,4.0,10.0,8.0,8.0,32.0,0.0,0.0,1.0,5.0,33.6,1,13054,13054,13054,8568,12040,2864,9215,8975,17328,17775,18262,4134,8133,1,5153,1543,4348,1.0,28:30,2017,2018
2017-18,201147,Corey Brewer,Corey,1610612747,LAL,Los Angeles Lakers,21700164,2017-11-09T00:00:00,LAL @ WAS,L,10.4,0.0,0.0,0.0,2.0,10.0,2.0,0.0,18.0,1.0,0.0,2.0,0.0,6.7,1,13054,13054,13054,22498,12040,9889,9215,13399,17328,3853,1,14614,2512,1,11691,18674,21625,1.0,10:22,2017,2018
2017-18,203505,Vander Blue,Vander,1610612747,LAL,Los Angeles Lakers,21700164,2017-11-09T00:00:00,LAL @ WAS,L,3.1,2.0,0.0,0.0,2.0,3.0,0.0,0.0,0.0,0.0,0.0,0.0,0.0,2.0,1,13054,13054,13054,25133,6347,9889,9215,13399,4813,1,1,25495,8133,1,1,18674,24340,1.0,3:06,2017,2018
2017-18,203903,Jordan Clarkson,Jordan,1610612747,LAL,Los Angeles Lakers,21700164,2017-11-09T00:00:00,LAL @ WAS,L,20.1,1.0,0.0,2.0,6.0,16.0,4.0,0.0,26.0,0.0,2.0,1.0,2.0,16.4,1,13054,13054,13054,15997,11566,9889,4430,5708,23917,8753,1,8069,8133,23707,5153,7539,14715,1.0,20:07,2017,2018
2017-18,1627826,Ivica Zubac,Ivica,1610612747,LAL,Los Angeles Lakers,21700164,2017-11-09T00:00:00,LAL @ WAS,L,3.1,0.0,2.0,0.0,2.0,3.0,0.0,0.0,0.0,0.0,0.0,0.0,0.0,4.4,1,13054,13054,13054,25133,12040,4626,9215,13399,4813,1,1,25495,8133,1,1,18674,23044,1.0,3:06,2017,2018
2017-18,1628404,Josh Hart,Josh,1610612747,LAL,Los Angeles Lakers,21700164,2017-11-09T00:00:00,LAL @ WAS,L,14.5,0.0,0.0,0.0,0.0,9.0,0.0,2.0,20.0,0.0,0.0,2.0,1.0,3.9,1,13054,13054,13054,20330,12040,9889,9215,19152,15582,1,4597,12905,8133,1,11691,12172,23360,1.0,14:27,2017,2018
2017-18,203484,Kentavious Caldwell-Pope,Kentavious,1610612747,LAL,Los Angeles Lakers,21700164,2017-11-09T00:00:00,LAL @ WAS,L,34.3,2.0,0.0,4.0,6.0,12.0,8.0,8.0,40.0,0.0,0.0,1.0,4.0,30.3,1,13054,13054,13054,3661,6347,9889,1706,5708,20190,17775,18262,1224,8133,1,5153,2633,5791,1.0,34:17,2017,2018
2017-18,1627742,Brandon Ingram,Brandon,1610612747,LAL,Los Angeles Lakers,21700164,2017-11-09T00:00:00,LAL @ WAS,L,35.0,2.0,1.0,4.0,6.0,12.0,6.0,8.0,32.0,0.0,1.0,2.0,6.0,15.3,1,13054,13054,13054,3088,6347,9497,1706,5708,20190,13576,18262,4134,8133,17404,11691,852,15593,1.0,35:01,2017,2018
2017-18,203898,Tyler Ennis,Tyler,1610612747,LAL,Los Angeles Lakers,21700164,2017-11-09T00:00:00,LAL @ WAS,L,11.2,0.0,0.0,0.0,0.0,10.0,0.0,0.0,2.0,1.0,0.0,0.0,2.0,12.7,1,13054,13054,13054,22180,12040,9889,9215,19152,17328,1,1,24730,2512,1,1,7539,17522,1.0,11:11,2017,2018
2017-18,203484,Kentavious Caldwell-Pope,Kentavious,1610612747,LAL,Los Angeles Lakers,21700161,2017-11-08T00:00:00,LAL @ BOS,L,35.7,0.0,0.0,2.0,2.0,11.0,15.0,0.0,38.0,1.0,0.0,4.0,4.0,24.1,1,13054,13054,13054,2607,12040,9889,4430,13399,18786,24909,1,1743,2512,1,22329,2633,9300,1.0,35:39,2017,2018
2017-18,1628398,Kyle Kuzma,Kyle,1610612747,LAL,Los Angeles Lakers,21700161,2017-11-08T00:00:00,LAL @ BOS,L,34.1,2.0,0.0,2.0,6.0,13.0,17.0,0.0,38.0,0.0,1.0,5.0,1.0,15.7,1,13054,13054,13054,3787,6347,9889,4430,5708,21316,25562,1,1743,8133,17404,24852,12172,15293,1.0,34:08,2017,2018
2017-18,1628366,Lonzo Ball,Lonzo,1610612747,LAL,Los Angeles Lakers,21700161,2017-11-08T00:00:00,LAL @ BOS,L,38.6,3.0,3.0,0.0,6.0,15.0,19.0,0.0,46.0,4.0,1.0,1.0,0.0,37.0,1,13054,13054,13054,954,4321,2864,9215,5708,23214,25878,1,369,94,17404,5153,18674,3222,1.0,38:34,2017,2018
2017-18,203944,Julius Randle,Julius,1610612747,LAL,Los Angeles Lakers,21700161,2017-11-08T00:00:00,LAL @ BOS,L,21.5,2.0,5.0,2.0,10.0,7.0,8.0,0.0,24.0,0.0,1.0,4.0,5.0,35.4,1,13054,13054,13054,14851,6347,967,4430,2079,11872,17775,1,9573,8133,17404,22329,1543,3712,1.0,21:27,2017,2018
2017-18,1628404,Josh Hart,Josh,1610612747,LAL,Los Angeles Lakers,21700161,2017-11-08T00:00:00,LAL @ BOS,L,11.9,0.0,0.0,0.0,0.0,7.0,4.0,0.0,14.0,0.0,0.0,1.0,0.0,-2.0,1,13054,13054,13054,21871,12040,9889,9215,19152,11872,8753,1,17944,8133,1,5153,18674,26094,1.0,11:53,2017,2018
2017-18,201572,Brook Lopez,Brook,1610612747,LAL,Los Angeles Lakers,21700161,2017-11-08T00:00:00,LAL @ BOS,L,17.8,0.0,2.0,0.0,10.0,6.0,13.0,0.0,18.0,2.0,1.0,4.0,1.0,19.3,1,13054,13054,13054,17914,12040,4626,9215,2079,9851,23905,1,14614,803,17404,22329,12172,12555,1.0,17:51,2017,2018
2017-18,203903,Jordan Clarkson,Jordan,1610612747,LAL,Los Angeles Lakers,21700161,2017-11-08T00:00:00,LAL @ BOS,L,27.4,2.0,2.0,0.0,8.0,11.0,14.0,0.0,30.0,0.0,2.0,3.0,2.0,30.0,1,13054,13054,13054,9602,6347,4626,9215,3447,18786,24457,1,5301,8133,23707,17900,7539,5920,1.0,27:22,2017,2018
2017-18,101106,Andrew Bogut,Andrew,1610612747,LAL,Los Angeles Lakers,21700161,2017-11-08T00:00:00,LAL @ BOS,L,5.6,0.0,0.0,0.0,0.0,7.0,4.0,0.0,6.0,1.0,0.0,2.0,0.0,4.6,1,13054,13054,13054,24193,12040,9889,9215,19152,11872,8753,1,23042,2512,1,11691,18674,22952,1.0,5:34,2017,2018
2017-18,1627742,Brandon Ingram,Brandon,1610612747,LAL,Los Angeles Lakers,21700161,2017-11-08T00:00:00,LAL @ BOS,L,36.6,0.0,2.0,2.0,8.0,16.0,23.0,0.0,36.0,0.0,0.0,3.0,5.0,32.9,1,13054,13054,13054,1994,12040,4626,4430,3447,23917,26073,1,2385,8133,1,17900,1543,4682,1.0,36:33,2017,2018
2017-18,201147,Corey Brewer,Corey,1610612747,LAL,Los Angeles Lakers,21700161,2017-11-08T00:00:00,LAL @ BOS,L,11.0,0.0,0.0,2.0,2.0,7.0,8.0,0.0,10.0,0.0,0.0,3.0,2.0,8.6,1,13054,13054,13054,22254,12040,9889,4430,13399,11872,17775,1,20795,8133,1,17900,7539,20395,1.0,10:59,2017,2018
2017-18,1628398,Kyle Kuzma,Kyle,1610612747,LAL,Los Angeles Lakers,21700145,2017-11-05T00:00:00,LAL vs. MEM,W,37.9,0.0,2.0,4.0,8.0,8.0,2.0,17.0,38.0,0.0,0.0,0.0,1.0,27.9,1,1,1,1,1269,12040,4626,1706,3447,13769,3853,25261,1743,8133,1,1,12172,7056,1.0,37:51,2017,2018
2017-18,201572,Brook Lopez,Brook,1610612747,LAL,Los Angeles Lakers,21700145,2017-11-05T00:00:00,LAL vs. MEM,W,31.0,0.0,2.0,0.0,6.0,4.0,0.0,10.0,28.0,2.0,2.0,4.0,5.0,35.7,1,1,1,1,6412,12040,4626,9215,5708,5970,1,20944,6593,803,23707,22329,1543,3618,1.0,30:60,2017,2018
2017-18,203944,Julius Randle,Julius,1610612747,LAL,Los Angeles Lakers,21700145,2017-11-05T00:00:00,LAL vs. MEM,W,17.0,0.0,0.0,2.0,12.0,9.0,2.0,10.0,20.0,1.0,0.0,3.0,3.0,29.1,1,1,1,1,18532,12040,9889,4430,1226,15582,3853,20944,12905,2512,1,17900,4452,6407,1.0,17:01,2017,2018
2017-18,203903,Jordan Clarkson,Jordan,1610612747,LAL,Los Angeles Lakers,21700145,2017-11-05T00:00:00,LAL vs. MEM,W,20.5,0.0,2.0,0.0,4.0,9.0,2.0,7.0,26.0,0.0,0.0,0.0,2.0,29.3,1,1,1,1,15654,12040,4626,9215,8975,15582,3853,16621,8069,8133,1,1,7539,6285,1.0,20:29,2017,2018
2017-18,203484,Kentavious Caldwell-Pope,Kentavious,1610612747,LAL,Los Angeles Lakers,21700145,2017-11-05T00:00:00,LAL vs. MEM,W,34.7,0.0,2.0,6.0,4.0,6.0,0.0,12.0,34.0,1.0,1.0,1.0,2.0,28.9,1,1,1,1,3303,12040,4626,622,8975,9851,1,22879,3166,2512,17404,5153,7539,6523,1.0,34:44,2017,2018
2017-18,1627742,Brandon Ingram,Brandon,1610612747,LAL,Los Angeles Lakers,21700145,2017-11-05T00:00:00,LAL vs. MEM,W,38.3,2.0,4.0,2.0,14.0,9.0,0.0,16.0,32.0,0.0,1.0,3.0,7.0,28.9,1,1,1,1,1071,6347,1497,4430,679,15582,1,24980,4134,8133,17404,17900,463,6523,1.0,38:17,2017,2018
2017-18,1628404,Josh Hart,Josh,1610612747,LAL,Los Angeles Lakers,21700145,2017-11-05T00:00:00,LAL vs. MEM,W,12.1,0.0,0.0,0.0,0.0,5.0,2.0,8.0,14.0,0.0,1.0,2.0,0.0,0.0,1,1,1,1,21701,12040,9889,9215,19152,8098,3853,18262,17944,8133,17404,11691,18674,25240,1.0,12:06,2017,2018
2017-18,201147,Corey Brewer,Corey,1610612747,LAL,Los Angeles Lakers,21700145,2017-11-05T00:00:00,LAL vs. MEM,W,13.4,0.0,0.0,0.0,2.0,9.0,2.0,10.0,16.0,0.0,0.0,1.0,0.0,4.4,1,1,1,1,20998,12040,9889,9215,13399,15582,3853,20944,16291,8133,1,5153,18674,23044,1.0,13:24,2017,2018
2017-18,1628366,Lonzo Ball,Lonzo,1610612747,LAL,Los Angeles Lakers,21700145,2017-11-05T00:00:00,LAL vs. MEM,W,35.2,2.0,2.0,2.0,4.0,6.0,0.0,10.0,32.0,0.0,2.0,2.0,2.0,26.5,1,1,1,1,2996,6347,4626,4430,8975,9851,1,20944,4134,8133,23707,11691,7539,7830,1.0,35:09,2017,2018
2017-18,201572,Brook Lopez,Brook,1610612747,LAL,Los Angeles Lakers,21700130,2017-11-03T00:00:00,LAL vs. BKN,W,30.5,6.0,4.0,0.0,12.0,8.0,7.0,12.0,32.0,3.0,1.0,4.0,2.0,55.0,1,1,1,1,6842,863,1497,9215,1226,13769,15942,22879,4134,270,17404,22329,7539,468,1.0,30:28,2017,2018
2017-18,201147,Corey Brewer,Corey,1610612747,LAL,Los Angeles Lakers,21700130,2017-11-03T00:00:00,LAL vs. BKN,W,9.1,0.0,0.0,0.0,0.0,5.0,5.0,8.0,10.0,0.0,0.0,3.0,1.0,0.2,1,1,1,1,22976,12040,9889,9215,19152,8098,11744,18262,20795,8133,1,17900,12172,25169,1.0,9:04,2017,2018
2017-18,1628404,Josh Hart,Josh,1610612747,LAL,Los Angeles Lakers,21700130,2017-11-03T00:00:00,LAL vs. BKN,W,11.8,0.0,0.0,0.0,0.0,2.0,4.0,8.0,12.0,1.0,0.0,2.0,0.0,5.2,1,1,1,1,21933,12040,9889,9215,19152,2610,8753,18262,19440,2512,1,11691,18674,22561,1.0,11:47,2017,2018
2017-18,1628366,Lonzo Ball,Lonzo,1610612747,LAL,Los Angeles Lakers,21700130,2017-11-03T00:00:00,LAL vs. BKN,W,28.6,0.0,0.0,2.0,4.0,10.0,6.0,14.0,28.0,0.0,1.0,4.0,1.0,28.5,1,1,1,1,8475,12040,9889,4430,8975,17328,13576,24160,6593,8133,17404,22329,12172,6734,1.0,28:37,2017,2018
2017-18,203903,Jordan Clarkson,Jordan,1610612747,LAL,Los Angeles Lakers,21700130,2017-11-03T00:00:00,LAL vs. BKN,W,25.1,6.0,2.0,4.0,10.0,14.0,9.0,12.0,24.0,0.0,1.0,1.0,5.0,35.3,1,1,1,1,11669,863,4626,1706,2079,22367,19633,22879,9573,8133,17404,5153,1543,3736,1.0,25:04,2017,2018
2017-18,203944,Julius Randle,Julius,1610612747,LAL,Los Angeles Lakers,21700130,2017-11-03T00:00:00,LAL vs. BKN,W,16.0,2.0,0.0,2.0,8.0,11.0,4.0,9.0,16.0,1.0,1.0,6.0,2.0,20.2,1,1,1,1,19250,6347,9889,4430,3447,18786,8753,19743,16291,2512,17404,25886,7539,11904,1.0,16:02,2017,2018
2017-18,1628398,Kyle Kuzma,Kyle,1610612747,LAL,Los Angeles Lakers,21700130,2017-11-03T00:00:00,LAL vs. BKN,W,39.0,2.0,2.0,4.0,14.0,17.0,15.0,19.0,40.0,0.0,0.0,2.0,3.0,40.1,1,1,1,1,813,6347,4626,1706,679,24491,24909,25657,1224,8133,1,11691,4452,2382,1.0,38:60,2017,2018
2017-18,1627742,Brandon Ingram,Brandon,1610612747,LAL,Los Angeles Lakers,21700130,2017-11-03T00:00:00,LAL vs. BKN,W,35.6,6.0,0.0,1.0,8.0,12.0,10.0,14.0,38.0,2.0,1.0,3.0,6.0,40.0,1,1,1,1,2635,863,9889,8899,3447,20190,20971,24160,1743,803,17404,17900,852,2409,1.0,35:37,2017,2018
2017-18,203898,Tyler Ennis,Tyler,1610612747,LAL,Los Angeles Lakers,21700130,2017-11-03T00:00:00,LAL vs. BKN,W,11.2,2.0,0.0,2.0,6.0,5.0,7.0,5.0,10.0,0.0,0.0,1.0,2.0,19.2,1,1,1,1,22193,6347,9889,4430,5708,8098,15942,12692,20795,8133,1,5153,7539,12616,1.0,11:09,2017,2018
2017-18,203484,Kentavious Caldwell-Pope,Kentavious,1610612747,LAL,Los Angeles Lakers,21700130,2017-11-03T00:00:00,LAL vs. BKN,W,33.2,2.0,0.0,4.0,6.0,11.0,8.0,19.0,40.0,0.0,0.0,3.0,0.0,22.7,1,1,1,1,4538,6347,9889,1706,5708,18786,17775,25657,1224,8133,1,17900,18674,10207,1.0,33:12,2017,2018
2017-18,1627742,Brandon Ingram,Brandon,1610612747,LAL,Los Angeles Lakers,21700118,2017-11-02T00:00:00,LAL @ POR,L,32.3,0.0,0.0,0.0,4.0,17.0,10.0,2.0,36.0,0.0,2.0,2.0,6.0,27.1,1,13054,13054,13054,5324,12040,9889,9215,8975,24491,20971,4597,2385,8133,23707,11691,852,7478,2.0,32:17,2017,2018
2017-18,203944,Julius Randle,Julius,1610612747,LAL,Los Angeles Lakers,21700118,2017-11-02T00:00:00,LAL @ POR,L,18.8,0.0,0.0,0.0,6.0,8.0,6.0,2.0,18.0,1.0,0.0,2.0,0.0,16.2,1,13054,13054,13054,17152,12040,9889,9215,5708,13769,13576,4597,14614,2512,1,11691,18674,14876,2.0,18:46,2017,2018
2017-18,1628404,Josh Hart,Josh,1610612747,LAL,Los Angeles Lakers,21700118,2017-11-02T00:00:00,LAL @ POR,L,13.6,2.0,0.0,2.0,0.0,6.0,4.0,2.0,12.0,1.0,0.0,0.0,1.0,12.2,1,13054,13054,13054,20867,6347,9889,4430,19152,9851,8753,4597,19440,2512,1,1,12172,17874,2.0,13:36,2017,2018
2017-18,201572,Brook Lopez,Brook,1610612747,LAL,Los Angeles Lakers,21700118,2017-11-02T00:00:00,LAL @ POR,L,29.2,1.0,0.0,0.0,12.0,11.0,6.0,2.0,32.0,1.0,0.0,2.0,6.0,33.1,1,13054,13054,13054,7945,11566,9889,9215,1226,18786,13576,4597,4134,2512,1,11691,852,4590,2.0,29:14,2017,2018
2017-18,1628398,Kyle Kuzma,Kyle,1610612747,LAL,Los Angeles Lakers,21700118,2017-11-02T00:00:00,LAL @ POR,L,28.6,0.0,2.0,0.0,16.0,14.0,8.0,4.0,30.0,1.0,0.0,3.0,3.0,26.6,1,13054,13054,13054,8529,12040,4626,9215,372,22367,17775,9893,5301,2512,1,17900,4452,7766,2.0,28:34,2017,2018
2017-18,203484,Kentavious Caldwell-Pope,Kentavious,1610612747,LAL,Los Angeles Lakers,21700118,2017-11-02T00:00:00,LAL @ POR,L,34.4,4.0,0.0,4.0,4.0,13.0,8.0,2.0,38.0,0.0,0.0,3.0,1.0,24.6,1,13054,13054,13054,3584,2585,9889,1706,8975,21316,17775,4597,1743,8133,1,17900,12172,8974,2.0,34:24,2017,2018
2017-18,201147,Corey Brewer,Corey,1610612747,LAL,Los Angeles Lakers,21700118,2017-11-02T00:00:00,LAL @ POR,L,13.7,0.0,0.0,0.0,2.0,2.0,2.0,2.0,10.0,1.0,0.0,1.0,0.0,13.3,1,13054,13054,13054,20824,12040,9889,9215,13399,2610,3853,4597,20795,2512,1,5153,18674,17120,2.0,13:40,2017,2018
2017-18,203903,Jordan Clarkson,Jordan,1610612747,LAL,Los Angeles Lakers,21700118,2017-11-02T00:00:00,LAL @ POR,L,21.9,0.0,0.0,0.0,6.0,10.0,6.0,2.0,24.0,0.0,1.0,2.0,2.0,21.2,1,13054,13054,13054,14439,12040,9889,9215,5708,17328,13576,4597,9573,8133,17404,11691,7539,11206,2.0,21:56,2017,2018
2017-18,1628366,Lonzo Ball,Lonzo,1610612747,LAL,Los Angeles Lakers,21700118,2017-11-02T00:00:00,LAL @ POR,L,28.1,0.0,0.0,0.0,0.0,9.0,6.0,2.0,30.0,2.0,1.0,1.0,0.0,17.6,1,13054,13054,13054,8899,12040,9889,9215,19152,15582,13576,4597,5301,803,17404,5153,18674,13849,2.0,28:07,2017,2018
2017-18,1626204,Larry Nance Jr.,Larry,1610612747,LAL,Los Angeles Lakers,21700118,2017-11-02T00:00:00,LAL @ POR,L,19.4,4.0,2.0,0.0,6.0,5.0,4.0,0.0,20.0,1.0,0.0,4.0,2.0,17.5,1,13054,13054,13054,16592,2585,4626,9215,5708,8098,8753,1,12905,2512,1,22329,7539,13923,2.0,19:26,2017,2018
2017-18,203484,Kentavious Caldwell-Pope,Kentavious,1610612747,LAL,Los Angeles Lakers,21700104,2017-10-31T00:00:00,LAL vs. DET,W,28.0,2.0,2.0,2.0,4.0,6.0,9.0,2.0,28.0,0.0,0.0,2.0,3.0,24.2,1,1,1,1,9058,6347,4626,4430,8975,9851,19633,4597,6593,8133,1,11691,4452,9226,2.0,27:57,2017,2018
2017-18,1628366,Lonzo Ball,Lonzo,1610612747,LAL,Los Angeles Lakers,21700104,2017-10-31T00:00:00,LAL vs. DET,W,27.8,0.0,0.0,2.0,10.0,4.0,9.0,5.0,32.0,2.0,0.0,0.0,0.0,30.7,1,1,1,1,9243,12040,9889,4430,2079,5970,19633,12692,4134,803,1,1,18674,5612,2.0,27:46,2017,2018
2017-18,201572,Brook Lopez,Brook,1610612747,LAL,Los Angeles Lakers,21700104,2017-10-31T00:00:00,LAL vs. DET,W,21.3,0.0,5.0,0.0,2.0,4.0,9.0,2.0,20.0,2.0,0.0,1.0,0.0,20.2,1,1,1,1,14955,12040,967,9215,13399,5970,19633,4597,12905,803,1,5153,18674,11904,2.0,21:18,2017,2018
2017-18,1628398,Kyle Kuzma,Kyle,1610612747,LAL,Los Angeles Lakers,21700104,2017-10-31T00:00:00,LAL vs. DET,W,20.0,0.0,2.0,5.0,4.0,14.0,0.0,0.0,22.0,0.0,0.0,1.0,0.0,27.7,1,1,1,1,16127,12040,4626,1108,8975,22367,1,1,11258,8133,1,5153,18674,7164,2.0,19:59,2017,2018
2017-18,101106,Andrew Bogut,Andrew,1610612747,LAL,Los Angeles Lakers,21700104,2017-10-31T00:00:00,LAL vs. DET,W,7.7,0.0,2.0,0.0,4.0,0.0,0.0,3.0,8.0,0.0,0.0,2.0,0.0,10.3,1,1,1,1,23418,12040,4626,9215,8975,1,1,8396,21998,8133,1,11691,18674,19287,2.0,7:44,2017,2018
2017-18,203898,Tyler Ennis,Tyler,1610612747,LAL,Los Angeles Lakers,21700104,2017-10-31T00:00:00,LAL vs. DET,W,2.4,0.0,0.0,0.0,2.0,0.0,0.0,0.0,0.0,0.0,0.0,1.0,0.0,2.0,1,1,1,1,25409,12040,9889,9215,13399,1,1,1,25495,8133,1,5153,18674,24340,2.0,2:22,2017,2018
2017-18,1628404,Josh Hart,Josh,1610612747,LAL,Los Angeles Lakers,21700104,2017-10-31T00:00:00,LAL vs. DET,W,17.0,0.0,0.0,0.0,0.0,12.0,0.0,0.0,16.0,0.0,0.0,1.0,0.0,5.9,1,1,1,1,18534,12040,9889,9215,19152,20190,1,1,16291,8133,1,5153,18674,22171,2.0,17:00,2017,2018
2017-18,201147,Corey Brewer,Corey,1610612747,LAL,Los Angeles Lakers,21700104,2017-10-31T00:00:00,LAL vs. DET,W,13.8,0.0,0.0,0.0,0.0,7.0,0.0,0.0,12.0,0.0,0.0,0.0,0.0,1.5,1,1,1,1,20783,12040,9889,9215,19152,11872,1,1,19440,8133,1,1,18674,24559,2.0,13:45,2017,2018
2017-18,203944,Julius Randle,Julius,1610612747,LAL,Los Angeles Lakers,21700104,2017-10-31T00:00:00,LAL vs. DET,W,17.4,2.0,2.0,0.0,14.0,14.0,0.0,0.0,22.0,0.0,0.0,3.0,4.0,29.9,1,1,1,1,18236,6347,4626,9215,679,22367,1,1,11258,8133,1,17900,2633,5975,2.0,17:25,2017,2018
2017-18,203903,Jordan Clarkson,Jordan,1610612747,LAL,Los Angeles Lakers,21700104,2017-10-31T00:00:00,LAL vs. DET,W,20.9,2.0,0.0,2.0,4.0,14.0,0.0,3.0,24.0,0.0,1.0,1.0,1.0,19.6,1,1,1,1,15298,6347,9889,4430,8975,22367,1,8396,9573,8133,17404,5153,12172,12309,2.0,20:55,2017,2018
2017-18,1626204,Larry Nance Jr.,Larry,1610612747,LAL,Los Angeles Lakers,21700104,2017-10-31T00:00:00,LAL vs. DET,W,27.2,4.0,2.0,4.0,10.0,4.0,9.0,5.0,28.0,0.0,1.0,0.0,3.0,39.4,1,1,1,1,9728,2585,4626,1706,2079,5970,19633,12692,6593,8133,17404,1,4452,2555,2.0,27:12,2017,2018
2017-18,1627742,Brandon Ingram,Brandon,1610612747,LAL,Los Angeles Lakers,21700104,2017-10-31T00:00:00,LAL vs. DET,W,34.2,2.0,0.0,2.0,8.0,11.0,9.0,5.0,38.0,1.0,1.0,1.0,0.0,38.0,1,1,1,1,3711,6347,9889,4430,3447,18786,19633,12692,1743,2512,17404,5153,18674,2905,2.0,34:15,2017,2018
2017-18,1627826,Ivica Zubac,Ivica,1610612747,LAL,Los Angeles Lakers,21700104,2017-10-31T00:00:00,LAL vs. DET,W,2.4,0.0,0.0,0.0,0.0,0.0,0.0,0.0,0.0,0.0,0.0,1.0,0.0,0.2,1,1,1,1,25409,12040,9889,9215,19152,1,1,1,25495,8133,1,5153,18674,25169,2.0,2:22,2017,2018
2017-18,201572,Brook Lopez,Brook,1610612747,LAL,Los Angeles Lakers,21700082,2017-10-28T00:00:00,LAL @ UTA,L,17.6,2.0,0.0,0.0,0.0,7.0,6.0,5.0,14.0,2.0,1.0,4.0,3.0,14.6,1,13054,13054,13054,18075,6347,9889,9215,19152,11872,13576,12692,17944,803,17404,22329,4452,16089,1.0,17:36,2017,2018
2017-18,203944,Julius Randle,Julius,1610612747,LAL,Los Angeles Lakers,21700082,2017-10-28T00:00:00,LAL @ UTA,L,18.7,2.0,4.0,0.0,4.0,2.0,6.0,0.0,14.0,0.0,1.0,4.0,2.0,17.4,1,13054,13054,13054,17198,6347,1497,9215,8975,2610,13576,1,17944,8133,17404,22329,7539,13986,1.0,18:41,2017,2018
2017-18,1628398,Kyle Kuzma,Kyle,1610612747,LAL,Los Angeles Lakers,21700082,2017-10-28T00:00:00,LAL @ UTA,L,22.3,5.0,2.0,0.0,6.0,13.0,10.0,0.0,16.0,0.0,0.0,1.0,1.0,20.1,1,13054,13054,13054,14163,1528,4626,9215,5708,21316,20971,1,16291,8133,1,5153,12172,11980,1.0,22:16,2017,2018
2017-18,1626204,Larry Nance Jr.,Larry,1610612747,LAL,Los Angeles Lakers,21700082,2017-10-28T00:00:00,LAL @ UTA,L,31.7,2.0,2.0,0.0,0.0,20.0,6.0,5.0,26.0,1.0,0.0,4.0,4.0,26.0,1,13054,13054,13054,5802,6347,4626,9215,19152,25436,13576,12692,8069,2512,1,22329,2633,8120,1.0,31:43,2017,2018
2017-18,203903,Jordan Clarkson,Jordan,1610612747,LAL,Los Angeles Lakers,21700082,2017-10-28T00:00:00,LAL @ UTA,L,20.1,2.0,2.0,0.0,10.0,5.0,10.0,0.0,14.0,0.0,2.0,1.0,0.0,22.8,1,13054,13054,13054,16003,6347,4626,9215,2079,8098,20971,1,17944,8133,23707,5153,18674,10131,1.0,20:06,2017,2018
2017-18,201147,Corey Brewer,Corey,1610612747,LAL,Los Angeles Lakers,21700082,2017-10-28T00:00:00,LAL @ UTA,L,5.4,2.0,0.0,0.0,2.0,0.0,2.0,0.0,2.0,0.0,0.0,0.0,0.0,2.0,1,13054,13054,13054,24271,6347,9889,9215,13399,1,3853,1,24730,8133,1,1,18674,24340,1.0,5:22,2017,2018
2017-18,203898,Tyler Ennis,Tyler,1610612747,LAL,Los Angeles Lakers,21700082,2017-10-28T00:00:00,LAL @ UTA,L,4.4,0.0,0.0,0.0,0.0,0.0,0.0,0.0,2.0,0.0,0.0,0.0,1.0,1.5,1,13054,13054,13054,24633,12040,9889,9215,19152,1,1,1,24730,8133,1,1,12172,24559,1.0,4:27,2017,2018
2017-18,203484,Kentavious Caldwell-Pope,Kentavious,1610612747,LAL,Los Angeles Lakers,21700082,2017-10-28T00:00:00,LAL @ UTA,L,28.1,2.0,2.0,2.0,4.0,15.0,6.0,5.0,22.0,0.0,1.0,1.0,4.0,16.1,1,13054,13054,13054,8917,6347,4626,4430,8975,23214,13576,12692,11258,8133,17404,5153,2633,14968,1.0,28:06,2017,2018
2017-18,1628404,Josh Hart,Josh,1610612747,LAL,Los Angeles Lakers,21700082,2017-10-28T00:00:00,LAL @ UTA,L,16.4,2.0,0.0,4.0,4.0,2.0,4.0,0.0,10.0,0.0,0.0,0.0,1.0,11.4,1,13054,13054,13054,19026,6347,9889,1706,8975,2610,8753,1,20795,8133,1,1,12172,18461,1.0,16:21,2017,2018
2017-18,101106,Andrew Bogut,Andrew,1610612747,LAL,Los Angeles Lakers,21700082,2017-10-28T00:00:00,LAL @ UTA,L,5.7,0.0,0.0,0.0,0.0,2.0,0.0,0.0,2.0,0.0,0.0,1.0,0.0,3.8,1,13054,13054,13054,24136,12040,9889,9215,19152,2610,1,1,24730,8133,1,5153,18674,23410,1.0,5:44,2017,2018
2017-18,1627742,Brandon Ingram,Brandon,1610612747,LAL,Los Angeles Lakers,21700082,2017-10-28T00:00:00,LAL @ UTA,L,33.9,5.0,5.0,2.0,10.0,22.0,12.0,5.0,30.0,1.0,0.0,2.0,3.0,31.2,1,13054,13054,13054,4011,1528,967,4430,2079,25766,23073,12692,5301,2512,1,11691,4452,5386,1.0,33:51,2017,2018
2017-18,1628366,Lonzo Ball,Lonzo,1610612747,LAL,Los Angeles Lakers,21700082,2017-10-28T00:00:00,LAL @ UTA,L,35.8,0.0,0.0,0.0,0.0,22.0,8.0,5.0,28.0,0.0,0.0,2.0,1.0,18.4,1,13054,13054,13054,2523,12040,9889,9215,19152,25766,17775,12692,6593,8133,1,11691,12172,13252,1.0,35:47,2017,2018
2017-18,201572,Brook Lopez,Brook,1610612747,LAL,Los Angeles Lakers,21700076,2017-10-27T00:00:00,LAL vs. TOR,L,23.8,1.0,4.0,0.0,12.0,13.0,4.0,6.0,28.0,3.0,1.0,2.0,4.0,31.0,1,13054,13054,13054,12834,11566,1497,9215,1226,21316,8753,14585,6593,270,17404,11691,2633,5483,1.0,23:48,2017,2018
2017-18,1626204,Larry Nance Jr.,Larry,1610612747,LAL,Los Angeles Lakers,21700076,2017-10-27T00:00:00,LAL vs. TOR,L,16.5,2.0,0.0,4.0,6.0,8.0,4.0,8.0,22.0,0.0,0.0,4.0,3.0,12.9,1,13054,13054,13054,18895,6347,9889,1706,5708,13769,8753,18262,11258,8133,1,22329,4452,17397,1.0,16:31,2017,2018
2017-18,1628366,Lonzo Ball,Lonzo,1610612747,LAL,Los Angeles Lakers,21700076,2017-10-27T00:00:00,LAL vs. TOR,L,31.5,0.0,0.0,0.0,2.0,13.0,4.0,11.0,34.0,0.0,0.0,0.0,1.0,24.4,1,13054,13054,13054,5969,12040,9889,9215,13399,21316,8753,22010,3166,8133,1,1,12172,9106,1.0,31:30,2017,2018
2017-18,1628398,Kyle Kuzma,Kyle,1610612747,LAL,Los Angeles Lakers,21700076,2017-10-27T00:00:00,LAL vs. TOR,L,32.0,0.0,2.0,0.0,8.0,16.0,7.0,6.0,32.0,0.0,0.0,2.0,0.0,24.5,1,13054,13054,13054,5550,12040,4626,9215,3447,23917,15942,14585,4134,8133,1,11691,18674,9047,1.0,32:00,2017,2018
2017-18,1627742,Brandon Ingram,Brandon,1610612747,LAL,Los Angeles Lakers,21700076,2017-10-27T00:00:00,LAL vs. TOR,L,23.5,0.0,2.0,3.0,4.0,11.0,4.0,8.0,30.0,0.0,0.0,1.0,2.0,9.9,1,13054,13054,13054,13135,12040,4626,2871,8975,18786,8753,18262,5301,8133,1,5153,7539,19507,1.0,23:27,2017,2018
2017-18,203898,Tyler Ennis,Tyler,1610612747,LAL,Los Angeles Lakers,21700076,2017-10-27T00:00:00,LAL vs. TOR,L,5.0,0.0,0.0,0.0,0.0,1.0,0.0,0.0,6.0,0.0,1.0,0.0,0.0,2.9,1,13054,13054,13054,24409,12040,9889,9215,19152,2400,1,1,23042,8133,17404,1,18674,24005,1.0,5:00,2017,2018
2017-18,203903,Jordan Clarkson,Jordan,1610612747,LAL,Los Angeles Lakers,21700076,2017-10-27T00:00:00,LAL vs. TOR,L,13.9,2.0,0.0,3.0,4.0,10.0,7.0,1.0,12.0,0.0,0.0,2.0,1.0,9.4,1,13054,13054,13054,20704,6347,9889,2871,8975,17328,15942,4366,19440,8133,1,11691,12172,19844,1.0,13:52,2017,2018
2017-18,1628404,Josh Hart,Josh,1610612747,LAL,Los Angeles Lakers,21700076,2017-10-27T00:00:00,LAL vs. TOR,L,20.1,0.0,0.0,4.0,6.0,11.0,7.0,4.0,20.0,1.0,0.0,3.0,2.0,22.8,1,13054,13054,13054,16003,12040,9889,1706,5708,18786,15942,9893,12905,2512,1,17900,7539,10131,1.0,20:06,2017,2018
2017-18,203944,Julius Randle,Julius,1610612747,LAL,Los Angeles Lakers,21700076,2017-10-27T00:00:00,LAL vs. TOR,L,23.7,7.0,2.0,4.0,12.0,11.0,7.0,4.0,22.0,1.0,1.0,3.0,7.0,33.5,1,13054,13054,13054,12934,504,4626,1706,1226,18786,15942,9893,11258,2512,17404,17900,463,4393,1.0,23:41,2017,2018
2017-18,201147,Corey Brewer,Corey,1610612747,LAL,Los Angeles Lakers,21700076,2017-10-27T00:00:00,LAL vs. TOR,L,22.2,2.0,0.0,2.0,0.0,13.0,7.0,4.0,22.0,1.0,1.0,2.0,3.0,14.1,1,13054,13054,13054,14227,6347,9889,4430,19152,21316,15942,9893,11258,2512,17404,11691,4452,16466,1.0,22:11,2017,2018
2017-18,203484,Kentavious Caldwell-Pope,Kentavious,1610612747,LAL,Los Angeles Lakers,21700076,2017-10-27T00:00:00,LAL vs. TOR,L,27.9,2.0,0.0,2.0,2.0,13.0,4.0,8.0,32.0,0.0,0.0,3.0,1.0,13.4,1,13054,13054,13054,9097,6347,9889,4430,13399,21316,8753,18262,4134,8133,1,17900,12172,17003,1.0,27:54,2017,2018
2017-18,1626204,Larry Nance Jr.,Larry,1610612747,LAL,Los Angeles Lakers,21700064,2017-10-25T00:00:00,LAL vs. WAS,W,24.1,2.0,4.0,2.0,14.0,15.0,0.0,7.0,22.0,0.0,0.0,3.0,4.0,34.0,1,1,1,1,12554,6347,1497,4430,679,23214,1,16621,11258,8133,1,17900,2633,4194,1.0,24:06,2017,2018
2017-18,201147,Corey Brewer,Corey,1610612747,LAL,Los Angeles Lakers,21700064,2017-10-25T00:00:00,LAL vs. WAS,W,9.4,0.0,0.0,0.0,0.0,5.0,2.0,1.0,8.0,0.0,0.0,2.0,0.0,0.5,1,1,1,1,22851,12040,9889,9215,19152,8098,3853,4366,21998,8133,1,11691,18674,25138,1.0,9:25,2017,2018
2017-18,203903,Jordan Clarkson,Jordan,1610612747,LAL,Los Angeles Lakers,21700064,2017-10-25T00:00:00,LAL vs. WAS,W,17.3,2.0,3.0,2.0,2.0,8.0,2.0,3.0,14.0,0.0,1.0,3.0,1.0,14.2,1,1,1,1,18343,6347,2864,4430,13399,13769,3853,8396,17944,8133,17404,17900,12172,16374,1.0,17:16,2017,2018
2017-18,1627742,Brandon Ingram,Brandon,1610612747,LAL,Los Angeles Lakers,21700064,2017-10-25T00:00:00,LAL vs. WAS,W,39.0,6.0,2.0,6.0,10.0,24.0,0.0,14.0,34.0,1.0,1.0,4.0,6.0,37.5,1,1,1,1,806,863,4626,622,2079,25938,1,24160,3166,2512,17404,22329,852,3051,1.0,39:00,2017,2018
2017-18,201572,Brook Lopez,Brook,1610612747,LAL,Los Angeles Lakers,21700064,2017-10-25T00:00:00,LAL vs. WAS,W,22.7,0.0,0.0,3.0,4.0,12.0,0.0,8.0,20.0,0.0,0.0,2.0,3.0,16.7,1,1,1,1,13738,12040,9889,2871,8975,20190,1,18262,12905,8133,1,11691,4452,14522,1.0,22:45,2017,2018
2017-18,203484,Kentavious Caldwell-Pope,Kentavious,1610612747,LAL,Los Angeles Lakers,21700064,2017-10-25T00:00:00,LAL vs. WAS,W,41.6,0.0,3.0,2.0,2.0,24.0,0.0,11.0,42.0,0.0,0.0,4.0,0.0,31.7,1,1,1,1,249,12040,2864,4430,13399,25938,1,22010,827,8133,1,22329,18674,5185,1.0,41:34,2017,2018
2017-18,101106,Andrew Bogut,Andrew,1610612747,LAL,Los Angeles Lakers,21700064,2017-10-25T00:00:00,LAL vs. WAS,W,2.5,0.0,0.0,0.0,0.0,0.0,0.0,0.0,0.0,0.0,0.0,0.0,0.0,0.0,1,1,1,1,25375,12040,9889,9215,19152,1,1,1,25495,8133,1,1,18674,25240,1.0,2:28,2017,2018
2017-18,1628404,Josh Hart,Josh,1610612747,LAL,Los Angeles Lakers,21700064,2017-10-25T00:00:00,LAL vs. WAS,W,15.5,0.0,0.0,0.0,2.0,8.0,2.0,7.0,12.0,0.0,0.0,1.0,0.0,11.0,1,1,1,1,19594,12040,9889,9215,13399,13769,3853,16621,19440,8133,1,5153,18674,18754,1.0,15:32,2017,2018
2017-18,1628398,Kyle Kuzma,Kyle,1610612747,LAL,Los Angeles Lakers,21700064,2017-10-25T00:00:00,LAL vs. WAS,W,33.8,2.0,0.0,0.0,10.0,19.0,2.0,14.0,30.0,0.0,2.0,1.0,4.0,15.6,1,1,1,1,4050,6347,9889,9215,2079,25199,3853,24160,5301,8133,23707,5153,2633,15371,1.0,33:48,2017,2018
2017-18,203944,Julius Randle,Julius,1610612747,LAL,Los Angeles Lakers,21700064,2017-10-25T00:00:00,LAL vs. WAS,W,19.5,2.0,0.0,2.0,8.0,9.0,2.0,2.0,22.0,3.0,0.0,3.0,0.0,30.3,1,1,1,1,16563,6347,9889,4430,3447,15582,3853,4597,11258,270,1,17900,18674,5791,1.0,19:29,2017,2018
2017-18,1628366,Lonzo Ball,Lonzo,1610612747,LAL,Los Angeles Lakers,21700064,2017-10-25T00:00:00,LAL vs. WAS,W,39.6,0.0,0.0,0.0,2.0,21.0,0.0,13.0,36.0,1.0,1.0,3.0,1.0,35.6,1,1,1,1,618,12040,9889,9215,13399,25636,1,23596,2385,2512,17404,17900,12172,3647,1.0,39:38,2017,2018
2017-18,101106,Andrew Bogut,Andrew,1610612747,LAL,Los Angeles Lakers,21700040,2017-10-22T00:00:00,LAL vs. NOP,L,8.9,0.0,0.0,0.0,2.0,5.0,0.0,8.0,12.0,1.0,0.0,1.0,0.0,8.6,1,13054,13054,13054,23022,12040,9889,9215,13399,8098,1,18262,19440,2512,1,5153,18674,20395,1.0,8:56,2017,2018
2017-18,1626204,Larry Nance Jr.,Larry,1610612747,LAL,Los Angeles Lakers,21700040,2017-10-22T00:00:00,LAL vs. NOP,L,15.0,2.0,2.0,0.0,6.0,11.0,6.0,4.0,24.0,0.0,1.0,4.0,0.0,11.6,1,13054,13054,13054,19990,6347,4626,9215,5708,18786,13576,9893,9573,8133,17404,22329,18674,18328,1.0,14:59,2017,2018
2017-18,201147,Corey Brewer,Corey,1610612747,LAL,Los Angeles Lakers,21700040,2017-10-22T00:00:00,LAL vs. NOP,L,8.7,0.0,0.0,0.0,2.0,6.0,0.0,8.0,18.0,0.0,0.0,0.0,1.0,4.4,1,13054,13054,13054,23090,12040,9889,9215,13399,9851,1,18262,14614,8133,1,1,12172,23044,1.0,8:44,2017,2018
2017-18,1628398,Kyle Kuzma,Kyle,1610612747,LAL,Los Angeles Lakers,21700040,2017-10-22T00:00:00,LAL vs. NOP,L,30.4,5.0,2.0,0.0,8.0,11.0,4.0,10.0,38.0,0.0,0.0,3.0,2.0,31.2,1,13054,13054,13054,6880,1528,4626,9215,3447,18786,8753,20944,1743,8133,1,17900,7539,5386,1.0,30:26,2017,2018
2017-18,203484,Kentavious Caldwell-Pope,Kentavious,1610612747,LAL,Los Angeles Lakers,21700040,2017-10-22T00:00:00,LAL vs. NOP,L,30.9,5.0,0.0,12.0,6.0,19.0,10.0,11.0,48.0,1.0,0.0,1.0,3.0,30.9,1,13054,13054,13054,6458,1528,9889,28,5708,25199,20971,22010,238,2512,1,5153,4452,5526,1.0,30:55,2017,2018
2017-18,201572,Brook Lopez,Brook,1610612747,LAL,Los Angeles Lakers,21700040,2017-10-22T00:00:00,LAL vs. NOP,L,17.6,0.0,0.0,0.0,2.0,13.0,6.0,8.0,30.0,2.0,0.0,3.0,3.0,21.2,1,13054,13054,13054,18104,12040,9889,9215,13399,21316,13576,18262,5301,803,1,17900,4452,11206,1.0,17:34,2017,2018
2017-18,1627742,Brandon Ingram,Brandon,1610612747,LAL,Los Angeles Lakers,21700040,2017-10-22T00:00:00,LAL vs. NOP,L,24.3,1.0,0.0,0.0,6.0,13.0,6.0,8.0,32.0,0.0,0.0,5.0,1.0,14.4,1,13054,13054,13054,12376,11566,9889,9215,5708,21316,13576,18262,4134,8133,1,24852,12172,16224,1.0,24:18,2017,2018
2017-18,1628404,Josh Hart,Josh,1610612747,LAL,Los Angeles Lakers,21700040,2017-10-22T00:00:00,LAL vs. NOP,L,14.6,0.0,2.0,3.0,2.0,3.0,0.0,0.0,8.0,0.0,0.0,1.0,0.0,11.3,1,13054,13054,13054,20205,12040,4626,2871,13399,4813,1,1,21998,8133,1,5153,18674,18551,1.0,14:38,2017,2018
2017-18,203898,Tyler Ennis,Tyler,1610612747,LAL,Los Angeles Lakers,21700040,2017-10-22T00:00:00,LAL vs. NOP,L,3.5,0.0,0.0,0.0,0.0,5.0,0.0,5.0,8.0,0.0,1.0,1.0,0.0,0.0,1,13054,13054,13054,24967,12040,9889,9215,19152,8098,1,12692,21998,8133,17404,5153,18674,25240,1.0,3:29,2017,2018
2017-18,1628366,Lonzo Ball,Lonzo,1610612747,LAL,Los Angeles Lakers,21700040,2017-10-22T00:00:00,LAL vs. NOP,L,36.4,2.0,0.0,2.0,2.0,19.0,10.0,13.0,56.0,0.0,2.0,1.0,4.0,35.1,1,13054,13054,13054,2097,6347,9889,4430,13399,25199,20971,23596,34,8133,23707,5153,2633,3814,1.0,36:24,2017,2018
2017-18,203903,Jordan Clarkson,Jordan,1610612747,LAL,Los Angeles Lakers,21700040,2017-10-22T00:00:00,LAL vs. NOP,L,25.5,3.0,0.0,3.0,14.0,7.0,4.0,9.0,34.0,0.0,1.0,0.0,3.0,29.5,1,13054,13054,13054,11244,4321,9889,2871,679,11872,8753,19743,3166,8133,17404,1,4452,6175,1.0,25:32,2017,2018
2017-18,203944,Julius Randle,Julius,1610612747,LAL,Los Angeles Lakers,21700040,2017-10-22T00:00:00,LAL vs. NOP,L,24.1,2.0,2.0,0.0,10.0,8.0,4.0,6.0,32.0,2.0,0.0,4.0,3.0,21.9,1,13054,13054,13054,12569,6347,4626,9215,2079,13769,8753,14585,4134,803,1,22329,4452,10750,1.0,24:05,2017,2018
2017-18,201572,Brook Lopez,Brook,1610612747,LAL,Los Angeles Lakers,21700026,2017-10-20T00:00:00,LAL @ PHX,W,32.3,2.0,0.0,2.0,6.0,9.0,9.0,8.0,30.0,0.0,0.0,4.0,5.0,35.2,1,1,1,1,5347,6347,9889,4430,5708,15582,19633,18262,5301,8133,1,22329,1543,3779,2.0,32:16,2017,2018
2017-18,203903,Jordan Clarkson,Jordan,1610612747,LAL,Los Angeles Lakers,21700026,2017-10-20T00:00:00,LAL @ PHX,W,17.2,4.0,0.0,2.0,6.0,9.0,0.0,5.0,16.0,0.0,0.0,3.0,3.0,19.9,1,1,1,1,18402,2585,9889,4430,5708,15582,1,12692,16291,8133,1,17900,4452,12100,2.0,17:11,2017,2018
2017-18,201147,Corey Brewer,Corey,1610612747,LAL,Los Angeles Lakers,21700026,2017-10-20T00:00:00,LAL @ PHX,W,33.4,3.0,0.0,4.0,4.0,11.0,9.0,10.0,30.0,0.0,2.0,4.0,3.0,19.4,1,1,1,1,4355,4321,9889,1706,8975,18786,19633,20944,5301,8133,23707,22329,4452,12462,2.0,33:26,2017,2018
2017-18,203898,Tyler Ennis,Tyler,1610612747,LAL,Los Angeles Lakers,21700026,2017-10-20T00:00:00,LAL @ PHX,W,3.7,0.0,0.0,0.0,0.0,0.0,0.0,0.0,4.0,0.0,0.0,1.0,1.0,0.0,1,1,1,1,24876,12040,9889,9215,19152,1,1,1,23940,8133,1,5153,12172,25240,2.0,3:44,2017,2018
2017-18,1628404,Josh Hart,Josh,1610612747,LAL,Los Angeles Lakers,21700026,2017-10-20T00:00:00,LAL @ PHX,W,2.3,0.0,0.0,0.0,0.0,2.0,0.0,0.0,6.0,0.0,0.0,0.0,0.0,0.0,1,1,1,1,25426,12040,9889,9215,19152,2610,1,1,23042,8133,1,1,18674,25240,2.0,2:20,2017,2018
2017-18,203944,Julius Randle,Julius,1610612747,LAL,Los Angeles Lakers,21700026,2017-10-20T00:00:00,LAL @ PHX,W,12.5,0.0,0.0,1.0,2.0,7.0,0.0,5.0,12.0,0.0,0.0,3.0,3.0,7.7,1,1,1,1,21491,12040,9889,8899,13399,11872,1,12692,19440,8133,1,17900,4452,20945,2.0,12:30,2017,2018
2017-18,1627936,Alex Caruso,Alex,1610612747,LAL,Los Angeles Lakers,21700026,2017-10-20T00:00:00,LAL @ PHX,W,6.8,0.0,0.0,0.0,0.0,5.0,0.0,5.0,6.0,0.0,0.0,0.0,0.0,3.2,1,1,1,1,23733,12040,9889,9215,19152,8098,1,12692,23042,8133,1,1,18674,23609,2.0,6:49,2017,2018
2017-18,1628366,Lonzo Ball,Lonzo,1610612747,LAL,Los Angeles Lakers,21700026,2017-10-20T00:00:00,LAL @ PHX,W,37.5,2.0,2.0,4.0,16.0,15.0,9.0,10.0,36.0,0.0,6.0,4.0,2.0,54.7,1,1,1,1,1475,6347,4626,1706,372,23214,19633,20944,2385,8133,26101,22329,7539,495,2.0,37:27,2017,2018
2017-18,1626204,Larry Nance Jr.,Larry,1610612747,LAL,Los Angeles Lakers,21700026,2017-10-20T00:00:00,LAL @ PHX,W,21.9,2.0,4.0,2.0,8.0,11.0,5.0,8.0,20.0,2.0,1.0,4.0,3.0,31.7,1,1,1,1,14501,6347,1497,4430,3447,18786,11744,18262,12905,803,17404,22329,4452,5185,2.0,21:52,2017,2018
2017-18,101106,Andrew Bogut,Andrew,1610612747,LAL,Los Angeles Lakers,21700026,2017-10-20T00:00:00,LAL @ PHX,W,7.3,0.0,0.0,0.0,0.0,5.0,0.0,5.0,6.0,0.0,0.0,2.0,0.0,4.1,1,1,1,1,23561,12040,9889,9215,19152,8098,1,12692,23042,8133,1,11691,18674,23282,2.0,7:19,2017,2018
2017-18,1627742,Brandon Ingram,Brandon,1610612747,LAL,Los Angeles Lakers,21700026,2017-10-20T00:00:00,LAL @ PHX,W,36.7,3.0,0.0,5.0,10.0,13.0,9.0,10.0,34.0,1.0,0.0,6.0,4.0,32.9,1,1,1,1,1894,4321,9889,1108,2079,21316,19633,20944,3166,2512,1,25886,2633,4682,2.0,36:43,2017,2018
2017-18,1628398,Kyle Kuzma,Kyle,1610612747,LAL,Los Angeles Lakers,21700026,2017-10-20T00:00:00,LAL @ PHX,W,28.4,2.0,0.0,4.0,10.0,13.0,4.0,9.0,30.0,0.0,0.0,0.0,1.0,21.6,1,1,1,1,8665,6347,9889,1706,2079,21316,8753,19743,5301,8133,1,1,12172,10943,2.0,28:24,2017,2018
2017-18,203944,Julius Randle,Julius,1610612747,LAL,Los Angeles Lakers,21700016,2017-10-19T00:00:00,LAL vs. LAC,L,18.0,0.0,0.0,0.0,8.0,15.0,17.0,7.0,26.0,1.0,0.0,2.0,2.0,18.7,1,13054,13054,13054,17829,12040,9889,9215,3447,23214,25562,16621,8069,2512,1,11691,7539,13020,1.0,17:58,2017,2018
2017-18,1628398,Kyle Kuzma,Kyle,1610612747,LAL,Los Angeles Lakers,21700016,2017-10-19T00:00:00,LAL vs. LAC,L,18.7,2.0,4.0,0.0,8.0,13.0,15.0,7.0,24.0,0.0,0.0,2.0,1.0,20.3,1,13054,13054,13054,17184,6347,1497,9215,3447,21316,24909,16621,9573,8133,1,11691,12172,11845,1.0,18:42,2017,2018
2017-18,1626204,Larry Nance Jr.,Larry,1610612747,LAL,Los Angeles Lakers,21700016,2017-10-19T00:00:00,LAL vs. LAC,L,29.5,4.0,4.0,4.0,14.0,8.0,16.0,2.0,26.0,1.0,0.0,3.0,3.0,28.4,1,13054,13054,13054,7682,2585,1497,1706,679,13769,25288,4597,8069,2512,1,17900,4452,6785,1.0,29:30,2017,2018
2017-18,201572,Brook Lopez,Brook,1610612747,LAL,Los Angeles Lakers,21700016,2017-10-19T00:00:00,LAL vs. LAC,L,28.7,0.0,2.0,0.0,10.0,6.0,16.0,5.0,28.0,1.0,0.0,3.0,3.0,35.2,1,13054,13054,13054,8355,12040,4626,9215,2079,9851,25288,12692,6593,2512,1,17900,4452,3779,1.0,28:44,2017,2018
2017-18,1628366,Lonzo Ball,Lonzo,1610612747,LAL,Los Angeles Lakers,21700016,2017-10-19T00:00:00,LAL vs. LAC,L,29.4,0.0,0.0,0.0,0.0,8.0,18.0,5.0,28.0,1.0,0.0,1.0,3.0,23.8,1,13054,13054,13054,7825,12040,9889,9215,19152,13769,25744,12692,6593,2512,1,5153,4452,9478,1.0,29:21,2017,2018
2017-18,1627742,Brandon Ingram,Brandon,1610612747,LAL,Los Angeles Lakers,21700016,2017-10-19T00:00:00,LAL vs. LAC,L,30.5,3.0,0.0,0.0,2.0,8.0,16.0,5.0,28.0,0.0,0.0,1.0,6.0,23.0,1,13054,13054,13054,6798,4321,9889,9215,13399,13769,25288,12692,6593,8133,1,5153,852,9996,1.0,30:31,2017,2018
2017-18,201147,Corey Brewer,Corey,1610612747,LAL,Los Angeles Lakers,21700016,2017-10-19T00:00:00,LAL vs. LAC,L,16.4,0.0,0.0,2.0,2.0,13.0,13.0,0.0,20.0,1.0,0.0,0.0,1.0,6.6,1,13054,13054,13054,18961,12040,9889,4430,13399,21316,23905,1,12905,2512,1,1,12172,21680,1.0,16:27,2017,2018
2017-18,2736,Luol Deng,Luol,1610612747,LAL,Los Angeles Lakers,21700016,2017-10-19T00:00:00,LAL vs. LAC,L,13.1,2.0,0.0,2.0,2.0,2.0,7.0,2.0,14.0,0.0,0.0,0.0,0.0,5.5,1,13054,13054,13054,21147,6347,9889,4430,13399,2610,15942,4597,17944,8133,1,1,18674,22408,1.0,13:08,2017,2018
2017-18,101106,Andrew Bogut,Andrew,1610612747,LAL,Los Angeles Lakers,21700016,2017-10-19T00:00:00,LAL vs. LAC,L,11.1,0.0,0.0,0.0,0.0,6.0,6.0,4.0,14.0,2.0,0.0,3.0,0.0,9.9,1,13054,13054,13054,22208,12040,9889,9215,19152,9851,13576,9893,17944,803,1,17900,18674,19507,1.0,11:06,2017,2018
2017-18,1627936,Alex Caruso,Alex,1610612747,LAL,Los Angeles Lakers,21700016,2017-10-19T00:00:00,LAL vs. LAC,L,12.2,2.0,0.0,0.0,0.0,11.0,9.0,4.0,20.0,0.0,0.0,0.0,0.0,5.2,1,13054,13054,13054,21640,6347,9889,9215,19152,18786,19633,9893,12905,8133,1,1,18674,22561,1.0,12:13,2017,2018
2017-18,203898,Tyler Ennis,Tyler,1610612747,LAL,Los Angeles Lakers,21700016,2017-10-19T00:00:00,LAL vs. LAC,L,9.8,0.0,0.0,2.0,2.0,2.0,6.0,0.0,8.0,0.0,0.0,0.0,0.0,8.9,1,13054,13054,13054,22701,12040,9889,4430,13399,2610,13576,1,21998,8133,1,1,18674,20207,1.0,9:50,2017,2018
2017-18,203903,Jordan Clarkson,Jordan,1610612747,LAL,Los Angeles Lakers,21700016,2017-10-19T00:00:00,LAL vs. LAC,L,22.5,0.0,0.0,0.0,4.0,13.0,16.0,4.0,24.0,0.0,3.0,0.0,1.0,26.4,1,13054,13054,13054,13939,12040,9889,9215,8975,21316,25288,9893,9573,8133,25519,1,12172,7879,1.0,22:31,2017,2018
