season_id,player_id,player,team_id,team_abbreviation,team_name,play_type,type_grouping,percentile,gp,poss_pct,ppp,fg_pct,ft_poss_pct,tov_poss_pct,sf_poss_pct,plusone_poss_pct,score_poss_pct,efg_pct,poss,pts,fgm,fga,fgmx,team
22020,201939,Stephen Curry,1610612744,GSW,Golden State Warriors,OffScreen,Offensive,0.624,63,0.158,1.048,0.402,0.066,0.077,0.066,0.018,0.399,0.54,273,286,96,239,143,GSW
22020,203078,Bradley Beal,1610612764,WAS,Washington Wizards,OffScreen,Offensive,0.67,60,0.136,1.089,0.444,0.152,0.055,0.135,0.034,0.485,0.513,237,258,87,196,109,WAS
22020,1626164,Devin Booker,1610612756,PHX,Phoenix Suns,OffScreen,Offensive,0.51,67,0.112,0.978,0.466,0.054,0.092,0.054,0.022,0.44,0.512,184,180,75,161,86,PHX
22020,1627741,Buddy Hield,1610612758,SAC,Sacramento Kings,OffScreen,Offensive,0.405,71,0.169,0.918,0.335,0.01,0.041,0.005,0.0,0.328,0.47,195,179,62,185,123,SAC
22020,1629130,Duncan Robinson,1610612748,MIA,Miami Heat,OffScreen,Offensive,0.881,72,0.167,1.299,0.469,0.036,0.036,0.036,0.022,0.46,0.662,137,178,61,130,69,MIA
22020,203082,Terrence Ross,1610612753,ORL,Orlando Magic,OffScreen,Offensive,0.67,46,0.213,1.089,0.47,0.095,0.089,0.095,0.019,0.468,0.538,158,172,62,132,70,ORL
22020,203925,Joe Harris,1610612751,BKN,Brooklyn Nets,OffScreen,Offensive,0.7,69,0.183,1.103,0.433,0.021,0.062,0.021,0.0,0.418,0.578,146,161,58,134,76,BKN
22020,202722,Dāvis Bertāns,1610612764,WAS,Washington Wizards,OffScreen,Offensive,0.829,57,0.239,1.221,0.395,0.076,0.031,0.069,0.015,0.42,0.592,131,160,47,119,72,WAS
22020,203501,Tim Hardaway Jr.,1610612742,DAL,Dallas Mavericks,OffScreen,Offensive,0.914,70,0.105,1.355,0.52,0.064,0.018,0.073,0.0,0.536,0.67,110,149,52,100,48,DAL
22020,202331,Paul George,1610612746,LAC,LA Clippers,OffScreen,Offensive,0.448,54,0.118,0.938,0.405,0.055,0.131,0.055,0.028,0.366,0.512,145,136,49,121,72,LAC
22020,202711,Bojan Bogdanović,1610612762,UTA,Utah Jazz,OffScreen,Offensive,0.61,72,0.108,1.04,0.452,0.071,0.119,0.071,0.016,0.429,0.558,126,131,47,104,57,UTA
22020,1626179,Terry Rozier,1610612766,CHA,Charlotte Hornets,OffScreen,Offensive,0.356,69,0.102,0.882,0.367,0.037,0.081,0.037,0.0,0.36,0.463,136,120,44,120,76,CHA
22020,203926,Doug McDermott,1610612754,IND,Indiana Pacers,OffScreen,Offensive,0.533,66,0.157,0.992,0.456,0.067,0.084,0.067,0.017,0.445,0.515,119,118,47,103,56,IND
22020,203924,Jerami Grant,1610612765,DET,Detroit Pistons,OffScreen,Offensive,0.605,54,0.092,1.037,0.43,0.128,0.028,0.11,0.009,0.486,0.473,109,113,40,93,53,DET
22020,203992,Bogdan Bogdanović,1610612737,ATL,Atlanta Hawks,OffScreen,Offensive,0.798,44,0.15,1.167,0.483,0.021,0.052,0.021,0.0,0.469,0.612,96,112,43,89,46,ATL
22020,203999,Nikola Jokić,1610612743,DEN,Denver Nuggets,OffScreen,Offensive,0.719,72,0.058,1.112,0.542,0.082,0.082,0.082,0.01,0.531,0.572,98,109,45,83,38,DEN
22020,201988,Patty Mills,1610612759,SAS,San Antonio Spurs,OffScreen,Offensive,0.933,68,0.105,1.405,0.471,0.054,0.027,0.054,0.0,0.486,0.691,74,104,32,68,36,SAS
22020,1629673,Jordan Poole,1610612744,GSW,Golden State Warriors,OffScreen,Offensive,0.743,51,0.159,1.143,0.397,0.132,0.033,0.132,0.022,0.451,0.506,91,104,31,78,47,GSW
22020,1627742,Brandon Ingram,1610612740,NOP,New Orleans Pelicans,OffScreen,Offensive,0.614,61,0.071,1.04,0.43,0.101,0.061,0.081,0.03,0.444,0.494,99,103,37,86,49,NOP
22020,1627759,Jaylen Brown,1610612738,BOS,Boston Celtics,OffScreen,Offensive,0.205,58,0.093,0.789,0.349,0.031,0.117,0.023,0.0,0.32,0.436,128,101,38,109,71,BOS
22020,1629008,Michael Porter Jr.,1610612743,DEN,Denver Nuggets,OffScreen,Offensive,0.633,61,0.093,1.057,0.434,0.023,0.045,0.023,0.011,0.42,0.542,88,93,36,83,47,DEN
22020,203903,Jordan Clarkson,1610612762,UTA,Utah Jazz,OffScreen,Offensive,0.495,68,0.078,0.959,0.348,0.052,0.031,0.052,0.031,0.351,0.467,97,93,32,92,60,UTA
22020,203114,Khris Middleton,1610612749,MIL,Milwaukee Bucks,OffScreen,Offensive,0.424,68,0.074,0.929,0.422,0.03,0.061,0.03,0.0,0.414,0.478,99,92,38,90,52,MIL
22020,1626157,Karl-Anthony Towns,1610612750,MIN,Minnesota Timberwolves,OffScreen,Offensive,0.894,50,0.06,1.3,0.475,0.129,0.029,0.1,0.029,0.514,0.631,70,91,29,61,32,MIN
22020,203897,Zach LaVine,1610612741,CHI,Chicago Bulls,OffScreen,Offensive,0.657,58,0.054,1.077,0.449,0.038,0.077,0.026,0.0,0.436,0.565,78,84,31,69,38,CHI
22020,1628369,Jayson Tatum,1610612738,BOS,Boston Celtics,OffScreen,Offensive,0.576,64,0.05,1.012,0.464,0.085,0.085,0.085,0.024,0.451,0.507,82,83,32,69,37,BOS
22020,1629018,Gary Trent Jr.,1610612757,POR,Portland Trail Blazers,OffScreen,Offensive,0.838,41,0.115,1.224,0.5,0.104,0.09,0.104,0.0,0.507,0.611,67,82,27,54,27,POR
22020,201961,Wayne Ellington,1610612765,DET,Detroit Pistons,OffScreen,Offensive,0.767,46,0.184,1.157,0.441,0.029,0.129,0.014,0.0,0.4,0.644,70,81,26,59,33,DET
22020,1629013,Landry Shamet,1610612751,BKN,Brooklyn Nets,OffScreen,Offensive,0.867,61,0.118,1.27,0.439,0.063,0.032,0.048,0.0,0.46,0.632,63,80,25,57,32,BKN
22020,1628374,Lauri Markkanen,1610612741,CHI,Chicago Bulls,OffScreen,Offensive,0.776,51,0.114,1.159,0.443,0.072,0.058,0.072,0.014,0.435,0.615,69,80,27,61,34,CHI
22020,1627854,Bryn Forbes,1610612749,MIL,Milwaukee Bucks,OffScreen,Offensive,0.652,70,0.125,1.068,0.438,0.081,0.081,0.081,0.027,0.432,0.539,74,79,28,64,36,MIL
22020,203095,Evan Fournier,1610612753,ORL,Orlando Magic,OffScreen,Offensive,0.529,26,0.17,0.988,0.388,0.063,0.113,0.063,0.013,0.375,0.507,80,79,26,67,41,ORL
22020,1627736,Malik Beasley,1610612750,MIN,Minnesota Timberwolves,OffScreen,Offensive,0.19,37,0.15,0.757,0.312,0.058,0.068,0.058,0.029,0.311,0.376,103,78,29,93,64,MIN
22020,203081,Damian Lillard,1610612757,POR,Portland Trail Blazers,OffScreen,Offensive,0.724,67,0.04,1.116,0.431,0.072,0.087,0.043,0.0,0.435,0.569,69,77,25,58,33,POR
22020,201142,Kevin Durant,1610612751,BKN,Brooklyn Nets,OffScreen,Offensive,0.595,35,0.091,1.027,0.492,0.08,0.12,0.067,0.013,0.467,0.541,75,77,30,61,31,BKN
22020,1627832,Fred VanVleet,1610612761,TOR,Toronto Raptors,OffScreen,Offensive,0.619,52,0.07,1.041,0.426,0.055,0.11,0.068,0.014,0.397,0.582,73,76,26,61,35,TOR
22020,1628415,Dillon Brooks,1610612763,MEM,Memphis Grizzlies,OffScreen,Offensive,0.21,67,0.077,0.789,0.349,0.074,0.063,0.074,0.011,0.368,0.386,95,75,29,83,54,MEM
22020,203200,Justin Holiday,1610612754,IND,Indiana Pacers,OffScreen,Offensive,0.785,72,0.088,1.161,0.39,0.048,0.016,0.048,0.016,0.403,0.559,62,72,23,59,36,IND
22020,1628398,Kyle Kuzma,1610612747,LAL,Los Angeles Lakers,OffScreen,Offensive,0.324,68,0.091,0.867,0.356,0.024,0.096,0.024,0.0,0.337,0.479,83,72,26,73,47,LAL
22020,1629639,Tyler Herro,1610612748,MIA,Miami Heat,OffScreen,Offensive,0.69,54,0.075,1.095,0.464,0.063,0.048,0.063,0.0,0.476,0.545,63,69,26,56,30,MIA
22020,1629636,Darius Garland,1610612739,CLE,Cleveland Cavaliers,OffScreen,Offensive,0.643,54,0.063,1.062,0.455,0.062,0.092,0.046,0.0,0.446,0.545,65,69,25,55,30,CLE
22020,1629012,Collin Sexton,1610612739,CLE,Cleveland Cavaliers,OffScreen,Offensive,0.757,60,0.041,1.153,0.571,0.119,0.085,0.102,0.034,0.559,0.592,59,68,28,49,21,CLE
22020,1626181,Norman Powell,1610612761,TOR,Toronto Raptors,OffScreen,Offensive,0.5,42,0.099,0.971,0.407,0.071,0.157,0.071,0.0,0.386,0.546,70,68,22,54,32,TOR
22020,201942,DeMar DeRozan,1610612759,SAS,San Antonio Spurs,OffScreen,Offensive,0.6,61,0.053,1.031,0.491,0.094,0.031,0.078,0.016,0.516,0.5,64,66,28,57,29,SAS
22020,203484,Kentavious Caldwell-Pope,1610612747,LAL,Los Angeles Lakers,OffScreen,Offensive,0.856,67,0.085,1.25,0.489,0.058,0.077,0.058,0.0,0.481,0.667,52,65,22,45,23,LAL
22020,203493,Reggie Bullock Jr.,1610612752,NYK,New York Knicks,OffScreen,Offensive,0.524,65,0.1,0.984,0.39,0.0,0.048,0.0,0.0,0.371,0.517,62,61,23,59,36,NYK
22020,1628379,Luke Kennard,1610612746,LAC,LA Clippers,OffScreen,Offensive,0.738,63,0.112,1.132,0.521,0.057,0.075,0.057,0.038,0.491,0.583,53,60,25,48,23,LAC
22020,203944,Julius Randle,1610612752,NYK,New York Knicks,OffScreen,Offensive,0.301,71,0.04,0.857,0.355,0.086,0.043,0.086,0.014,0.386,0.387,70,60,22,62,40,NYK
22020,1628984,Devonte' Graham,1610612766,CHA,Charlotte Hornets,OffScreen,Offensive,0.519,55,0.072,0.983,0.352,0.085,0.017,0.085,0.017,0.39,0.463,59,58,19,54,35,CHA
22020,1628960,Grayson Allen,1610612763,MEM,Memphis Grizzlies,OffScreen,Offensive,0.695,50,0.105,1.096,0.395,0.096,0.077,0.096,0.0,0.423,0.558,52,57,17,43,26,MEM
22020,1629661,Cameron Johnson,1610612756,PHX,Phoenix Suns,OffScreen,Offensive,0.514,60,0.106,0.983,0.358,0.086,0.034,0.086,0.034,0.379,0.453,58,57,19,53,34,PHX
22020,1628969,Mikal Bridges,1610612756,PHX,Phoenix Suns,OffScreen,Offensive,0.81,72,0.06,1.191,0.535,0.064,0.043,0.064,0.021,0.532,0.593,47,56,23,43,20,PHX
22020,203468,CJ McCollum,1610612757,POR,Portland Trail Blazers,OffScreen,Offensive,0.333,47,0.064,0.875,0.359,0.047,0.0,0.047,0.047,0.359,0.422,64,56,23,64,41,POR
22020,1628367,Josh Jackson,1610612765,DET,Detroit Pistons,OffScreen,Offensive,0.262,62,0.071,0.821,0.37,0.075,0.119,0.075,0.0,0.358,0.463,67,55,20,54,34,DET
22020,1628539,Mychal Mulder,1610612744,GSW,Golden State Warriors,OffScreen,Offensive,0.843,60,0.152,1.227,0.487,0.068,0.023,0.068,0.0,0.477,0.667,44,54,19,39,20,GSW
22020,202695,Kawhi Leonard,1610612746,LAC,LA Clippers,OffScreen,Offensive,0.638,52,0.045,1.059,0.386,0.098,0.039,0.078,0.0,0.431,0.489,51,54,17,44,27,LAC
22020,202330,Gordon Hayward,1610612766,CHA,Charlotte Hornets,OffScreen,Offensive,0.376,44,0.073,0.9,0.415,0.067,0.083,0.067,0.033,0.4,0.472,60,54,22,53,31,CHA
22020,1630162,Anthony Edwards,1610612750,MIN,Minnesota Timberwolves,OffScreen,Offensive,0.214,72,0.046,0.794,0.321,0.088,0.088,0.088,0.0,0.353,0.393,68,54,18,56,38,MIN
22020,1629029,Luka Dončić,1610612742,DAL,Dallas Mavericks,OffScreen,Offensive,0.752,66,0.025,1.152,0.452,0.109,0.022,0.087,0.043,0.478,0.548,46,53,19,42,23,DAL
22020,1629018,Gary Trent Jr.,1610612761,TOR,Toronto Raptors,OffScreen,Offensive,0.581,17,0.181,1.019,0.4,0.038,0.0,0.038,0.0,0.423,0.5,52,53,20,50,30,TOR
22020,1628402,Frank Jackson,1610612765,DET,Detroit Pistons,OffScreen,Offensive,0.39,40,0.162,0.914,0.383,0.138,0.086,0.138,0.034,0.397,0.426,58,53,18,47,29,DET
22020,201569,Eric Gordon,1610612745,HOU,Houston Rockets,OffScreen,Offensive,0.924,27,0.08,1.378,0.633,0.081,0.108,0.081,0.0,0.595,0.767,37,51,19,30,11,HOU
22020,1628989,Kevin Huerter,1610612737,ATL,Atlanta Hawks,OffScreen,Offensive,0.276,69,0.073,0.836,0.351,0.016,0.049,0.016,0.0,0.344,0.43,61,51,20,57,37,ATL
22020,1629004,Svi Mykhailiuk,1610612765,DET,Detroit Pistons,OffScreen,Offensive,0.648,36,0.172,1.064,0.421,0.085,0.106,0.085,0.0,0.426,0.566,47,50,16,38,22,DET
22020,200768,Kyle Lowry,1610612761,TOR,Toronto Raptors,OffScreen,Offensive,0.586,46,0.062,1.02,0.364,0.061,0.041,0.061,0.0,0.388,0.5,49,50,16,44,28,TOR
22020,1627814,Damion Lee,1610612744,GSW,Golden State Warriors,OffScreen,Offensive,0.814,57,0.124,1.2,0.462,0.025,0.025,0.025,0.025,0.45,0.603,40,48,18,39,21,GSW
22020,204060,Joe Ingles,1610612762,UTA,Utah Jazz,OffScreen,Offensive,0.919,67,0.045,1.375,0.571,0.063,0.063,0.031,0.0,0.563,0.714,32,44,16,28,12,UTA
22020,1628401,Derrick White,1610612759,SAS,San Antonio Spurs,OffScreen,Offensive,0.833,36,0.066,1.222,0.419,0.111,0.028,0.083,0.0,0.472,0.565,36,44,13,31,18,SAS
22020,1626181,Norman Powell,1610612757,POR,Portland Trail Blazers,OffScreen,Offensive,0.505,27,0.102,0.978,0.4,0.156,0.089,0.156,0.022,0.444,0.457,45,44,14,35,21,POR
22020,1626162,Kelly Oubre Jr.,1610612744,GSW,Golden State Warriors,OffScreen,Offensive,0.221,55,0.063,0.8,0.352,0.018,0.018,0.018,0.018,0.345,0.398,55,44,19,54,35,GSW
22020,203952,Andrew Wiggins,1610612744,GSW,Golden State Warriors,OffScreen,Offensive,0.2,71,0.044,0.786,0.362,0.089,0.071,0.071,0.0,0.375,0.404,56,44,17,47,30,GSW
22020,1629632,Coby White,1610612741,CHI,Chicago Bulls,OffScreen,Offensive,0.59,69,0.037,1.024,0.444,0.049,0.098,0.024,0.024,0.415,0.556,41,42,16,36,20,CHI
22020,202681,Kyrie Irving,1610612751,BKN,Brooklyn Nets,OffScreen,Offensive,0.488,54,0.034,0.955,0.39,0.023,0.045,0.023,0.0,0.386,0.488,44,42,16,41,25,BKN
22020,201144,Mike Conley,1610612762,UTA,Utah Jazz,OffScreen,Offensive,0.894,51,0.037,1.3,0.458,0.167,0.067,0.167,0.033,0.5,0.625,30,39,11,24,13,UTA
22020,203552,Seth Curry,1610612755,PHI,Philadelphia 76ers,OffScreen,Offensive,0.862,57,0.048,1.258,0.538,0.065,0.097,0.065,0.0,0.516,0.673,31,39,14,26,12,PHI
22020,1627763,Malcolm Brogdon,1610612754,IND,Indiana Pacers,OffScreen,Offensive,0.748,56,0.029,1.147,0.5,0.118,0.147,0.118,0.029,0.471,0.654,34,39,13,26,13,IND
22020,1626192,Pat Connaughton,1610612749,MIL,Milwaukee Bucks,OffScreen,Offensive,0.986,69,0.055,1.583,0.591,0.083,0.0,0.083,0.0,0.625,0.75,24,38,13,22,9,MIL
22020,203463,Ben McLemore,1610612745,HOU,Houston Rockets,OffScreen,Offensive,0.557,32,0.144,1.0,0.361,0.026,0.053,0.026,0.026,0.342,0.514,38,38,13,36,23,HOU
22020,1626196,Josh Richardson,1610612742,DAL,Dallas Mavericks,OffScreen,Offensive,0.167,59,0.069,0.745,0.326,0.039,0.078,0.039,0.02,0.314,0.391,51,38,15,46,31,DAL
22020,1628978,Donte DiVincenzo,1610612749,MIL,Milwaukee Bucks,OffScreen,Offensive,0.557,66,0.051,1.0,0.4,0.0,0.054,0.0,0.0,0.378,0.529,37,37,14,35,21,MIL
22020,1626156,D'Angelo Russell,1610612750,MIN,Minnesota Timberwolves,OffScreen,Offensive,0.267,42,0.055,0.822,0.35,0.067,0.067,0.044,0.022,0.356,0.425,45,37,14,40,26,MIN
22020,1628378,Donovan Mitchell,1610612762,UTA,Utah Jazz,OffScreen,Offensive,0.785,53,0.023,1.161,0.407,0.097,0.032,0.032,0.0,0.452,0.574,31,36,11,27,16,UTA
22020,1627750,Jamal Murray,1610612743,DEN,Denver Nuggets,OffScreen,Offensive,0.333,48,0.042,0.875,0.387,0.075,0.15,0.075,0.0,0.35,0.5,40,35,12,31,19,DEN
22020,200755,JJ Redick,1610612740,NOP,New Orleans Pelicans,OffScreen,Offensive,0.462,31,0.137,0.943,0.4,0.057,0.086,0.029,0.0,0.4,0.45,35,33,12,30,18,NOP
22020,1627788,Furkan Korkmaz,1610612755,PHI,Philadelphia 76ers,OffScreen,Offensive,0.91,55,0.048,1.333,0.478,0.0,0.042,0.0,0.0,0.458,0.696,24,32,11,23,12,PHI
22020,200752,Rudy Gay,1610612759,SAS,San Antonio Spurs,OffScreen,Offensive,0.876,63,0.034,1.28,0.478,0.04,0.04,0.04,0.0,0.48,0.652,25,32,11,23,12,SAS
22020,203463,Ben McLemore,1610612747,LAL,Los Angeles Lakers,OffScreen,Offensive,0.705,21,0.179,1.103,0.417,0.103,0.103,0.103,0.034,0.414,0.542,29,32,10,24,14,LAL
22020,202689,Kemba Walker,1610612738,BOS,Boston Celtics,OffScreen,Offensive,0.367,43,0.044,0.889,0.324,0.028,0.028,0.028,0.0,0.333,0.426,36,32,11,34,23,BOS
22020,201587,Nicolas Batum,1610612746,LAC,LA Clippers,OffScreen,Offensive,0.981,67,0.041,1.55,0.5,0.1,0.0,0.1,0.0,0.55,0.722,20,31,9,18,9,LAC
22020,1629652,Luguentz Dort,1610612760,OKC,Oklahoma City Thunder,OffScreen,Offensive,0.962,52,0.027,1.476,0.556,0.048,0.095,0.048,0.0,0.524,0.806,21,31,10,18,8,OKC
22020,1630180,Saddiq Bey,1610612765,DET,Detroit Pistons,OffScreen,Offensive,0.452,70,0.041,0.939,0.355,0.0,0.061,0.0,0.0,0.333,0.5,33,31,11,31,20,DET
22020,204001,Kristaps Porziņģis,1610612742,DAL,Dallas Mavericks,OffScreen,Offensive,0.243,44,0.047,0.811,0.324,0.081,0.0,0.081,0.0,0.378,0.382,37,30,11,34,23,DAL
22020,203109,Jae Crowder,1610612756,PHX,Phoenix Suns,OffScreen,Offensive,0.173,60,0.07,0.75,0.289,0.05,0.0,0.05,0.0,0.3,0.368,40,30,11,38,27,PHX
22020,1629717,Armoni Brooks,1610612745,HOU,Houston Rockets,OffScreen,Offensive,0.938,20,0.091,1.45,0.526,0.0,0.05,0.0,0.0,0.5,0.763,20,29,10,19,9,HOU
22020,203935,Marcus Smart,1610612738,BOS,Boston Celtics,OffScreen,Offensive,0.905,49,0.033,1.318,0.529,0.091,0.136,0.091,0.0,0.5,0.706,22,29,9,17,8,BOS
22020,1629642,Nassir Little,1610612757,POR,Portland Trail Blazers,OffScreen,Offensive,0.819,48,0.118,1.208,0.5,0.125,0.0,0.125,0.042,0.542,0.568,24,29,11,22,11,POR
22020,1629134,Kendrick Nunn,1610612748,MIA,Miami Heat,OffScreen,Offensive,0.443,56,0.041,0.935,0.367,0.0,0.032,0.0,0.0,0.355,0.483,31,29,11,30,19,MIA
22020,203914,Gary Harris,1610612753,ORL,Orlando Magic,OffScreen,Offensive,0.295,20,0.147,0.853,0.296,0.206,0.029,0.206,0.029,0.412,0.315,34,29,8,27,19,ORL
22020,1629003,Shake Milton,1610612755,PHI,Philadelphia 76ers,OffScreen,Offensive,0.233,63,0.043,0.806,0.452,0.028,0.111,0.028,0.0,0.389,0.468,36,29,14,31,17,PHI
22020,1630202,Payton Pritchard,1610612738,BOS,Boston Celtics,OffScreen,Offensive,0.957,66,0.039,1.474,0.556,0.0,0.053,0.0,0.0,0.526,0.778,19,28,10,18,8,BOS
22020,2772,Trevor Ariza,1610612748,MIA,Miami Heat,OffScreen,Offensive,0.871,30,0.077,1.273,0.476,0.0,0.045,0.0,0.0,0.455,0.667,22,28,10,21,11,MIA
22020,1626174,Christian Wood,1610612745,HOU,Houston Rockets,OffScreen,Offensive,0.662,41,0.031,1.08,0.429,0.08,0.08,0.08,0.0,0.44,0.571,25,27,9,21,12,HOU
22020,201568,Danilo Gallinari,1610612737,ATL,Atlanta Hawks,OffScreen,Offensive,0.429,51,0.049,0.931,0.357,0.0,0.034,0.0,0.0,0.345,0.482,29,27,10,28,18,ATL
22020,202699,Tobias Harris,1610612755,PHI,Philadelphia 76ers,OffScreen,Offensive,0.133,62,0.034,0.711,0.3,0.105,0.105,0.105,0.0,0.342,0.317,38,27,9,30,21,PHI
22020,203095,Evan Fournier,1610612738,BOS,Boston Celtics,OffScreen,Offensive,0.894,16,0.102,1.3,0.5,0.0,0.0,0.0,0.0,0.5,0.65,20,26,10,20,10,BOS
22020,204038,Langston Galloway,1610612756,PHX,Phoenix Suns,OffScreen,Offensive,0.733,40,0.139,1.13,0.368,0.174,0.043,0.174,0.043,0.435,0.447,23,26,7,19,12,PHX
22020,1627747,Caris LeVert,1610612754,IND,Indiana Pacers,OffScreen,Offensive,0.371,35,0.038,0.897,0.389,0.241,0.138,0.241,0.0,0.483,0.417,29,26,7,18,11,IND
22020,1627752,Taurean Prince,1610612739,CLE,Cleveland Cavaliers,OffScreen,Offensive,0.316,29,0.096,0.867,0.292,0.1,0.1,0.1,0.0,0.333,0.417,30,26,7,24,17,CLE
22020,203076,Anthony Davis,1610612747,LAL,Los Angeles Lakers,OffScreen,Offensive,0.316,36,0.039,0.867,0.379,0.033,0.0,0.033,0.0,0.4,0.414,30,26,11,29,18,LAL
22020,1630174,Aaron Nesmith,1610612738,BOS,Boston Celtics,OffScreen,Offensive,0.952,46,0.079,1.471,0.563,0.0,0.059,0.0,0.0,0.529,0.781,17,25,9,16,7,BOS
22020,1629056,Terence Davis,1610612758,SAC,Sacramento Kings,OffScreen,Offensive,0.9,27,0.064,1.316,0.529,0.0,0.105,0.0,0.0,0.474,0.735,19,25,9,17,8,SAC
22020,1629622,Max Strus,1610612748,MIA,Miami Heat,OffScreen,Offensive,0.414,39,0.132,0.926,0.36,0.0,0.074,0.0,0.0,0.333,0.5,27,25,9,25,16,MIA
22020,1628973,Jalen Brunson,1610612742,DAL,Dallas Mavericks,OffScreen,Offensive,0.683,68,0.029,1.091,0.474,0.091,0.045,0.091,0.0,0.5,0.579,22,24,9,19,10,DAL
22020,203506,Victor Oladipo,1610612754,IND,Indiana Pacers,OffScreen,Offensive,0.271,9,0.158,0.828,0.308,0.069,0.034,0.069,0.0,0.345,0.404,29,24,8,26,18,IND
22020,202083,Wesley Matthews,1610612747,LAL,Los Angeles Lakers,OffScreen,Offensive,0.173,58,0.11,0.75,0.286,0.031,0.094,0.031,0.0,0.281,0.411,32,24,8,28,20,LAL
22020,1630217,Desmond Bane,1610612763,MEM,Memphis Grizzlies,OffScreen,Offensive,0.105,68,0.061,0.686,0.324,0.0,0.029,0.0,0.0,0.314,0.353,35,24,11,34,23,MEM
22020,1629631,De'Andre Hunter,1610612737,ATL,Atlanta Hawks,OffScreen,Offensive,0.995,23,0.044,1.643,0.769,0.071,0.0,0.071,0.0,0.786,0.808,14,23,10,13,3,ATL
22020,202696,Nikola Vučević,1610612753,ORL,Orlando Magic,OffScreen,Offensive,0.071,44,0.036,0.622,0.303,0.0,0.108,0.0,0.0,0.27,0.348,37,23,10,33,23,ORL
22020,1629627,Zion Williamson,1610612740,NOP,New Orleans Pelicans,OffScreen,Offensive,0.948,61,0.011,1.467,0.8,0.4,0.2,0.4,0.267,0.667,0.9,15,22,8,10,2,NOP
22020,1630197,Aleksej Pokusevski,1610612760,OKC,Oklahoma City Thunder,OffScreen,Offensive,0.771,45,0.036,1.158,0.429,0.105,0.158,0.105,0.0,0.421,0.643,19,22,6,14,8,OKC
22020,1629004,Svi Mykhailiuk,1610612760,OKC,Oklahoma City Thunder,OffScreen,Offensive,0.397,30,0.07,0.917,0.429,0.042,0.083,0.042,0.0,0.417,0.5,24,22,9,21,12,OKC
22020,1628407,Dwayne Bacon,1610612753,ORL,Orlando Magic,OffScreen,Offensive,0.348,72,0.03,0.88,0.391,0.04,0.04,0.04,0.0,0.4,0.435,25,22,9,23,14,ORL
22020,203937,Kyle Anderson,1610612763,MEM,Memphis Grizzlies,OffScreen,Offensive,0.157,69,0.036,0.733,0.346,0.1,0.033,0.133,0.033,0.367,0.365,30,22,9,26,17,MEM
22020,1628983,Shai Gilgeous-Alexander,1610612760,OKC,Oklahoma City Thunder,OffScreen,Offensive,0.971,35,0.018,1.5,0.615,0.0,0.071,0.0,0.0,0.571,0.808,14,21,8,13,5,OKC
22020,1629056,Terence Davis,1610612761,TOR,Toronto Raptors,OffScreen,Offensive,0.798,35,0.073,1.167,0.412,0.056,0.0,0.056,0.0,0.444,0.559,18,21,7,17,10,TOR
22020,1627823,Juancho Hernangomez,1610612750,MIN,Minnesota Timberwolves,OffScreen,Offensive,0.71,52,0.052,1.105,0.4,0.211,0.053,0.211,0.053,0.421,0.567,19,21,6,15,9,MIN
22020,203482,Kelly Olynyk,1610612748,MIA,Miami Heat,OffScreen,Offensive,0.629,43,0.045,1.05,0.368,0.0,0.05,0.0,0.0,0.35,0.553,20,21,7,19,12,MIA
22020,2544,LeBron James,1610612747,LAL,Los Angeles Lakers,OffScreen,Offensive,0.488,45,0.02,0.955,0.333,0.0,0.045,0.0,0.0,0.318,0.5,22,21,7,21,14,LAL
22020,1628370,Malik Monk,1610612766,CHA,Charlotte Hornets,OffScreen,Offensive,0.076,42,0.066,0.656,0.286,0.0,0.125,0.0,0.0,0.25,0.375,32,21,8,28,20,CHA
22020,1628778,Paul Watson,1610612761,TOR,Toronto Raptors,OffScreen,Offensive,1.0,27,0.105,2.0,0.667,0.1,0.0,0.1,0.0,0.7,1.0,10,20,6,9,3,TOR
22020,1630164,James Wiseman,1610612744,GSW,Golden State Warriors,OffScreen,Offensive,0.856,39,0.034,1.25,0.533,0.063,0.0,0.063,0.0,0.563,0.6,16,20,8,15,7,GSW
22020,1628970,Miles Bridges,1610612766,CHA,Charlotte Hornets,OffScreen,Offensive,0.714,66,0.023,1.111,0.533,0.111,0.111,0.111,0.056,0.5,0.6,18,20,8,15,7,CHA
22020,1629669,Jaylen Nowell,1610612750,MIN,Minnesota Timberwolves,OffScreen,Offensive,0.476,42,0.054,0.952,0.4,0.0,0.048,0.0,0.0,0.381,0.5,21,20,8,20,12,MIN
22020,1629628,RJ Barrett,1610612752,NYK,New York Knicks,OffScreen,Offensive,0.476,72,0.016,0.952,0.538,0.143,0.238,0.143,0.0,0.476,0.615,21,20,7,13,6,NYK
22020,1629726,Garrison Mathews,1610612764,WAS,Washington Wizards,OffScreen,Offensive,0.476,64,0.075,0.952,0.333,0.095,0.048,0.095,0.0,0.381,0.444,21,20,6,18,12,WAS
22020,1629659,Talen Horton-Tucker,1610612747,LAL,Los Angeles Lakers,OffScreen,Offensive,0.729,65,0.026,1.118,0.583,0.059,0.235,0.059,0.0,0.471,0.708,17,19,7,12,5,LAL
22020,1628384,OG Anunoby,1610612761,TOR,Toronto Raptors,OffScreen,Offensive,0.467,43,0.031,0.95,0.368,0.0,0.05,0.0,0.0,0.35,0.5,20,19,7,19,12,TOR
22020,1628988,Aaron Holiday,1610612754,IND,Indiana Pacers,OffScreen,Offensive,0.381,67,0.039,0.905,0.412,0.048,0.143,0.048,0.0,0.381,0.5,21,19,7,17,10,IND
22020,1628422,Damyean Dotson,1610612739,CLE,Cleveland Cavaliers,OffScreen,Offensive,0.31,46,0.063,0.864,0.381,0.0,0.045,0.0,0.0,0.364,0.452,22,19,8,21,13,CLE
22020,201567,Kevin Love,1610612739,CLE,Cleveland Cavaliers,OffScreen,Offensive,0.148,25,0.084,0.731,0.273,0.038,0.115,0.038,0.0,0.269,0.386,26,19,6,22,16,CLE
22020,1627777,Georges Niang,1610612762,UTA,Utah Jazz,OffScreen,Offensive,0.148,72,0.056,0.731,0.25,0.038,0.038,0.038,0.0,0.269,0.354,26,19,6,24,18,UTA
22020,1627789,Timothe Luwawu-Cabarrot,1610612751,BKN,Brooklyn Nets,OffScreen,Offensive,0.1,58,0.067,0.679,0.269,0.0,0.071,0.0,0.0,0.25,0.365,28,19,7,26,19,BKN
22020,1629640,Keldon Johnson,1610612759,SAS,San Antonio Spurs,OffScreen,Offensive,0.301,69,0.024,0.857,0.462,0.238,0.19,0.238,0.048,0.476,0.5,21,18,6,13,7,SAS
22020,1630183,Jaden McDaniels,1610612750,MIN,Minnesota Timberwolves,OffScreen,Offensive,0.976,63,0.025,1.545,0.6,0.0,0.091,0.0,0.0,0.545,0.85,11,17,6,10,4,MIN
22020,201586,Serge Ibaka,1610612746,LAC,LA Clippers,OffScreen,Offensive,0.824,41,0.032,1.214,0.615,0.0,0.071,0.0,0.0,0.571,0.654,14,17,8,13,5,LAC
22020,200755,JJ Redick,1610612742,DAL,Dallas Mavericks,OffScreen,Offensive,0.238,13,0.318,0.81,0.333,0.0,0.143,0.0,0.0,0.286,0.472,21,17,6,18,12,DAL
22020,1629022,Lonnie Walker IV,1610612759,SAS,San Antonio Spurs,OffScreen,Offensive,0.162,60,0.033,0.739,0.333,0.043,0.043,0.043,0.0,0.348,0.381,23,17,7,21,14,SAS
22020,1629308,Juan Toscano-Anderson,1610612744,GSW,Golden State Warriors,OffScreen,Offensive,0.943,53,0.039,1.455,0.8,0.0,0.091,0.0,0.0,0.727,0.8,11,16,8,10,2,GSW
22020,1628366,Lonzo Ball,1610612740,NOP,New Orleans Pelicans,OffScreen,Offensive,0.557,55,0.019,1.0,0.4,0.0,0.063,0.0,0.0,0.375,0.533,16,16,6,15,9,NOP
22020,203516,James Ennis III,1610612753,ORL,Orlando Magic,OffScreen,Offensive,0.557,41,0.051,1.0,0.467,0.063,0.0,0.063,0.0,0.5,0.5,16,16,7,15,8,ORL
22020,1629660,Ty Jerome,1610612760,OKC,Oklahoma City Thunder,OffScreen,Offensive,0.457,33,0.049,0.941,0.353,0.0,0.0,0.0,0.0,0.353,0.471,17,16,6,17,11,OKC
22020,201609,Goran Dragic,1610612748,MIA,Miami Heat,OffScreen,Offensive,0.221,50,0.028,0.8,0.4,0.05,0.2,0.0,0.0,0.35,0.467,20,16,6,15,9,MIA
22020,203503,Tony Snell,1610612737,ATL,Atlanta Hawks,OffScreen,Offensive,0.971,47,0.051,1.5,0.6,0.0,0.0,0.0,0.0,0.6,0.75,10,15,6,10,4,ATL
22020,1630169,Tyrese Haliburton,1610612758,SAC,Sacramento Kings,OffScreen,Offensive,0.856,58,0.016,1.25,0.625,0.167,0.25,0.167,0.083,0.5,0.813,12,15,5,8,3,SAC
22020,202685,Jonas Valančiūnas,1610612763,MEM,Memphis Grizzlies,OffScreen,Offensive,0.762,62,0.014,1.154,0.538,0.077,0.0,0.077,0.077,0.538,0.538,13,15,7,13,6,MEM
22020,1629027,Trae Young,1610612737,ATL,Atlanta Hawks,OffScreen,Offensive,0.557,64,0.009,1.0,0.455,0.133,0.133,0.133,0.0,0.467,0.5,15,15,5,11,6,ATL
22020,203087,Jeremy Lamb,1610612754,IND,Indiana Pacers,OffScreen,Offensive,0.557,36,0.045,1.0,0.357,0.067,0.0,0.067,0.0,0.4,0.464,15,15,5,14,9,IND
22020,202710,Jimmy Butler III,1610612748,MIA,Miami Heat,OffScreen,Offensive,0.356,52,0.017,0.882,0.357,0.118,0.059,0.118,0.0,0.412,0.393,17,15,5,14,9,MIA
22020,202694,Marcus Morris Sr.,1610612746,LAC,LA Clippers,OffScreen,Offensive,0.356,57,0.025,0.882,0.412,0.0,0.0,0.0,0.0,0.412,0.441,17,15,7,17,10,LAC
22020,1630163,LaMelo Ball,1610612766,CHA,Charlotte Hornets,OffScreen,Offensive,0.067,51,0.028,0.6,0.2,0.08,0.12,0.08,0.0,0.24,0.275,25,15,4,20,16,CHA
22020,1629685,Dylan Windler,1610612739,CLE,Cleveland Cavaliers,OffScreen,Offensive,0.929,31,0.057,1.4,0.625,0.1,0.1,0.1,0.0,0.6,0.75,10,14,5,8,3,CLE
22020,1627827,Dorian Finney-Smith,1610612742,DAL,Dallas Mavericks,OffScreen,Offensive,0.798,60,0.023,1.167,0.417,0.0,0.0,0.0,0.0,0.417,0.583,12,14,5,12,7,DAL
22020,1630193,Immanuel Quickley,1610612752,NYK,New York Knicks,OffScreen,Offensive,0.435,64,0.021,0.933,0.417,0.0,0.2,0.0,0.0,0.333,0.583,15,14,5,12,7,NYK
22020,101150,Lou Williams,1610612746,LAC,LA Clippers,OffScreen,Offensive,0.435,42,0.027,0.933,0.4,0.0,0.0,0.0,0.0,0.4,0.467,15,14,6,15,9,LAC
22020,1629634,Brandon Clarke,1610612763,MEM,Memphis Grizzlies,OffScreen,Offensive,0.333,59,0.028,0.875,0.429,0.125,0.0,0.125,0.0,0.5,0.429,16,14,6,14,8,MEM
22020,202339,Eric Bledsoe,1610612740,NOP,New Orleans Pelicans,OffScreen,Offensive,0.333,71,0.017,0.875,0.385,0.188,0.0,0.188,0.0,0.438,0.462,16,14,5,13,8,NOP
22020,203145,Kent Bazemore,1610612744,GSW,Golden State Warriors,OffScreen,Offensive,0.195,67,0.036,0.778,0.353,0.0,0.056,0.0,0.0,0.333,0.412,18,14,6,17,11,GSW
22020,1629647,Darius Bazley,1610612760,OKC,Oklahoma City Thunder,OffScreen,Offensive,0.082,55,0.024,0.667,0.2,0.19,0.095,0.143,0.0,0.333,0.233,21,14,3,15,12,OKC
22020,201950,Jrue Holiday,1610612749,MIL,Milwaukee Bucks,OffScreen,Offensive,0.057,59,0.024,0.583,0.227,0.042,0.042,0.042,0.0,0.25,0.273,24,14,5,22,17,MIL
22020,1629026,Kenrich Williams,1610612760,OKC,Oklahoma City Thunder,OffScreen,Offensive,0.805,66,0.021,1.182,0.75,0.0,0.273,0.0,0.0,0.545,0.813,11,13,6,8,2,OKC
22020,203110,Draymond Green,1610612744,GSW,Golden State Warriors,OffScreen,Offensive,0.419,63,0.023,0.929,0.417,0.143,0.071,0.143,0.071,0.429,0.458,14,13,5,12,7,GSW
22020,203490,Otto Porter Jr.,1610612741,CHI,Chicago Bulls,OffScreen,Offensive,0.138,25,0.075,0.722,0.278,0.0,0.0,0.0,0.0,0.278,0.361,18,13,5,18,13,CHI
22020,1629645,Kevin Porter Jr.,1610612745,HOU,Houston Rockets,OffScreen,Offensive,0.683,26,0.022,1.091,0.714,0.0,0.364,0.0,0.0,0.455,0.857,11,12,5,7,2,HOU
22020,1628425,Sterling Brown,1610612745,HOU,Houston Rockets,OffScreen,Offensive,0.683,51,0.028,1.091,0.364,0.0,0.0,0.0,0.0,0.364,0.545,11,12,4,11,7,HOU
22020,203471,Dennis Schröder,1610612747,LAL,Los Angeles Lakers,OffScreen,Offensive,0.557,61,0.012,1.0,0.333,0.167,0.083,0.167,0.0,0.417,0.389,12,12,3,9,6,LAL
22020,202696,Nikola Vučević,1610612741,CHI,Chicago Bulls,OffScreen,Offensive,0.41,26,0.024,0.923,0.333,0.0,0.077,0.0,0.0,0.308,0.5,13,12,4,12,8,CHI
22020,203507,Giannis Antetokounmpo,1610612749,MIL,Milwaukee Bucks,OffScreen,Offensive,0.221,62,0.01,0.8,0.385,0.0,0.133,0.0,0.0,0.333,0.462,15,12,5,13,8,MIL
22020,202693,Markieff Morris,1610612747,LAL,Los Angeles Lakers,OffScreen,Offensive,0.173,61,0.035,0.75,0.333,0.125,0.063,0.125,0.125,0.313,0.367,16,12,5,15,10,LAL
22020,1629630,Ja Morant,1610612763,MEM,Memphis Grizzlies,OffScreen,Offensive,0.043,63,0.017,0.545,0.375,0.045,0.227,0.045,0.0,0.273,0.375,22,12,6,16,10,MEM
22020,201937,Ricky Rubio,1610612750,MIN,Minnesota Timberwolves,OffScreen,Offensive,0.397,68,0.018,0.917,0.571,0.167,0.25,0.167,0.0,0.5,0.571,12,11,4,7,3,MIN
22020,1629014,Anfernee Simons,1610612757,POR,Portland Trail Blazers,OffScreen,Offensive,0.284,64,0.028,0.846,0.273,0.154,0.0,0.154,0.0,0.308,0.409,13,11,3,11,8,POR
22020,1629023,P.J. Washington,1610612766,CHA,Charlotte Hornets,OffScreen,Offensive,0.284,64,0.015,0.846,0.333,0.0,0.077,0.0,0.0,0.308,0.458,13,11,4,12,8,CHA
22020,1628995,Kevin Knox II,1610612752,NYK,New York Knicks,OffScreen,Offensive,0.11,42,0.095,0.688,0.333,0.063,0.063,0.063,0.063,0.313,0.367,16,11,5,15,10,NYK
22020,202692,Alec Burks,1610612752,NYK,New York Knicks,OffScreen,Offensive,0.052,49,0.032,0.579,0.188,0.105,0.053,0.0,0.0,0.263,0.25,19,11,3,16,13,NYK
22020,203084,Harrison Barnes,1610612758,SAC,Sacramento Kings,OffScreen,Offensive,0.038,58,0.027,0.478,0.2,0.087,0.087,0.087,0.043,0.217,0.225,23,11,4,20,16,SAC
22020,203210,JaMychal Green,1610612743,DEN,Denver Nuggets,OffScreen,Offensive,0.557,58,0.022,1.0,0.375,0.2,0.0,0.2,0.0,0.4,0.563,10,10,3,8,5,DEN
22020,1628991,Jaren Jackson Jr.,1610612763,MEM,Memphis Grizzlies,OffScreen,Offensive,0.386,11,0.07,0.909,0.4,0.182,0.091,0.182,0.182,0.364,0.45,11,10,4,10,6,MEM
22020,1626184,Chasson Randle,1610612753,ORL,Orlando Magic,OffScreen,Offensive,0.082,41,0.049,0.667,0.308,0.0,0.133,0.0,0.0,0.267,0.385,15,10,4,13,9,ORL
22020,1629001,De'Anthony Melton,1610612763,MEM,Memphis Grizzlies,OffScreen,Offensive,0.082,52,0.031,0.667,0.273,0.133,0.2,0.067,0.067,0.267,0.409,15,10,3,11,8,MEM
22020,203506,Victor Oladipo,1610612745,HOU,Houston Rockets,OffScreen,Offensive,0.014,20,0.054,0.4,0.2,0.0,0.2,0.0,0.0,0.16,0.25,25,10,4,20,16,HOU
22020,1630171,Isaac Okoro,1610612739,CLE,Cleveland Cavaliers,OffScreen,Offensive,0.25,67,0.016,0.818,0.333,0.182,0.0,0.182,0.0,0.455,0.333,11,9,3,9,6,CLE
22020,1628975,Jevon Carter,1610612756,PHX,Phoenix Suns,OffScreen,Offensive,0.25,60,0.046,0.818,0.364,0.0,0.0,0.0,0.0,0.364,0.409,11,9,4,11,7,PHX
22020,1630172,Patrick Williams,1610612741,CHI,Chicago Bulls,OffScreen,Offensive,0.25,71,0.016,0.818,0.4,0.091,0.0,0.091,0.0,0.455,0.4,11,9,4,10,6,CHI
22020,1629643,Chuma Okeke,1610612753,ORL,Orlando Magic,OffScreen,Offensive,0.115,45,0.034,0.692,0.364,0.0,0.154,0.0,0.0,0.308,0.409,13,9,4,11,7,ORL
22020,1627756,Denzel Valentine,1610612741,CHI,Chicago Bulls,OffScreen,Offensive,0.024,62,0.047,0.409,0.158,0.0,0.136,0.0,0.0,0.136,0.237,22,9,3,19,16,CHI
22020,203918,Rodney Hood,1610612757,POR,Portland Trail Blazers,OffScreen,Offensive,0.143,38,0.046,0.727,0.571,0.0,0.364,0.0,0.0,0.364,0.571,11,8,4,7,3,POR
22020,1629638,Nickeil Alexander-Walker,1610612740,NOP,New Orleans Pelicans,OffScreen,Offensive,0.082,46,0.022,0.667,0.25,0.0,0.0,0.0,0.0,0.25,0.333,12,8,3,12,9,NOP
22020,1628963,Marvin Bagley III,1610612758,SAC,Sacramento Kings,OffScreen,Offensive,0.124,43,0.016,0.7,0.375,0.1,0.1,0.1,0.0,0.4,0.375,10,7,3,8,5,SAC
22020,1627863,Danuel House Jr.,1610612745,HOU,Houston Rockets,OffScreen,Offensive,0.057,36,0.036,0.583,0.222,0.167,0.083,0.167,0.0,0.333,0.278,12,7,2,9,7,HOU
22020,1627783,Pascal Siakam,1610612761,TOR,Toronto Raptors,OffScreen,Offensive,0.029,56,0.013,0.438,0.231,0.0,0.188,0.0,0.0,0.188,0.269,16,7,3,13,10,TOR
22020,202066,Garrett Temple,1610612741,CHI,Chicago Bulls,OffScreen,Offensive,0.014,56,0.033,0.4,0.182,0.067,0.2,0.0,0.0,0.2,0.227,15,6,2,11,9,CHI
22020,204020,Tyler Johnson,1610612751,BKN,Brooklyn Nets,OffScreen,Offensive,0.033,39,0.053,0.455,0.2,0.0,0.091,0.0,0.0,0.182,0.25,11,5,2,10,8,BKN
22020,1630175,Cole Anthony,1610612753,ORL,Orlando Magic,OffScreen,Offensive,0.005,47,0.014,0.2,0.1,0.0,0.0,0.0,0.0,0.1,0.1,10,2,1,10,9,ORL
22020,201935,James Harden,1610612751,BKN,Brooklyn Nets,OffScreen,Offensive,0.005,36,0.012,0.2,0.111,0.0,0.1,0.0,0.0,0.1,0.111,10,2,1,9,8,BKN
22020,1630256,Jae'Sean Tate,1610612745,HOU,Houston Rockets,OffScreen,Offensive,0.0,70,0.017,0.154,0.1,0.0,0.231,0.0,0.0,0.077,0.1,13,2,1,10,9,HOU
